0.01 196.44 1
0.02 191.32 1
0.03 185.69 1
0.04 185.69 1
0.05 193.84 1
0.06 191.34 1
0.07 198.13 1
0.08 186.44 1
0.09 194.11 1
0.1 192.86 1
0.11 190.52 1
0.12 190.49 1
0.13 190.04 1
0.14 188.87 1
0.15 197.32 1
0.16 187.17 1
0.17 170.27 1
0.18 186.57 1
0.19 198.24 1
0.2 188.67 1
0.21 188.74 1
0.22 196.54 1
0.23 184.98 1
0.24 183.49 1
0.25 184.68 1
0.26 181.28 1
0.27 184.09 1
0.28 185.93 1
0.29 185.8 1
0.3 201.9 1
0.31 192.19 1
0.32 199.65 1
0.33 200.0 1
0.34 203.68 1
0.35 196.46 1
0.36 198.39 1
0.37 197.27 1
0.38 199.06 1
0.39 192.6 1
0.4 190.89 1
0.41 190.48 1
0.42 187.18 1
0.43 186.07 1
0.44 186.25 1
0.45 187.28 1
0.46 185.73 1
0.47 186.5 1
0.48 187.4 1
0.49 186.54 1
0.5 185.56 1
0.51 184.85 1
0.52 184.49 1
0.53 185.12 1
0.54 185.71 1
0.55 186.51 1
0.56 194.92 1
0.57 197.32 1
0.58 209.51 1
0.59 212.55 1
0.6 222.37 1
0.61 227.9 1
0.62 225.58 1
0.63 224.83 1
0.64 226.14 1
0.65 226.27 1
0.66 222.16 1
0.67 216.45 1
0.68 213.15 1
0.69 202.78 1
0.7 202.75 1
0.71 195.08 1
0.72 190.92 1
0.73 189.31 1
0.74 186.02 1
0.75 184.2 1
0.76 184.87 1
0.77 183.58 1
0.78 184.14 1
0.79 184.07 1
0.8 184.7 1
0.81 184.4 1
0.82 185.12 1
0.83 183.46 1
0.84 185.09 1
0.85 185.64 1
0.86 184.37 1
0.87 175.98 1
0.88 184.15 1
0.89 184.89 1
0.9 185.05 1
0.91 184.96 1
0.92 187.09 1
0.93 193.83 1
0.94 189.88 1
0.95 192.97 1
0.96 194.6 1
0.97 193.86 1
0.98 196.43 1
0.99 195.17 1
1.0 194.09 1
1.01 193.0 1
1.02 189.96 1
1.03 189.66 1
1.04 186.31 1
1.05 184.14 1
1.06 181.21 1
1.07 178.23 1
1.08 176.04 1
1.09 172.62 1
1.1 171.18 1
1.11 160.63 1
1.12 165.45 1
1.13 163.66 1
1.14 164.49 1
1.15 164.47 1
1.16 165.72 1
1.17 166.62 1
1.18 166.74 1
1.19 167.61 1
1.2 169.26 1
1.21 172.24 1
1.22 176.59 1
1.23 181.86 1
1.24 187.26 1
1.25 192.5 1
1.26 194.72 1
1.27 198.43 1
1.28 198.9 1
1.29 198.43 1
1.3 194.7 1
1.31 192.23 1
1.32 188.06 1
1.33 182.53 1
1.34 176.05 1
1.35 171.16 1
1.36 168.64 1
1.37 167.99 1
1.38 166.61 1
1.39 166.05 1
1.4 166.01 1
1.41 166.35 1
1.42 166.9 1
1.43 167.48 1
1.44 169.48 1
1.45 170.04 1
1.46 169.67 1
1.47 169.03 1
1.48 168.21 1
1.49 166.14 1
1.5 167.57 1
1.51 169.56 1
1.52 168.67 1
1.53 179.6 1
1.54 178.5 1
1.55 180.72 1
1.56 181.88 1
1.57 181.54 1
1.58 180.8 1
1.59 179.12 1
1.6 175.53 1
1.61 174.64 1
1.62 167.36 1
1.63 162.28 1
1.64 157.31 1
1.65 156.09 1
1.66 151.8 1
1.67 74.68 1
1.68 74.8 1
1.69 74.89 1
1.7 75.14 1
1.71 75.47 1
1.72 75.94 1
1.73 76.1 1
1.74 76.23 1
1.75 76.48 1
1.76 75.94 1
1.77 75.32 1
1.78 74.73 1
1.79 74.37 1
1.8 74.05 1
1.81 73.81 1
1.82 74.06 1
1.83 74.68 1
1.84 74.58 1
1.85 74.55 1
1.86 74.51 1
1.87 74.5 1
1.88 74.54 1
1.89 74.61 1
1.9 74.46 1
1.91 74.69 1
1.92 74.68 1
1.93 74.47 1
1.94 0.0 1
1.95 0.0 1
1.96 205.62 1
1.97 201.84 1
1.98 195.63 1
1.99 189.74 1
2.0 187.2 1
2.01 181.83 1
2.02 174.24 1
2.03 169.16 1
2.04 158.31 1
2.05 171.97 1
2.06 163.63 1
2.07 164.86 1
2.08 166.73 1
2.09 171.27 1
2.1 176.33 1
2.11 182.21 1
2.12 188.12 1
2.13 191.88 1
2.14 194.15 1
2.15 194.82 1
2.16 192.64 1
2.17 190.48 1
2.18 185.91 1
2.19 180.72 1
2.2 165.47 1
2.21 175.26 1
2.22 168.65 1
2.23 167.4 1
2.24 169.19 1
2.25 165.53 1
2.26 167.51 1
2.27 168.35 1
2.28 167.45 1
2.29 170.06 1
2.3 170.64 1
2.31 175.24 1
2.32 176.5 1
2.33 180.25 1
2.34 183.2 1
2.35 186.58 1
2.36 190.0 1
2.37 192.47 1
2.38 194.66 1
2.39 191.33 1
2.4 189.58 1
2.41 186.57 1
2.42 184.57 1
2.43 182.61 1
2.44 173.22 1
2.45 183.0 1
2.46 183.47 1
2.47 184.14 1
2.48 184.91 1
2.49 185.89 1
2.5 185.7 1
2.51 186.07 1
2.52 185.99 1
2.53 186.26 1
2.54 187.28 1
2.55 187.76 1
2.56 187.25 1
2.57 190.41 1
2.58 188.6 1
2.59 186.51 1
2.6 185.73 1
2.61 186.45 1
2.62 186.04 1
2.63 184.2 1
2.64 183.46 1
2.65 183.41 1
2.66 182.08 1
2.67 182.15 1
2.68 182.62 1
2.69 183.37 1
2.7 184.14 1
2.71 184.54 1
2.72 185.04 1
2.73 184.18 1
2.74 186.65 1
2.75 187.26 1
2.76 186.41 1
2.77 183.4 1
2.78 179.7 1
2.79 178.91 1
2.8 174.1 1
2.81 172.83 1
2.82 168.02 1
2.83 156.0 1
2.84 159.35 1
2.85 154.54 1
2.86 155.53 1
2.87 156.67 1
2.88 157.79 1
2.89 166.15 1
2.9 166.72 1
2.91 184.12 1
2.92 186.52 1
2.93 191.33 1
2.94 196.76 1
2.95 198.48 1
2.96 198.11 1
2.97 201.81 1
2.98 192.6 1
2.99 192.98 1
3.0 183.39 1
3.01 178.19 1
3.02 86.71 1
3.03 172.24 1
3.04 168.06 1
3.05 166.82 1
3.06 167.44 1
3.07 166.7 1
3.08 165.49 1
3.09 167.33 1
3.1 155.07 1
3.11 167.94 1
3.12 165.42 1
3.13 165.15 1
3.14 165.48 1
3.15 163.07 1
3.16 169.21 1
3.17 175.32 1
3.18 176.9 1
3.19 170.46 1
3.2 184.88 1
3.21 183.45 1
3.22 182.72 1
3.23 179.63 1
3.24 175.23 1
3.25 169.22 1
3.26 164.28 1
3.27 77.03 1
3.28 74.56 1
3.29 74.26 1
3.3 73.68 1
3.31 73.96 1
3.32 74.5 1
3.33 74.56 1
3.34 74.78 1
3.35 74.46 1
3.36 74.05 1
3.37 73.96 1
3.38 73.93 1
3.39 74.12 1
3.4 74.57 1
3.41 74.56 1
3.42 75.19 1
3.43 75.19 1
3.44 75.32 1
3.45 75.82 1
3.46 75.78 1
3.47 75.06 1
3.48 75.4 1
3.49 75.18 1
3.5 74.7 1
3.51 74.5 1
3.52 73.68 1
3.53 73.44 1
3.54 73.51 1
3.55 73.54 1
3.56 73.71 1
3.57 73.82 1
3.58 74.01 1
3.59 73.93 1
3.6 73.79 1
3.61 74.14 1
3.62 74.48 1
3.63 74.44 1
3.64 74.32 1
3.65 73.93 1
3.66 73.87 1
3.67 73.59 1
3.68 71.88 1
3.69 74.56 1
3.7 74.94 1
3.71 73.94 1
3.72 74.53 1
3.73 73.9 1
3.74 74.0 1
3.75 75.06 1
3.76 73.56 1
3.77 74.78 1
3.78 74.89 1
3.79 75.27 1
3.8 73.63 1
3.81 74.55 1
3.82 75.57 1
3.83 74.11 1
3.84 73.23 1
3.85 75.1 1
3.86 73.94 1
3.87 74.03 1
3.88 75.65 1
3.89 73.09 1
3.9 63.12 1
3.91 61.43 1
3.92 62.64 1
3.93 64.62 1
3.94 63.32 1
3.95 65.97 1
3.96 61.46 1
3.97 62.2 1
3.98 71.81 1
3.99 73.2 1
4.0 73.12 1
4.01 72.83 1
4.02 72.87 1
4.03 72.88 1
4.04 73.22 1
4.05 73.45 1
4.06 73.07 1
4.07 72.72 1
4.08 72.59 1
4.09 72.95 1
4.1 73.82 1
4.11 74.81 1
4.12 75.28 1
4.13 75.32 1
4.14 75.56 1
4.15 75.53 1
4.16 75.64 1
4.17 75.5 1
4.18 75.3 1
4.19 75.21 1
4.2 74.65 1
4.21 74.28 1
4.22 74.27 1
4.23 74.38 1
4.24 74.42 1
4.25 74.34 1
4.26 74.12 1
4.27 74.43 1
4.28 74.94 1
4.29 75.12 1
4.3 74.49 1
4.31 73.63 1
4.32 72.54 1
4.33 72.06 1
4.34 72.3 1
4.35 74.19 1
4.36 151.81 1
4.37 159.49 1
4.38 171.37 1
4.39 176.67 1
4.4 185.24 1
4.41 189.68 1
4.42 194.73 1
4.43 196.42 1
4.44 194.43 1
4.45 188.86 1
4.46 183.29 1
4.47 174.64 1
4.48 169.49 1
4.49 164.86 1
4.5 162.45 1
4.51 162.09 1
4.52 163.55 1
4.53 167.06 1
4.54 174.66 1
4.55 179.98 1
4.56 186.47 1
4.57 192.15 1
4.58 197.61 1
4.59 200.86 1
4.6 202.29 1
4.61 201.79 1
4.62 199.3 1
4.63 193.9 1
4.64 187.29 1
4.65 187.05 1
4.66 184.91 1
4.67 185.74 1
4.68 184.15 1
4.69 184.92 1
4.7 184.14 1
4.71 184.93 1
4.72 184.76 1
4.73 184.36 1
4.74 184.63 1
4.75 184.44 1
4.76 184.18 1
4.77 182.8 1
4.78 182.16 1
4.79 180.69 1
4.8 181.27 1
4.81 183.49 1
4.82 186.31 1
4.83 189.87 1
4.84 193.36 1
4.85 196.6 1
4.86 199.97 1
4.87 200.72 1
4.88 199.41 1
4.89 196.44 1
4.9 192.7 1
4.91 189.83 1
4.92 186.48 1
4.93 181.4 1
4.94 177.8 1
4.95 175.49 1
4.96 173.96 1
4.97 170.29 1
4.98 168.96 1
4.99 167.75 1
5.0 167.0 1
5.01 167.23 1
5.02 169.03 1
5.03 167.83 1
5.04 164.34 1
5.05 167.02 1
5.06 165.97 1
5.07 165.51 1
5.08 164.37 1
5.09 164.8 1
5.1 163.63 1
5.11 171.93 1
5.12 164.85 1
5.13 174.69 1
5.14 193.21 1
5.15 196.83 1
5.16 203.52 1
5.17 217.32 1
5.18 201.73 1
5.19 202.87 1
5.2 198.47 1
5.21 193.52 1
5.22 188.26 1
5.23 183.04 1
5.24 180.39 1
5.25 179.49 1
5.26 180.29 1
5.27 181.68 1
5.28 184.24 1
5.29 187.79 1
5.3 193.66 1
5.31 196.46 1
5.32 196.27 1
5.33 200.15 1
5.34 196.25 1
5.35 195.04 1
5.36 189.31 1
5.37 185.91 1
5.38 181.88 1
5.39 176.64 1
5.4 177.26 1
5.41 178.75 1
5.42 180.13 1
5.43 182.84 1
5.44 186.23 1
5.45 189.45 1
5.46 192.34 1
5.47 196.5 1
5.48 197.15 1
5.49 197.72 1
5.5 192.99 1
5.51 188.25 1
5.52 186.39 1
5.53 180.88 1
5.54 177.62 1
5.55 176.56 1
5.56 176.96 1
5.57 180.03 1
5.58 183.75 1
5.59 187.87 1
5.6 191.11 1
5.61 195.68 1
5.62 196.33 1
5.63 195.73 1
5.64 194.69 1
5.65 190.09 1
5.66 185.77 1
5.67 180.13 1
5.68 173.63 1
5.69 170.52 1
5.7 169.2 1
5.71 171.52 1
5.72 177.69 1
5.73 185.69 1
5.74 192.63 1
5.75 204.64 1
5.76 210.36 1
5.77 214.96 1
5.78 224.16 1
5.79 228.93 1
5.8 232.72 1
5.81 230.29 1
5.82 227.91 1
5.83 224.99 1
5.84 223.7 1
5.85 225.28 1
5.86 224.83 1
5.87 223.78 1
5.88 224.28 1
5.89 225.94 1
5.9 225.53 1
5.91 225.39 1
5.92 223.72 1
5.93 223.53 1
5.94 222.2 1
5.95 219.19 1
5.96 218.79 1
5.97 221.29 1
5.98 221.85 1
5.99 221.38 1
6.0 222.05 1
6.01 220.69 1
6.02 219.84 1
6.03 218.78 1
6.04 216.16 1
6.05 211.34 1
6.06 201.16 1
6.07 195.88 1
6.08 187.27 1
6.09 184.16 1
6.1 182.61 1
6.11 181.36 1
6.12 183.44 1
6.13 181.24 1
6.14 164.18 1
6.15 74.31 1
6.16 75.05 1
6.17 74.46 1
6.18 74.5 1
6.19 74.53 1
6.2 74.58 1
6.21 74.5 1
6.22 74.48 1
6.23 0.0 1
6.24 0.0 1
6.25 0.0 1
6.26 218.86 1
6.27 223.29 1
6.28 224.78 1
6.29 225.23 1
6.3 221.33 1
6.31 218.31 1
6.32 218.31 1
6.33 218.4 1
6.34 221.59 1
6.35 222.76 1
6.36 221.88 1
6.37 222.65 1
6.38 222.36 1
6.39 221.75 1
6.4 221.94 1
6.41 220.66 1
6.42 220.56 1
6.43 219.76 1
6.44 220.06 1
6.45 220.62 1
6.46 221.23 1
6.47 223.85 1
6.48 225.18 1
6.49 226.09 1
6.5 225.6 1
6.51 224.96 1
6.52 223.65 1
6.53 222.4 1
6.54 218.12 1
6.55 216.66 1
6.56 212.94 1
6.57 213.43 1
6.58 218.58 1
6.59 227.91 1
6.6 240.75 1
6.61 257.51 1
6.62 270.19 1
6.63 285.56 1
6.64 291.1 1
6.65 298.99 1
6.66 302.62 1
6.67 301.0 1
6.68 295.5 1
6.69 287.07 1
6.7 280.0 1
6.71 270.8 1
6.72 264.68 1
6.73 257.15 1
6.74 251.76 1
6.75 248.89 1
6.76 246.8 1
6.77 242.97 1
6.78 242.95 1
6.79 240.42 1
6.8 241.63 1
6.81 242.93 1
6.82 244.28 1
6.83 243.17 1
6.84 245.21 1
6.85 245.27 1
6.86 247.28 1
6.87 248.2 1
6.88 251.52 1
6.89 254.2 1
6.9 258.68 1
6.91 267.19 1
6.92 271.25 1
6.93 278.19 1
6.94 278.65 1
6.95 277.53 1
6.96 274.74 1
6.97 267.29 1
6.98 258.72 1
6.99 248.87 1
7.0 240.53 1
7.01 229.17 1
7.02 228.74 1
7.03 226.75 1
7.04 225.58 1
7.05 225.45 1
7.06 225.31 1
7.07 224.2 1
7.08 221.78 1
7.09 204.11 1
7.1 75.01 1
7.11 74.14 1
7.12 74.64 1
7.13 74.97 1
7.14 74.68 1
7.15 74.43 1
7.16 74.37 1
7.17 74.81 1
7.18 74.59 1
7.19 74.83 1
7.2 74.56 1
7.21 74.66 1
7.22 74.51 1
7.23 74.38 1
7.24 74.56 1
7.25 74.43 1
7.26 74.5 1
7.27 74.45 1
7.28 74.64 1
7.29 74.48 1
7.3 74.61 1
7.31 74.56 1
7.32 74.41 1
7.33 74.57 1
7.34 74.27 1
7.35 142.63 1
7.36 283.09 1
7.37 293.02 1
7.38 290.87 1
7.39 282.51 1
7.4 274.75 1
7.41 267.38 1
7.42 261.63 1
7.43 254.19 1
7.44 249.5 1
7.45 243.47 1
7.46 239.01 1
7.47 235.3 1
7.48 232.78 1
7.49 236.68 1
7.5 241.63 1
7.51 249.47 1
7.52 257.12 1
7.53 268.13 1
7.54 278.53 1
7.55 288.29 1
7.56 296.97 1
7.57 296.37 1
7.58 297.75 1
7.59 292.93 1
7.6 284.21 1
7.61 276.56 1
7.62 266.3 1
7.63 257.18 1
7.64 252.62 1
7.65 249.15 1
7.66 246.48 1
7.67 242.35 1
7.68 240.91 1
7.69 244.16 1
7.7 240.24 1
7.71 237.72 1
7.72 235.83 1
7.73 234.0 1
7.74 237.37 1
7.75 241.85 1
7.76 247.94 1
7.77 255.38 1
7.78 261.75 1
7.79 279.97 1
7.8 285.48 1
7.81 290.65 1
7.82 297.78 1
7.83 298.99 1
7.84 299.84 1
7.85 299.26 1
7.86 297.63 1
7.87 295.0 1
7.88 294.3 1
7.89 294.92 1
7.9 295.72 1
7.91 297.39 1
7.92 298.98 1
7.93 298.01 1
7.94 296.98 1
7.95 296.98 1
7.96 296.97 1
7.97 296.97 1
7.98 296.26 1
7.99 295.02 1
8.0 295.15 1
8.01 295.31 1
8.02 294.19 1
8.03 292.14 1
8.04 290.73 1
8.05 291.33 1
8.06 291.75 1
8.07 293.15 1
8.08 294.61 1
8.09 295.96 1
8.1 297.65 1
8.11 298.41 1
8.12 298.62 1
8.13 298.85 1
8.14 299.46 1
8.15 298.51 1
8.16 297.03 1
8.17 295.1 1
8.18 296.98 1
8.19 295.6 1
8.2 293.03 1
8.21 290.12 1
8.22 282.94 1
8.23 275.22 1
8.24 277.92 1
8.25 262.35 1
8.26 252.59 1
8.27 245.59 1
8.28 234.71 1
8.29 228.71 1
8.3 223.4 1
8.31 223.44 1
8.32 225.79 1
8.33 235.25 1
8.34 241.29 1
8.35 255.63 1
8.36 257.21 1
8.37 279.74 1
8.38 286.23 1
8.39 292.92 1
8.4 298.98 1
8.41 301.06 1
8.42 302.13 1
8.43 299.64 1
8.44 294.59 1
8.45 289.17 1
8.46 283.07 1
8.47 278.19 1
8.48 277.86 1
8.49 264.93 1
8.5 263.12 1
8.51 255.67 1
8.52 252.01 1
8.53 249.79 1
8.54 247.62 1
8.55 247.02 1
8.56 246.7 1
8.57 247.33 1
8.58 247.57 1
8.59 247.38 1
8.6 247.54 1
8.61 246.99 1
8.62 246.26 1
8.63 245.53 1
8.64 246.04 1
8.65 247.63 1
8.66 249.49 1
8.67 251.92 1
8.68 256.78 1
8.69 261.83 1
8.7 268.05 1
8.71 273.03 1
8.72 276.49 1
8.73 278.19 1
8.74 275.62 1
8.75 274.64 1
8.76 265.87 1
8.77 257.23 1
8.78 246.74 1
8.79 238.84 1
8.8 225.67 1
8.81 224.99 1
8.82 224.33 1
8.83 224.86 1
8.84 224.51 1
8.85 225.34 1
8.86 226.4 1
8.87 226.86 1
8.88 226.41 1
8.89 225.59 1
8.9 225.15 1
8.91 225.47 1
8.92 224.58 1
8.93 221.25 1
8.94 224.53 1
8.95 222.82 1
8.96 220.07 1
8.97 221.07 1
8.98 221.21 1
8.99 218.91 1
9.0 218.95 1
9.01 220.96 1
9.02 219.63 1
9.03 221.09 1
9.04 221.47 1
9.05 221.63 1
9.06 222.9 1
9.07 223.47 1
9.08 223.71 1
9.09 223.75 1
9.1 222.83 1
9.11 222.25 1
9.12 221.53 1
9.13 221.25 1
9.14 220.95 1
9.15 221.67 1
9.16 223.09 1
9.17 223.83 1
9.18 224.0 1
9.19 221.6 1
9.2 217.2 1
9.21 212.51 1
9.22 206.38 1
9.23 198.05 1
9.24 185.97 1
9.25 178.57 1
9.26 172.29 1
9.27 171.93 1
9.28 174.02 1
9.29 179.0 1
9.3 184.95 1
9.31 192.45 1
9.32 199.23 1
9.33 204.66 1
9.34 214.38 1
9.35 223.8 1
9.36 227.94 1
9.37 232.14 1
9.38 233.96 1
9.39 235.56 1
9.4 231.57 1
9.41 230.35 1
9.42 228.91 1
9.43 225.78 1
9.44 220.48 1
9.45 215.27 1
9.46 209.76 1
9.47 203.73 1
9.48 199.34 1
9.49 193.92 1
9.5 190.49 1
9.51 189.05 1
9.52 187.34 1
9.53 188.93 1
9.54 188.07 1
9.55 186.53 1
9.56 187.76 1
9.57 188.26 1
9.58 186.54 1
9.59 188.88 1
9.6 188.64 1
9.61 185.74 1
9.62 186.52 1
9.63 191.31 1
9.64 196.71 1
9.65 209.52 1
9.66 225.59 1
9.67 240.53 1
9.68 258.64 1
9.69 271.75 1
9.7 281.49 1
9.71 284.48 1
9.72 281.52 1
9.73 271.56 1
9.74 258.65 1
9.75 242.0 1
9.76 230.74 1
9.77 224.62 1
9.78 221.83 1
9.79 220.62 1
9.8 220.86 1
9.81 222.93 1
9.82 225.12 1
9.83 225.21 1
9.84 225.13 1
9.85 225.6 1
9.86 226.4 1
9.87 226.35 1
9.88 224.93 1
9.89 223.31 1
9.9 221.17 1
9.91 208.54 1
9.92 220.0 1
9.93 220.02 1
9.94 165.48 1
9.95 146.79 1
9.96 149.01 1
9.97 150.73 1
9.98 146.32 1
9.99 149.24 1
10.0 149.0 1
10.01 147.78 1
10.02 154.59 1
10.03 221.98 1
10.04 217.4 1
10.05 222.16 1
10.06 225.76 1
10.07 227.34 1
10.08 227.69 1
10.09 227.41 1
10.1 225.8 1
10.11 224.06 1
10.12 219.47 1
10.13 218.8 1
10.14 218.26 1
10.15 217.87 1
10.16 217.77 1
10.17 216.69 1
10.18 214.04 1
10.19 209.45 1
10.2 202.98 1
10.21 196.05 1
10.22 188.87 1
10.23 184.25 1
10.24 181.75 1
10.25 181.66 1
10.26 182.05 1
10.27 182.9 1
10.28 184.12 1
10.29 184.91 1
10.3 186.47 1
10.31 185.72 1
10.32 185.72 1
10.33 186.51 1
10.34 188.25 1
10.35 188.35 1
10.36 186.48 1
10.37 184.92 1
10.38 184.32 1
10.39 183.9 1
10.4 184.91 1
10.41 186.48 1
10.42 189.37 1
10.43 192.71 1
10.44 194.49 1
10.45 196.56 1
10.46 197.7 1
10.47 196.21 1
10.48 194.68 1
10.49 190.98 1
10.5 187.73 1
10.51 182.87 1
10.52 178.9 1
10.53 175.33 1
10.54 170.61 1
10.55 169.4 1
10.56 168.27 1
10.57 166.67 1
10.58 167.29 1
10.59 167.27 1
10.6 168.67 1
10.61 169.95 1
