0.01 181.08 1
0.02 186.47 1
0.03 184.91 1
0.04 189.68 1
0.05 193.45 1
0.06 194.97 1
0.07 195.12 1
0.08 194.25 1
0.09 192.47 1
0.1 187.28 1
0.11 186.28 1
0.12 184.89 1
0.13 182.33 1
0.14 182.17 1
0.15 183.36 1
0.16 184.25 1
0.17 183.37 1
0.18 184.91 1
0.19 185.28 1
0.2 185.44 1
0.21 185.44 1
0.22 184.93 1
0.23 186.81 1
0.24 186.81 1
0.25 184.92 1
0.26 185.41 1
0.27 186.0 1
0.28 186.82 1
0.29 185.7 1
0.3 188.07 1
0.31 193.84 1
0.32 195.05 1
0.33 196.57 1
0.34 197.8 1
0.35 197.5 1
0.36 197.64 1
0.37 195.57 1
0.38 195.01 1
0.39 191.35 1
0.4 190.94 1
0.41 189.3 1
0.42 188.35 1
0.43 187.37 1
0.44 186.61 1
0.45 184.18 1
0.46 184.2 1
0.47 185.1 1
0.48 185.49 1
0.49 185.65 1
0.5 185.58 1
0.51 184.16 1
0.52 185.47 1
0.53 185.74 1
0.54 185.63 1
0.55 185.46 1
0.56 185.44 1
0.57 189.64 1
0.58 186.48 1
0.59 184.92 1
0.6 193.99 1
0.61 194.7 1
0.62 205.6 1
0.63 216.69 1
0.64 216.71 1
0.65 224.11 1
0.66 228.26 1
0.67 229.1 1
0.68 229.79 1
0.69 224.32 1
0.7 219.43 1
0.71 216.68 1
0.72 201.86 1
0.73 200.9 1
0.74 193.89 1
0.75 192.62 1
0.76 191.93 1
0.77 188.88 1
0.78 191.04 1
0.79 189.94 1
0.8 188.8 1
0.81 188.05 1
0.82 186.51 1
0.83 187.54 1
0.84 190.41 1
0.85 186.87 1
0.86 185.31 1
0.87 185.01 1
0.88 184.85 1
0.89 185.48 1
0.9 184.66 1
0.91 185.36 1
0.92 184.14 1
0.93 183.37 1
0.94 186.34 1
0.95 186.01 1
0.96 181.86 1
0.97 186.47 1
0.98 199.1 1
0.99 189.95 1
1.0 190.11 1
1.01 192.99 1
1.02 95.15 1
1.03 94.74 1
1.04 95.55 1
1.05 92.95 1
1.06 92.56 1
1.07 91.41 1
1.08 91.22 1
1.09 91.51 1
1.1 90.78 1
1.11 89.89 1
1.12 89.05 1
1.13 88.2 1
1.14 87.92 1
1.15 83.76 1
1.16 87.59 1
1.17 84.24 1
1.18 82.82 1
1.19 83.6 1
1.2 82.06 1
1.21 81.59 1
1.22 83.14 1
1.23 83.49 1
1.24 86.0 1
1.25 89.37 1
1.26 88.83 1
1.27 89.18 1
1.28 191.32 1
1.29 189.89 1
1.3 192.63 1
1.31 196.61 1
1.32 190.5 1
1.33 196.43 1
1.34 193.82 1
1.35 192.95 1
1.36 187.04 1
1.37 181.98 1
1.38 177.53 1
1.39 173.62 1
1.4 173.25 1
1.41 170.04 1
1.42 168.46 1
1.43 166.07 1
1.44 166.04 1
1.45 166.72 1
1.46 163.65 1
1.47 165.65 1
1.48 165.08 1
1.49 166.9 1
1.5 165.42 1
1.51 165.49 1
1.52 168.64 1
1.53 160.07 1
1.54 169.29 1
1.55 166.73 1
1.56 169.89 1
1.57 179.75 1
1.58 177.57 1
1.59 173.3 1
1.6 178.81 1
1.61 180.51 1
1.62 181.55 1
1.63 178.57 1
1.64 182.26 1
1.65 171.17 1
1.66 164.86 1
1.67 166.85 1
1.68 74.77 1
1.69 74.37 1
1.7 74.51 1
1.71 74.54 1
1.72 74.61 1
1.73 74.63 1
1.74 74.53 1
1.75 74.56 1
1.76 74.7 1
1.77 74.9 1
1.78 74.68 1
1.79 74.46 1
1.8 74.52 1
1.81 74.47 1
1.82 74.53 1
1.83 74.56 1
1.84 74.54 1
1.85 75.12 1
1.86 73.51 1
1.87 74.39 1
1.88 74.25 1
1.89 74.57 1
1.9 74.9 1
1.91 74.5 1
1.92 74.81 1
1.93 74.69 1
1.94 73.93 1
1.95 74.59 1
1.96 74.17 1
1.97 74.52 1
1.98 74.56 1
1.99 74.4 1
2.0 94.6 1
2.01 196.44 1
2.02 185.9 1
2.03 176.58 1
2.04 171.83 1
2.05 180.36 1
2.06 179.63 1
2.07 163.87 1
2.08 161.19 1
2.09 165.48 1
2.1 164.85 1
2.11 173.68 1
2.12 182.08 1
2.13 188.98 1
2.14 188.06 1
2.15 187.38 1
2.16 195.05 1
2.17 193.17 1
2.18 198.19 1
2.19 193.84 1
2.2 189.62 1
2.21 187.41 1
2.22 178.18 1
2.23 170.5 1
2.24 180.58 1
2.25 154.12 1
2.26 168.0 1
2.27 164.26 1
2.28 165.56 1
2.29 165.48 1
2.3 166.17 1
2.31 167.95 1
2.32 170.35 1
2.33 171.93 1
2.34 177.34 1
2.35 179.69 1
2.36 186.59 1
2.37 188.11 1
2.38 188.87 1
2.39 192.05 1
2.4 194.51 1
2.41 194.19 1
2.42 205.61 1
2.43 192.05 1
2.44 189.68 1
2.45 186.77 1
2.46 184.73 1
2.47 184.15 1
2.48 184.06 1
2.49 184.14 1
2.5 184.91 1
2.51 185.86 1
2.52 186.66 1
2.53 182.68 1
2.54 186.93 1
2.55 188.0 1
2.56 183.43 1
2.57 184.15 1
2.58 183.93 1
2.59 183.68 1
2.6 184.83 1
2.61 184.6 1
2.62 183.98 1
2.63 183.13 1
2.64 184.97 1
2.65 185.24 1
2.66 184.05 1
2.67 183.74 1
2.68 185.13 1
2.69 185.81 1
2.7 183.68 1
2.71 183.11 1
2.72 184.28 1
2.73 184.41 1
2.74 183.4 1
2.75 183.78 1
2.76 179.71 1
2.77 183.42 1
2.78 185.66 1
2.79 187.23 1
2.8 187.29 1
2.81 192.93 1
2.82 200.01 1
2.83 187.32 1
2.84 189.64 1
2.85 188.04 1
2.86 184.07 1
2.87 178.27 1
2.88 172.66 1
2.89 168.69 1
2.9 165.47 1
2.91 161.94 1
2.92 152.31 1
2.93 168.64 1
2.94 161.9 1
2.95 173.29 1
2.96 175.64 1
2.97 180.91 1
2.98 177.1 1
2.99 181.1 1
3.0 198.17 1
3.01 196.18 1
3.02 201.35 1
3.03 200.71 1
3.04 198.2 1
3.05 188.88 1
3.06 185.02 1
3.07 180.37 1
3.08 177.42 1
3.09 169.94 1
3.1 165.55 1
3.11 164.87 1
3.12 165.47 1
3.13 163.04 1
3.14 166.09 1
3.15 163.37 1
3.16 165.34 1
3.17 165.31 1
3.18 164.86 1
3.19 167.74 1
3.2 176.77 1
3.21 166.13 1
3.22 173.28 1
3.23 88.35 1
3.24 88.29 1
3.25 91.46 1
3.26 91.4 1
3.27 92.98 1
3.28 89.91 1
3.29 89.36 1
3.3 87.94 1
3.31 77.98 1
3.32 77.71 1
3.33 74.46 1
3.34 74.31 1
3.35 73.69 1
3.36 73.94 1
3.37 74.43 1
3.38 74.53 1
3.39 74.59 1
3.4 74.58 1
3.41 74.6 1
3.42 148.74 1
3.43 149.26 1
3.44 150.24 1
3.45 150.23 1
3.46 150.23 1
3.47 152.77 1
3.48 152.27 1
3.49 149.24 1
3.5 151.24 1
3.51 150.74 1
3.52 150.74 1
3.53 149.33 1
3.54 149.14 1
3.55 149.08 1
3.56 149.27 1
3.57 149.15 1
3.58 149.13 1
3.59 149.02 1
3.6 149.13 1
3.61 149.01 1
3.62 149.03 1
3.63 149.0 1
3.64 149.24 1
3.65 148.92 1
3.66 149.0 1
3.67 149.1 1
3.68 149.17 1
3.69 149.2 1
3.7 149.3 1
3.71 148.97 1
3.72 147.76 1
3.73 0.0 1
3.74 0.0 1
3.75 0.0 1
3.76 0.0 1
3.77 0.0 1
3.78 0.0 1
3.79 0.0 1
3.8 0.0 1
3.81 0.0 1
3.82 0.0 1
3.83 0.0 1
3.84 0.0 1
3.85 0.0 1
3.86 0.0 1
3.87 0.0 1
3.88 0.0 1
3.89 0.0 1
3.9 0.0 1
3.91 0.0 1
3.92 0.0 1
3.93 0.0 1
3.94 0.0 1
3.95 0.0 1
3.96 0.0 1
3.97 0.0 1
3.98 0.0 1
3.99 123.84 1
4.0 130.27 1
4.01 136.62 1
4.02 139.33 1
4.03 141.57 1
4.04 143.24 1
4.05 145.79 1
4.06 144.83 1
4.07 143.01 1
4.08 139.34 1
4.09 140.22 1
4.1 140.22 1
4.11 140.67 1
4.12 144.35 1
4.13 144.83 1
4.14 144.84 1
4.15 145.31 1
4.16 146.28 1
4.17 148.67 1
4.18 150.26 1
4.19 151.12 1
4.2 150.5 1
4.21 151.62 1
4.22 151.97 1
4.23 150.77 1
4.24 150.77 1
4.25 150.77 1
4.26 149.26 1
4.27 148.69 1
4.28 147.25 1
4.29 146.28 1
4.3 147.53 1
4.31 147.25 1
4.32 147.25 1
4.33 148.95 1
4.34 149.11 1
4.35 148.13 1
4.36 146.28 1
4.37 145.79 1
4.38 146.76 1
4.39 146.28 1
4.4 145.31 1
4.41 138.88 1
4.42 144.36 1
4.43 147.25 1
4.44 149.96 1
4.45 156.11 1
4.46 168.29 1
4.47 178.88 1
4.48 190.17 1
4.49 193.4 1
4.5 195.52 1
4.51 194.49 1
4.52 188.76 1
4.53 182.18 1
4.54 171.94 1
4.55 167.34 1
4.56 160.28 1
4.57 158.35 1
4.58 156.33 1
4.59 161.2 1
4.6 165.67 1
4.61 175.72 1
4.62 183.82 1
4.63 191.96 1
4.64 196.29 1
4.65 199.24 1
4.66 203.39 1
4.67 200.48 1
4.68 197.41 1
4.69 188.07 1
4.7 187.36 1
4.71 184.12 1
4.72 183.06 1
4.73 181.56 1
4.74 182.19 1
4.75 182.68 1
4.76 183.91 1
4.77 185.21 1
4.78 183.96 1
4.79 183.56 1
4.8 182.15 1
4.81 181.3 1
4.82 179.2 1
4.83 178.9 1
4.84 178.04 1
4.85 179.83 1
4.86 184.92 1
4.87 191.65 1
4.88 197.92 1
4.89 201.79 1
4.9 204.02 1
4.91 204.06 1
4.92 200.29 1
4.93 195.56 1
4.94 184.93 1
4.95 179.2 1
4.96 171.94 1
4.97 169.52 1
4.98 168.93 1
4.99 166.79 1
5.0 158.93 1
5.01 73.96 1
5.02 74.68 1
5.03 74.24 1
5.04 74.33 1
5.05 74.82 1
5.06 74.62 1
5.07 74.31 1
5.08 74.54 1
5.09 74.31 1
5.1 74.69 1
5.11 74.82 1
5.12 74.23 1
5.13 74.36 1
5.14 74.47 1
5.15 74.41 1
5.16 74.47 1
5.17 74.56 1
5.18 74.67 1
5.19 74.43 1
5.2 74.3 1
5.21 74.27 1
5.22 74.56 1
5.23 74.44 1
5.24 74.51 1
5.25 74.52 1
5.26 74.46 1
5.27 74.55 1
5.28 74.57 1
5.29 74.51 1
5.3 74.3 1
5.31 74.94 1
5.32 212.08 1
5.33 214.6 1
5.34 205.61 1
5.35 203.74 1
5.36 200.68 1
5.37 197.05 1
5.38 192.22 1
5.39 189.07 1
5.4 185.89 1
5.41 183.14 1
5.42 181.9 1
5.43 183.83 1
5.44 184.31 1
5.45 186.07 1
5.46 188.78 1
5.47 192.41 1
5.48 194.78 1
5.49 196.97 1
5.5 198.71 1
5.51 199.43 1
5.52 199.32 1
5.53 197.6 1
5.54 195.28 1
5.55 192.24 1
5.56 190.36 1
5.57 187.27 1
5.58 186.68 1
5.59 185.77 1
5.6 186.4 1
5.61 188.9 1
5.62 190.35 1
5.63 190.18 1
5.64 191.31 1
5.65 192.15 1
5.66 193.91 1
5.67 194.35 1
5.68 195.67 1
5.69 195.37 1
5.7 195.45 1
5.71 194.85 1
5.72 192.26 1
5.73 189.17 1
5.74 184.51 1
5.75 181.12 1
5.76 176.09 1
5.77 174.86 1
5.78 174.52 1
5.79 181.28 1
5.8 188.87 1
5.81 197.33 1
5.82 207.18 1
5.83 213.38 1
5.84 220.03 1
5.85 222.63 1
5.86 223.45 1
5.87 223.23 1
5.88 224.63 1
5.89 221.95 1
5.9 218.74 1
5.91 219.12 1
5.92 219.64 1
5.93 219.6 1
5.94 220.79 1
5.95 222.03 1
5.96 222.0 1
5.97 222.49 1
5.98 222.15 1
5.99 221.79 1
6.0 221.36 1
6.01 221.67 1
6.02 221.54 1
6.03 221.44 1
6.04 221.52 1
6.05 222.42 1
6.06 223.19 1
6.07 223.78 1
6.08 223.43 1
6.09 222.61 1
6.1 221.46 1
6.11 220.01 1
6.12 219.87 1
6.13 219.95 1
6.14 219.98 1
6.15 218.84 1
6.16 217.68 1
6.17 216.32 1
6.18 209.93 1
6.19 200.32 1
6.2 196.41 1
6.21 185.73 1
6.22 183.68 1
6.23 180.14 1
6.24 179.67 1
6.25 180.16 1
6.26 182.4 1
6.27 184.92 1
6.28 176.47 1
6.29 90.92 1
6.3 93.03 1
6.31 93.33 1
6.32 91.45 1
6.33 92.68 1
6.34 92.54 1
6.35 92.16 1
6.36 91.97 1
6.37 92.19 1
6.38 0.0 1
6.39 0.0 1
6.4 203.7 1
6.41 223.19 1
6.42 230.02 1
6.43 227.54 1
6.44 225.53 1
6.45 222.48 1
6.46 222.23 1
6.47 222.86 1
6.48 222.56 1
6.49 222.35 1
6.5 223.86 1
6.51 223.88 1
6.52 222.75 1
6.53 222.85 1
6.54 223.88 1
6.55 224.73 1
6.56 225.09 1
6.57 224.8 1
6.58 225.53 1
6.59 225.17 1
6.6 224.21 1
6.61 223.12 1
6.62 222.29 1
6.63 220.1 1
6.64 218.85 1
6.65 218.84 1
6.66 217.78 1
6.67 219.49 1
6.68 224.92 1
6.69 238.19 1
6.7 247.87 1
6.71 260.2 1
6.72 278.22 1
6.73 286.11 1
6.74 291.11 1
6.75 293.02 1
6.76 290.36 1
6.77 283.58 1
6.78 278.18 1
6.79 272.99 1
6.8 258.89 1
6.81 252.98 1
6.82 247.86 1
6.83 245.32 1
6.84 244.28 1
6.85 244.23 1
6.86 242.9 1
6.87 242.91 1
6.88 241.24 1
6.89 242.93 1
6.9 242.95 1
6.91 242.96 1
6.92 244.28 1
6.93 244.32 1
6.94 245.63 1
6.95 246.75 1
6.96 247.49 1
6.97 249.03 1
6.98 253.14 1
6.99 257.2 1
7.0 263.29 1
7.01 271.36 1
7.02 276.42 1
7.03 276.46 1
7.04 276.38 1
7.05 266.47 1
7.06 258.75 1
7.07 255.13 1
7.08 246.98 1
7.09 235.23 1
7.1 228.02 1
7.11 226.76 1
7.12 226.58 1
7.13 226.7 1
7.14 225.61 1
7.15 225.6 1
7.16 225.36 1
7.17 221.78 1
7.18 213.45 1
7.19 74.92 1
7.2 74.68 1
7.21 74.36 1
7.22 74.92 1
7.23 74.26 1
7.24 74.83 1
7.25 74.78 1
7.26 74.26 1
7.27 74.38 1
7.28 74.42 1
7.29 74.61 1
7.3 74.46 1
7.31 74.52 1
7.32 74.53 1
7.33 74.67 1
7.34 74.34 1
7.35 74.79 1
7.36 74.37 1
7.37 74.58 1
7.38 74.57 1
7.39 74.56 1
7.4 74.62 1
7.41 74.47 1
7.42 74.58 1
7.43 74.62 1
7.44 74.31 1
7.45 75.31 1
7.46 74.36 1
7.47 138.46 1
7.48 289.73 1
7.49 293.02 1
7.5 291.41 1
7.51 284.36 1
7.52 277.99 1
7.53 271.9 1
7.54 266.19 1
7.55 255.75 1
7.56 250.42 1
7.57 245.62 1
7.58 245.45 1
7.59 240.26 1
7.6 238.95 1
7.61 240.22 1
7.62 239.01 1
7.63 240.79 1
7.64 248.86 1
7.65 254.18 1
7.66 260.27 1
7.67 276.49 1
7.68 283.55 1
7.69 291.09 1
7.7 294.86 1
7.71 294.99 1
7.72 291.87 1
7.73 286.16 1
7.74 280.49 1
7.75 274.72 1
7.76 271.22 1
7.77 260.31 1
7.78 255.75 1
7.79 253.24 1
7.8 249.53 1
7.81 247.04 1
7.82 244.32 1
7.83 242.95 1
7.84 241.47 1
7.85 241.57 1
7.86 239.0 1
7.87 240.31 1
7.88 240.71 1
7.89 243.45 1
7.9 247.22 1
7.91 252.9 1
7.92 254.25 1
7.93 268.08 1
7.94 274.18 1
7.95 283.53 1
7.96 293.04 1
7.97 298.44 1
7.98 298.99 1
7.99 297.01 1
8.0 297.0 1
8.01 295.01 1
8.02 295.02 1
8.03 296.75 1
8.04 296.33 1
8.05 295.02 1
8.06 296.98 1
8.07 296.99 1
8.08 298.18 1
8.09 296.98 1
8.1 297.29 1
8.11 294.99 1
8.12 296.97 1
8.13 296.45 1
8.14 296.9 1
8.15 296.86 1
8.16 296.47 1
8.17 294.99 1
8.18 293.88 1
8.19 293.12 1
8.2 293.05 1
8.21 294.4 1
8.22 293.12 1
8.23 293.15 1
8.24 293.14 1
8.25 293.13 1
8.26 293.15 1
8.27 295.13 1
8.28 295.21 1
8.29 300.12 1
8.3 299.02 1
8.31 297.06 1
8.32 295.1 1
8.33 293.11 1
8.34 291.11 1
8.35 285.44 1
8.36 278.5 1
8.37 272.9 1
8.38 257.41 1
8.39 251.84 1
8.4 244.24 1
8.41 235.26 1
8.42 229.2 1
8.43 225.64 1
8.44 224.89 1
8.45 225.64 1
8.46 229.82 1
8.47 234.02 1
8.48 245.67 1
8.49 254.66 1
8.5 263.31 1
8.51 281.74 1
8.52 289.24 1
8.53 297.0 1
8.54 305.17 1
8.55 306.71 1
8.56 307.06 1
8.57 300.87 1
8.58 295.01 1
8.59 289.71 1
8.6 283.14 1
8.61 278.17 1
8.62 271.34 1
8.63 263.4 1
8.64 255.79 1
8.65 253.82 1
8.66 250.15 1
8.67 248.51 1
8.68 247.52 1
8.69 247.63 1
8.7 246.91 1
8.71 246.94 1
8.72 245.95 1
8.73 246.22 1
8.74 247.17 1
8.75 246.98 1
8.76 248.07 1
8.77 247.49 1
8.78 247.82 1
8.79 247.67 1
8.8 248.6 1
8.81 249.45 1
8.82 252.09 1
8.83 254.18 1
8.84 258.66 1
8.85 263.1 1
8.86 268.09 1
8.87 273.02 1
8.88 273.07 1
8.89 276.44 1
8.9 268.59 1
8.91 260.29 1
8.92 255.68 1
8.93 244.28 1
8.94 230.39 1
8.95 224.83 1
8.96 222.74 1
8.97 220.46 1
8.98 220.56 1
8.99 220.33 1
9.0 221.37 1
9.01 221.99 1
9.02 221.49 1
9.03 222.33 1
9.04 222.12 1
9.05 222.13 1
9.06 222.55 1
9.07 222.97 1
9.08 223.76 1
9.09 224.2 1
9.1 224.6 1
9.11 223.37 1
9.12 223.39 1
9.13 223.8 1
9.14 223.25 1
9.15 218.91 1
9.16 223.21 1
9.17 224.43 1
9.18 226.01 1
9.19 226.43 1
9.2 226.75 1
9.21 226.31 1
9.22 226.75 1
9.23 226.52 1
9.24 225.07 1
9.25 223.72 1
9.26 223.13 1
9.27 223.3 1
9.28 223.08 1
9.29 223.21 1
9.3 223.2 1
9.31 224.05 1
9.32 224.76 1
9.33 225.24 1
9.34 225.02 1
9.35 224.62 1
9.36 222.72 1
9.37 219.02 1
9.38 214.13 1
9.39 207.53 1
9.4 197.45 1
9.41 185.7 1
9.42 178.16 1
9.43 171.96 1
9.44 173.43 1
9.45 175.03 1
9.46 179.21 1
9.47 184.19 1
9.48 189.53 1
9.49 198.49 1
9.5 203.7 1
9.51 212.34 1
9.52 219.03 1
9.53 225.15 1
9.54 228.78 1
9.55 230.91 1
9.56 229.12 1
9.57 229.09 1
9.58 225.27 1
9.59 221.5 1
9.6 217.61 1
9.61 214.12 1
9.62 213.48 1
9.63 202.83 1
9.64 201.52 1
9.65 198.87 1
9.66 196.57 1
9.67 195.53 1
9.68 187.37 1
9.69 190.46 1
9.7 188.37 1
9.71 188.63 1
9.72 187.28 1
9.73 187.28 1
9.74 188.99 1
9.75 187.31 1
9.76 187.29 1
9.77 186.5 1
9.78 184.98 1
9.79 189.22 1
9.8 194.16 1
9.81 202.76 1
9.82 218.56 1
9.83 230.32 1
9.84 247.15 1
9.85 258.68 1
9.86 274.76 1
9.87 274.76 1
9.88 274.76 1
9.89 264.87 1
9.9 251.28 1
9.91 244.27 1
9.92 230.97 1
9.93 225.04 1
9.94 222.6 1
9.95 221.9 1
9.96 221.4 1
9.97 221.96 1
9.98 224.38 1
9.99 225.93 1
10.0 226.42 1
10.01 225.61 1
10.02 226.75 1
10.03 227.66 1
10.04 226.54 1
10.05 218.9 1
10.06 216.7 1
10.07 97.24 1
10.08 74.22 1
10.09 74.59 1
10.1 74.94 1
10.11 74.55 1
10.12 74.69 1
10.13 74.53 1
10.14 74.54 1
10.15 74.56 1
10.16 74.38 1
10.17 74.08 1
10.18 0.0 1
10.19 0.0 1
10.2 212.08 1
10.21 223.46 1
10.22 225.88 1
10.23 226.89 1
10.24 227.03 1
10.25 225.9 1
10.26 226.05 1
10.27 226.4 1
10.28 226.1 1
10.29 224.63 1
10.3 223.38 1
10.31 221.31 1
10.32 218.11 1
10.33 216.13 1
10.34 214.55 1
10.35 202.83 1
10.36 198.19 1
10.37 192.96 1
10.38 185.72 1
10.39 184.8 1
10.4 183.98 1
10.41 183.46 1
10.42 183.64 1
10.43 184.14 1
10.44 184.15 1
10.45 185.69 1
10.46 186.48 1
10.47 188.06 1
10.48 188.07 1
10.49 188.61 1
10.5 187.28 1
10.51 185.72 1
10.52 184.91 1
10.53 183.64 1
10.54 182.1 1
10.55 183.19 1
10.56 184.86 1
10.57 187.27 1
10.58 190.26 1
10.59 192.85 1
10.6 195.88 1
10.61 198.27 1
10.62 198.99 1
10.63 198.8 1
10.64 196.76 1
10.65 193.12 1
10.66 187.28 1
10.67 182.75 1
10.68 176.75 1
10.69 170.62 1
10.7 167.83 1
10.71 167.02 1
10.72 166.77 1
10.73 166.86 1
10.74 167.49 1
