0.01 197.3 1
0.02 192.15 1
0.03 177.46 1
0.04 169.9 1
0.05 167.71 1
0.06 164.44 1
0.07 166.22 1
0.08 170.88 1
0.09 176.75 1
0.1 183.37 1
0.11 189.68 1
0.12 192.15 1
0.13 209.86 1
0.14 206.56 1
0.15 224.49 1
0.16 235.2 1
0.17 232.72 1
0.18 229.13 1
0.19 217.92 1
0.2 213.33 1
0.21 205.21 1
0.22 197.32 1
0.23 191.33 1
0.24 190.08 1
0.25 187.26 1
0.26 187.76 1
0.27 188.5 1
0.28 187.02 1
0.29 188.06 1
0.3 186.45 1
0.31 188.06 1
0.32 189.58 1
0.33 186.99 1
0.34 183.91 1
0.35 184.93 1
0.36 188.15 1
0.37 184.6 1
0.38 183.11 1
0.39 185.38 1
0.4 187.81 1
0.41 187.26 1
0.42 187.07 1
0.43 189.17 1
0.44 190.49 1
0.45 193.35 1
0.46 191.32 1
0.47 191.7 1
0.48 192.27 1
0.49 186.48 1
0.5 190.25 1
0.51 193.97 1
0.52 192.99 1
0.53 90.22 1
0.54 74.61 1
0.55 74.51 1
0.56 74.43 1
0.57 74.77 1
0.58 74.55 1
0.59 74.58 1
0.6 74.71 1
0.61 74.43 1
0.62 74.62 1
0.63 74.56 1
0.64 74.54 1
0.65 74.59 1
0.66 90.57 1
0.67 199.11 1
0.68 200.71 1
0.69 195.55 1
0.7 195.12 1
0.71 189.84 1
0.72 185.13 1
0.73 182.34 1
0.74 181.75 1
0.75 182.12 1
0.76 181.76 1
0.77 183.39 1
0.78 185.69 1
0.79 189.95 1
0.8 195.0 1
0.81 199.81 1
0.82 202.8 1
0.83 203.43 1
0.84 202.23 1
0.85 199.45 1
0.86 194.55 1
0.87 190.1 1
0.88 186.09 1
0.89 183.14 1
0.9 181.94 1
0.91 181.97 1
0.92 183.13 1
0.93 183.91 1
0.94 185.77 1
0.95 185.68 1
0.96 185.69 1
0.97 185.68 1
0.98 184.91 1
0.99 185.69 1
1.0 185.69 1
1.01 186.0 1
1.02 186.48 1
1.03 187.27 1
1.04 188.07 1
1.05 188.83 1
1.06 188.08 1
1.07 187.27 1
1.08 186.48 1
1.09 186.37 1
1.1 185.7 1
1.11 184.92 1
1.12 184.15 1
1.13 184.92 1
1.14 188.87 1
1.15 193.99 1
1.16 196.97 1
1.17 198.16 1
1.18 198.97 1
1.19 197.45 1
1.2 194.04 1
1.21 188.78 1
1.22 182.98 1
1.23 176.75 1
1.24 168.67 1
1.25 166.66 1
1.26 167.06 1
1.27 164.52 1
1.28 163.8 1
1.29 167.35 1
1.3 176.04 1
1.31 167.66 1
1.32 166.04 1
1.33 163.03 1
1.34 0.0 1
1.35 0.0 1
1.36 0.0 1
1.37 0.0 1
1.38 186.24 1
1.39 187.22 1
1.4 188.86 1
1.41 180.8 1
1.42 179.03 1
1.43 178.15 1
1.44 171.31 1
1.45 165.33 1
1.46 162.43 1
1.47 163.87 1
1.48 168.66 1
1.49 177.45 1
1.5 181.2 1
1.51 185.71 1
1.52 190.44 1
1.53 191.32 1
1.54 189.85 1
1.55 186.5 1
1.56 182.8 1
1.57 178.89 1
1.58 167.12 1
1.59 161.27 1
1.6 155.72 1
1.61 156.68 1
1.62 163.47 1
1.63 170.62 1
1.64 179.73 1
1.65 184.14 1
1.66 192.16 1
1.67 196.7 1
1.68 198.96 1
1.69 198.23 1
1.7 194.7 1
1.71 189.15 1
1.72 183.82 1
1.73 181.16 1
1.74 179.78 1
1.75 180.91 1
1.76 184.91 1
1.77 195.89 1
1.78 204.64 1
1.79 212.61 1
1.8 218.0 1
1.81 225.61 1
1.82 229.17 1
1.83 229.09 1
1.84 221.76 1
1.85 212.46 1
1.86 201.12 1
1.87 184.91 1
1.88 178.93 1
1.89 175.32 1
1.9 176.99 1
1.91 180.58 1
1.92 185.69 1
1.93 191.92 1
1.94 195.81 1
1.95 198.26 1
1.96 197.56 1
1.97 195.82 1
1.98 193.02 1
1.99 189.68 1
2.0 184.14 1
2.01 183.93 1
2.02 0.0 1
2.03 0.0 1
2.04 0.0 1
2.05 0.0 1
2.06 0.0 1
2.07 74.6 1
2.08 74.27 1
2.09 74.55 1
2.1 74.55 1
2.11 74.43 1
2.12 74.53 1
2.13 74.49 1
2.14 74.31 1
2.15 75.57 1
2.16 75.44 1
2.17 76.5 1
2.18 76.5 1
2.19 75.97 1
2.2 75.56 1
2.21 75.2 1
2.22 75.26 1
2.23 75.19 1
2.24 75.39 1
2.25 75.81 1
2.26 76.25 1
2.27 76.37 1
2.28 76.5 1
2.29 76.63 1
2.3 75.95 1
2.31 75.58 1
2.32 75.51 1
2.33 75.42 1
2.34 75.07 1
2.35 75.17 1
2.36 75.16 1
2.37 74.79 1
2.38 74.41 1
2.39 74.08 1
2.4 73.8 1
2.41 74.05 1
2.42 74.74 1
2.43 74.81 1
2.44 74.33 1
2.45 73.72 1
2.46 71.38 1
2.47 72.44 1
2.48 74.46 1
2.49 74.43 1
2.5 74.45 1
2.51 74.62 1
2.52 74.22 1
2.53 74.47 1
2.54 74.36 1
2.55 74.64 1
2.56 74.18 1
2.57 74.85 1
2.58 74.23 1
2.59 74.44 1
2.6 74.68 1
2.61 74.69 1
2.62 74.34 1
2.63 74.43 1
2.64 74.34 1
2.65 74.5 1
2.66 74.56 1
2.67 74.5 1
2.68 74.53 1
2.69 74.48 1
2.7 74.57 1
2.71 74.52 1
2.72 74.55 1
2.73 75.08 1
2.74 74.98 1
2.75 220.42 1
2.76 222.9 1
2.77 223.45 1
2.78 222.98 1
2.79 222.61 1
2.8 223.06 1
2.81 223.24 1
2.82 223.82 1
2.83 224.47 1
2.84 226.16 1
2.85 225.66 1
2.86 225.33 1
2.87 224.5 1
2.88 226.67 1
2.89 227.47 1
2.9 226.88 1
2.91 228.17 1
2.92 226.14 1
2.93 220.5 1
2.94 211.18 1
2.95 202.82 1
2.96 178.7 1
2.97 168.09 1
2.98 164.83 1
2.99 159.96 1
3.0 171.79 1
3.01 165.47 1
3.02 185.57 1
3.03 188.06 1
3.04 207.23 1
3.05 215.44 1
3.06 223.68 1
3.07 228.58 1
3.08 230.56 1
3.09 227.36 1
3.1 220.28 1
3.11 211.46 1
3.12 198.18 1
3.13 185.01 1
3.14 180.47 1
3.15 179.39 1
3.16 181.54 1
3.17 185.9 1
3.18 193.06 1
3.19 213.53 1
3.2 225.59 1
3.21 253.17 1
3.22 274.67 1
3.23 282.04 1
3.24 313.04 1
3.25 325.97 1
3.26 331.7 1
3.27 323.67 1
3.28 308.85 1
3.29 289.45 1
3.3 273.67 1
3.31 264.44 1
3.32 253.65 1
3.33 245.51 1
3.34 240.31 1
3.35 241.1 1
3.36 246.95 1
3.37 254.24 1
3.38 266.6 1
3.39 280.74 1
3.4 293.03 1
3.41 299.05 1
3.42 302.6 1
3.43 295.01 1
3.44 285.06 1
3.45 268.05 1
3.46 247.88 1
3.47 239.95 1
3.48 231.36 1
3.49 225.81 1
3.5 223.84 1
3.51 221.12 1
3.52 222.85 1
3.53 223.21 1
3.54 223.45 1
3.55 224.24 1
3.56 224.72 1
3.57 225.96 1
3.58 225.59 1
3.59 224.38 1
3.6 222.8 1
3.61 220.87 1
3.62 220.39 1
3.63 221.12 1
3.64 223.21 1
3.65 224.15 1
3.66 224.39 1
3.67 218.9 1
3.68 222.07 1
3.69 212.53 1
3.7 213.7 1
3.71 236.46 1
3.72 229.63 1
3.73 216.81 1
3.74 201.27 1
3.75 179.6 1
3.76 166.22 1
3.77 158.5 1
3.78 162.12 1
3.79 166.71 1
3.8 174.73 1
3.81 182.48 1
3.82 192.87 1
3.83 202.52 1
3.84 207.57 1
3.85 216.9 1
3.86 221.77 1
3.87 220.76 1
3.88 217.69 1
3.89 205.96 1
3.9 196.47 1
3.91 185.69 1
3.92 178.13 1
3.93 178.58 1
3.94 184.04 1
3.95 188.1 1
3.96 205.59 1
3.97 223.8 1
3.98 257.04 1
3.99 271.42 1
4.0 292.92 1
4.01 310.24 1
4.02 318.67 1
4.03 320.96 1
4.04 314.11 1
4.05 293.69 1
4.06 279.94 1
4.07 261.69 1
4.08 248.48 1
4.09 232.79 1
4.1 228.03 1
4.11 230.35 1
4.12 231.58 1
4.13 245.64 1
4.14 253.08 1
4.15 260.26 1
4.16 273.05 1
4.17 280.39 1
4.18 278.22 1
4.19 276.45 1
4.2 263.32 1
4.21 247.03 1
4.22 233.87 1
4.23 225.64 1
4.24 224.38 1
4.25 222.92 1
4.26 223.01 1
4.27 223.1 1
4.28 223.78 1
4.29 225.12 1
4.3 225.58 1
4.31 225.59 1
4.32 225.18 1
4.33 223.6 1
4.34 222.01 1
4.35 218.86 1
4.36 214.58 1
4.37 204.67 1
4.38 195.49 1
4.39 182.25 1
4.4 170.63 1
4.41 167.84 1
4.42 170.15 1
4.43 175.69 1
4.44 184.94 1
4.45 195.6 1
4.46 203.72 1
4.47 203.68 1
4.48 226.75 1
4.49 212.52 1
4.5 214.65 1
4.51 218.85 1
4.52 215.98 1
4.53 225.37 1
4.54 240.49 1
4.55 194.7 1
4.56 175.34 1
4.57 164.86 1
4.58 165.93 1
4.59 167.66 1
4.6 173.31 1
4.61 182.58 1
4.62 196.6 1
4.63 206.6 1
4.64 220.74 1
4.65 226.78 1
4.66 240.15 1
4.67 241.08 1
4.68 237.73 1
4.69 225.58 1
4.7 213.54 1
4.71 196.66 1
4.72 181.18 1
4.73 173.95 1
4.74 168.67 1
4.75 173.59 1
4.76 178.18 1
4.77 182.29 1
4.78 186.53 1
4.79 196.69 1
4.8 202.46 1
4.81 206.59 1
4.82 204.73 1
4.83 203.93 1
4.84 196.39 1
4.85 188.55 1
4.86 180.18 1
4.87 168.0 1
4.88 162.41 1
4.89 158.03 1
4.9 158.49 1
4.91 161.92 1
4.92 166.62 1
4.93 169.95 1
4.94 177.45 1
4.95 179.75 1
4.96 180.52 1
4.97 179.9 1
4.98 178.89 1
4.99 173.97 1
5.0 167.07 1
5.01 161.86 1
5.02 154.82 1
5.03 74.78 1
5.04 74.4 1
5.05 74.58 1
5.06 76.19 1
5.07 77.05 1
5.08 77.2 1
5.09 76.0 1
5.1 74.64 1
5.11 74.72 1
5.12 74.59 1
5.13 74.61 1
5.14 74.47 1
5.15 74.56 1
5.16 74.73 1
