0.01 74.55 1
0.02 74.43 1
0.03 0.0 1
0.04 0.0 1
0.05 225.75 1
0.06 219.95 1
0.07 219.92 1
0.08 218.78 1
0.09 219.05 1
0.1 219.68 1
0.11 220.33 1
0.12 220.43 1
0.13 220.93 1
0.14 222.05 1
0.15 223.71 1
0.16 226.6 1
0.17 225.63 1
0.18 227.92 1
0.19 227.93 1
0.2 226.81 1
0.21 226.81 1
0.22 227.93 1
0.23 225.58 1
0.24 222.7 1
0.25 221.52 1
0.26 221.08 1
0.27 221.42 1
0.28 220.53 1
0.29 220.68 1
0.3 220.85 1
0.31 221.05 1
0.32 222.36 1
0.33 223.69 1
0.34 224.46 1
0.35 224.23 1
0.36 223.22 1
0.37 222.49 1
0.38 221.9 1
0.39 221.66 1
0.4 221.86 1
0.41 221.58 1
0.42 222.42 1
0.43 223.29 1
0.44 224.01 1
0.45 223.86 1
0.46 223.67 1
0.47 223.73 1
0.48 223.9 1
0.49 223.72 1
0.5 223.58 1
0.51 222.77 1
0.52 222.47 1
0.53 223.01 1
0.54 223.68 1
0.55 223.73 1
0.56 220.0 1
0.57 222.2 1
0.58 224.44 1
0.59 223.29 1
0.6 218.87 1
0.61 221.06 1
0.62 225.29 1
0.63 218.89 1
0.64 224.3 1
0.65 232.67 1
0.66 250.31 1
0.67 259.33 1
0.68 260.82 1
0.69 253.48 1
0.7 251.61 1
0.71 248.65 1
0.72 248.08 1
0.73 245.99 1
0.74 246.8 1
0.75 246.89 1
0.76 247.12 1
0.77 247.12 1
0.78 247.19 1
0.79 247.28 1
0.8 247.43 1
0.81 248.28 1
0.82 248.41 1
0.83 248.53 1
0.84 248.44 1
0.85 248.39 1
0.86 248.94 1
0.87 249.19 1
0.88 249.61 1
0.89 249.77 1
0.9 246.86 1
0.91 250.37 1
0.92 247.48 1
0.93 239.48 1
0.94 245.11 1
0.95 255.09 1
0.96 263.34 1
0.97 271.38 1
0.98 273.06 1
0.99 251.92 1
1.0 244.26 1
1.01 230.63 1
1.02 218.8 1
1.03 216.64 1
1.04 215.55 1
1.05 208.55 1
1.06 207.59 1
1.07 212.52 1
1.08 216.81 1
1.09 221.9 1
1.1 226.77 1
1.11 233.92 1
1.12 240.2 1
1.13 246.38 1
1.14 250.2 1
1.15 250.52 1
1.16 250.27 1
1.17 250.59 1
1.18 250.82 1
1.19 250.7 1
1.2 251.16 1
1.21 251.84 1
1.22 252.77 1
1.23 253.98 1
1.24 253.34 1
1.25 245.75 1
1.26 249.6 1
1.27 243.0 1
1.28 239.03 1
1.29 181.13 1
1.3 126.82 1
1.31 126.48 1
1.32 124.21 1
1.33 124.1 1
1.34 124.27 1
1.35 126.18 1
1.36 106.03 1
1.37 222.17 1
1.38 220.57 1
1.39 224.23 1
1.4 225.58 1
1.41 226.55 1
1.42 225.0 1
1.43 224.98 1
1.44 225.94 1
1.45 225.12 1
1.46 224.28 1
1.47 224.81 1
1.48 226.99 1
1.49 224.73 1
1.5 225.86 1
1.51 226.32 1
1.52 225.59 1
1.53 226.1 1
1.54 226.14 1
1.55 225.4 1
1.56 225.28 1
1.57 225.04 1
1.58 224.65 1
1.59 224.08 1
1.6 224.8 1
1.61 225.58 1
1.62 225.35 1
1.63 224.97 1
1.64 224.98 1
1.65 224.43 1
1.66 224.07 1
1.67 220.07 1
1.68 210.83 1
1.69 74.37 1
1.7 74.8 1
1.71 74.48 1
1.72 74.8 1
1.73 74.68 1
1.74 74.56 1
1.75 74.69 1
1.76 74.34 1
1.77 74.63 1
1.78 74.68 1
1.79 74.43 1
1.8 74.61 1
1.81 74.56 1
1.82 74.68 1
1.83 74.43 1
1.84 74.06 1
1.85 74.64 1
1.86 74.61 1
1.87 74.34 1
1.88 74.91 1
1.89 74.34 1
1.9 74.75 1
1.91 74.72 1
1.92 74.25 1
1.93 74.92 1
1.94 74.56 1
1.95 180.9 1
1.96 192.85 1
1.97 225.58 1
1.98 196.75 1
1.99 191.32 1
2.0 184.8 1
2.01 182.56 1
2.02 202.78 1
2.03 221.05 1
2.04 225.57 1
2.05 224.42 1
2.06 222.24 1
2.07 221.33 1
2.08 220.78 1
2.09 219.59 1
2.1 219.02 1
2.11 216.45 1
2.12 211.78 1
2.13 207.25 1
2.14 201.55 1
2.15 195.56 1
2.16 188.72 1
2.17 185.55 1
2.18 184.14 1
2.19 184.88 1
2.2 185.69 1
2.21 187.27 1
2.22 188.88 1
2.23 190.52 1
2.24 193.1 1
2.25 192.15 1
2.26 190.14 1
2.27 187.2 1
2.28 177.67 1
2.29 180.36 1
2.3 180.35 1
2.31 181.22 1
2.32 187.08 1
2.33 188.15 1
2.34 198.79 1
2.35 200.99 1
2.36 206.51 1
2.37 201.9 1
2.38 199.66 1
2.39 196.38 1
2.4 192.1 1
2.41 186.29 1
2.42 181.6 1
2.43 176.88 1
2.44 172.75 1
2.45 173.21 1
2.46 165.6 1
2.47 167.91 1
2.48 168.23 1
2.49 168.29 1
2.5 168.05 1
2.51 168.3 1
2.52 167.32 1
2.53 168.62 1
2.54 167.04 1
2.55 167.3 1
2.56 167.98 1
2.57 166.13 1
2.58 168.3 1
2.59 168.48 1
2.6 169.29 1
2.61 174.47 1
2.62 176.53 1
2.63 179.25 1
2.64 180.54 1
2.65 181.7 1
2.66 179.01 1
2.67 175.04 1
2.68 180.96 1
2.69 176.05 1
2.7 182.45 1
2.71 0.0 1
2.72 0.0 1
2.73 0.0 1
2.74 0.0 1
2.75 366.11 1
2.76 367.52 1
2.77 370.11 1
2.78 374.42 1
2.79 372.28 1
2.8 375.21 1
2.81 372.11 1
2.82 158.96 1
2.83 159.5 1
2.84 152.86 1
2.85 146.28 1
2.86 146.76 1
2.87 148.37 1
2.88 149.47 1
2.89 149.75 1
2.9 149.39 1
2.91 149.1 1
2.92 149.06 1
2.93 148.98 1
2.94 149.1 1
2.95 148.98 1
2.96 149.0 1
2.97 148.73 1
2.98 148.41 1
2.99 147.25 1
3.0 146.27 1
3.01 146.29 1
3.02 145.8 1
3.03 146.77 1
3.04 149.23 1
3.05 149.23 1
3.06 148.24 1
3.07 146.78 1
3.08 148.68 1
3.09 149.06 1
3.1 145.82 1
3.11 135.5 1
3.12 148.75 1
3.13 146.86 1
3.14 146.84 1
3.15 149.11 1
3.16 149.01 1
3.17 149.06 1
3.18 148.75 1
3.19 74.52 1
3.2 74.52 1
3.21 74.44 1
3.22 74.54 1
3.23 74.54 1
3.24 74.55 1
3.25 74.57 1
3.26 74.43 1
3.27 74.52 1
3.28 74.49 1
3.29 74.52 1
3.3 74.56 1
3.31 74.48 1
3.32 74.44 1
3.33 74.54 1
3.34 74.51 1
3.35 74.56 1
3.36 74.49 1
3.37 74.53 1
3.38 74.53 1
3.39 74.51 1
3.4 164.86 1
3.41 166.64 1
3.42 164.25 1
3.43 171.17 1
3.44 170.59 1
3.45 180.87 1
3.46 178.95 1
3.47 179.43 1
3.48 178.21 1
3.49 177.17 1
3.5 176.05 1
3.51 176.26 1
3.52 177.61 1
3.53 179.64 1
3.54 182.21 1
3.55 183.48 1
3.56 182.72 1
3.57 181.79 1
3.58 180.73 1
3.59 178.73 1
3.6 176.36 1
3.61 175.3 1
3.62 171.2 1
3.63 161.71 1
3.64 166.81 1
3.65 165.46 1
3.66 164.69 1
3.67 163.91 1
3.68 163.07 1
3.69 164.23 1
3.7 160.72 1
3.71 167.31 1
3.72 163.65 1
3.73 163.66 1
3.74 166.08 1
3.75 182.62 1
3.76 184.85 1
3.77 177.6 1
3.78 182.76 1
3.79 195.96 1
3.8 198.15 1
3.81 192.88 1
3.82 190.48 1
3.83 188.61 1
3.84 186.94 1
3.85 185.57 1
3.86 184.81 1
3.87 185.61 1
3.88 185.87 1
3.89 186.31 1
3.9 187.56 1
3.91 186.76 1
3.92 186.84 1
3.93 186.23 1
3.94 185.49 1
3.95 186.71 1
3.96 186.91 1
3.97 186.84 1
3.98 187.26 1
3.99 187.13 1
4.0 187.43 1
4.01 187.26 1
4.02 187.27 1
4.03 188.07 1
4.04 187.28 1
4.05 187.3 1
4.06 188.11 1
4.07 186.49 1
4.08 182.59 1
4.09 188.08 1
4.1 179.62 1
4.11 182.34 1
4.12 184.42 1
4.13 185.71 1
4.14 187.28 1
4.15 186.51 1
4.16 187.91 1
4.17 187.8 1
4.18 186.52 1
4.19 186.52 1
4.2 186.74 1
4.21 186.21 1
4.22 184.94 1
4.23 184.96 1
4.24 185.64 1
4.25 185.32 1
4.26 184.93 1
4.27 187.08 1
4.28 188.58 1
4.29 189.85 1
4.3 190.54 1
4.31 191.4 1
4.32 190.59 1
4.33 191.02 1
4.34 187.36 1
4.35 182.05 1
4.36 173.32 1
4.37 173.21 1
4.38 164.11 1
4.39 162.43 1
4.4 163.02 1
4.41 164.87 1
4.42 168.52 1
4.43 172.26 1
4.44 178.22 1
4.45 186.55 1
4.46 193.1 1
4.47 198.44 1
4.48 201.91 1
4.49 204.14 1
4.5 202.01 1
4.51 197.33 1
4.52 192.03 1
4.53 184.14 1
4.54 177.21 1
4.55 172.19 1
4.56 168.65 1
4.57 167.02 1
4.58 165.91 1
4.59 164.7 1
4.6 164.69 1
4.61 165.14 1
4.62 164.46 1
4.63 163.93 1
4.64 165.67 1
4.65 167.44 1
4.66 168.65 1
4.67 172.65 1
4.68 180.63 1
4.69 182.68 1
4.7 186.93 1
4.71 188.43 1
4.72 181.61 1
4.73 175.44 1
4.74 165.48 1
4.75 0.0 1
4.76 0.0 1
4.77 0.0 1
4.78 0.0 1
4.79 74.09 1
4.8 74.43 1
4.81 74.86 1
4.82 73.48 1
4.83 75.97 1
4.84 74.94 1
4.85 73.32 1
4.86 74.14 1
4.87 74.32 1
4.88 74.53 1
4.89 74.65 1
4.9 74.32 1
4.91 74.26 1
4.92 73.7 1
4.93 73.76 1
4.94 73.56 1
4.95 73.55 1
4.96 74.0 1
4.97 74.08 1
4.98 73.84 1
4.99 73.7 1
5.0 72.84 1
5.01 72.71 1
5.02 73.16 1
5.03 73.02 1
5.04 71.91 1
5.05 73.2 1
5.06 74.01 1
5.07 75.02 1
5.08 74.68 1
5.09 74.56 1
5.1 73.93 1
5.11 130.69 1
5.12 129.91 1
5.13 126.67 1
5.14 119.67 1
5.15 117.33 1
5.16 116.5 1
5.17 116.2 1
5.18 115.35 1
5.19 115.89 1
5.2 114.71 1
5.21 118.06 1
5.22 120.11 1
5.23 120.34 1
5.24 123.45 1
5.25 125.36 1
5.26 126.23 1
5.27 126.18 1
5.28 126.88 1
5.29 126.18 1
5.3 127.1 1
5.31 126.23 1
5.32 124.76 1
5.33 122.0 1
5.34 121.81 1
5.35 119.91 1
5.36 119.36 1
5.37 0.0 1
5.38 0.0 1
5.39 0.0 1
5.4 0.0 1
5.41 0.0 1
5.42 0.0 1
5.43 0.0 1
5.44 0.0 1
5.45 0.0 1
5.46 0.0 1
5.47 73.81 1
5.48 80.05 1
5.49 76.64 1
5.5 75.04 1
5.51 74.68 1
5.52 73.07 1
5.53 72.24 1
5.54 72.76 1
5.55 72.75 1
5.56 72.75 1
5.57 72.93 1
5.58 73.13 1
5.59 73.24 1
5.6 73.32 1
5.61 73.32 1
5.62 73.0 1
5.63 73.07 1
5.64 73.11 1
5.65 73.29 1
5.66 73.79 1
5.67 74.19 1
5.68 74.41 1
5.69 74.09 1
5.7 73.7 1
5.71 73.49 1
5.72 73.44 1
5.73 73.44 1
5.74 73.1 1
5.75 73.29 1
5.76 73.73 1
5.77 73.98 1
5.78 73.93 1
5.79 73.96 1
5.8 74.53 1
5.81 74.36 1
5.82 74.41 1
5.83 74.65 1
5.84 74.56 1
5.85 74.33 1
5.86 74.81 1
5.87 74.56 1
5.88 74.08 1
5.89 74.44 1
5.9 74.56 1
5.91 74.44 1
5.92 74.56 1
5.93 74.29 1
5.94 74.94 1
5.95 74.56 1
5.96 74.45 1
5.97 74.55 1
5.98 74.54 1
5.99 74.39 1
6.0 74.56 1
6.01 74.47 1
6.02 74.98 1
6.03 74.55 1
6.04 74.39 1
6.05 74.68 1
6.06 73.95 1
6.07 74.96 1
6.08 74.56 1
6.09 74.41 1
6.1 75.02 1
6.11 74.31 1
6.12 75.86 1
6.13 76.1 1
6.14 182.24 1
6.15 174.6 1
6.16 178.94 1
6.17 184.25 1
6.18 188.2 1
6.19 196.3 1
6.2 190.63 1
6.21 188.62 1
6.22 186.91 1
6.23 185.66 1
6.24 184.98 1
6.25 185.27 1
6.26 184.19 1
6.27 184.16 1
6.28 184.72 1
6.29 183.75 1
6.3 182.37 1
6.31 180.72 1
6.32 178.96 1
6.33 176.46 1
6.34 175.26 1
6.35 170.31 1
6.36 168.5 1
6.37 169.22 1
6.38 166.35 1
6.39 164.96 1
6.4 175.36 1
6.41 174.64 1
6.42 184.9 1
6.43 178.42 1
6.44 189.68 1
6.45 182.38 1
6.46 186.05 1
6.47 192.08 1
6.48 224.45 1
6.49 216.66 1
6.5 204.01 1
6.51 200.71 1
6.52 194.64 1
6.53 185.81 1
6.54 182.17 1
6.55 180.45 1
6.56 181.25 1
6.57 182.43 1
6.58 184.94 1
6.59 189.68 1
6.6 192.67 1
6.61 197.19 1
6.62 199.85 1
6.63 200.15 1
6.64 197.45 1
6.65 193.86 1
6.66 189.61 1
6.67 184.93 1
6.68 183.18 1
6.69 180.45 1
6.7 194.7 1
6.71 181.12 1
6.72 192.13 1
6.73 189.68 1
6.74 184.86 1
6.75 180.59 1
6.76 189.69 1
6.77 190.96 1
6.78 184.07 1
6.79 180.38 1
6.8 184.88 1
6.81 197.84 1
6.82 241.89 1
6.83 244.31 1
6.84 235.2 1
6.85 233.32 1
6.86 230.32 1
6.87 227.92 1
6.88 226.75 1
6.89 226.69 1
6.9 225.63 1
6.91 227.94 1
6.92 229.1 1
6.93 226.78 1
6.94 225.51 1
6.95 223.01 1
6.96 221.22 1
6.97 219.57 1
6.98 218.88 1
6.99 219.63 1
7.0 219.65 1
7.01 219.4 1
7.02 219.63 1
7.03 219.55 1
7.04 219.16 1
7.05 219.48 1
7.06 219.24 1
7.07 220.37 1
7.08 221.74 1
7.09 222.77 1
7.1 223.53 1
7.11 224.18 1
7.12 224.91 1
7.13 226.68 1
7.14 226.45 1
7.15 225.62 1
7.16 225.6 1
7.17 225.59 1
7.18 225.29 1
7.19 224.47 1
7.2 223.16 1
7.21 222.58 1
7.22 222.25 1
7.23 221.16 1
7.24 217.82 1
7.25 218.49 1
7.26 218.9 1
7.27 222.34 1
7.28 220.13 1
7.29 217.51 1
7.3 182.33 1
7.31 180.76 1
7.32 181.11 1
7.33 165.99 1
7.34 180.38 1
7.35 181.09 1
7.36 181.81 1
7.37 180.53 1
7.38 181.81 1
7.39 181.07 1
7.4 195.59 1
7.41 219.94 1
7.42 232.71 1
7.43 225.47 1
7.44 226.61 1
7.45 221.33 1
7.46 220.48 1
7.47 219.22 1
7.48 218.92 1
7.49 219.25 1
7.5 218.84 1
7.51 220.21 1
7.52 224.39 1
7.53 231.55 1
7.54 245.87 1
7.55 254.23 1
7.56 274.68 1
7.57 285.01 1
7.58 293.04 1
7.59 295.02 1
7.6 295.0 1
7.61 294.15 1
7.62 289.02 1
7.63 284.11 1
7.64 278.23 1
7.65 276.44 1
7.66 272.99 1
7.67 268.05 1
7.68 261.73 1
7.69 257.16 1
7.7 254.76 1
7.71 252.79 1
7.72 250.8 1
7.73 247.27 1
7.74 245.18 1
7.75 243.6 1
7.76 244.07 1
7.77 248.19 1
7.78 253.76 1
7.79 258.72 1
7.8 274.75 1
7.81 285.95 1
7.82 290.25 1
7.83 293.09 1
7.84 295.1 1
7.85 297.07 1
7.86 295.04 1
7.87 290.08 1
7.88 282.69 1
7.89 274.69 1
7.9 260.21 1
7.91 251.52 1
7.92 247.6 1
7.93 245.92 1
7.94 244.22 1
7.95 242.96 1
7.96 241.09 1
7.97 240.35 1
7.98 245.22 1
7.99 241.24 1
8.0 231.5 1
8.01 227.94 1
8.02 0.0 1
8.03 0.0 1
8.04 0.0 1
8.05 0.0 1
8.06 0.0 1
8.07 0.0 1
8.08 0.0 1
8.09 0.0 1
8.1 0.0 1
8.11 0.0 1
8.12 0.0 1
8.13 299.13 1
8.14 297.3 1
8.15 305.15 1
8.16 292.14 1
8.17 291.04 1
8.18 290.68 1
8.19 291.11 1
8.2 291.13 1
8.21 291.13 1
8.22 291.12 1
8.23 291.13 1
8.24 291.13 1
8.25 291.13 1
8.26 291.13 1
8.27 291.14 1
8.28 291.17 1
8.29 293.1 1
8.3 295.06 1
8.31 293.18 1
8.32 293.19 1
8.33 293.18 1
8.34 297.05 1
8.35 299.06 1
8.36 299.11 1
8.37 301.09 1
8.38 302.75 1
8.39 298.99 1
8.4 288.61 1
8.41 290.73 1
8.42 0.0 1
8.43 0.0 1
8.44 0.0 1
8.45 0.0 1
8.46 0.0 1
8.47 0.0 1
8.48 0.0 1
8.49 0.0 1
8.5 0.0 1
8.51 0.0 1
8.52 0.0 1
8.53 0.0 1
8.54 0.0 1
8.55 309.29 1
8.56 297.67 1
8.57 294.93 1
8.58 283.8 1
8.59 279.9 1
8.6 267.5 1
8.61 255.8 1
8.62 253.66 1
8.63 246.34 1
8.64 245.54 1
8.65 184.18 1
8.66 228.04 1
8.67 225.72 1
8.68 225.61 1
8.69 225.66 1
8.7 226.8 1
8.71 241.48 1
8.72 244.26 1
8.73 250.25 1
8.74 257.19 1
8.75 263.35 1
8.76 279.09 1
8.77 286.26 1
8.78 293.03 1
8.79 293.08 1
8.8 297.02 1
8.81 298.87 1
8.82 295.01 1
8.83 295.01 1
8.84 293.1 1
8.85 294.76 1
8.86 295.01 1
8.87 293.11 1
8.88 293.15 1
8.89 295.09 1
8.9 297.01 1
8.91 296.99 1
8.92 295.02 1
8.93 295.02 1
8.94 291.14 1
8.95 281.79 1
8.96 289.19 1
8.97 287.33 1
8.98 289.19 1
8.99 291.1 1
9.0 291.12 1
9.01 261.03 1
9.02 276.53 1
9.03 351.85 1
9.04 305.18 1
9.05 309.44 1
9.06 309.32 1
9.07 297.06 1
9.08 295.04 1
9.09 291.19 1
9.1 290.79 1
9.11 287.41 1
9.12 282.92 1
9.13 278.16 1
9.14 272.99 1
9.15 264.12 1
9.16 257.25 1
9.17 256.19 1
9.18 253.94 1
9.19 252.82 1
9.2 251.94 1
9.21 251.25 1
9.22 249.73 1
9.23 248.4 1
9.24 248.61 1
9.25 248.64 1
9.26 248.81 1
9.27 249.48 1
9.28 251.36 1
9.29 253.34 1
9.3 257.15 1
9.31 258.72 1
9.32 270.63 1
9.33 275.07 1
9.34 279.71 1
9.35 282.34 1
9.36 282.7 1
9.37 273.6 1
9.38 278.23 1
9.39 274.07 1
9.4 275.8 1
9.41 270.89 1
9.42 260.21 1
9.43 276.44 1
9.44 274.91 1
9.45 281.6 1
9.46 279.96 1
9.47 276.15 1
9.48 289.16 1
9.49 270.74 1
9.5 220.76 1
9.51 229.93 1
9.52 227.26 1
9.53 227.7 1
9.54 225.58 1
9.55 223.62 1
9.56 224.68 1
9.57 225.27 1
9.58 224.91 1
9.59 223.45 1
9.6 222.9 1
9.61 223.55 1
9.62 223.91 1
9.63 224.59 1
9.64 224.64 1
9.65 224.5 1
9.66 224.5 1
9.67 224.84 1
9.68 225.22 1
9.69 225.32 1
9.7 225.53 1
9.71 225.58 1
9.72 225.58 1
9.73 225.58 1
9.74 225.59 1
9.75 225.58 1
9.76 225.24 1
9.77 224.28 1
9.78 223.42 1
9.79 222.07 1
9.8 221.16 1
9.81 221.06 1
9.82 222.06 1
9.83 222.81 1
9.84 224.06 1
9.85 224.9 1
9.86 225.31 1
9.87 225.65 1
9.88 227.96 1
9.89 219.97 1
9.9 0.0 1
9.91 0.0 1
9.92 0.0 1
9.93 0.0 1
9.94 0.0 1
9.95 0.0 1
9.96 0.0 1
9.97 0.0 1
9.98 0.0 1
9.99 0.0 1
10.0 213.55 1
10.01 219.95 1
10.02 222.13 1
10.03 222.1 1
10.04 222.24 1
10.05 222.96 1
10.06 222.78 1
10.07 223.78 1
10.08 225.05 1
10.09 224.99 1
10.1 223.54 1
10.11 221.23 1
10.12 217.84 1
10.13 211.5 1
10.14 203.49 1
10.15 189.61 1
10.16 180.76 1
10.17 176.84 1
10.18 177.0 1
10.19 178.15 1
10.2 180.11 1
10.21 181.49 1
10.22 185.86 1
10.23 178.28 1
10.24 177.63 1
10.25 179.57 1
10.26 179.72 1
10.27 182.19 1
10.28 184.13 1
10.29 188.53 1
10.3 192.36 1
10.31 192.21 1
10.32 191.92 1
10.33 191.84 1
10.34 190.51 1
10.35 192.04 1
10.36 191.34 1
10.37 192.67 1
10.38 192.91 1
10.39 190.54 1
10.4 191.33 1
10.41 191.25 1
10.42 185.29 1
10.43 178.87 1
10.44 173.27 1
10.45 178.78 1
10.46 166.72 1
10.47 166.26 1
10.48 166.43 1
10.49 165.07 1
10.5 174.8 1
10.51 171.68 1
10.52 182.46 1
10.53 194.12 1
10.54 186.47 1
10.55 181.86 1
