0.01 0.0 1
0.02 149.74 1
0.03 164.21 1
0.04 167.32 1
0.05 174.68 1
0.06 175.33 1
0.07 171.71 1
0.08 160.63 1
0.09 157.04 1
0.1 157.22 1
0.11 157.66 1
0.12 161.78 1
0.13 170.68 1
0.14 184.99 1
0.15 198.22 1
0.16 208.53 1
0.17 218.72 1
0.18 225.58 1
0.19 229.1 1
0.2 229.1 1
0.21 225.74 1
0.22 216.29 1
0.23 204.7 1
0.24 196.02 1
0.25 188.75 1
0.26 183.45 1
0.27 184.09 1
0.28 183.74 1
0.29 183.87 1
0.3 184.93 1
0.31 185.78 1
0.32 188.99 1
0.33 194.65 1
0.34 195.45 1
0.35 184.88 1
0.36 179.1 1
0.37 189.71 1
0.38 186.01 1
0.39 184.92 1
0.4 184.6 1
0.41 182.7 1
0.42 181.11 1
0.43 164.27 1
0.44 161.57 1
0.45 159.85 1
0.46 164.54 1
0.47 168.49 1
0.48 175.38 1
0.49 182.12 1
0.5 187.28 1
0.51 198.34 1
0.52 207.64 1
0.53 207.18 1
0.54 217.92 1
0.55 171.06 1
0.56 188.18 1
0.57 178.85 1
0.58 173.2 1
0.59 166.24 1
0.6 153.36 1
0.61 152.82 1
0.62 157.91 1
0.63 169.67 1
0.64 180.37 1
0.65 190.5 1
0.66 200.03 1
0.67 216.3 1
0.68 221.28 1
0.69 220.58 1
0.7 213.59 1
0.71 199.11 1
0.72 188.06 1
0.73 181.1 1
0.74 169.28 1
0.75 164.24 1
0.76 159.54 1
0.77 158.32 1
0.78 161.21 1
0.79 165.58 1
0.8 170.98 1
0.81 180.35 1
0.82 184.58 1
0.83 189.69 1
0.84 195.64 1
0.85 196.15 1
0.86 189.54 1
0.87 182.32 1
0.88 170.59 1
0.89 152.65 1
0.9 149.25 1
0.91 161.24 1
0.92 150.22 1
0.93 153.72 1
0.94 152.32 1
0.95 149.22 1
0.96 148.73 1
0.97 149.74 1
0.98 150.57 1
0.99 150.76 1
1.0 149.76 1
1.01 148.24 1
1.02 146.27 1
1.03 144.83 1
1.04 145.79 1
1.05 139.61 1
1.06 151.24 1
1.07 148.14 1
1.08 147.39 1
1.09 153.28 1
1.1 157.78 1
1.11 168.0 1
1.12 169.35 1
1.13 164.87 1
1.14 166.56 1
1.15 164.84 1
1.16 166.94 1
1.17 166.77 1
1.18 167.65 1
1.19 157.22 1
1.2 146.63 1
1.21 74.9 1
1.22 72.95 1
1.23 74.73 1
1.24 74.47 1
1.25 74.07 1
1.26 74.55 1
1.27 74.34 1
1.28 74.27 1
1.29 75.81 1
1.3 74.31 1
1.31 74.34 1
1.32 74.68 1
1.33 74.6 1
1.34 74.44 1
1.35 74.7 1
1.36 74.5 1
1.37 74.43 1
1.38 74.53 1
1.39 74.56 1
1.4 74.56 1
1.41 74.54 1
1.42 74.43 1
1.43 73.62 1
1.44 78.12 1
1.45 75.85 1
1.46 148.23 1
1.47 148.73 1
1.48 146.28 1
1.49 145.92 1
1.5 145.83 1
1.51 144.58 1
1.52 144.83 1
1.53 145.31 1
1.54 144.84 1
1.55 144.37 1
1.56 145.34 1
1.57 142.52 1
1.58 126.17 1
1.59 144.04 1
1.6 156.11 1
1.61 156.11 1
1.62 166.1 1
1.63 164.32 1
1.64 165.48 1
1.65 165.51 1
1.66 166.64 1
1.67 167.05 1
1.68 164.93 1
1.69 168.19 1
1.7 168.8 1
1.71 166.83 1
1.72 167.99 1
1.73 166.15 1
1.74 161.93 1
1.75 74.89 1
1.76 74.06 1
1.77 74.76 1
1.78 75.19 1
1.79 77.29 1
1.8 158.82 1
1.81 153.11 1
1.82 147.02 1
1.83 148.87 1
1.84 149.08 1
1.85 149.63 1
1.86 150.13 1
1.87 149.49 1
1.88 147.74 1
1.89 145.79 1
1.9 145.3 1
1.91 146.27 1
1.92 133.45 1
1.93 120.19 1
1.94 119.89 1
1.95 120.0 1
1.96 119.64 1
1.97 176.13 1
1.98 184.45 1
1.99 185.83 1
2.0 187.65 1
2.01 188.44 1
2.02 187.76 1
2.03 186.7 1
2.04 186.41 1
2.05 186.47 1
2.06 186.5 1
2.07 187.3 1
2.08 192.16 1
2.09 184.14 1
2.1 0.0 1
2.11 0.0 1
2.12 0.0 1
2.13 177.52 1
2.14 177.47 1
2.15 157.2 1
2.16 168.0 1
2.17 163.6 1
2.18 165.47 1
2.19 165.66 1
2.2 167.31 1
2.21 167.99 1
2.22 169.33 1
2.23 168.66 1
2.24 170.04 1
2.25 161.04 1
2.26 180.52 1
2.27 192.16 1
2.28 181.88 1
2.29 157.82 1
2.3 169.25 1
2.31 181.94 1
2.32 185.92 1
2.33 188.06 1
2.34 189.67 1
2.35 188.2 1
2.36 185.72 1
2.37 184.14 1
2.38 183.18 1
2.39 183.37 1
2.4 184.14 1
2.41 184.15 1
2.42 182.06 1
2.43 171.68 1
2.44 175.32 1
2.45 173.75 1
2.46 166.82 1
2.47 155.5 1
2.48 161.79 1
2.49 148.55 1
2.5 146.72 1
2.51 148.13 1
2.52 148.33 1
2.53 148.86 1
2.54 148.94 1
2.55 149.06 1
2.56 149.33 1
2.57 148.74 1
2.58 150.72 1
2.59 152.33 1
2.6 146.65 1
2.61 141.13 1
2.62 150.56 1
2.63 152.37 1
2.64 149.59 1
2.65 145.79 1
2.66 147.57 1
2.67 144.14 1
2.68 150.85 1
2.69 165.93 1
2.7 176.74 1
2.71 193.57 1
2.72 206.64 1
2.73 212.48 1
2.74 224.64 1
2.75 224.07 1
2.76 196.37 1
2.77 0.0 1
2.78 0.0 1
2.79 0.0 1
2.8 0.0 1
2.81 152.92 1
2.82 143.22 1
2.83 140.67 1
2.84 141.66 1
2.85 141.5 1
2.86 142.67 1
2.87 145.31 1
2.88 148.59 1
2.89 150.1 1
2.9 149.75 1
2.91 149.73 1
2.92 120.01 1
2.93 117.27 1
2.94 117.27 1
2.95 126.91 1
2.96 126.39 1
2.97 127.44 1
2.98 128.67 1
2.99 128.24 1
3.0 129.89 1
3.01 126.55 1
3.02 125.99 1
3.03 127.69 1
3.04 126.54 1
3.05 127.08 1
3.06 125.79 1
3.07 122.41 1
3.08 120.57 1
3.09 119.86 1
3.1 131.84 1
3.11 124.05 1
3.12 119.03 1
3.13 129.13 1
3.14 140.66 1
3.15 151.81 1
3.16 150.87 1
3.17 150.29 1
3.18 152.85 1
3.19 153.17 1
3.2 153.57 1
3.21 153.07 1
3.22 150.89 1
3.23 148.99 1
3.24 147.25 1
3.25 144.36 1
3.26 143.42 1
3.27 133.44 1
3.28 126.9 1
3.29 127.27 1
3.3 151.27 1
3.31 152.85 1
3.32 162.99 1
3.33 169.29 1
3.34 172.32 1
3.35 172.68 1
3.36 170.72 1
3.37 169.29 1
3.38 168.42 1
3.39 164.88 1
3.4 162.64 1
3.41 152.84 1
3.42 150.75 1
3.43 151.27 1
3.44 162.43 1
3.45 218.03 1
3.46 196.67 1
3.47 174.72 1
3.48 184.1 1
3.49 192.96 1
3.5 188.15 1
3.51 184.76 1
3.52 181.93 1
3.53 178.9 1
3.54 178.04 1
3.55 181.28 1
3.56 184.14 1
3.57 187.27 1
3.58 188.87 1
3.59 193.85 1
3.6 180.36 1
3.61 181.56 1
3.62 180.07 1
3.63 179.97 1
3.64 177.72 1
3.65 168.31 1
3.66 163.94 1
3.67 159.51 1
3.68 159.5 1
3.69 161.73 1
3.7 162.3 1
3.71 164.17 1
3.72 166.09 1
3.73 168.4 1
3.74 168.65 1
3.75 165.47 1
3.76 159.51 1
3.77 160.11 1
3.78 152.78 1
3.79 149.73 1
3.8 164.87 1
3.81 176.74 1
3.82 189.67 1
3.83 194.68 1
3.84 197.3 1
3.85 196.43 1
3.86 195.56 1
3.87 195.78 1
3.88 195.55 1
3.89 191.82 1
3.9 188.71 1
3.91 183.95 1
3.92 176.92 1
3.93 169.4 1
3.94 0.0 1
3.95 0.0 1
3.96 0.0 1
3.97 0.0 1
3.98 0.0 1
3.99 0.0 1
4.0 229.36 1
4.01 226.64 1
4.02 224.59 1
4.03 222.65 1
4.04 222.33 1
4.05 221.4 1
4.06 222.57 1
4.07 224.15 1
4.08 226.49 1
4.09 225.62 1
4.1 225.65 1
4.11 217.81 1
4.12 0.0 1
4.13 0.0 1
4.14 0.0 1
4.15 0.0 1
4.16 169.98 1
4.17 177.46 1
4.18 180.34 1
4.19 180.02 1
4.2 184.91 1
4.21 191.31 1
4.22 193.83 1
4.23 194.7 1
4.24 195.55 1
4.25 193.83 1
4.26 190.54 1
4.27 184.15 1
4.28 179.62 1
4.29 0.0 1
4.3 0.0 1
4.31 0.0 1
4.32 0.0 1
4.33 0.0 1
4.34 0.0 1
4.35 0.0 1
4.36 249.88 1
4.37 229.54 1
4.38 222.97 1
4.39 222.33 1
4.4 222.35 1
4.41 222.49 1
4.42 222.28 1
4.43 222.18 1
4.44 223.05 1
4.45 225.59 1
4.46 225.64 1
4.47 226.77 1
4.48 228.19 1
4.49 223.62 1
4.5 222.18 1
4.51 217.81 1
4.52 218.9 1
4.53 206.53 1
4.54 261.75 1
4.55 271.37 1
4.56 274.74 1
4.57 258.46 1
4.58 251.11 1
4.59 245.61 1
4.6 238.23 1
4.61 239.05 1
4.62 242.96 1
4.63 248.2 1
4.64 256.78 1
4.65 258.71 1
4.66 268.09 1
4.67 274.7 1
4.68 271.37 1
4.69 266.46 1
4.7 255.68 1
4.71 245.67 1
4.72 235.61 1
4.73 227.99 1
4.74 230.36 1
4.75 242.96 1
4.76 257.15 1
4.77 276.22 1
4.78 298.45 1
4.79 315.11 1
4.8 313.99 1
4.81 296.97 1
4.82 303.11 1
4.83 303.68 1
4.84 311.98 1
4.85 278.18 1
4.86 327.89 1
4.87 307.34 1
4.88 307.52 1
4.89 303.79 1
4.9 299.01 1
4.91 323.04 1
4.92 260.45 1
4.93 255.14 1
4.94 249.0 1
4.95 248.09 1
4.96 247.08 1
4.97 246.55 1
4.98 249.23 1
4.99 254.52 1
5.0 257.19 1
5.01 263.32 1
5.02 274.76 1
5.03 279.54 1
5.04 283.49 1
5.05 285.66 1
5.06 282.78 1
5.07 278.22 1
5.08 273.01 1
5.09 258.7 1
5.1 248.84 1
5.11 240.33 1
5.12 231.57 1
5.13 230.33 1
5.14 226.81 1
5.15 226.75 1
5.16 225.59 1
5.17 225.45 1
5.18 225.34 1
5.19 225.08 1
5.2 223.44 1
5.21 222.21 1
5.22 221.06 1
5.23 219.66 1
5.24 220.07 1
5.25 216.7 1
5.26 208.24 1
5.27 0.0 1
5.28 0.0 1
5.29 0.0 1
5.3 0.0 1
