0.01 184.89 1
0.02 259.62 1
0.03 237.73 1
0.04 234.28 1
0.05 228.76 1
0.06 222.15 1
0.07 220.85 1
0.08 220.97 1
0.09 221.44 1
0.1 223.0 1
0.11 224.62 1
0.12 224.88 1
0.13 225.6 1
0.14 225.58 1
0.15 223.71 1
0.16 223.43 1
0.17 222.93 1
0.18 222.79 1
0.19 222.38 1
0.2 222.68 1
0.21 222.8 1
0.22 222.54 1
0.23 222.93 1
0.24 223.77 1
0.25 224.84 1
0.26 225.7 1
0.27 225.25 1
0.28 225.2 1
0.29 225.58 1
0.3 224.44 1
0.31 212.51 1
0.32 223.32 1
0.33 222.19 1
0.34 218.91 1
0.35 215.67 1
0.36 214.64 1
0.37 216.75 1
0.38 242.96 1
0.39 255.13 1
0.4 257.48 1
0.41 249.0 1
0.42 249.52 1
0.43 248.33 1
0.44 248.43 1
0.45 248.67 1
0.46 248.66 1
0.47 248.57 1
0.48 249.81 1
0.49 248.83 1
0.5 243.82 1
0.51 257.15 1
0.52 239.64 1
0.53 237.82 1
0.54 241.67 1
0.55 247.04 1
0.56 225.34 1
0.57 216.63 1
0.58 218.84 1
0.59 227.98 1
0.6 244.29 1
0.61 263.31 1
0.62 285.76 1
0.63 297.66 1
0.64 304.0 1
0.65 301.05 1
0.66 288.55 1
0.67 273.43 1
0.68 213.53 1
0.69 200.03 1
0.7 200.93 1
0.71 200.91 1
0.72 224.49 1
0.73 222.68 1
0.74 219.94 1
0.75 217.78 1
0.76 217.47 1
0.77 219.24 1
0.78 219.1 1
0.79 219.55 1
0.8 219.5 1
0.81 220.58 1
0.82 220.96 1
0.83 221.62 1
0.84 222.26 1
0.85 222.25 1
0.86 222.73 1
0.87 223.39 1
0.88 223.47 1
0.89 224.77 1
0.9 225.56 1
0.91 225.14 1
0.92 226.47 1
0.93 226.76 1
0.94 226.77 1
0.95 225.65 1
0.96 228.11 1
0.97 227.99 1
0.98 218.42 1
0.99 0.0 1
1.0 0.0 1
1.01 0.0 1
1.02 0.0 1
1.03 170.59 1
1.04 175.32 1
1.05 178.89 1
1.06 179.63 1
1.07 179.53 1
1.08 181.98 1
1.09 184.91 1
1.1 188.07 1
1.11 196.09 1
1.12 199.76 1
1.13 199.04 1
1.14 196.36 1
1.15 187.29 1
1.16 179.78 1
1.17 180.57 1
1.18 183.33 1
1.19 153.38 1
1.2 160.08 1
1.21 157.23 1
1.22 163.93 1
1.23 154.46 1
1.24 167.07 1
1.25 170.6 1
1.26 176.06 1
1.27 183.28 1
1.28 186.01 1
1.29 184.93 1
1.3 184.8 1
1.31 179.71 1
1.32 168.72 1
1.33 148.92 1
1.34 134.67 1
1.35 140.19 1
1.36 146.77 1
1.37 158.93 1
1.38 151.8 1
1.39 148.09 1
1.4 151.53 1
1.41 150.31 1
1.42 149.88 1
1.43 150.76 1
1.44 147.25 1
1.45 136.37 1
1.46 75.19 1
1.47 74.68 1
1.48 74.52 1
1.49 74.55 1
1.5 74.48 1
1.51 74.53 1
1.52 74.55 1
1.53 74.49 1
1.54 74.56 1
1.55 74.45 1
1.56 74.55 1
1.57 74.54 1
1.58 74.44 1
1.59 74.65 1
1.6 74.45 1
1.61 74.57 1
1.62 74.59 1
1.63 74.41 1
1.64 74.63 1
1.65 74.48 1
1.66 74.54 1
1.67 74.61 1
1.68 170.57 1
1.69 170.58 1
1.7 168.43 1
1.71 172.13 1
1.72 168.33 1
1.73 165.2 1
1.74 165.47 1
1.75 160.71 1
1.76 158.01 1
1.77 160.08 1
1.78 161.23 1
1.79 157.8 1
1.8 160.63 1
1.81 151.02 1
1.82 166.56 1
1.83 167.05 1
1.84 171.64 1
1.85 180.73 1
1.86 183.5 1
1.87 185.24 1
1.88 187.28 1
1.89 188.74 1
1.9 188.87 1
1.91 187.87 1
1.92 185.38 1
1.93 182.87 1
1.94 182.02 1
1.95 183.23 1
1.96 183.98 1
1.97 184.15 1
1.98 185.72 1
1.99 183.39 1
2.0 184.92 1
2.01 187.29 1
2.02 189.17 1
2.03 186.82 1
2.04 182.23 1
2.05 175.33 1
2.06 160.83 1
2.07 160.03 1
2.08 163.66 1
2.09 169.31 1
2.1 176.76 1
2.11 185.04 1
2.12 201.09 1
2.13 210.85 1
2.14 219.62 1
2.15 211.55 1
2.16 200.97 1
2.17 188.82 1
2.18 184.92 1
2.19 169.2 1
2.2 154.6 1
2.21 154.84 1
2.22 155.6 1
2.23 167.09 1
2.24 171.29 1
2.25 182.42 1
2.26 188.8 1
2.27 194.68 1
2.28 196.37 1
2.29 192.66 1
2.3 184.91 1
2.31 178.18 1
2.32 178.93 1
2.33 148.23 1
2.34 129.53 1
2.35 135.07 1
2.36 154.48 1
2.37 147.25 1
2.38 149.28 1
2.39 155.83 1
2.4 152.91 1
2.41 152.7 1
2.42 153.62 1
2.43 153.35 1
2.44 150.55 1
2.45 149.97 1
2.46 146.25 1
2.47 137.91 1
2.48 128.07 1
2.49 126.11 1
2.5 118.71 1
2.51 122.34 1
2.52 124.41 1
2.53 124.4 1
2.54 123.8 1
2.55 124.74 1
2.56 126.41 1
2.57 127.92 1
2.58 128.02 1
2.59 131.06 1
2.6 130.59 1
2.61 131.4 1
2.62 127.29 1
2.63 124.6 1
2.64 121.94 1
2.65 132.08 1
2.66 0.0 1
2.67 0.0 1
2.68 0.0 1
2.69 0.0 1
2.7 0.0 1
2.71 68.85 1
2.72 71.86 1
2.73 74.73 1
2.74 75.47 1
2.75 76.71 1
2.76 75.73 1
2.77 74.94 1
2.78 73.44 1
2.79 72.83 1
2.8 72.69 1
2.81 72.24 1
2.82 71.99 1
2.83 71.88 1
2.84 72.71 1
2.85 73.68 1
2.86 73.99 1
2.87 74.96 1
2.88 75.71 1
2.89 75.85 1
2.9 75.99 1
2.91 75.2 1
2.92 74.56 1
2.93 72.59 1
2.94 70.17 1
2.95 75.81 1
2.96 73.21 1
2.97 73.64 1
2.98 72.83 1
2.99 73.68 1
3.0 77.24 1
3.01 172.61 1
3.02 168.95 1
3.03 168.65 1
3.04 174.4 1
3.05 173.33 1
3.06 168.65 1
3.07 167.01 1
3.08 161.64 1
3.09 158.91 1
3.1 135.07 1
3.11 133.0 1
3.12 132.23 1
3.13 167.36 1
3.14 185.92 1
3.15 181.37 1
3.16 188.69 1
3.17 190.4 1
3.18 194.69 1
3.19 194.95 1
3.2 189.63 1
3.21 187.35 1
3.22 185.53 1
3.23 184.59 1
3.24 184.15 1
3.25 184.08 1
3.26 183.99 1
3.27 183.77 1
3.28 198.15 1
3.29 181.87 1
3.3 186.44 1
3.31 187.26 1
3.32 185.32 1
3.33 183.76 1
3.34 184.47 1
3.35 240.22 1
3.36 235.49 1
3.37 231.78 1
3.38 225.63 1
3.39 224.99 1
3.4 223.43 1
3.41 222.36 1
3.42 222.1 1
3.43 222.27 1
3.44 222.53 1
3.45 222.94 1
3.46 224.32 1
3.47 225.58 1
3.48 225.6 1
3.49 225.6 1
3.5 225.58 1
3.51 225.02 1
3.52 224.97 1
3.53 224.74 1
3.54 224.11 1
3.55 223.29 1
3.56 226.74 1
3.57 216.8 1
3.58 219.97 1
3.59 219.96 1
3.6 201.84 1
3.61 184.12 1
3.62 195.16 1
3.63 340.58 1
3.64 299.04 1
3.65 304.32 1
3.66 307.29 1
3.67 288.71 1
3.68 278.16 1
3.69 262.67 1
3.7 242.9 1
3.71 228.05 1
3.72 225.65 1
3.73 225.72 1
3.74 230.38 1
3.75 240.19 1
3.76 253.33 1
3.77 272.92 1
3.78 281.32 1
3.79 291.09 1
3.8 296.99 1
3.81 298.99 1
3.82 295.01 1
3.83 289.27 1
3.84 280.49 1
3.85 272.98 1
3.86 258.65 1
3.87 248.43 1
3.88 244.58 1
3.89 243.7 1
3.9 245.83 1
3.91 232.75 1
3.92 0.0 1
3.93 0.0 1
3.94 0.0 1
3.95 0.0 1
3.96 0.0 1
3.97 0.0 1
3.98 0.0 1
3.99 327.86 1
4.0 313.86 1
4.01 309.42 1
4.02 295.11 1
4.03 298.04 1
4.04 293.16 1
4.05 297.01 1
4.06 297.06 1
4.07 302.77 1
4.08 306.39 1
4.09 309.61 1
4.1 297.05 1
4.11 281.93 1
4.12 300.12 1
4.13 303.1 1
4.14 294.92 1
4.15 309.46 1
4.16 294.78 1
4.17 279.89 1
4.18 252.25 1
4.19 224.06 1
4.2 216.61 1
4.21 216.62 1
4.22 222.16 1
4.23 225.71 1
4.24 239.15 1
4.25 248.22 1
4.26 260.25 1
4.27 277.22 1
4.28 285.27 1
4.29 293.54 1
4.3 297.95 1
4.31 300.03 1
4.32 297.01 1
4.33 293.05 1
4.34 292.2 1
4.35 291.09 1
4.36 290.84 1
4.37 292.22 1
4.38 293.1 1
4.39 295.07 1
4.4 298.99 1
4.41 300.47 1
4.42 295.08 1
4.43 282.44 1
4.44 291.1 1
4.45 278.32 1
4.46 245.68 1
4.47 281.56 1
4.48 260.24 1
4.49 247.02 1
4.5 242.97 1
4.51 228.82 1
4.52 229.2 1
4.53 238.98 1
4.54 248.97 1
4.55 260.21 1
4.56 282.48 1
4.57 292.75 1
4.58 303.11 1
4.59 307.52 1
4.6 299.0 1
4.61 278.28 1
4.62 254.19 1
4.63 205.6 1
4.64 203.05 1
4.65 201.85 1
4.66 211.52 1
4.67 232.71 1
4.68 227.58 1
4.69 226.69 1
4.7 223.98 1
4.71 222.28 1
4.72 222.51 1
4.73 222.51 1
4.74 222.39 1
4.75 222.32 1
4.76 224.02 1
4.77 224.43 1
4.78 224.16 1
4.79 223.71 1
4.8 222.39 1
4.81 222.4 1
4.82 222.56 1
4.83 223.6 1
4.84 224.68 1
4.85 224.69 1
4.86 225.59 1
4.87 225.67 1
4.88 228.06 1
4.89 234.17 1
4.9 229.22 1
4.91 225.58 1
4.92 0.0 1
4.93 0.0 1
4.94 0.0 1
4.95 0.0 1
4.96 0.0 1
4.97 167.32 1
4.98 165.47 1
4.99 164.24 1
5.0 167.3 1
5.01 173.57 1
5.02 183.07 1
5.03 186.48 1
5.04 194.95 1
5.05 203.74 1
5.06 210.57 1
5.07 205.71 1
5.08 194.68 1
5.09 0.0 1
5.1 0.0 1
5.11 0.0 1
5.12 0.0 1
5.13 162.45 1
5.14 153.91 1
5.15 154.77 1
5.16 160.08 1
5.17 165.93 1
5.18 177.47 1
5.19 189.37 1
5.2 200.01 1
5.21 213.5 1
5.22 219.25 1
5.23 221.65 1
5.24 204.65 1
5.25 0.0 1
