0.01 365.96 1
0.02 358.44 1
0.03 0.0 1
0.04 281.78 1
0.05 264.18 1
0.06 255.3 1
0.07 244.29 1
0.08 241.57 1
0.09 117.78 1
0.1 117.87 1
0.11 118.54 1
0.12 118.74 1
0.13 245.66 1
0.14 250.47 1
0.15 257.15 1
0.16 264.96 1
0.17 283.23 1
0.18 289.26 1
0.19 293.05 1
0.2 297.03 1
0.21 299.02 1
0.22 298.86 1
0.23 295.02 1
0.24 293.1 1
0.25 293.09 1
0.26 293.07 1
0.27 293.7 1
0.28 293.06 1
0.29 291.18 1
0.3 293.05 1
0.31 293.08 1
0.32 293.06 1
0.33 283.13 1
0.34 287.32 1
0.35 285.45 1
0.36 294.64 1
0.37 297.16 1
0.38 308.85 1
0.39 302.5 1
0.4 298.0 1
0.41 293.13 1
0.42 291.29 1
0.43 289.21 1
0.44 290.65 1
0.45 295.23 1
0.46 318.11 1
0.47 337.3 1
0.48 360.04 1
0.49 380.37 1
0.5 394.43 1
0.51 396.94 1
0.52 382.09 1
0.53 376.53 1
0.54 378.22 1
0.55 353.8 1
0.56 333.91 1
0.57 322.85 1
0.58 318.25 1
0.59 313.99 1
0.6 318.72 1
0.61 329.54 1
0.62 343.25 1
0.63 348.89 1
0.64 378.75 1
0.65 536.14 1
0.66 517.38 1
0.67 345.98 1
0.68 340.57 1
0.69 338.79 1
0.7 337.95 1
0.71 353.66 1
0.72 339.26 1
0.73 334.33 1
0.74 332.26 1
0.75 338.95 1
0.76 349.94 1
0.77 364.19 1
0.78 374.58 1
0.79 381.02 1
0.8 385.94 1
0.81 387.77 1
0.82 379.66 1
0.83 363.77 1
0.84 343.26 1
0.85 291.61 1
0.86 285.68 1
0.87 294.8 1
0.88 298.64 1
0.89 298.27 1
0.9 299.35 1
0.91 305.14 1
0.92 301.07 1
0.93 302.66 1
0.94 302.88 1
0.95 301.18 1
0.96 304.57 1
0.97 306.31 1
0.98 305.21 1
0.99 301.06 1
1.0 291.16 1
1.01 283.71 1
1.02 297.01 1
1.03 295.03 1
1.04 307.4 1
1.05 319.26 1
1.06 321.04 1
1.07 330.36 1
1.08 328.27 1
1.09 335.54 1
1.1 340.61 1
1.11 343.34 1
1.12 345.39 1
1.13 344.78 1
1.14 340.96 1
1.15 335.37 1
1.16 324.12 1
1.17 291.1 1
1.18 291.27 1
1.19 291.07 1
1.2 301.02 1
1.21 299.94 1
1.22 299.71 1
1.23 298.19 1
1.24 297.04 1
1.25 297.11 1
1.26 295.3 1
1.27 299.17 1
1.28 297.28 1
1.29 299.2 1
1.3 299.11 1
1.31 287.67 1
1.32 284.44 1
1.33 296.61 1
1.34 291.14 1
1.35 251.32 1
1.36 221.03 1
1.37 219.91 1
1.38 221.81 1
1.39 229.11 1
1.4 236.6 1
1.41 252.13 1
1.42 269.24 1
1.43 288.94 1
1.44 299.01 1
1.45 307.17 1
1.46 301.16 1
1.47 291.19 1
1.48 302.02 1
1.49 297.08 1
1.5 273.04 1
1.51 250.77 1
1.52 225.61 1
1.53 223.04 1
1.54 218.84 1
1.55 225.39 1
1.56 236.82 1
1.57 250.54 1
1.58 271.37 1
1.59 291.18 1
1.6 309.46 1
1.61 322.25 1
1.62 324.94 1
1.63 310.76 1
1.64 303.14 1
1.65 293.04 1
1.66 276.25 1
1.67 251.12 1
1.68 245.64 1
1.69 240.38 1
1.7 244.24 1
1.71 245.62 1
1.72 248.62 1
1.73 257.26 1
1.74 272.59 1
1.75 282.37 1
1.76 287.78 1
1.77 291.23 1
1.78 288.39 1
1.79 279.81 1
1.8 264.95 1
1.81 197.33 1
1.82 203.7 1
1.83 207.53 1
1.84 217.77 1
1.85 219.81 1
1.86 220.17 1
1.87 220.08 1
1.88 221.59 1
1.89 225.04 1
1.9 227.36 1
1.91 225.65 1
1.92 225.15 1
1.93 224.54 1
1.94 225.37 1
1.95 224.57 1
1.96 222.73 1
1.97 215.15 1
1.98 204.6 1
1.99 194.8 1
2.0 202.01 1
2.01 181.06 1
2.02 178.67 1
2.03 164.63 1
2.04 167.24 1
2.05 174.66 1
2.06 185.69 1
2.07 193.86 1
2.08 204.66 1
2.09 207.6 1
2.1 207.63 1
2.11 208.63 1
2.12 197.36 1
2.13 192.98 1
2.14 184.7 1
2.15 182.64 1
2.16 166.73 1
2.17 162.48 1
2.18 160.65 1
2.19 158.36 1
2.2 164.24 1
2.21 168.65 1
2.22 173.98 1
2.23 180.35 1
2.24 182.98 1
2.25 183.39 1
2.26 182.46 1
2.27 178.23 1
2.28 169.29 1
2.29 151.8 1
2.3 147.74 1
2.31 130.93 1
2.32 133.5 1
2.33 156.19 1
2.34 159.33 1
2.35 147.65 1
2.36 147.25 1
2.37 149.24 1
2.38 150.64 1
2.39 150.32 1
2.4 151.03 1
2.41 150.42 1
2.42 149.24 1
2.43 146.83 1
2.44 150.26 1
2.45 146.27 1
2.46 144.22 1
2.47 148.74 1
2.48 146.27 1
2.49 138.28 1
2.5 135.09 1
2.51 141.57 1
2.52 155.46 1
2.53 169.43 1
2.54 180.37 1
2.55 196.76 1
2.56 218.84 1
2.57 230.29 1
2.58 245.06 1
2.59 227.9 1
2.6 198.24 1
2.61 183.55 1
2.62 198.7 1
2.63 199.69 1
2.64 195.55 1
2.65 186.51 1
2.66 177.46 1
2.67 164.63 1
2.68 163.87 1
2.69 160.5 1
2.7 159.37 1
2.71 160.37 1
2.72 160.9 1
2.73 163.04 1
2.74 164.25 1
2.75 165.81 1
2.76 168.16 1
2.77 169.29 1
2.78 171.86 1
2.79 173.3 1
2.8 178.24 1
2.81 181.73 1
2.82 182.83 1
2.83 183.89 1
2.84 184.12 1
2.85 184.01 1
2.86 180.42 1
2.87 178.18 1
2.88 174.26 1
2.89 169.95 1
2.9 166.52 1
2.91 162.91 1
2.92 163.02 1
2.93 159.5 1
2.94 156.59 1
2.95 156.18 1
2.96 153.84 1
2.97 152.63 1
2.98 152.33 1
2.99 151.8 1
3.0 150.75 1
3.01 150.24 1
3.02 146.29 1
3.03 146.76 1
3.04 146.27 1
3.05 146.28 1
3.06 146.41 1
3.07 147.37 1
3.08 74.4 1
3.09 74.48 1
3.1 74.19 1
3.11 73.46 1
3.12 73.14 1
3.13 72.96 1
3.14 72.71 1
3.15 73.13 1
3.16 73.57 1
3.17 73.31 1
3.18 73.19 1
3.19 73.81 1
3.2 74.56 1
3.21 73.93 1
3.22 74.81 1
3.23 179.46 1
3.24 185.64 1
3.25 184.87 1
3.26 182.17 1
3.27 181.13 1
3.28 184.11 1
3.29 184.1 1
3.3 182.31 1
3.31 180.12 1
3.32 183.22 1
3.33 184.85 1
3.34 182.32 1
3.35 179.65 1
3.36 185.63 1
3.37 184.86 1
3.38 181.58 1
3.39 180.37 1
3.4 182.61 1
3.41 182.39 1
3.42 182.84 1
3.43 181.87 1
3.44 184.11 1
3.45 189.61 1
3.46 181.27 1
3.47 180.36 1
3.48 181.55 1
3.49 184.12 1
3.5 183.72 1
3.51 180.63 1
3.52 182.6 1
3.53 185.62 1
3.54 183.62 1
3.55 182.58 1
3.56 182.78 1
3.57 184.6 1
3.58 184.65 1
3.59 182.68 1
3.6 184.64 1
3.61 187.26 1
3.62 184.05 1
3.63 184.9 1
3.64 188.87 1
3.65 152.56 1
3.66 143.48 1
3.67 143.53 1
3.68 144.83 1
3.69 146.79 1
3.7 150.07 1
3.71 150.76 1
3.72 151.5 1
3.73 146.28 1
3.74 142.03 1
3.75 140.99 1
3.76 125.82 1
3.77 140.22 1
3.78 140.4 1
3.79 144.36 1
3.8 144.83 1
3.81 143.88 1
3.82 145.5 1
3.83 149.74 1
3.84 151.8 1
3.85 153.65 1
3.86 154.59 1
3.87 152.58 1
3.88 151.0 1
3.89 148.25 1
3.9 143.47 1
3.91 141.58 1
3.92 144.38 1
3.93 139.51 1
3.94 146.27 1
3.95 151.71 1
3.96 168.62 1
3.97 159.6 1
3.98 162.37 1
3.99 157.97 1
4.0 160.54 1
4.01 151.71 1
4.02 158.31 1
4.03 158.99 1
4.04 163.63 1
4.05 166.13 1
4.06 170.6 1
4.07 137.17 1
4.08 184.37 1
4.09 180.37 1
4.1 166.07 1
4.11 164.85 1
4.12 165.46 1
4.13 155.8 1
4.14 155.86 1
4.15 158.83 1
4.16 162.45 1
4.17 167.08 1
4.18 171.29 1
4.19 175.16 1
4.2 176.09 1
4.21 175.02 1
4.22 171.61 1
4.23 161.9 1
4.24 165.76 1
4.25 168.61 1
4.26 187.6 1
4.27 171.99 1
4.28 179.41 1
4.29 184.33 1
4.3 187.18 1
4.31 192.13 1
4.32 193.82 1
4.33 186.41 1
4.34 184.91 1
4.35 183.72 1
4.36 184.91 1
4.37 186.49 1
4.38 184.15 1
4.39 180.89 1
4.4 188.33 1
4.41 184.91 1
4.42 186.85 1
4.43 180.39 1
4.44 176.8 1
4.45 162.4 1
4.46 165.81 1
4.47 176.21 1
4.48 182.47 1
4.49 188.1 1
4.5 193.82 1
4.51 194.85 1
4.52 192.05 1
4.53 185.72 1
4.54 180.52 1
4.55 176.72 1
4.56 193.27 1
4.57 188.63 1
4.58 167.97 1
4.59 183.89 1
4.6 195.56 1
4.61 232.56 1
4.62 225.5 1
4.63 220.85 1
4.64 221.86 1
4.65 223.16 1
4.66 223.33 1
4.67 223.94 1
4.68 222.76 1
4.69 218.77 1
4.7 212.75 1
4.71 198.18 1
4.72 0.0 1
4.73 0.0 1
4.74 0.0 1
4.75 0.0 1
4.76 189.12 1
4.77 195.75 1
4.78 203.71 1
4.79 212.61 1
4.8 218.01 1
4.81 223.41 1
4.82 226.79 1
4.83 225.63 1
4.84 224.55 1
4.85 219.93 1
4.86 214.92 1
4.87 204.71 1
4.88 178.16 1
4.89 195.56 1
4.9 198.19 1
4.91 216.32 1
4.92 226.08 1
4.93 240.25 1
4.94 247.05 1
4.95 246.0 1
4.96 247.15 1
4.97 247.93 1
4.98 249.33 1
4.99 250.35 1
5.0 251.33 1
5.01 251.04 1
5.02 249.67 1
5.03 247.25 1
5.04 241.21 1
5.05 249.82 1
5.06 249.09 1
5.07 231.18 1
5.08 225.76 1
5.09 221.41 1
5.1 227.24 1
5.11 232.86 1
5.12 241.22 1
5.13 246.46 1
5.14 252.58 1
5.15 254.25 1
5.16 254.45 1
5.17 252.83 1
5.18 248.59 1
5.19 244.73 1
5.2 239.65 1
5.21 230.42 1
