0.01 179.58 1
0.02 189.69 1
0.03 190.47 1
0.04 192.14 1
0.05 187.29 1
0.06 187.16 1
0.07 186.5 1
0.08 188.39 1
0.09 189.24 1
0.1 189.27 1
0.11 188.1 1
0.12 187.3 1
0.13 184.15 1
0.14 151.19 1
0.15 188.07 1
0.16 186.49 1
0.17 184.93 1
0.18 186.48 1
0.19 233.7 1
0.2 229.45 1
0.21 226.44 1
0.22 225.63 1
0.23 227.96 1
0.24 229.14 1
0.25 227.99 1
0.26 226.83 1
0.27 226.79 1
0.28 225.6 1
0.29 224.13 1
0.3 221.09 1
0.31 217.8 1
0.32 223.3 1
0.33 216.71 1
0.34 207.53 1
0.35 244.24 1
0.36 245.67 1
0.37 247.18 1
0.38 249.69 1
0.39 251.29 1
0.4 251.46 1
0.41 252.89 1
0.42 254.18 1
0.43 254.23 1
0.44 255.66 1
0.45 254.24 1
0.46 252.04 1
0.47 249.75 1
0.48 249.86 1
0.49 248.45 1
0.5 188.9 1
0.51 192.24 1
0.52 219.94 1
0.53 222.14 1
0.54 217.08 1
0.55 216.71 1
0.56 217.89 1
0.57 219.72 1
0.58 221.5 1
0.59 222.28 1
0.6 221.49 1
0.61 219.5 1
0.62 217.76 1
0.63 215.64 1
0.64 205.68 1
0.65 204.65 1
0.66 214.64 1
0.67 205.6 1
0.68 194.21 1
0.69 199.33 1
0.7 229.53 1
0.71 247.2 1
0.72 245.93 1
0.73 247.54 1
0.74 248.76 1
0.75 248.22 1
0.76 245.0 1
0.77 242.7 1
0.78 240.77 1
0.79 239.37 1
0.8 241.65 1
0.81 242.54 1
0.82 242.08 1
0.83 235.21 1
0.84 244.31 1
0.85 242.99 1
0.86 242.99 1
0.87 293.09 1
0.88 287.11 1
0.89 296.3 1
0.9 307.3 1
0.91 301.43 1
0.92 305.11 1
0.93 305.91 1
0.94 305.2 1
0.95 299.07 1
0.96 298.66 1
0.97 295.1 1
0.98 295.04 1
0.99 291.09 1
1.0 271.48 1
1.01 291.12 1
1.02 295.01 1
1.03 305.05 1
1.04 312.85 1
1.05 318.43 1
1.06 343.22 1
1.07 349.58 1
1.08 351.45 1
1.09 346.19 1
1.1 340.91 1
1.11 345.03 1
1.12 340.6 1
1.13 337.24 1
1.14 334.65 1
1.15 330.29 1
1.16 301.07 1
1.17 307.29 1
1.18 296.68 1
1.19 344.86 1
1.2 351.83 1
1.21 368.84 1
1.22 371.18 1
1.23 372.54 1
1.24 374.88 1
1.25 375.2 1
1.26 373.37 1
1.27 372.51 1
1.28 372.66 1
1.29 370.85 1
1.3 369.98 1
1.31 368.83 1
1.32 369.55 1
1.33 371.39 1
1.34 371.32 1
1.35 319.99 1
1.36 365.93 1
1.37 372.14 1
1.38 368.48 1
1.39 371.92 1
1.4 372.5 1
1.41 370.61 1
1.42 371.0 1
1.43 372.44 1
1.44 374.52 1
1.45 376.0 1
1.46 376.58 1
1.47 376.24 1
1.48 374.74 1
1.49 372.43 1
1.5 369.8 1
1.51 365.3 1
1.52 358.04 1
1.53 350.27 1
1.54 344.2 1
1.55 339.3 1
1.56 334.63 1
1.57 333.78 1
1.58 334.55 1
1.59 335.11 1
1.6 335.79 1
1.61 337.26 1
1.62 339.23 1
1.63 340.76 1
1.64 342.36 1
1.65 337.92 1
1.66 323.51 1
1.67 281.78 1
1.68 274.67 1
1.69 307.32 1
1.7 316.09 1
1.71 349.14 1
1.72 375.3 1
1.73 381.76 1
1.74 379.6 1
1.75 377.59 1
1.76 376.95 1
1.77 376.8 1
1.78 378.46 1
1.79 378.46 1
1.8 378.46 1
1.81 378.49 1
1.82 379.97 1
1.83 381.78 1
1.84 382.2 1
1.85 378.23 1
1.86 343.27 1
1.87 333.24 1
1.88 377.58 1
1.89 357.27 1
1.9 361.83 1
1.91 340.59 1
1.92 327.51 1
1.93 327.82 1
1.94 318.41 1
1.95 320.65 1
1.96 320.72 1
1.97 323.9 1
1.98 331.09 1
1.99 338.84 1
2.0 345.97 1
2.01 351.52 1
2.02 358.74 1
2.03 357.09 1
2.04 348.71 1
2.05 340.86 1
2.06 329.81 1
2.07 318.29 1
2.08 299.13 1
2.09 295.06 1
2.1 293.03 1
2.11 291.15 1
2.12 292.72 1
2.13 292.81 1
2.14 292.65 1
2.15 293.11 1
2.16 295.1 1
2.17 298.01 1
2.18 298.83 1
2.19 293.17 1
2.2 285.45 1
2.21 265.32 1
2.22 275.22 1
2.23 307.25 1
2.24 303.73 1
2.25 305.31 1
2.26 151.77 1
2.27 150.86 1
2.28 305.81 1
2.29 311.38 1
2.3 341.71 1
2.31 362.93 1
2.32 387.24 1
2.33 396.4 1
2.34 389.87 1
2.35 374.86 1
2.36 360.02 1
2.37 343.31 1
2.38 343.26 1
2.39 279.95 1
2.4 274.66 1
2.41 251.53 1
2.42 247.68 1
2.43 245.58 1
2.44 239.48 1
2.45 240.19 1
2.46 241.57 1
2.47 244.29 1
2.48 248.53 1
2.49 253.58 1
2.5 257.21 1
2.51 258.8 1
2.52 269.97 1
2.53 274.67 1
2.54 274.69 1
2.55 271.31 1
2.56 265.32 1
2.57 255.7 1
2.58 248.97 1
2.59 243.86 1
2.6 242.93 1
2.61 240.85 1
2.62 242.2 1
2.63 248.0 1
2.64 251.27 1
2.65 251.28 1
2.66 249.18 1
2.67 0.0 1
2.68 0.0 1
2.69 0.0 1
2.7 0.0 1
2.71 0.0 1
2.72 0.0 1
2.73 304.35 1
2.74 305.11 1
2.75 291.2 1
2.76 293.26 1
2.77 293.05 1
2.78 296.98 1
2.79 297.05 1
2.8 301.08 1
2.81 304.13 1
2.82 305.21 1
2.83 303.24 1
2.84 304.83 1
2.85 291.12 1
2.86 291.23 1
2.87 307.26 1
2.88 291.22 1
2.89 274.91 1
2.9 255.63 1
2.91 231.65 1
2.92 226.74 1
2.93 227.98 1
2.94 236.09 1
2.95 244.31 1
2.96 254.06 1
2.97 263.31 1
2.98 274.55 1
2.99 279.04 1
3.0 277.69 1
3.01 271.34 1
3.02 254.19 1
3.03 244.27 1
3.04 224.79 1
3.05 217.72 1
3.06 216.63 1
3.07 216.63 1
3.08 218.83 1
3.09 221.47 1
3.1 225.4 1
3.11 225.64 1
3.12 226.76 1
3.13 225.62 1
3.14 224.87 1
3.15 220.65 1
3.16 215.55 1
3.17 213.16 1
3.18 217.75 1
3.19 190.5 1
3.2 199.09 1
3.21 221.05 1
3.22 208.52 1
3.23 248.38 1
3.24 244.61 1
3.25 248.36 1
3.26 251.67 1
3.27 252.8 1
3.28 253.37 1
3.29 252.64 1
3.3 250.73 1
3.31 248.21 1
3.32 246.74 1
3.33 245.52 1
3.34 244.34 1
3.35 235.22 1
3.36 0.0 1
3.37 0.0 1
3.38 0.0 1
3.39 0.0 1
3.4 285.36 1
3.41 290.02 1
3.42 299.37 1
3.43 293.14 1
3.44 296.98 1
3.45 295.13 1
3.46 297.78 1
3.47 295.05 1
3.48 294.5 1
3.49 293.04 1
3.5 292.61 1
3.51 291.16 1
3.52 287.32 1
3.53 285.47 1
3.54 289.35 1
3.55 288.11 1
3.56 332.72 1
3.57 339.81 1
3.58 351.06 1
3.59 355.87 1
3.6 355.54 1
3.61 348.8 1
3.62 343.55 1
3.63 339.59 1
3.64 332.16 1
3.65 328.68 1
3.66 329.85 1
3.67 293.49 1
3.68 315.59 1
3.69 311.63 1
3.7 340.57 1
3.71 363.65 1
3.72 386.17 1
3.73 379.22 1
3.74 382.03 1
3.75 382.18 1
3.76 380.67 1
3.77 381.63 1
3.78 378.54 1
3.79 378.58 1
3.8 378.96 1
3.81 378.74 1
3.82 378.74 1
3.83 378.84 1
3.84 377.44 1
3.85 354.27 1
3.86 340.71 1
3.87 354.26 1
3.88 325.49 1
3.89 347.78 1
3.9 343.19 1
3.91 324.27 1
3.92 320.66 1
3.93 323.0 1
3.94 322.02 1
3.95 329.03 1
3.96 339.32 1
3.97 346.0 1
3.98 364.21 1
3.99 371.81 1
4.0 375.26 1
4.01 370.41 1
4.02 360.04 1
4.03 343.25 1
4.04 323.29 1
4.05 303.15 1
4.06 289.72 1
4.07 286.4 1
4.08 285.54 1
4.09 286.29 1
4.1 287.92 1
4.11 290.97 1
4.12 291.13 1
4.13 293.06 1
4.14 296.79 1
4.15 299.02 1
4.16 297.03 1
4.17 291.16 1
4.18 281.98 1
4.19 0.0 1
4.2 0.0 1
4.21 0.0 1
4.22 0.0 1
4.23 0.0 1
4.24 212.53 1
4.25 199.34 1
4.26 204.64 1
4.27 215.59 1
4.28 225.62 1
4.29 247.05 1
4.3 260.19 1
4.31 283.46 1
4.32 308.89 1
4.33 321.05 1
4.34 330.27 1
4.35 320.89 1
4.36 325.43 1
4.37 311.67 1
4.38 327.84 1
4.39 325.5 1
4.4 320.37 1
4.41 255.21 1
4.42 246.69 1
4.43 244.31 1
4.44 240.24 1
4.45 236.57 1
4.46 240.9 1
4.47 247.03 1
4.48 254.25 1
4.49 266.39 1
4.5 282.92 1
4.51 288.33 1
4.52 290.32 1
4.53 287.24 1
4.54 279.78 1
4.55 266.21 1
4.56 249.55 1
4.57 230.34 1
4.58 0.0 1
4.59 0.0 1
4.6 0.0 1
4.61 0.0 1
4.62 0.0 1
4.63 0.0 1
4.64 0.0 1
4.65 0.0 1
4.66 376.94 1
4.67 377.42 1
4.68 375.36 1
4.69 370.06 1
4.7 385.3 1
4.71 386.34 1
4.72 348.54 1
4.73 381.87 1
4.74 369.01 1
4.75 362.91 1
4.76 362.95 1
4.77 348.61 1
4.78 375.32 1
4.79 185.31 1
4.8 197.34 1
4.81 184.99 1
4.82 182.14 1
4.83 178.9 1
4.84 175.09 1
4.85 182.38 1
4.86 187.29 1
4.87 195.53 1
4.88 213.25 1
4.89 222.58 1
4.9 231.26 1
4.91 225.59 1
4.92 224.44 1
4.93 194.94 1
4.94 199.42 1
4.95 185.69 1
4.96 168.81 1
4.97 166.81 1
4.98 165.46 1
4.99 158.99 1
5.0 164.84 1
5.01 167.84 1
5.02 171.97 1
5.03 181.18 1
5.04 186.48 1
5.05 194.17 1
5.06 199.91 1
5.07 201.13 1
5.08 197.39 1
5.09 190.73 1
5.1 182.8 1
5.11 191.32 1
5.12 175.36 1
5.13 146.27 1
5.14 150.25 1
5.15 150.49 1
5.16 151.28 1
5.17 148.16 1
5.18 146.28 1
5.19 148.17 1
5.2 147.66 1
5.21 147.92 1
5.22 148.24 1
5.23 148.25 1
5.24 149.39 1
5.25 139.78 1
5.26 142.96 1
5.27 134.53 1
5.28 121.99 1
5.29 145.3 1
5.3 142.37 1
5.31 155.02 1
5.32 184.93 1
5.33 207.55 1
5.34 242.73 1
5.35 263.36 1
5.36 280.57 1
5.37 281.31 1
5.38 273.62 1
5.39 250.12 1
5.4 247.57 1
5.41 194.71 1
