0.01 171.54 1
0.02 166.67 1
0.03 166.22 1
0.04 168.21 1
0.05 169.95 1
0.06 175.64 1
0.07 184.13 1
0.08 192.54 1
0.09 203.71 1
0.1 202.76 1
0.11 220.04 1
0.12 230.31 1
0.13 235.48 1
0.14 229.1 1
0.15 224.26 1
0.16 219.23 1
0.17 213.55 1
0.18 200.39 1
0.19 191.32 1
0.2 188.15 1
0.21 183.39 1
0.22 184.68 1
0.23 187.38 1
0.24 183.37 1
0.25 184.29 1
0.26 185.0 1
0.27 184.46 1
0.28 184.44 1
0.29 181.83 1
0.3 181.58 1
0.31 172.9 1
0.32 186.47 1
0.33 183.91 1
0.34 182.37 1
0.35 182.9 1
0.36 186.29 1
0.37 184.48 1
0.38 184.78 1
0.39 186.55 1
0.4 183.98 1
0.41 185.5 1
0.42 186.47 1
0.43 184.32 1
0.44 184.13 1
0.45 181.2 1
0.46 184.32 1
0.47 177.55 1
0.48 184.09 1
0.49 74.36 1
0.5 74.68 1
0.51 74.3 1
0.52 74.31 1
0.53 74.43 1
0.54 74.24 1
0.55 74.94 1
0.56 74.58 1
0.57 73.93 1
0.58 74.68 1
0.59 74.18 1
0.6 74.06 1
0.61 74.94 1
0.62 75.07 1
0.63 180.62 1
0.64 180.31 1
0.65 185.65 1
0.66 188.06 1
0.67 197.04 1
0.68 200.1 1
0.69 195.54 1
0.7 185.69 1
0.71 183.6 1
0.72 181.46 1
0.73 180.26 1
0.74 180.67 1
0.75 181.32 1
0.76 182.69 1
0.77 184.14 1
0.78 189.24 1
0.79 192.16 1
0.8 196.58 1
0.81 198.57 1
0.82 199.22 1
0.83 199.61 1
0.84 196.67 1
0.85 192.69 1
0.86 189.66 1
0.87 184.64 1
0.88 180.95 1
0.89 178.51 1
0.9 178.18 1
0.91 179.28 1
0.92 180.67 1
0.93 182.35 1
0.94 182.4 1
0.95 183.7 1
0.96 184.54 1
0.97 184.36 1
0.98 184.38 1
0.99 183.92 1
1.0 184.0 1
1.01 183.82 1
1.02 184.36 1
1.03 184.14 1
1.04 184.14 1
1.05 184.56 1
1.06 184.82 1
1.07 185.09 1
1.08 185.69 1
1.09 186.47 1
1.1 187.28 1
1.11 189.67 1
1.12 192.99 1
1.13 195.11 1
1.14 196.11 1
1.15 194.19 1
1.16 190.71 1
1.17 185.68 1
1.18 180.27 1
1.19 171.28 1
1.2 164.72 1
1.21 161.82 1
1.22 160.66 1
1.23 155.56 1
1.24 166.65 1
1.25 163.53 1
1.26 175.98 1
1.27 170.35 1
1.28 165.72 1
1.29 164.71 1
1.3 133.73 1
1.31 175.88 1
1.32 169.93 1
1.33 193.35 1
1.34 201.83 1
1.35 178.19 1
1.36 190.48 1
1.37 198.19 1
1.38 196.38 1
1.39 194.69 1
1.4 185.22 1
1.41 178.9 1
1.42 173.2 1
1.43 164.24 1
1.44 157.23 1
1.45 159.49 1
1.46 162.72 1
1.47 168.92 1
1.48 175.36 1
1.49 180.76 1
1.5 184.91 1
1.51 186.48 1
1.52 186.5 1
1.53 181.62 1
1.54 177.63 1
1.55 170.79 1
1.56 161.42 1
1.57 154.11 1
1.58 150.89 1
1.59 152.43 1
1.6 158.35 1
1.61 166.92 1
1.62 176.71 1
1.63 181.24 1
1.64 189.7 1
1.65 198.2 1
1.66 202.8 1
1.67 204.7 1
1.68 204.68 1
1.69 200.11 1
1.7 193.23 1
1.71 185.71 1
1.72 178.75 1
1.73 175.34 1
1.74 175.49 1
1.75 180.08 1
1.76 184.92 1
1.77 198.12 1
1.78 204.65 1
1.79 215.2 1
1.8 220.61 1
1.81 225.46 1
1.82 225.77 1
1.83 219.54 1
1.84 210.75 1
1.85 200.69 1
1.86 185.83 1
1.87 177.06 1
1.88 172.53 1
1.89 171.95 1
1.9 175.97 1
1.91 179.55 1
1.92 183.66 1
1.93 188.62 1
1.94 192.72 1
1.95 193.25 1
1.96 192.0 1
1.97 187.26 1
1.98 185.7 1
1.99 181.11 1
2.0 171.91 1
2.01 186.47 1
2.02 180.19 1
2.03 0.0 1
2.04 0.0 1
2.05 0.0 1
2.06 0.0 1
2.07 74.34 1
2.08 74.55 1
2.09 74.56 1
2.1 74.38 1
2.11 74.68 1
2.12 74.5 1
2.13 62.26 1
2.14 76.63 1
2.15 76.9 1
2.16 77.17 1
2.17 76.77 1
2.18 76.32 1
2.19 75.78 1
2.2 75.47 1
2.21 74.98 1
2.22 74.68 1
2.23 74.7 1
2.24 74.73 1
2.25 74.56 1
2.26 74.55 1
2.27 74.39 1
2.28 74.36 1
2.29 74.46 1
2.3 74.4 1
2.31 74.32 1
2.32 74.23 1
2.33 74.27 1
2.34 74.34 1
2.35 74.68 1
2.36 75.05 1
2.37 75.21 1
2.38 75.22 1
2.39 74.68 1
2.4 73.69 1
2.41 70.17 1
2.42 66.47 1
2.43 74.56 1
2.44 74.56 1
2.45 74.48 1
2.46 74.73 1
2.47 74.4 1
2.48 74.62 1
2.49 74.19 1
2.5 74.45 1
2.51 74.31 1
2.52 74.44 1
2.53 0.0 1
2.54 0.0 1
2.55 0.0 1
2.56 0.0 1
2.57 74.39 1
2.58 74.65 1
2.59 74.47 1
2.6 74.58 1
2.61 74.54 1
2.62 74.31 1
2.63 74.63 1
2.64 74.31 1
2.65 74.52 1
2.66 74.5 1
2.67 74.53 1
2.68 74.56 1
2.69 74.53 1
2.7 74.56 1
2.71 74.58 1
2.72 0.0 1
2.73 254.19 1
2.74 227.68 1
2.75 227.8 1
2.76 227.91 1
2.77 227.2 1
2.78 225.36 1
2.79 224.84 1
2.8 225.04 1
2.81 225.84 1
2.82 226.62 1
2.83 226.48 1
2.84 226.17 1
2.85 225.88 1
2.86 225.6 1
2.87 226.79 1
2.88 229.57 1
2.89 229.5 1
2.9 228.05 1
2.91 227.4 1
2.92 222.54 1
2.93 212.5 1
2.94 196.19 1
2.95 180.3 1
2.96 165.33 1
2.97 158.61 1
2.98 157.83 1
2.99 163.63 1
3.0 166.26 1
3.01 183.01 1
3.02 194.75 1
3.03 203.43 1
3.04 221.09 1
3.05 230.35 1
3.06 237.85 1
3.07 237.86 1
3.08 237.98 1
3.09 232.6 1
3.1 221.28 1
3.11 205.91 1
3.12 189.68 1
3.13 179.58 1
3.14 176.92 1
3.15 177.63 1
3.16 182.08 1
3.17 192.05 1
3.18 219.99 1
3.19 233.66 1
3.2 250.01 1
3.21 283.36 1
3.22 293.07 1
3.23 310.92 1
3.24 325.3 1
3.25 325.88 1
3.26 321.47 1
3.27 308.28 1
3.28 291.76 1
3.29 277.3 1
3.3 264.61 1
3.31 245.44 1
3.32 241.4 1
3.33 235.92 1
3.34 238.01 1
3.35 242.09 1
3.36 249.95 1
3.37 257.17 1
3.38 271.28 1
3.39 280.47 1
3.4 289.67 1
3.41 293.12 1
3.42 291.29 1
3.43 286.7 1
3.44 273.53 1
3.45 255.11 1
3.46 240.02 1
3.47 231.88 1
3.48 226.02 1
3.49 223.56 1
3.5 220.67 1
3.51 223.09 1
3.52 222.23 1
3.53 223.13 1
3.54 223.83 1
3.55 225.08 1
3.56 225.58 1
3.57 225.53 1
3.58 224.48 1
3.59 223.49 1
3.6 221.69 1
3.61 221.06 1
3.62 220.78 1
3.63 221.49 1
3.64 222.62 1
3.65 223.67 1
3.66 226.29 1
3.67 228.94 1
3.68 228.41 1
3.69 229.08 1
3.7 224.44 1
3.71 224.36 1
3.72 223.26 1
3.73 239.0 1
3.74 224.15 1
3.75 213.56 1
3.76 192.9 1
3.77 180.25 1
3.78 165.12 1
3.79 162.39 1
3.8 161.4 1
3.81 163.08 1
3.82 171.31 1
3.83 184.15 1
3.84 194.82 1
3.85 205.61 1
3.86 214.77 1
3.87 221.52 1
3.88 227.96 1
3.89 231.81 1
3.9 229.04 1
3.91 218.04 1
3.92 204.6 1
3.93 186.28 1
3.94 177.45 1
3.95 178.1 1
3.96 179.8 1
3.97 191.27 1
3.98 205.68 1
3.99 225.63 1
4.0 247.04 1
4.01 264.94 1
4.02 291.13 1
4.03 318.28 1
4.04 337.69 1
4.05 343.39 1
4.06 340.14 1
4.07 318.39 1
4.08 285.92 1
4.09 273.03 1
4.1 251.87 1
4.11 237.54 1
4.12 235.96 1
4.13 242.87 1
4.14 246.13 1
4.15 257.05 1
4.16 267.81 1
4.17 280.42 1
4.18 291.09 1
4.19 291.11 1
4.2 286.93 1
4.21 278.19 1
4.22 258.68 1
4.23 232.75 1
4.24 225.61 1
4.25 223.13 1
4.26 222.38 1
4.27 221.87 1
4.28 222.46 1
4.29 223.6 1
4.3 225.36 1
4.31 225.62 1
4.32 225.66 1
4.33 224.52 1
4.34 223.3 1
4.35 217.78 1
4.36 0.0 1
4.37 0.0 1
4.38 0.0 1
4.39 0.0 1
4.4 0.0 1
4.41 0.0 1
4.42 217.7 1
4.43 189.76 1
4.44 178.15 1
4.45 167.32 1
4.46 166.06 1
4.47 169.54 1
4.48 178.84 1
4.49 184.21 1
4.5 193.65 1
4.51 201.38 1
4.52 207.6 1
4.53 213.54 1
4.54 218.82 1
4.55 215.61 1
4.56 211.02 1
4.57 202.76 1
4.58 192.99 1
4.59 183.08 1
4.6 168.83 1
4.61 167.22 1
4.62 172.95 1
4.63 180.73 1
4.64 188.13 1
4.65 203.68 1
4.66 217.01 1
4.67 225.58 1
4.68 241.61 1
4.69 247.0 1
4.7 248.42 1
4.71 241.97 1
4.72 233.3 1
4.73 215.64 1
4.74 196.38 1
4.75 180.33 1
4.76 169.95 1
4.77 166.57 1
4.78 171.72 1
4.79 175.84 1
4.8 182.98 1
4.81 186.55 1
4.82 197.07 1
4.83 203.76 1
4.84 210.28 1
4.85 208.57 1
4.86 207.85 1
4.87 200.49 1
4.88 188.91 1
4.89 180.93 1
4.9 168.38 1
4.91 162.42 1
4.92 157.75 1
4.93 157.25 1
4.94 158.93 1
4.95 161.38 1
4.96 166.92 1
4.97 169.95 1
4.98 173.29 1
4.99 177.32 1
5.0 176.88 1
5.01 175.88 1
5.02 173.39 1
5.03 168.21 1
5.04 162.14 1
5.05 157.77 1
5.06 150.23 1
5.07 146.49 1
5.08 143.35 1
5.09 147.32 1
5.1 149.19 1
5.11 149.52 1
5.12 151.32 1
5.13 152.07 1
5.14 152.51 1
5.15 150.76 1
5.16 149.73 1
5.17 146.77 1
5.18 144.83 1
5.19 142.49 1
5.2 144.87 1
5.21 153.78 1
5.22 159.49 1
5.23 163.37 1
5.24 166.86 1
5.25 170.0 1
5.26 169.96 1
5.27 170.61 1
5.28 170.61 1
5.29 166.61 1
5.3 164.29 1
5.31 158.92 1
5.32 176.47 1
