0.01 74.63 1
0.02 74.51 1
0.03 74.56 1
0.04 74.52 1
0.05 74.56 1
0.06 74.58 1
0.07 74.6 1
0.08 74.58 1
0.09 95.07 1
0.1 194.67 1
0.11 199.08 1
0.12 198.19 1
0.13 198.18 1
0.14 192.98 1
0.15 185.28 1
0.16 181.77 1
0.17 178.17 1
0.18 176.02 1
0.19 172.48 1
0.2 169.3 1
0.21 167.63 1
0.22 165.83 1
0.23 166.15 1
0.24 165.61 1
0.25 166.75 1
0.26 167.92 1
0.27 171.27 1
0.28 175.42 1
0.29 181.03 1
0.3 185.7 1
0.31 191.25 1
0.32 194.9 1
0.33 196.92 1
0.34 195.98 1
0.35 193.5 1
0.36 190.38 1
0.37 186.5 1
0.38 186.28 1
0.39 184.8 1
0.4 184.92 1
0.41 185.69 1
0.42 185.7 1
0.43 185.64 1
0.44 184.15 1
0.45 183.37 1
0.46 186.09 1
0.47 74.21 1
0.48 74.43 1
0.49 74.25 1
0.5 74.55 1
0.51 74.56 1
0.52 74.72 1
0.53 74.72 1
0.54 74.56 1
0.55 74.46 1
0.56 74.45 1
0.57 74.56 1
0.58 74.68 1
0.59 74.45 1
0.6 74.2 1
0.61 74.39 1
0.62 74.4 1
0.63 74.86 1
0.64 74.31 1
0.65 74.55 1
0.66 74.55 1
0.67 74.31 1
0.68 74.68 1
0.69 74.51 1
0.7 74.54 1
0.71 74.6 1
0.72 74.51 1
0.73 74.5 1
0.74 74.57 1
0.75 74.56 1
0.76 74.09 1
0.77 95.03 1
0.78 94.53 1
0.79 171.26 1
0.8 172.48 1
0.81 165.47 1
0.82 189.76 1
0.83 185.87 1
0.84 186.12 1
0.85 186.98 1
0.86 188.5 1
0.87 188.0 1
0.88 187.5 1
0.89 186.47 1
0.9 184.31 1
0.91 183.69 1
0.92 185.16 1
0.93 186.57 1
0.94 188.07 1
0.95 190.68 1
0.96 191.32 1
0.97 192.14 1
0.98 189.91 1
0.99 188.39 1
1.0 186.48 1
1.01 184.95 1
1.02 185.69 1
1.03 184.91 1
1.04 184.14 1
1.05 184.95 1
1.06 184.95 1
1.07 185.69 1
1.08 183.49 1
1.09 182.86 1
1.1 183.36 1
1.11 185.78 1
1.12 188.11 1
1.13 188.07 1
1.14 192.93 1
1.15 186.55 1
1.16 185.08 1
1.17 184.14 1
1.18 183.78 1
1.19 183.68 1
1.2 184.03 1
1.21 184.57 1
1.22 185.21 1
1.23 185.99 1
1.24 185.03 1
1.25 186.77 1
1.26 187.45 1
1.27 187.72 1
1.28 187.27 1
1.29 185.75 1
1.3 184.89 1
1.31 182.06 1
1.32 178.93 1
1.33 176.67 1
1.34 169.49 1
1.35 166.13 1
1.36 166.15 1
1.37 165.65 1
1.38 165.09 1
1.39 163.44 1
1.4 160.1 1
1.41 163.64 1
1.42 164.85 1
1.43 177.37 1
1.44 155.23 1
1.45 184.11 1
1.46 179.82 1
1.47 192.12 1
1.48 195.56 1
1.49 196.38 1
1.5 196.41 1
1.51 195.67 1
1.52 194.87 1
1.53 192.98 1
1.54 187.2 1
1.55 182.84 1
1.56 178.6 1
1.57 178.86 1
1.58 173.96 1
1.59 169.99 1
1.6 169.87 1
1.61 168.17 1
1.62 168.05 1
1.63 167.59 1
1.64 167.66 1
1.65 167.91 1
1.66 168.5 1
1.67 167.87 1
1.68 168.05 1
1.69 168.65 1
1.7 168.47 1
1.71 168.65 1
1.72 170.6 1
1.73 171.93 1
1.74 161.83 1
1.75 186.47 1
1.76 179.66 1
1.77 178.21 1
1.78 188.88 1
1.79 199.78 1
1.8 201.9 1
1.81 200.81 1
1.82 195.89 1
1.83 192.08 1
1.84 186.48 1
1.85 181.35 1
1.86 176.04 1
1.87 168.04 1
1.88 167.99 1
1.89 166.73 1
1.9 166.21 1
1.91 167.33 1
1.92 166.1 1
1.93 166.27 1
1.94 164.85 1
1.95 162.44 1
1.96 163.62 1
1.97 163.41 1
1.98 166.95 1
1.99 168.65 1
2.0 173.47 1
2.01 179.62 1
2.02 182.73 1
2.03 187.75 1
2.04 189.68 1
2.05 191.14 1
2.06 187.26 1
2.07 181.8 1
2.08 0.0 1
2.09 0.0 1
2.1 0.0 1
2.11 74.63 1
2.12 75.31 1
2.13 74.54 1
2.14 74.56 1
2.15 74.31 1
2.16 73.96 1
2.17 75.71 1
2.18 71.65 1
2.19 72.01 1
2.2 72.18 1
2.21 72.16 1
2.22 72.38 1
2.23 72.88 1
2.24 73.22 1
2.25 73.37 1
2.26 73.56 1
2.27 73.59 1
2.28 73.58 1
2.29 73.71 1
2.3 73.99 1
2.31 74.39 1
2.32 74.56 1
2.33 74.56 1
2.34 74.81 1
2.35 74.81 1
2.36 74.71 1
2.37 73.32 1
2.38 72.47 1
2.39 73.75 1
2.4 72.77 1
2.41 73.77 1
2.42 73.16 1
2.43 73.64 1
2.44 73.81 1
2.45 73.88 1
2.46 73.77 1
2.47 73.89 1
2.48 74.23 1
2.49 74.45 1
2.5 74.68 1
2.51 74.76 1
2.52 74.68 1
2.53 74.45 1
2.54 74.19 1
2.55 74.23 1
2.56 73.9 1
2.57 73.82 1
2.58 73.19 1
2.59 73.34 1
2.6 72.7 1
2.61 72.48 1
2.62 144.43 1
2.63 144.35 1
2.64 153.39 1
2.65 166.09 1
2.66 173.97 1
2.67 182.26 1
2.68 194.74 1
2.69 183.34 1
2.7 190.53 1
2.71 192.16 1
2.72 179.01 1
2.73 184.15 1
2.74 175.83 1
2.75 176.54 1
2.76 178.11 1
2.77 178.49 1
2.78 165.04 1
2.79 165.44 1
2.8 166.06 1
2.81 167.89 1
2.82 169.48 1
2.83 172.61 1
2.84 176.97 1
2.85 181.49 1
2.86 184.16 1
2.87 186.53 1
2.88 189.7 1
2.89 190.53 1
2.9 190.31 1
2.91 186.48 1
2.92 181.83 1
2.93 177.51 1
2.94 172.61 1
2.95 167.28 1
2.96 163.75 1
2.97 163.0 1
2.98 161.85 1
2.99 162.77 1
3.0 164.73 1
3.01 167.23 1
3.02 169.95 1
3.03 176.72 1
3.04 181.53 1
3.05 185.7 1
3.06 189.68 1
3.07 191.44 1
3.08 192.22 1
3.09 192.13 1
3.1 190.35 1
3.11 189.57 1
3.12 187.3 1
3.13 187.3 1
3.14 187.29 1
3.15 187.29 1
3.16 187.3 1
3.17 188.09 1
3.18 188.1 1
3.19 188.89 1
3.2 189.69 1
3.21 188.91 1
3.22 188.09 1
3.23 188.08 1
3.24 186.51 1
3.25 185.7 1
3.26 184.92 1
3.27 184.63 1
3.28 184.15 1
3.29 184.14 1
3.3 184.14 1
3.31 183.14 1
3.32 181.45 1
3.33 181.31 1
3.34 183.22 1
3.35 182.02 1
3.36 182.59 1
3.37 184.34 1
3.38 185.67 1
3.39 183.42 1
3.4 182.86 1
3.41 199.11 1
3.42 198.17 1
3.43 195.54 1
3.44 195.55 1
3.45 188.84 1
3.46 184.93 1
3.47 183.85 1
3.48 183.85 1
3.49 185.3 1
3.5 185.97 1
3.51 185.7 1
3.52 186.47 1
3.53 187.16 1
3.54 186.48 1
3.55 186.47 1
3.56 179.64 1
3.57 182.83 1
3.58 185.32 1
3.59 183.93 1
3.6 182.94 1
3.61 74.56 1
3.62 74.66 1
3.63 74.38 1
3.64 74.69 1
3.65 74.43 1
3.66 74.45 1
3.67 74.57 1
3.68 74.56 1
3.69 74.6 1
3.7 74.54 1
3.71 74.43 1
3.72 74.56 1
3.73 74.5 1
3.74 74.54 1
3.75 74.68 1
3.76 74.49 1
3.77 74.92 1
3.78 74.53 1
3.79 74.55 1
3.8 74.56 1
3.81 73.96 1
3.82 74.53 1
3.83 74.54 1
3.84 74.54 1
3.85 74.53 1
3.86 74.53 1
3.87 74.54 1
3.88 74.54 1
3.89 74.2 1
3.9 74.53 1
3.91 74.57 1
3.92 74.32 1
3.93 74.56 1
3.94 66.26 1
3.95 71.51 1
3.96 71.42 1
3.97 104.86 1
3.98 104.15 1
3.99 102.21 1
4.0 104.75 1
4.01 105.09 1
4.02 105.62 1
4.03 106.68 1
4.04 108.23 1
4.05 108.76 1
4.06 111.31 1
4.07 112.22 1
4.08 112.08 1
4.09 111.8 1
4.1 111.79 1
4.11 109.02 1
4.12 109.91 1
4.13 0.0 1
4.14 0.0 1
4.15 0.0 1
4.16 0.0 1
4.17 0.0 1
4.18 0.0 1
4.19 0.0 1
4.2 0.0 1
4.21 136.75 1
4.22 147.26 1
4.23 147.29 1
4.24 145.58 1
4.25 146.74 1
4.26 146.83 1
4.27 148.22 1
4.28 146.84 1
4.29 146.42 1
4.3 143.69 1
4.31 142.69 1
4.32 142.03 1
4.33 140.2 1
4.34 134.7 1
4.35 136.35 1
4.36 130.98 1
4.37 126.18 1
4.38 125.83 1
4.39 123.01 1
4.4 119.68 1
4.41 120.34 1
4.42 123.0 1
4.43 119.36 1
4.44 121.67 1
4.45 124.41 1
4.46 126.54 1
4.47 127.64 1
4.48 139.32 1
4.49 137.91 1
4.5 144.84 1
4.51 145.31 1
4.52 147.74 1
4.53 145.79 1
4.54 145.79 1
4.55 145.85 1
4.56 145.31 1
4.57 144.47 1
4.58 142.62 1
4.59 141.85 1
4.6 140.22 1
4.61 138.9 1
4.62 137.27 1
4.63 133.66 1
4.64 130.27 1
4.65 127.42 1
4.66 125.68 1
4.67 123.42 1
4.68 122.93 1
4.69 123.36 1
4.7 122.67 1
4.71 122.68 1
4.72 0.0 1
4.73 0.0 1
4.74 74.19 1
4.75 74.54 1
4.76 73.82 1
4.77 74.7 1
4.78 74.56 1
4.79 74.37 1
4.8 0.0 1
4.81 0.0 1
4.82 157.22 1
4.83 153.38 1
4.84 150.76 1
4.85 147.69 1
4.86 146.27 1
4.87 147.2 1
4.88 146.76 1
4.89 147.95 1
4.9 146.03 1
4.91 144.83 1
4.92 146.27 1
4.93 145.8 1
4.94 146.76 1
4.95 148.44 1
4.96 147.84 1
4.97 146.77 1
4.98 147.25 1
4.99 146.76 1
5.0 146.22 1
5.01 143.57 1
5.02 144.35 1
5.03 131.84 1
5.04 149.0 1
5.05 140.22 1
5.06 161.27 1
5.07 153.91 1
5.08 164.05 1
5.09 165.46 1
5.1 180.98 1
5.11 183.37 1
5.12 190.5 1
5.13 196.8 1
5.14 191.31 1
5.15 187.48 1
5.16 180.17 1
5.17 176.0 1
5.18 172.02 1
5.19 169.5 1
5.2 167.9 1
5.21 168.63 1
5.22 164.88 1
5.23 166.48 1
5.24 166.17 1
5.25 164.97 1
5.26 164.13 1
5.27 163.79 1
5.28 164.21 1
5.29 77.2 1
5.3 75.32 1
5.31 74.09 1
5.32 74.91 1
5.33 75.71 1
5.34 74.53 1
5.35 74.33 1
5.36 74.54 1
5.37 74.62 1
5.38 74.34 1
5.39 169.96 1
5.4 177.8 1
5.41 186.46 1
5.42 208.53 1
5.43 197.3 1
5.44 194.82 1
5.45 194.7 1
5.46 186.54 1
5.47 185.72 1
5.48 184.81 1
5.49 184.15 1
5.5 184.1 1
5.51 183.27 1
5.52 183.35 1
5.53 184.49 1
5.54 185.69 1
5.55 186.47 1
5.56 186.47 1
5.57 185.69 1
5.58 184.57 1
5.59 182.92 1
5.6 181.43 1
5.61 179.91 1
5.62 178.18 1
5.63 177.46 1
5.64 173.97 1
5.65 171.27 1
5.66 169.3 1
5.67 165.72 1
5.68 164.84 1
5.69 161.82 1
5.7 163.02 1
5.71 163.24 1
5.72 167.07 1
5.73 170.61 1
5.74 177.84 1
5.75 182.16 1
5.76 184.94 1
5.77 191.12 1
5.78 194.24 1
5.79 195.76 1
5.8 195.44 1
5.81 194.69 1
5.82 192.24 1
5.83 189.56 1
5.84 188.07 1
5.85 187.27 1
5.86 185.72 1
5.87 185.72 1
5.88 187.28 1
5.89 186.49 1
5.9 185.72 1
5.91 186.48 1
5.92 185.7 1
5.93 184.86 1
5.94 183.82 1
5.95 183.81 1
5.96 184.14 1
5.97 183.38 1
5.98 183.37 1
5.99 184.14 1
6.0 203.72 1
6.01 184.91 1
6.02 181.11 1
6.03 183.99 1
6.04 182.29 1
6.05 184.2 1
6.06 182.67 1
6.07 194.69 1
6.08 197.61 1
6.09 198.9 1
6.1 197.31 1
6.11 195.63 1
6.12 195.54 1
6.13 187.93 1
6.14 186.06 1
6.15 185.69 1
6.16 185.57 1
6.17 184.93 1
6.18 186.58 1
6.19 184.95 1
6.2 186.47 1
6.21 185.34 1
6.22 181.46 1
6.23 188.42 1
6.24 182.76 1
6.25 184.56 1
6.26 183.23 1
6.27 183.45 1
6.28 184.13 1
6.29 182.52 1
6.3 183.21 1
6.31 186.46 1
6.32 362.24 1
6.33 354.28 1
6.34 183.33 1
6.35 188.02 1
6.36 182.18 1
6.37 182.13 1
6.38 181.28 1
6.39 184.13 1
6.4 184.12 1
6.41 179.63 1
6.42 182.91 1
6.43 184.4 1
6.44 182.26 1
6.45 181.96 1
6.46 180.95 1
6.47 185.68 1
6.48 187.26 1
6.49 201.28 1
6.5 183.4 1
6.51 194.68 1
6.52 200.68 1
6.53 216.47 1
6.54 210.93 1
6.55 213.52 1
6.56 214.76 1
6.57 216.65 1
6.58 213.52 1
6.59 210.03 1
6.6 208.63 1
6.61 207.54 1
6.62 205.11 1
6.63 202.2 1
6.64 197.32 1
6.65 192.48 1
6.66 186.5 1
6.67 183.11 1
6.68 179.97 1
6.69 178.18 1
6.7 178.18 1
6.71 179.2 1
6.72 179.66 1
6.73 184.6 1
6.74 178.19 1
6.75 181.62 1
6.76 188.23 1
6.77 176.76 1
6.78 222.14 1
6.79 217.74 1
6.8 217.77 1
6.81 219.92 1
6.82 218.82 1
6.83 219.06 1
6.84 220.88 1
6.85 221.44 1
6.86 220.85 1
6.87 218.44 1
6.88 214.59 1
6.89 209.79 1
6.9 203.73 1
6.91 199.91 1
6.92 195.53 1
6.93 190.13 1
6.94 185.77 1
6.95 185.7 1
6.96 184.92 1
6.97 183.15 1
6.98 182.34 1
6.99 182.52 1
7.0 184.16 1
7.01 191.56 1
7.02 209.52 1
7.03 229.1 1
7.04 252.19 1
7.05 264.87 1
7.06 278.59 1
7.07 301.86 1
7.08 298.99 1
7.09 276.48 1
7.1 261.75 1
7.11 232.73 1
7.12 187.24 1
7.13 180.95 1
7.14 190.51 1
7.15 183.37 1
7.16 193.86 1
7.17 198.2 1
7.18 221.26 1
7.19 221.28 1
7.2 223.36 1
7.21 222.54 1
7.22 223.19 1
7.23 223.85 1
7.24 224.28 1
7.25 223.67 1
7.26 221.74 1
7.27 219.73 1
7.28 218.58 1
7.29 217.45 1
7.3 218.06 1
7.31 219.21 1
7.32 219.57 1
7.33 220.56 1
7.34 221.69 1
7.35 222.74 1
7.36 222.87 1
7.37 222.56 1
7.38 217.78 1
7.39 214.13 1
7.4 204.23 1
7.41 197.32 1
7.42 207.55 1
7.43 187.27 1
7.44 187.27 1
7.45 195.79 1
7.46 219.93 1
7.47 220.0 1
7.48 222.24 1
7.49 222.61 1
7.5 222.52 1
7.51 221.91 1
7.52 222.02 1
7.53 221.73 1
7.54 221.38 1
7.55 221.02 1
7.56 219.57 1
7.57 216.85 1
7.58 213.54 1
7.59 206.19 1
7.6 198.62 1
7.61 190.57 1
7.62 185.34 1
7.63 182.55 1
7.64 181.71 1
7.65 181.06 1
7.66 180.41 1
7.67 179.54 1
7.68 178.19 1
7.69 181.86 1
7.7 181.11 1
7.71 178.2 1
7.72 176.62 1
7.73 179.97 1
7.74 181.03 1
7.75 183.78 1
7.76 184.94 1
7.77 192.87 1
7.78 194.68 1
7.79 194.47 1
7.8 195.09 1
7.81 195.22 1
7.82 196.35 1
7.83 194.74 1
7.84 195.01 1
7.85 195.07 1
7.86 194.78 1
7.87 193.75 1
7.88 189.66 1
7.89 185.3 1
7.9 179.61 1
7.91 174.63 1
7.92 171.8 1
7.93 169.91 1
7.94 168.03 1
7.95 167.7 1
7.96 167.17 1
7.97 159.53 1
7.98 75.57 1
7.99 74.55 1
8.0 74.58 1
8.01 74.56 1
8.02 75.7 1
8.03 74.56 1
8.04 74.55 1
8.05 90.28 1
8.06 90.61 1
8.07 192.94 1
8.08 190.6 1
8.09 193.79 1
8.1 193.81 1
8.11 190.19 1
8.12 190.67 1
8.13 191.3 1
8.14 191.28 1
8.15 189.46 1
8.16 188.06 1
8.17 186.49 1
8.18 185.69 1
8.19 184.22 1
8.2 181.7 1
8.21 177.27 1
8.22 176.0 1
8.23 170.62 1
8.24 168.61 1
8.25 166.94 1
8.26 165.36 1
8.27 164.84 1
8.28 163.62 1
8.29 162.68 1
8.3 162.31 1
8.31 162.94 1
8.32 163.37 1
8.33 166.37 1
8.34 174.63 1
8.35 182.8 1
8.36 188.09 1
8.37 198.34 1
8.38 206.57 1
8.39 213.35 1
8.4 218.6 1
8.41 222.75 1
8.42 224.99 1
8.43 226.12 1
8.44 225.01 1
8.45 222.62 1
8.46 220.09 1
8.47 217.07 1
8.48 213.62 1
8.49 208.52 1
8.5 203.71 1
8.51 200.12 1
8.52 197.56 1
8.53 194.69 1
8.54 194.63 1
8.55 190.21 1
8.56 187.32 1
8.57 184.95 1
8.58 184.13 1
8.59 183.81 1
8.6 183.71 1
8.61 184.16 1
8.62 185.72 1
8.63 186.53 1
8.64 188.08 1
8.65 184.86 1
8.66 181.18 1
8.67 191.28 1
8.68 184.9 1
8.69 184.5 1
8.7 186.38 1
8.71 201.95 1
8.72 202.61 1
8.73 203.93 1
8.74 201.94 1
8.75 197.25 1
8.76 186.46 1
8.77 179.76 1
8.78 178.17 1
8.79 177.45 1
8.8 178.15 1
8.81 177.46 1
8.82 178.0 1
8.83 179.75 1
8.84 182.58 1
8.85 183.59 1
8.86 182.73 1
8.87 180.25 1
8.88 177.19 1
8.89 181.09 1
8.9 74.49 1
8.91 74.59 1
8.92 77.2 1
8.93 74.4 1
8.94 74.5 1
8.95 74.51 1
8.96 75.54 1
8.97 73.95 1
8.98 74.57 1
8.99 74.31 1
9.0 74.51 1
9.01 74.07 1
9.02 74.65 1
9.03 74.43 1
9.04 74.51 1
9.05 74.53 1
9.06 74.51 1
9.07 74.54 1
9.08 74.55 1
9.09 74.49 1
9.1 74.51 1
9.11 74.51 1
9.12 74.51 1
9.13 74.53 1
9.14 74.52 1
9.15 74.51 1
9.16 74.52 1
9.17 74.42 1
9.18 0.0 1
9.19 213.75 1
9.2 208.53 1
9.21 207.57 1
9.22 205.69 1
9.23 203.75 1
9.24 204.66 1
9.25 202.77 1
9.26 203.78 1
9.27 204.72 1
9.28 206.66 1
9.29 210.55 1
9.3 215.54 1
9.31 216.66 1
9.32 219.93 1
9.33 223.62 1
9.34 227.96 1
9.35 228.11 1
9.36 244.19 1
9.37 247.8 1
9.38 253.76 1
9.39 257.27 1
9.4 260.33 1
9.41 266.56 1
9.42 281.75 1
9.43 282.35 1
9.44 280.0 1
9.45 280.02 1
9.46 281.8 1
9.47 285.73 1
9.48 289.13 1
9.49 293.53 1
9.5 295.77 1
9.51 295.57 1
9.52 296.42 1
9.53 297.85 1
9.54 299.25 1
9.55 299.0 1
9.56 295.14 1
9.57 296.98 1
9.58 295.64 1
9.59 293.03 1
9.6 290.72 1
9.61 288.82 1
9.62 284.63 1
9.63 279.95 1
9.64 272.96 1
9.65 258.18 1
9.66 248.2 1
9.67 242.65 1
9.68 239.95 1
9.69 240.37 1
9.7 243.19 1
9.71 248.88 1
9.72 257.21 1
9.73 268.29 1
9.74 279.19 1
9.75 290.03 1
9.76 293.94 1
9.77 293.02 1
9.78 284.22 1
9.79 282.79 1
9.8 205.51 1
9.81 188.73 1
9.82 194.96 1
9.83 199.11 1
9.84 203.7 1
9.85 203.71 1
9.86 204.16 1
9.87 208.53 1
9.88 214.61 1
9.89 217.61 1
9.9 218.87 1
9.91 219.3 1
9.92 219.31 1
9.93 220.17 1
9.94 219.69 1
9.95 219.19 1
9.96 219.4 1
9.97 218.33 1
9.98 218.0 1
9.99 220.01 1
10.0 221.75 1
10.01 222.75 1
10.02 223.4 1
10.03 224.23 1
10.04 224.73 1
10.05 224.84 1
10.06 223.25 1
10.07 220.74 1
10.08 211.55 1
10.09 214.01 1
10.1 0.0 1
10.11 0.0 1
10.12 0.0 1
10.13 0.0 1
10.14 0.0 1
10.15 214.56 1
10.16 220.39 1
10.17 224.0 1
10.18 224.62 1
10.19 223.8 1
10.2 223.76 1
10.21 223.26 1
10.22 223.72 1
10.23 223.75 1
10.24 223.44 1
10.25 222.04 1
10.26 219.47 1
10.27 215.86 1
10.28 211.47 1
10.29 202.43 1
10.3 193.82 1
10.31 185.7 1
10.32 183.67 1
10.33 183.76 1
10.34 183.64 1
10.35 184.01 1
10.36 183.53 1
10.37 182.96 1
10.38 182.49 1
10.39 183.19 1
10.4 182.62 1
10.41 183.0 1
10.42 176.88 1
10.43 180.09 1
10.44 181.99 1
10.45 175.93 1
10.46 184.46 1
10.47 186.52 1
10.48 193.01 1
10.49 194.72 1
10.5 197.79 1
10.51 198.77 1
10.52 99.65 1
10.53 99.44 1
10.54 99.12 1
10.55 98.08 1
10.56 193.79 1
10.57 188.61 1
10.58 183.34 1
10.59 176.84 1
10.6 175.94 1
10.61 171.76 1
10.62 173.77 1
10.63 168.55 1
10.64 168.0 1
10.65 167.98 1
