0.01 198.64 1
0.02 191.74 1
0.03 203.48 1
0.04 192.54 1
0.05 202.27 1
0.06 200.9 1
0.07 194.29 1
0.08 187.26 1
0.09 183.27 1
0.1 184.66 1
0.11 175.87 1
0.12 181.85 1
0.13 184.28 1
0.14 187.27 1
0.15 197.31 1
0.16 199.06 1
0.17 200.01 1
0.18 201.84 1
0.19 205.58 1
0.2 198.94 1
0.21 195.22 1
0.22 188.87 1
0.23 183.36 1
0.24 175.34 1
0.25 175.34 1
0.26 176.3 1
0.27 183.38 1
0.28 195.55 1
0.29 202.92 1
0.3 208.52 1
0.31 215.64 1
0.32 234.13 1
0.33 241.63 1
0.34 246.68 1
0.35 247.06 1
0.36 243.01 1
0.37 227.26 1
0.38 208.52 1
0.39 195.23 1
0.4 181.16 1
0.41 179.3 1
0.42 181.1 1
0.43 182.87 1
0.44 184.91 1
0.45 191.11 1
0.46 195.45 1
0.47 199.02 1
0.48 208.49 1
0.49 201.86 1
0.5 204.94 1
0.51 202.81 1
0.52 188.33 1
0.53 190.21 1
0.54 188.06 1
0.55 174.87 1
0.56 163.04 1
0.57 163.15 1
0.58 159.5 1
0.59 164.85 1
0.6 170.87 1
0.61 166.98 1
0.62 186.74 1
0.63 200.0 1
0.64 203.7 1
0.65 212.26 1
0.66 217.35 1
0.67 219.95 1
0.68 201.83 1
0.69 205.98 1
0.7 198.2 1
0.71 183.37 1
0.72 176.75 1
0.73 163.03 1
0.74 165.47 1
0.75 162.66 1
0.76 165.48 1
0.77 166.73 1
0.78 163.79 1
0.79 176.75 1
0.8 176.75 1
0.81 178.94 1
0.82 182.88 1
0.83 185.75 1
0.84 183.92 1
0.85 178.91 1
0.86 177.57 1
0.87 170.08 1
0.88 163.32 1
0.89 163.27 1
0.9 150.77 1
0.91 151.8 1
0.92 150.25 1
0.93 150.25 1
0.94 148.66 1
0.95 74.68 1
0.96 72.23 1
0.97 72.58 1
0.98 74.56 1
0.99 74.52 1
1.0 74.43 1
1.01 74.57 1
1.02 74.63 1
1.03 74.68 1
1.04 74.73 1
1.05 74.57 1
1.06 74.26 1
1.07 74.64 1
1.08 71.64 1
1.09 78.54 1
1.1 152.84 1
1.11 144.37 1
1.12 138.89 1
1.13 146.76 1
1.14 148.24 1
1.15 149.12 1
1.16 149.51 1
1.17 164.85 1
1.18 167.98 1
1.19 203.83 1
1.2 201.11 1
1.21 200.03 1
1.22 224.6 1
1.23 206.74 1
1.24 214.35 1
1.25 203.77 1
1.26 196.91 1
1.27 183.34 1
1.28 177.21 1
1.29 163.08 1
1.3 157.82 1
1.31 162.54 1
1.32 163.95 1
1.33 172.62 1
1.34 182.59 1
1.35 200.95 1
1.36 204.82 1
1.37 109.07 1
1.38 111.24 1
1.39 223.12 1
1.4 221.04 1
1.41 214.54 1
1.42 202.74 1
1.43 187.26 1
1.44 180.57 1
1.45 169.16 1
1.46 163.91 1
1.47 163.66 1
1.48 166.59 1
1.49 171.27 1
1.5 177.55 1
1.51 182.09 1
1.52 182.61 1
1.53 198.36 1
1.54 198.31 1
1.55 198.07 1
1.56 196.83 1
1.57 188.86 1
1.58 182.1 1
1.59 176.76 1
1.6 158.35 1
1.61 151.5 1
1.62 148.15 1
1.63 147.73 1
1.64 147.99 1
1.65 150.25 1
1.66 158.93 1
1.67 166.1 1
1.68 177.47 1
1.69 188.05 1
1.7 202.83 1
1.71 204.87 1
1.72 213.31 1
1.73 208.8 1
1.74 200.1 1
1.75 195.68 1
1.76 180.36 1
1.77 176.06 1
1.78 158.38 1
1.79 152.84 1
1.8 149.1 1
1.81 147.27 1
1.82 149.74 1
1.83 152.84 1
1.84 149.71 1
1.85 148.74 1
1.86 151.8 1
1.87 150.77 1
1.88 152.32 1
1.89 151.26 1
1.9 147.27 1
1.91 134.66 1
1.92 149.23 1
1.93 160.7 1
1.94 159.6 1
1.95 145.82 1
1.96 145.34 1
1.97 123.67 1
1.98 137.17 1
1.99 161.36 1
2.0 172.22 1
2.01 184.9 1
2.02 171.27 1
2.03 176.92 1
2.04 173.43 1
2.05 150.73 1
2.06 135.89 1
2.07 124.97 1
2.08 118.59 1
2.09 148.75 1
2.1 111.19 1
2.11 111.47 1
2.12 117.39 1
2.13 123.92 1
2.14 130.94 1
2.15 141.58 1
2.16 144.37 1
2.17 146.07 1
2.18 147.25 1
2.19 147.04 1
2.2 146.27 1
2.21 145.76 1
2.22 146.21 1
2.23 145.8 1
2.24 147.06 1
2.25 147.23 1
2.26 146.27 1
2.27 147.4 1
2.28 146.4 1
2.29 144.97 1
2.3 144.35 1
2.31 144.76 1
2.32 146.77 1
2.33 153.13 1
2.34 157.8 1
2.35 170.62 1
2.36 184.13 1
2.37 190.5 1
2.38 195.84 1
2.39 197.07 1
2.4 194.97 1
2.41 189.68 1
2.42 181.28 1
2.43 174.65 1
2.44 165.4 1
2.45 160.57 1
2.46 158.24 1
2.47 160.64 1
2.48 162.9 1
2.49 169.95 1
2.5 180.66 1
2.51 187.19 1
2.52 189.83 1
2.53 189.44 1
2.54 186.48 1
2.55 179.63 1
2.56 173.3 1
2.57 74.81 1
2.58 73.93 1
2.59 74.68 1
2.6 74.73 1
2.61 73.93 1
2.62 74.56 1
2.63 74.69 1
2.64 74.47 1
2.65 74.37 1
2.66 74.11 1
2.67 74.67 1
2.68 75.2 1
2.69 74.42 1
2.7 74.28 1
2.71 74.62 1
2.72 74.56 1
2.73 75.07 1
2.74 75.58 1
2.75 74.81 1
2.76 74.19 1
2.77 74.43 1
2.78 74.58 1
2.79 74.45 1
2.8 74.6 1
2.81 74.81 1
2.82 75.45 1
2.83 104.63 1
2.84 206.89 1
2.85 201.25 1
2.86 185.71 1
2.87 180.91 1
2.88 176.75 1
2.89 171.0 1
2.9 169.3 1
2.91 172.2 1
2.92 177.43 1
2.93 181.96 1
2.94 184.9 1
2.95 192.4 1
2.96 199.68 1
2.97 200.92 1
2.98 202.87 1
2.99 200.6 1
3.0 195.09 1
3.01 190.15 1
3.02 182.27 1
3.03 176.88 1
3.04 164.43 1
3.05 164.86 1
3.06 165.63 1
3.07 173.19 1
3.08 188.87 1
3.09 199.4 1
3.1 210.5 1
3.11 221.68 1
3.12 228.69 1
3.13 233.29 1
3.14 231.51 1
3.15 227.51 1
3.16 216.85 1
3.17 202.77 1
3.18 187.72 1
3.19 180.37 1
3.2 175.34 1
3.21 173.3 1
3.22 177.54 1
3.23 181.31 1
3.24 186.49 1
3.25 193.57 1
3.26 197.7 1
3.27 197.6 1
3.28 195.98 1
3.29 192.63 1
3.3 187.28 1
3.31 182.62 1
3.32 170.6 1
3.33 187.26 1
3.34 184.15 1
3.35 143.42 1
3.36 148.78 1
3.37 149.49 1
3.38 153.22 1
3.39 271.09 1
3.4 217.77 1
3.41 225.04 1
3.42 230.68 1
3.43 232.72 1
3.44 234.23 1
3.45 233.96 1
3.46 231.51 1
3.47 227.94 1
3.48 226.29 1
3.49 224.93 1
3.5 223.88 1
3.51 223.95 1
3.52 223.43 1
3.53 224.2 1
3.54 225.44 1
3.55 226.41 1
3.56 225.58 1
3.57 225.58 1
3.58 225.45 1
3.59 224.71 1
3.6 222.37 1
3.61 218.62 1
3.62 213.65 1
3.63 212.51 1
3.64 216.62 1
3.65 222.51 1
3.66 229.2 1
3.67 245.47 1
3.68 260.26 1
3.69 279.91 1
3.7 285.42 1
3.71 288.83 1
3.72 286.43 1
3.73 276.24 1
3.74 258.78 1
3.75 242.79 1
3.76 233.84 1
3.77 222.71 1
3.78 219.43 1
3.79 219.18 1
3.8 222.07 1
3.81 225.28 1
3.82 226.5 1
3.83 226.36 1
3.84 226.77 1
3.85 227.96 1
3.86 225.61 1
3.87 217.8 1
3.88 216.71 1
3.89 214.63 1
3.9 236.37 1
3.91 227.32 1
3.92 225.58 1
3.93 223.59 1
3.94 221.41 1
3.95 219.49 1
3.96 218.53 1
3.97 219.9 1
3.98 221.18 1
3.99 225.62 1
4.0 236.42 1
4.01 249.21 1
4.02 263.3 1
4.03 283.75 1
4.04 301.03 1
4.05 305.26 1
4.06 315.32 1
4.07 317.07 1
4.08 308.78 1
4.09 294.41 1
4.1 281.68 1
4.11 258.38 1
4.12 242.83 1
4.13 234.5 1
4.14 230.41 1
4.15 232.86 1
4.16 242.96 1
4.17 252.9 1
4.18 270.46 1
4.19 288.11 1
4.2 311.62 1
4.21 323.12 1
4.22 329.73 1
4.23 325.58 1
4.24 313.87 1
4.25 293.08 1
4.26 273.56 1
4.27 252.71 1
4.28 240.72 1
4.29 234.96 1
4.3 227.0 1
4.31 231.64 1
4.32 242.79 1
4.33 248.37 1
4.34 257.16 1
4.35 266.57 1
4.36 278.16 1
4.37 282.4 1
4.38 284.88 1
4.39 283.37 1
4.4 276.12 1
4.41 268.06 1
4.42 252.18 1
4.43 241.56 1
4.44 226.76 1
4.45 221.78 1
4.46 219.43 1
4.47 218.51 1
4.48 220.1 1
4.49 223.73 1
4.5 232.72 1
4.51 246.84 1
4.52 266.45 1
4.53 288.02 1
4.54 305.5 1
4.55 316.26 1
4.56 316.78 1
4.57 306.08 1
4.58 285.85 1
4.59 264.88 1
4.6 244.3 1
4.61 228.97 1
4.62 221.07 1
4.63 217.3 1
4.64 215.84 1
4.65 216.27 1
4.66 218.73 1
4.67 220.66 1
4.68 223.06 1
4.69 223.37 1
4.7 227.59 1
4.71 225.77 1
4.72 222.42 1
4.73 224.62 1
4.74 224.55 1
4.75 217.69 1
4.76 214.51 1
4.77 224.52 1
4.78 184.04 1
4.79 184.16 1
4.8 166.72 1
4.81 167.38 1
4.82 171.93 1
4.83 176.84 1
4.84 184.95 1
4.85 198.93 1
4.86 208.57 1
4.87 221.6 1
4.88 239.01 1
4.89 244.04 1
4.9 249.56 1
4.91 249.57 1
4.92 243.6 1
4.93 232.66 1
4.94 219.92 1
4.95 201.55 1
4.96 186.53 1
4.97 181.51 1
4.98 180.03 1
4.99 181.15 1
5.0 182.79 1
5.01 185.7 1
5.02 197.25 1
5.03 211.16 1
5.04 225.61 1
5.05 249.88 1
5.06 272.69 1
5.07 288.73 1
5.08 298.88 1
5.09 299.18 1
5.1 286.72 1
5.11 268.24 1
5.12 245.58 1
5.13 231.5 1
5.14 216.43 1
5.15 214.38 1
5.16 216.66 1
5.17 218.47 1
5.18 223.85 1
5.19 225.67 1
5.2 228.0 1
5.21 228.07 1
5.22 230.39 1
5.23 224.47 1
5.24 0.0 1
5.25 0.0 1
5.26 0.0 1
5.27 0.0 1
5.28 0.0 1
5.29 0.0 1
5.3 0.0 1
5.31 192.98 1
5.32 190.44 1
5.33 184.66 1
5.34 185.55 1
5.35 184.94 1
5.36 185.25 1
5.37 185.71 1
5.38 188.76 1
5.39 191.29 1
5.4 194.73 1
5.41 199.12 1
5.42 203.34 1
5.43 206.59 1
5.44 208.55 1
5.45 209.59 1
5.46 207.58 1
5.47 204.64 1
5.48 199.18 1
5.49 192.11 1
5.5 181.17 1
5.51 166.86 1
5.52 163.6 1
5.53 161.23 1
5.54 163.03 1
5.55 168.15 1
5.56 172.64 1
5.57 180.73 1
