0.01 184.1 1
0.02 178.9 1
0.03 172.32 1
0.04 176.74 1
0.05 186.56 1
0.06 192.16 1
0.07 192.15 1
0.08 186.9 1
0.09 183.4 1
0.1 179.54 1
0.11 178.9 1
0.12 185.98 1
0.13 196.45 1
0.14 185.04 1
0.15 179.89 1
0.16 189.66 1
0.17 194.53 1
0.18 184.55 1
0.19 183.37 1
0.2 185.69 1
0.21 194.11 1
0.22 186.87 1
0.23 181.86 1
0.24 184.13 1
0.25 191.86 1
0.26 184.88 1
0.27 180.58 1
0.28 181.11 1
0.29 184.89 1
0.3 184.56 1
0.31 181.46 1
0.32 185.67 1
0.33 188.11 1
0.34 184.13 1
0.35 181.79 1
0.36 183.43 1
0.37 203.69 1
0.38 192.94 1
0.39 182.86 1
0.4 184.27 1
0.41 185.61 1
0.42 185.17 1
0.43 182.89 1
0.44 183.63 1
0.45 186.47 1
0.46 188.07 1
0.47 193.03 1
0.48 196.45 1
0.49 189.7 1
0.5 192.16 1
0.51 186.97 1
0.52 187.49 1
0.53 184.84 1
0.54 178.15 1
0.55 160.64 1
0.56 155.8 1
0.57 153.33 1
0.58 155.03 1
0.59 162.55 1
0.6 167.32 1
0.61 167.96 1
0.62 188.87 1
0.63 196.23 1
0.64 204.71 1
0.65 201.6 1
0.66 219.76 1
0.67 199.15 1
0.68 194.01 1
0.69 185.79 1
0.7 175.89 1
0.71 166.85 1
0.72 165.48 1
0.73 155.06 1
0.74 157.49 1
0.75 167.16 1
0.76 175.34 1
0.77 187.26 1
0.78 191.32 1
0.79 214.54 1
0.8 221.58 1
0.81 221.91 1
0.82 219.76 1
0.83 194.92 1
0.84 199.18 1
0.85 181.88 1
0.86 165.74 1
0.87 165.86 1
0.88 163.61 1
0.89 162.06 1
0.9 164.21 1
0.91 166.78 1
0.92 172.56 1
0.93 180.54 1
0.94 184.92 1
0.95 192.75 1
0.96 193.57 1
0.97 194.69 1
0.98 186.69 1
0.99 180.78 1
1.0 151.72 1
1.01 179.63 1
1.02 193.0 1
1.03 197.34 1
1.04 158.92 1
1.05 156.61 1
1.06 145.8 1
1.07 148.24 1
1.08 148.04 1
1.09 148.56 1
1.1 148.6 1
1.11 148.8 1
1.12 149.45 1
1.13 151.27 1
1.14 148.93 1
1.15 148.53 1
1.16 149.49 1
1.17 146.34 1
1.18 149.05 1
1.19 149.39 1
1.2 150.75 1
1.21 149.07 1
1.22 145.8 1
1.23 146.29 1
1.24 146.77 1
1.25 149.21 1
1.26 159.5 1
1.27 165.47 1
1.28 177.29 1
1.29 187.27 1
1.3 184.89 1
1.31 0.0 1
1.32 0.0 1
1.33 0.0 1
1.34 0.0 1
1.35 0.0 1
1.36 202.75 1
1.37 186.39 1
1.38 185.06 1
1.39 165.85 1
1.4 163.1 1
1.41 155.1 1
1.42 155.41 1
1.43 160.66 1
1.44 164.6 1
1.45 169.31 1
1.46 176.61 1
1.47 181.18 1
1.48 184.14 1
1.49 185.7 1
1.5 185.7 1
1.51 185.69 1
1.52 184.72 1
1.53 183.67 1
1.54 182.58 1
1.55 182.79 1
1.56 181.57 1
1.57 181.32 1
1.58 182.72 1
1.59 183.37 1
1.6 184.16 1
1.61 185.73 1
1.62 184.47 1
1.63 187.22 1
1.64 182.6 1
1.65 182.93 1
1.66 184.89 1
1.67 183.38 1
1.68 186.15 1
1.69 191.29 1
1.7 186.25 1
1.71 174.64 1
1.72 176.02 1
1.73 177.46 1
1.74 181.58 1
1.75 188.07 1
1.76 192.48 1
1.77 197.08 1
1.78 193.59 1
1.79 0.0 1
1.8 0.0 1
1.81 0.0 1
1.82 0.0 1
1.83 0.0 1
1.84 0.0 1
1.85 0.0 1
1.86 0.0 1
1.87 0.0 1
1.88 0.0 1
1.89 0.0 1
1.9 0.0 1
1.91 0.0 1
1.92 0.0 1
1.93 0.0 1
1.94 0.0 1
1.95 0.0 1
1.96 0.0 1
1.97 0.0 1
1.98 74.5 1
1.99 74.31 1
2.0 74.55 1
2.01 74.51 1
2.02 73.81 1
2.03 71.99 1
2.04 73.46 1
2.05 74.79 1
2.06 74.51 1
2.07 0.0 1
2.08 0.0 1
2.09 0.0 1
2.1 0.0 1
2.11 0.0 1
2.12 0.0 1
2.13 0.0 1
2.14 0.0 1
2.15 0.0 1
2.16 0.0 1
2.17 157.22 1
2.18 144.38 1
2.19 145.31 1
2.2 138.46 1
2.21 129.85 1
2.22 126.8 1
2.23 126.54 1
2.24 121.9 1
2.25 119.37 1
2.26 118.76 1
2.27 94.94 1
2.28 74.43 1
2.29 73.57 1
2.3 74.31 1
2.31 74.52 1
2.32 74.31 1
2.33 74.67 1
2.34 73.44 1
2.35 156.66 1
2.36 150.83 1
2.37 149.23 1
2.38 147.83 1
2.39 147.09 1
2.4 148.08 1
2.41 149.46 1
2.42 149.17 1
2.43 147.25 1
2.44 149.35 1
2.45 150.27 1
2.46 149.12 1
2.47 142.95 1
2.48 144.36 1
2.49 149.32 1
2.5 152.86 1
2.51 148.74 1
2.52 143.88 1
2.53 146.76 1
2.54 137.01 1
2.55 143.07 1
2.56 145.79 1
2.57 152.73 1
2.58 166.09 1
2.59 167.37 1
2.6 178.61 1
2.61 181.86 1
2.62 184.61 1
2.63 186.83 1
2.64 180.38 1
2.65 182.76 1
2.66 194.66 1
2.67 195.44 1
2.68 185.16 1
2.69 188.88 1
2.7 175.31 1
2.71 170.63 1
2.72 167.63 1
2.73 165.41 1
2.74 164.24 1
2.75 164.38 1
2.76 165.7 1
2.77 170.61 1
2.78 177.59 1
2.79 181.7 1
2.8 186.48 1
2.81 193.62 1
2.82 196.21 1
2.83 196.78 1
2.84 193.28 1
2.85 190.08 1
2.86 186.47 1
2.87 182.9 1
2.88 178.82 1
2.89 178.62 1
2.9 180.99 1
2.91 184.16 1
2.92 191.33 1
2.93 188.82 1
2.94 200.94 1
2.95 184.25 1
2.96 183.84 1
2.97 189.71 1
2.98 197.31 1
2.99 201.85 1
3.0 194.67 1
3.01 193.85 1
3.02 178.15 1
3.03 176.03 1
3.04 177.29 1
3.05 179.68 1
3.06 184.14 1
3.07 189.71 1
3.08 194.72 1
3.09 202.83 1
3.1 208.63 1
3.11 187.26 1
3.12 197.59 1
3.13 184.15 1
3.14 201.21 1
3.15 193.75 1
3.16 188.87 1
3.17 176.72 1
3.18 169.75 1
3.19 170.61 1
3.2 175.18 1
3.21 180.24 1
3.22 184.95 1
3.23 194.49 1
3.24 198.07 1
3.25 201.84 1
3.26 212.55 1
3.27 204.68 1
3.28 198.72 1
3.29 183.28 1
3.3 201.98 1
3.31 185.63 1
3.32 182.57 1
3.33 177.41 1
3.34 171.25 1
3.35 184.12 1
3.36 202.81 1
3.37 229.12 1
3.38 257.19 1
3.39 278.97 1
3.4 293.68 1
3.41 294.99 1
3.42 289.16 1
3.43 280.83 1
3.44 283.6 1
3.45 251.31 1
3.46 189.68 1
3.47 204.65 1
3.48 215.14 1
3.49 216.7 1
3.5 217.99 1
3.51 218.85 1
3.52 220.74 1
3.53 221.94 1
3.54 223.6 1
3.55 225.59 1
3.56 227.96 1
3.57 228.29 1
3.58 224.48 1
3.59 215.71 1
3.6 192.96 1
3.61 200.92 1
3.62 161.63 1
3.63 169.92 1
3.64 181.78 1
3.65 176.77 1
3.66 168.31 1
3.67 168.65 1
3.68 171.64 1
3.69 179.03 1
3.7 185.71 1
3.71 193.85 1
3.72 204.65 1
3.73 203.87 1
3.74 198.08 1
3.75 209.55 1
3.76 203.72 1
3.77 175.31 1
3.78 188.86 1
3.79 173.79 1
3.8 155.58 1
3.81 163.04 1
3.82 152.32 1
3.83 152.94 1
3.84 164.19 1
3.85 166.74 1
3.86 180.98 1
3.87 188.63 1
3.88 197.18 1
3.89 202.37 1
3.9 197.29 1
3.91 148.2 1
3.92 197.78 1
3.93 180.75 1
3.94 175.18 1
3.95 170.49 1
3.96 161.28 1
3.97 152.35 1
3.98 141.94 1
3.99 143.39 1
4.0 158.95 1
4.01 171.28 1
4.02 183.0 1
4.03 189.78 1
4.04 203.25 1
4.05 209.55 1
4.06 215.23 1
4.07 215.32 1
4.08 214.56 1
4.09 207.36 1
4.1 199.44 1
4.11 190.49 1
4.12 182.15 1
4.13 174.75 1
4.14 172.71 1
4.15 171.95 1
4.16 175.35 1
4.17 180.3 1
4.18 184.18 1
4.19 191.36 1
4.2 196.51 1
4.21 197.25 1
4.22 182.62 1
4.23 185.95 1
4.24 200.94 1
4.25 210.36 1
4.26 209.56 1
4.27 203.58 1
4.28 183.95 1
4.29 169.57 1
4.3 168.36 1
4.31 173.99 1
4.32 180.0 1
4.33 182.6 1
4.34 206.57 1
4.35 208.55 1
4.36 214.54 1
4.37 209.43 1
4.38 0.0 1
4.39 0.0 1
4.4 0.0 1
4.41 0.0 1
4.42 167.99 1
4.43 177.41 1
4.44 188.96 1
4.45 171.95 1
4.46 175.93 1
4.47 196.21 1
4.48 219.03 1
4.49 242.34 1
4.5 257.19 1
4.51 287.71 1
4.52 306.86 1
4.53 303.23 1
4.54 330.53 1
4.55 320.59 1
4.56 310.63 1
4.57 327.88 1
4.58 300.57 1
4.59 281.76 1
4.6 254.19 1
4.61 246.97 1
4.62 241.45 1
4.63 244.27 1
4.64 256.09 1
4.65 276.52 1
4.66 297.0 1
4.67 314.97 1
4.68 324.8 1
4.69 326.33 1
4.7 315.34 1
4.71 293.8 1
4.72 263.58 1
4.73 225.63 1
4.74 205.36 1
4.75 223.94 1
4.76 224.54 1
4.77 227.07 1
4.78 227.75 1
4.79 228.98 1
4.8 230.06 1
4.81 230.34 1
4.82 230.78 1
4.83 227.95 1
4.84 225.7 1
4.85 225.61 1
4.86 220.57 1
4.87 193.45 1
4.88 180.35 1
4.89 176.74 1
4.9 173.31 1
4.91 168.04 1
4.92 168.0 1
4.93 164.5 1
4.94 168.92 1
4.95 183.89 1
4.96 196.45 1
4.97 206.57 1
4.98 223.34 1
4.99 230.36 1
5.0 228.0 1
5.01 225.58 1
5.02 0.0 1
5.03 0.0 1
5.04 0.0 1
5.05 0.0 1
5.06 150.27 1
5.07 144.89 1
5.08 142.49 1
5.09 165.25 1
5.1 171.29 1
5.11 184.93 1
5.12 201.86 1
5.13 221.1 1
5.14 231.56 1
5.15 244.65 1
5.16 247.0 1
