0.01 74.44 1
0.02 74.57 1
0.03 74.56 1
0.04 74.63 1
0.05 74.64 1
0.06 74.82 1
0.07 74.65 1
0.08 74.68 1
0.09 74.61 1
0.1 74.68 1
0.11 74.69 1
0.12 74.57 1
0.13 74.56 1
0.14 74.53 1
0.15 74.56 1
0.16 74.51 1
0.17 74.64 1
0.18 74.52 1
0.19 74.81 1
0.2 74.56 1
0.21 74.51 1
0.22 0.0 1
0.23 0.0 1
0.24 0.0 1
0.25 0.0 1
0.26 0.0 1
0.27 0.0 1
0.28 0.0 1
0.29 0.0 1
0.3 0.0 1
0.31 151.19 1
0.32 148.94 1
0.33 150.2 1
0.34 149.22 1
0.35 150.68 1
0.36 223.97 1
0.37 233.1 1
0.38 223.09 1
0.39 224.28 1
0.4 221.28 1
0.41 220.39 1
0.42 220.75 1
0.43 220.72 1
0.44 220.56 1
0.45 220.65 1
0.46 220.98 1
0.47 221.82 1
0.48 222.27 1
0.49 222.23 1
0.5 221.5 1
0.51 220.83 1
0.52 220.69 1
0.53 220.79 1
0.54 221.25 1
0.55 221.46 1
0.56 220.31 1
0.57 219.04 1
0.58 218.23 1
0.59 217.95 1
0.6 219.79 1
0.61 222.23 1
0.62 224.61 1
0.63 226.12 1
0.64 226.67 1
0.65 226.72 1
0.66 224.99 1
0.67 221.14 1
0.68 216.3 1
0.69 212.47 1
0.7 205.66 1
0.71 208.53 1
0.72 211.54 1
0.73 219.94 1
0.74 229.19 1
0.75 249.83 1
0.76 261.79 1
0.77 279.95 1
0.78 291.1 1
0.79 298.45 1
0.8 301.6 1
0.81 301.81 1
0.82 296.98 1
0.83 288.65 1
0.84 280.82 1
0.85 274.75 1
0.86 269.56 1
0.87 258.69 1
0.88 255.69 1
0.89 253.59 1
0.9 251.53 1
0.91 250.75 1
0.92 249.56 1
0.93 249.63 1
0.94 249.74 1
0.95 250.97 1
0.96 251.49 1
0.97 252.48 1
0.98 253.26 1
0.99 253.46 1
1.0 252.71 1
1.01 252.45 1
1.02 253.1 1
1.03 255.42 1
1.04 258.7 1
1.05 262.3 1
1.06 269.43 1
1.07 275.72 1
1.08 279.98 1
1.09 281.68 1
1.1 280.68 1
1.11 278.81 1
1.12 274.73 1
1.13 268.07 1
1.14 254.32 1
1.15 246.82 1
1.16 235.39 1
1.17 227.97 1
1.18 225.22 1
1.19 224.33 1
1.2 224.43 1
1.21 224.08 1
1.22 224.2 1
1.23 224.65 1
1.24 225.01 1
1.25 225.99 1
1.26 226.77 1
1.27 227.95 1
1.28 227.96 1
1.29 226.82 1
1.3 225.6 1
1.31 222.43 1
1.32 216.72 1
1.33 221.09 1
1.34 218.67 1
1.35 219.95 1
1.36 219.96 1
1.37 223.3 1
1.38 235.2 1
1.39 248.46 1
1.4 271.38 1
1.41 280.01 1
1.42 293.76 1
1.43 307.21 1
1.44 291.15 1
1.45 298.51 1
1.46 293.03 1
1.47 287.27 1
1.48 278.63 1
1.49 268.08 1
1.5 257.29 1
1.51 251.77 1
1.52 243.43 1
1.53 241.53 1
1.54 238.42 1
1.55 241.44 1
1.56 244.34 1
1.57 251.27 1
1.58 257.22 1
1.59 268.63 1
1.6 278.5 1
1.61 288.29 1
1.62 291.23 1
1.63 297.14 1
1.64 302.21 1
1.65 298.65 1
1.66 292.24 1
1.67 285.1 1
1.68 277.08 1
1.69 271.32 1
1.7 264.33 1
1.71 254.49 1
1.72 253.84 1
1.73 251.15 1
1.74 249.17 1
1.75 247.25 1
1.76 245.92 1
1.77 244.92 1
1.78 242.31 1
1.79 239.62 1
1.8 238.4 1
1.81 237.02 1
1.82 237.3 1
1.83 240.19 1
1.84 246.52 1
1.85 253.29 1
1.86 258.8 1
1.87 271.43 1
1.88 281.85 1
1.89 289.27 1
1.9 293.14 1
1.91 307.25 1
1.92 307.16 1
1.93 306.9 1
1.94 307.3 1
1.95 301.2 1
1.96 301.16 1
1.97 301.95 1
1.98 299.07 1
1.99 299.07 1
2.0 299.95 1
2.01 299.26 1
2.02 296.99 1
2.03 295.03 1
2.04 294.3 1
2.05 293.71 1
2.06 292.61 1
2.07 291.19 1
2.08 292.3 1
2.09 293.36 1
2.1 294.19 1
2.11 294.99 1
2.12 295.4 1
2.13 295.07 1
2.14 296.91 1
2.15 297.14 1
2.16 297.03 1
2.17 297.07 1
2.18 299.68 1
2.19 300.49 1
2.2 301.73 1
2.21 302.31 1
2.22 300.29 1
2.23 295.28 1
2.24 292.28 1
2.25 283.46 1
2.26 276.23 1
2.27 259.64 1
2.28 248.42 1
2.29 245.66 1
2.3 244.8 1
2.31 244.91 1
2.32 245.85 1
2.33 248.23 1
2.34 251.29 1
2.35 251.77 1
2.36 245.25 1
2.37 248.17 1
2.38 225.2 1
2.39 247.15 1
2.4 242.98 1
2.41 189.4 1
2.42 208.5 1
2.43 191.14 1
2.44 237.75 1
2.45 275.14 1
2.46 282.99 1
2.47 292.98 1
2.48 297.19 1
2.49 295.03 1
2.5 296.48 1
2.51 295.0 1
2.52 294.78 1
2.53 293.66 1
2.54 293.07 1
2.55 294.26 1
2.56 294.99 1
2.57 293.17 1
2.58 295.07 1
2.59 295.09 1
2.6 297.02 1
2.61 297.03 1
2.62 297.02 1
2.63 295.06 1
2.64 295.03 1
2.65 296.99 1
2.66 298.52 1
2.67 297.03 1
2.68 297.01 1
2.69 295.08 1
2.7 295.04 1
2.71 294.82 1
2.72 293.04 1
2.73 292.49 1
2.74 292.09 1
2.75 293.07 1
2.76 301.1 1
2.77 316.51 1
2.78 335.8 1
2.79 348.76 1
2.8 370.38 1
2.81 385.06 1
2.82 390.14 1
2.83 391.59 1
2.84 386.88 1
2.85 377.69 1
2.86 367.94 1
2.87 359.11 1
2.88 350.39 1
2.89 340.63 1
2.9 338.13 1
2.91 335.7 1
2.92 333.05 1
2.93 332.03 1
2.94 331.62 1
2.95 331.84 1
2.96 331.28 1
2.97 332.08 1
2.98 332.52 1
2.99 331.88 1
3.0 331.15 1
3.01 330.59 1
3.02 329.99 1
3.03 328.53 1
3.04 328.04 1
3.05 328.77 1
3.06 330.54 1
3.07 334.75 1
3.08 342.8 1
3.09 351.47 1
3.1 363.2 1
3.11 370.36 1
3.12 371.13 1
3.13 367.09 1
3.14 354.36 1
3.15 341.58 1
3.16 325.33 1
3.17 310.34 1
3.18 302.93 1
3.19 295.16 1
3.2 295.03 1
3.21 293.18 1
3.22 295.13 1
3.23 295.15 1
3.24 297.07 1
3.25 295.17 1
3.26 295.2 1
3.27 295.16 1
3.28 295.11 1
3.29 295.08 1
3.3 293.14 1
3.31 293.85 1
3.32 292.7 1
3.33 289.21 1
3.34 259.28 1
3.35 0.0 1
3.36 0.0 1
3.37 74.4 1
3.38 74.24 1
3.39 74.5 1
3.4 74.43 1
3.41 74.79 1
3.42 73.73 1
3.43 74.22 1
3.44 74.57 1
3.45 74.14 1
3.46 74.33 1
3.47 140.58 1
3.48 290.4 1
3.49 293.16 1
3.5 295.66 1
3.51 294.63 1
3.52 293.08 1
3.53 294.7 1
3.54 295.62 1
3.55 295.33 1
3.56 295.41 1
3.57 291.32 1
3.58 295.01 1
3.59 296.32 1
3.6 296.18 1
3.61 296.53 1
3.62 295.15 1
3.63 297.78 1
3.64 298.02 1
3.65 298.12 1
3.66 297.01 1
3.67 294.83 1
3.68 292.08 1
3.69 288.2 1
3.7 283.84 1
3.71 276.39 1
3.72 268.12 1
3.73 266.23 1
3.74 255.82 1
3.75 254.49 1
3.76 252.72 1
3.77 250.64 1
3.78 249.43 1
3.79 247.43 1
3.8 247.26 1
3.81 247.43 1
3.82 248.57 1
3.83 250.34 1
3.84 255.18 1
3.85 263.34 1
3.86 274.53 1
3.87 291.7 1
3.88 304.69 1
3.89 325.37 1
3.9 340.59 1
3.91 355.63 1
3.92 373.44 1
3.93 383.37 1
3.94 390.5 1
3.95 391.04 1
3.96 392.13 1
3.97 388.71 1
3.98 385.51 1
3.99 382.12 1
4.0 376.59 1
4.01 373.95 1
4.02 372.14 1
4.03 369.44 1
4.04 366.03 1
4.05 366.11 1
4.06 366.03 1
4.07 365.22 1
4.08 365.18 1
4.09 366.88 1
4.1 368.6 1
4.11 372.13 1
4.12 375.3 1
4.13 378.82 1
4.14 385.22 1
4.15 389.94 1
4.16 391.07 1
4.17 391.75 1
4.18 390.42 1
4.19 388.46 1
4.2 381.98 1
4.21 378.22 1
4.22 375.27 1
4.23 367.75 1
4.24 362.01 1
4.25 354.43 1
4.26 353.2 1
4.27 349.75 1
4.28 345.35 1
4.29 343.26 1
4.3 342.56 1
4.31 340.36 1
4.32 339.4 1
4.33 337.73 1
4.34 337.09 1
4.35 336.17 1
4.36 335.51 1
4.37 335.44 1
4.38 336.09 1
4.39 339.63 1
4.4 343.75 1
4.41 348.71 1
4.42 362.48 1
4.43 369.28 1
4.44 376.49 1
4.45 375.92 1
4.46 371.16 1
4.47 359.6 1
4.48 330.4 1
4.49 0.0 1
4.5 93.2 1
4.51 93.14 1
4.52 74.56 1
4.53 74.18 1
4.54 74.31 1
4.55 74.68 1
4.56 74.39 1
4.57 74.57 1
4.58 0.0 1
4.59 0.0 1
4.6 291.06 1
4.61 283.43 1
4.62 295.73 1
4.63 293.04 1
4.64 291.44 1
4.65 293.03 1
4.66 292.76 1
4.67 292.44 1
4.68 291.18 1
4.69 291.22 1
4.7 293.11 1
4.71 295.56 1
4.72 296.49 1
4.73 296.98 1
4.74 295.08 1
4.75 295.08 1
4.76 297.01 1
4.77 298.1 1
4.78 298.24 1
4.79 298.33 1
4.8 298.24 1
4.81 297.62 1
4.82 297.01 1
4.83 297.01 1
4.84 297.02 1
4.85 297.04 1
4.86 299.01 1
4.87 299.03 1
4.88 299.05 1
4.89 299.07 1
4.9 299.05 1
4.91 297.12 1
4.92 299.06 1
4.93 297.14 1
4.94 297.14 1
4.95 297.09 1
4.96 295.14 1
4.97 295.1 1
4.98 297.73 1
4.99 298.68 1
5.0 298.73 1
5.01 297.01 1
5.02 296.99 1
5.03 295.0 1
5.04 292.66 1
5.05 288.86 1
5.06 280.31 1
5.07 274.61 1
5.08 258.79 1
5.09 252.64 1
5.1 248.33 1
5.11 246.81 1
5.12 246.77 1
5.13 247.2 1
5.14 247.82 1
5.15 248.53 1
5.16 249.36 1
5.17 249.87 1
5.18 249.24 1
5.19 249.53 1
5.2 249.91 1
5.21 251.98 1
5.22 255.67 1
5.23 260.24 1
5.24 260.34 1
5.25 263.37 1
5.26 263.42 1
5.27 264.88 1
5.28 260.27 1
5.29 256.96 1
5.3 252.33 1
5.31 245.59 1
5.32 241.56 1
5.33 234.05 1
5.34 240.22 1
5.35 242.92 1
5.36 249.86 1
5.37 257.22 1
5.38 269.79 1
5.39 279.04 1
5.4 287.5 1
5.41 295.69 1
5.42 299.0 1
5.43 301.53 1
5.44 301.73 1
5.45 300.74 1
5.46 298.38 1
5.47 295.05 1
5.48 295.0 1
5.49 295.87 1
5.5 296.35 1
5.51 296.15 1
5.52 296.41 1
5.53 298.19 1
5.54 299.0 1
5.55 299.01 1
5.56 297.08 1
5.57 299.01 1
5.58 299.03 1
5.59 299.07 1
5.6 299.13 1
5.61 299.14 1
5.62 297.18 1
5.63 297.16 1
5.64 295.2 1
5.65 293.3 1
5.66 291.36 1
5.67 295.04 1
5.68 293.08 1
5.69 292.48 1
5.7 291.09 1
5.71 291.13 1
5.72 297.06 1
5.73 316.12 1
5.74 331.49 1
5.75 345.98 1
5.76 360.13 1
5.77 367.54 1
5.78 367.75 1
5.79 363.01 1
5.8 357.1 1
5.81 348.65 1
5.82 341.14 1
5.83 332.58 1
5.84 325.45 1
5.85 322.97 1
5.86 322.93 1
5.87 322.26 1
5.88 334.1 1
5.89 343.33 1
5.9 354.64 1
5.91 381.75 1
5.92 408.22 1
5.93 439.23 1
5.94 414.39 1
5.95 409.82 1
5.96 388.01 1
5.97 0.0 1
5.98 0.0 1
5.99 0.0 1
6.0 0.0 1
6.01 0.0 1
6.02 0.0 1
6.03 0.0 1
6.04 0.0 1
6.05 0.0 1
6.06 291.12 1
6.07 316.1 1
6.08 321.89 1
6.09 331.23 1
6.1 336.82 1
6.11 343.53 1
6.12 350.15 1
6.13 362.63 1
6.14 369.87 1
6.15 377.22 1
6.16 381.61 1
6.17 380.82 1
6.18 370.33 1
6.19 358.44 1
6.2 340.65 1
6.21 328.68 1
6.22 314.84 1
6.23 306.1 1
6.24 299.06 1
6.25 293.11 1
6.26 298.48 1
6.27 298.23 1
6.28 298.3 1
6.29 297.01 1
6.3 301.24 1
6.31 301.55 1
6.32 299.07 1
6.33 301.03 1
6.34 300.27 1
6.35 299.28 1
6.36 297.84 1
6.37 298.21 1
6.38 298.57 1
6.39 299.06 1
6.4 299.32 1
6.41 299.22 1
6.42 298.96 1
6.43 299.0 1
6.44 300.83 1
6.45 300.62 1
6.46 299.02 1
6.47 297.08 1
6.48 303.36 1
6.49 304.83 1
6.5 304.92 1
6.51 305.3 1
6.52 305.1 1
6.53 299.05 1
6.54 302.09 1
6.55 301.08 1
6.56 296.51 1
6.57 287.34 1
6.58 283.91 1
6.59 275.46 1
6.6 269.71 1
6.61 258.68 1
6.62 251.74 1
6.63 248.38 1
6.64 246.22 1
6.65 245.5 1
6.66 244.32 1
6.67 243.03 1
6.68 244.17 1
6.69 245.57 1
6.7 246.68 1
6.71 246.91 1
6.72 247.15 1
6.73 249.03 1
6.74 247.63 1
6.75 248.19 1
6.76 248.47 1
6.77 250.81 1
6.78 252.42 1
6.79 258.66 1
6.8 265.32 1
6.81 270.65 1
6.82 281.74 1
6.83 276.59 1
6.84 274.97 1
6.85 270.49 1
6.86 266.44 1
6.87 254.18 1
6.88 244.95 1
6.89 227.92 1
6.9 223.72 1
6.91 221.3 1
6.92 220.61 1
6.93 222.34 1
6.94 223.45 1
6.95 224.18 1
6.96 223.66 1
6.97 224.28 1
6.98 225.0 1
6.99 224.53 1
7.0 224.4 1
7.01 224.03 1
7.02 224.77 1
7.03 223.43 1
7.04 210.38 1
7.05 221.01 1
7.06 111.93 1
7.07 119.21 1
7.08 121.59 1
7.09 121.99 1
7.1 129.9 1
7.11 283.6 1
7.12 307.31 1
7.13 306.84 1
7.14 309.42 1
7.15 307.29 1
7.16 291.64 1
7.17 281.78 1
7.18 266.22 1
7.19 249.35 1
7.2 243.21 1
7.21 238.22 1
7.22 237.63 1
7.23 244.67 1
7.24 251.4 1
7.25 256.54 1
7.26 275.08 1
7.27 279.24 1
7.28 299.7 1
7.29 307.18 1
7.3 307.32 1
7.31 298.1 1
7.32 294.83 1
7.33 288.57 1
7.34 274.85 1
7.35 266.26 1
7.36 124.93 1
7.37 122.42 1
7.38 121.21 1
7.39 74.43 1
7.4 74.56 1
7.41 74.39 1
7.42 73.33 1
7.43 74.02 1
7.44 74.59 1
7.45 75.71 1
7.46 0.0 1
7.47 281.24 1
7.48 298.12 1
7.49 304.94 1
7.5 305.56 1
7.51 307.85 1
7.52 306.42 1
7.53 304.55 1
7.54 301.04 1
7.55 300.61 1
7.56 299.01 1
7.57 300.16 1
7.58 300.06 1
7.59 300.5 1
7.6 301.4 1
7.61 299.0 1
7.62 297.04 1
7.63 298.06 1
7.64 297.53 1
7.65 296.43 1
7.66 295.03 1
7.67 296.98 1
7.68 299.12 1
7.69 300.48 1
7.7 299.48 1
7.71 299.4 1
7.72 299.64 1
7.73 299.46 1
7.74 299.89 1
7.75 300.22 1
7.76 299.06 1
7.77 299.09 1
7.78 301.03 1
7.79 300.56 1
7.8 295.23 1
7.81 297.14 1
7.82 299.0 1
7.83 298.06 1
7.84 296.99 1
7.85 296.83 1
7.86 296.11 1
7.87 295.68 1
7.88 295.01 1
7.89 295.29 1
7.9 294.66 1
7.91 292.4 1
7.92 288.36 1
7.93 282.95 1
7.94 276.96 1
7.95 271.33 1
7.96 255.98 1
7.97 245.59 1
7.98 237.62 1
7.99 224.09 1
8.0 219.92 1
8.01 215.68 1
8.02 216.68 1
8.03 215.72 1
8.04 204.68 1
8.05 219.37 1
8.06 222.24 1
8.07 225.63 1
8.08 235.21 1
8.09 243.73 1
8.1 257.17 1
8.11 270.25 1
8.12 278.99 1
8.13 288.65 1
8.14 295.54 1
8.15 298.98 1
8.16 302.0 1
8.17 300.87 1
8.18 296.98 1
8.19 293.03 1
8.2 288.12 1
8.21 283.53 1
8.22 278.23 1
8.23 276.38 1
8.24 266.33 1
8.25 256.87 1
8.26 253.55 1
8.27 249.38 1
8.28 248.52 1
8.29 247.41 1
8.3 245.85 1
8.31 246.44 1
8.32 247.04 1
8.33 248.48 1
8.34 249.41 1
8.35 250.17 1
8.36 250.82 1
8.37 250.94 1
8.38 250.44 1
8.39 252.3 1
8.4 254.18 1
8.41 258.54 1
8.42 258.71 1
8.43 266.48 1
8.44 271.38 1
8.45 274.73 1
8.46 276.47 1
8.47 274.75 1
8.48 271.36 1
8.49 263.31 1
8.5 252.74 1
8.51 240.59 1
8.52 227.6 1
8.53 220.37 1
8.54 218.09 1
8.55 217.76 1
8.56 218.83 1
8.57 219.28 1
8.58 220.52 1
8.59 221.99 1
8.6 223.32 1
8.61 224.13 1
8.62 223.92 1
8.63 223.1 1
8.64 222.7 1
8.65 222.63 1
8.66 222.33 1
8.67 221.62 1
8.68 220.64 1
8.69 217.83 1
8.7 218.86 1
8.71 222.07 1
8.72 227.08 1
8.73 227.53 1
8.74 228.99 1
8.75 227.95 1
8.76 226.19 1
8.77 223.73 1
8.78 221.78 1
8.79 220.78 1
8.8 220.35 1
8.81 219.76 1
8.82 220.34 1
8.83 221.26 1
8.84 221.9 1
8.85 222.37 1
8.86 223.16 1
8.87 223.47 1
8.88 221.98 1
8.89 219.4 1
8.9 216.7 1
8.91 214.52 1
8.92 204.69 1
8.93 198.2 1
8.94 189.67 1
8.95 184.15 1
8.96 181.65 1
8.97 180.38 1
8.98 180.27 1
8.99 181.15 1
9.0 182.08 1
9.01 182.79 1
9.02 184.14 1
9.03 184.91 1
9.04 185.7 1
9.05 185.7 1
9.06 186.48 1
9.07 186.48 1
9.08 187.26 1
9.09 187.26 1
9.1 189.68 1
9.11 192.82 1
9.12 195.55 1
9.13 196.3 1
9.14 197.74 1
9.15 197.21 1
9.16 197.31 1
9.17 195.04 1
9.18 191.34 1
9.19 186.48 1
9.2 181.8 1
9.21 176.74 1
9.22 168.65 1
9.23 166.95 1
9.24 166.29 1
9.25 166.96 1
9.26 167.21 1
9.27 168.32 1
9.28 169.8 1
9.29 168.27 1
9.3 166.32 1
9.31 165.92 1
9.32 167.15 1
9.33 168.3 1
9.34 170.61 1
9.35 172.43 1
9.36 171.28 1
9.37 173.28 1
9.38 171.94 1
9.39 170.61 1
9.4 169.96 1
9.41 170.62 1
9.42 172.62 1
9.43 176.44 1
9.44 176.17 1
9.45 175.22 1
9.46 172.61 1
9.47 169.29 1
9.48 163.08 1
9.49 157.56 1
9.5 151.8 1
9.51 146.77 1
9.52 146.27 1
9.53 146.27 1
9.54 148.64 1
9.55 149.74 1
9.56 149.77 1
9.57 150.05 1
9.58 150.23 1
9.59 150.92 1
9.6 151.92 1
9.61 150.85 1
9.62 151.28 1
9.63 151.42 1
9.64 150.96 1
9.65 151.36 1
9.66 150.1 1
9.67 149.03 1
9.68 147.25 1
9.69 144.84 1
9.7 144.57 1
9.71 144.13 1
9.72 144.83 1
9.73 145.8 1
9.74 151.47 1
9.75 160.95 1
9.76 166.33 1
9.77 170.61 1
9.78 179.99 1
9.79 185.42 1
9.8 189.91 1
9.81 192.75 1
9.82 193.11 1
9.83 190.9 1
9.84 188.07 1
9.85 184.89 1
9.86 181.95 1
9.87 179.79 1
9.88 177.47 1
9.89 176.06 1
9.9 173.75 1
9.91 170.63 1
9.92 171.95 1
9.93 171.95 1
9.94 169.32 1
9.95 169.31 1
9.96 168.64 1
9.97 167.79 1
9.98 166.12 1
9.99 164.87 1
