0.01 295.07 1
0.02 291.82 1
0.03 293.01 1
0.04 292.11 1
0.05 291.13 1
0.06 291.94 1
0.07 291.1 1
0.08 290.86 1
0.09 291.09 1
0.1 291.41 1
0.11 293.02 1
0.12 293.14 1
0.13 296.41 1
0.14 299.35 1
0.15 299.06 1
0.16 299.08 1
0.17 299.07 1
0.18 298.63 1
0.19 295.19 1
0.2 296.38 1
0.21 291.14 1
0.22 281.86 1
0.23 291.11 1
0.24 302.0 1
0.25 291.09 1
0.26 291.1 1
0.27 296.67 1
0.28 326.45 1
0.29 340.73 1
0.3 361.01 1
0.31 374.27 1
0.32 379.02 1
0.33 382.54 1
0.34 385.1 1
0.35 381.75 1
0.36 375.93 1
0.37 371.35 1
0.38 365.05 1
0.39 354.55 1
0.4 349.67 1
0.41 342.62 1
0.42 338.29 1
0.43 333.8 1
0.44 329.6 1
0.45 326.61 1
0.46 328.1 1
0.47 328.92 1
0.48 330.0 1
0.49 330.57 1
0.5 328.21 1
0.51 293.21 1
0.52 285.93 1
0.53 292.11 1
0.54 294.19 1
0.55 289.52 1
0.56 373.96 1
0.57 378.46 1
0.58 388.14 1
0.59 391.72 1
0.6 392.95 1
0.61 394.69 1
0.62 394.35 1
0.63 391.75 1
0.64 387.62 1
0.65 381.82 1
0.66 378.47 1
0.67 376.12 1
0.68 378.36 1
0.69 375.32 1
0.7 373.25 1
0.71 372.07 1
0.72 369.92 1
0.73 369.02 1
0.74 368.14 1
0.75 367.71 1
0.76 366.2 1
0.77 366.23 1
0.78 369.02 1
0.79 370.66 1
0.8 372.18 1
0.81 373.0 1
0.82 373.63 1
0.83 373.7 1
0.84 360.29 1
0.85 361.34 1
0.86 368.67 1
0.87 373.02 1
0.88 378.73 1
0.89 382.17 1
0.9 383.54 1
0.91 383.85 1
0.92 381.94 1
0.93 379.91 1
0.94 380.38 1
0.95 379.24 1
0.96 378.71 1
0.97 378.01 1
0.98 376.58 1
0.99 372.19 1
1.0 370.22 1
1.01 367.85 1
1.02 360.27 1
1.03 357.85 1
1.04 351.12 1
1.05 345.14 1
1.06 341.94 1
1.07 338.84 1
1.08 337.65 1
1.09 336.84 1
1.1 336.53 1
1.11 336.57 1
1.12 337.05 1
1.13 336.9 1
1.14 335.6 1
1.15 334.9 1
1.16 333.79 1
1.17 325.69 1
1.18 305.02 1
1.19 301.64 1
1.2 299.77 1
1.21 295.02 1
1.22 287.38 1
1.23 313.86 1
1.24 387.89 1
1.25 384.88 1
1.26 391.02 1
1.27 395.56 1
1.28 397.64 1
1.29 396.45 1
1.3 393.79 1
1.31 389.27 1
1.32 386.97 1
1.33 385.11 1
1.34 381.77 1
1.35 378.76 1
1.36 378.49 1
1.37 375.88 1
1.38 374.49 1
1.39 375.23 1
1.4 375.18 1
1.41 372.3 1
1.42 371.74 1
1.43 371.45 1
1.44 370.61 1
1.45 369.69 1
1.46 368.82 1
1.47 369.32 1
1.48 370.57 1
1.49 373.23 1
1.5 375.3 1
1.51 373.78 1
1.52 357.49 1
1.53 371.99 1
1.54 381.74 1
1.55 391.77 1
1.56 391.55 1
1.57 393.16 1
1.58 394.45 1
1.59 393.66 1
1.6 392.94 1
1.61 390.24 1
1.62 386.32 1
1.63 383.69 1
1.64 379.44 1
1.65 374.62 1
1.66 369.02 1
1.67 363.96 1
1.68 358.02 1
1.69 352.8 1
1.7 348.31 1
1.71 343.43 1
1.72 343.6 1
1.73 338.47 1
1.74 342.6 1
1.75 342.06 1
1.76 340.65 1
1.77 340.55 1
1.78 339.3 1
1.79 339.29 1
1.8 338.74 1
1.81 337.48 1
1.82 337.26 1
1.83 336.35 1
1.84 334.95 1
1.85 294.96 1
1.86 323.11 1
1.87 323.14 1
1.88 340.11 1
1.89 354.31 1
1.9 357.12 1
1.91 359.26 1
1.92 362.64 1
1.93 363.07 1
1.94 359.3 1
1.95 354.3 1
1.96 352.89 1
1.97 347.89 1
1.98 340.11 1
1.99 333.72 1
2.0 326.29 1
2.01 316.13 1
2.02 303.22 1
2.03 295.19 1
2.04 291.77 1
2.05 285.04 1
2.06 277.91 1
2.07 269.72 1
2.08 260.32 1
2.09 255.81 1
2.1 255.83 1
2.11 253.23 1
2.12 250.64 1
2.13 248.35 1
2.14 244.74 1
2.15 241.63 1
2.16 241.66 1
2.17 243.81 1
2.18 243.54 1
2.19 244.87 1
2.2 249.32 1
2.21 247.04 1
2.22 0.0 1
2.23 0.0 1
2.24 0.0 1
2.25 0.0 1
2.26 0.0 1
2.27 0.0 1
2.28 301.0 1
2.29 299.0 1
2.3 300.55 1
2.31 301.31 1
2.32 293.06 1
2.33 294.04 1
2.34 293.04 1
2.35 293.97 1
2.36 294.99 1
2.37 293.11 1
2.38 293.16 1
2.39 295.1 1
2.4 297.05 1
2.41 299.07 1
2.42 299.13 1
2.43 299.14 1
2.44 299.13 1
2.45 297.18 1
2.46 297.14 1
2.47 297.15 1
2.48 299.12 1
2.49 297.23 1
2.5 297.22 1
2.51 297.16 1
2.52 299.08 1
2.53 299.12 1
2.54 297.08 1
2.55 291.09 1
2.56 291.3 1
2.57 300.99 1
2.58 334.47 1
2.59 294.95 1
2.6 316.08 1
2.61 360.08 1
2.62 380.41 1
2.63 386.8 1
2.64 386.18 1
2.65 380.64 1
2.66 374.62 1
2.67 366.05 1
2.68 357.31 1
2.69 354.46 1
2.7 349.1 1
2.71 344.11 1
2.72 340.75 1
2.73 335.57 1
2.74 335.76 1
2.75 334.47 1
2.76 334.31 1
2.77 334.44 1
2.78 333.07 1
2.79 337.82 1
2.8 340.65 1
2.81 343.44 1
2.82 354.23 1
2.83 363.37 1
2.84 371.57 1
2.85 380.58 1
2.86 386.52 1
2.87 384.71 1
2.88 375.35 1
2.89 343.26 1
2.9 326.93 1
2.91 335.34 1
2.92 336.02 1
2.93 330.98 1
2.94 0.0 1
2.95 0.0 1
2.96 0.0 1
2.97 288.63 1
2.98 291.44 1
2.99 288.48 1
3.0 287.83 1
3.01 289.67 1
3.02 292.87 1
3.03 293.91 1
3.04 293.11 1
3.05 295.04 1
3.06 296.79 1
3.07 297.68 1
3.08 297.09 1
3.09 298.89 1
3.1 299.08 1
3.11 299.47 1
3.12 298.33 1
3.13 297.06 1
3.14 297.08 1
3.15 297.07 1
3.16 297.07 1
3.17 295.18 1
3.18 295.19 1
3.19 298.17 1
3.2 298.86 1
3.21 299.0 1
3.22 293.11 1
3.23 285.46 1
3.24 291.16 1
3.25 300.11 1
3.26 303.19 1
3.27 295.35 1
3.28 332.94 1
3.29 362.99 1
3.3 375.84 1
3.31 381.73 1
3.32 380.71 1
3.33 378.45 1
3.34 374.23 1
3.35 368.18 1
3.36 361.2 1
3.37 352.21 1
3.38 344.62 1
3.39 340.26 1
3.4 337.33 1
3.41 334.19 1
3.42 331.47 1
3.43 332.0 1
3.44 332.73 1
3.45 333.56 1
3.46 334.29 1
3.47 335.92 1
3.48 339.55 1
3.49 346.74 1
3.5 352.0 1
3.51 368.01 1
3.52 377.37 1
3.53 384.42 1
3.54 384.42 1
3.55 378.49 1
3.56 366.45 1
3.57 325.57 1
3.58 315.94 1
3.59 340.55 1
3.6 330.31 1
3.61 333.49 1
3.62 354.26 1
3.63 318.48 1
3.64 296.97 1
3.65 296.78 1
3.66 295.68 1
3.67 293.03 1
3.68 294.13 1
3.69 293.11 1
3.7 295.06 1
3.71 295.06 1
3.72 295.11 1
3.73 295.18 1
3.74 298.68 1
3.75 299.4 1
3.76 299.06 1
3.77 297.02 1
3.78 292.65 1
3.79 289.63 1
3.8 300.2 1
3.81 148.45 1
3.82 74.39 1
3.83 74.48 1
3.84 74.56 1
3.85 74.68 1
3.86 74.17 1
3.87 74.61 1
3.88 74.45 1
3.89 74.39 1
3.9 74.33 1
3.91 74.69 1
3.92 74.56 1
3.93 74.69 1
3.94 74.27 1
3.95 74.43 1
3.96 74.81 1
3.97 74.29 1
3.98 74.61 1
3.99 74.56 1
4.0 74.54 1
4.01 74.67 1
4.02 74.43 1
4.03 74.59 1
4.04 74.51 1
4.05 74.44 1
4.06 74.65 1
4.07 0.0 1
4.08 0.0 1
4.09 219.46 1
4.1 225.52 1
4.11 219.69 1
4.12 219.83 1
4.13 220.51 1
4.14 220.71 1
4.15 222.0 1
4.16 222.62 1
4.17 224.19 1
4.18 225.59 1
4.19 225.64 1
4.2 226.74 1
4.21 226.77 1
4.22 225.62 1
4.23 223.8 1
4.24 220.4 1
4.25 217.8 1
4.26 212.43 1
4.27 211.61 1
4.28 208.52 1
4.29 213.56 1
4.3 220.94 1
4.31 209.53 1
4.32 218.58 1
4.33 311.62 1
4.34 296.98 1
4.35 304.17 1
4.36 316.1 1
4.37 301.03 1
4.38 292.21 1
4.39 283.63 1
4.4 276.42 1
4.41 257.17 1
4.42 240.3 1
4.43 231.56 1
4.44 229.2 1
4.45 231.6 1
4.46 240.29 1
4.47 248.64 1
4.48 258.74 1
4.49 276.77 1
4.5 288.68 1
4.51 297.58 1
4.52 301.07 1
4.53 299.05 1
4.54 293.13 1
4.55 290.39 1
4.56 282.75 1
4.57 273.03 1
4.58 263.36 1
4.59 258.67 1
4.6 254.2 1
4.61 250.09 1
4.62 246.55 1
4.63 245.55 1
4.64 236.47 1
4.65 0.0 1
4.66 0.0 1
4.67 0.0 1
4.68 0.0 1
4.69 0.0 1
4.7 0.0 1
4.71 0.0 1
4.72 0.0 1
4.73 295.95 1
4.74 297.07 1
4.75 296.17 1
4.76 291.1 1
4.77 291.9 1
4.78 294.56 1
4.79 293.12 1
4.8 293.14 1
4.81 295.05 1
4.82 295.06 1
4.83 293.17 1
4.84 293.19 1
4.85 297.07 1
4.86 297.09 1
4.87 297.07 1
4.88 297.01 1
4.89 297.04 1
4.9 297.04 1
4.91 297.05 1
4.92 297.03 1
4.93 295.04 1
4.94 288.0 1
4.95 290.76 1
4.96 291.17 1
4.97 296.94 1
4.98 291.1 1
4.99 281.72 1
5.0 278.21 1
5.01 269.64 1
5.02 249.14 1
5.03 245.64 1
5.04 242.87 1
5.05 240.19 1
5.06 238.07 1
5.07 240.3 1
5.08 242.09 1
5.09 246.14 1
5.1 252.1 1
5.11 255.73 1
5.12 265.46 1
5.13 267.57 1
5.14 273.02 1
5.15 271.38 1
5.16 268.49 1
5.17 260.3 1
5.18 258.71 1
5.19 256.04 1
5.2 250.76 1
5.21 247.69 1
5.22 246.41 1
5.23 248.2 1
5.24 249.52 1
5.25 246.02 1
5.26 243.31 1
5.27 247.11 1
5.28 244.96 1
5.29 247.07 1
5.3 249.54 1
5.31 252.71 1
5.32 246.24 1
5.33 247.02 1
5.34 245.6 1
5.35 300.33 1
5.36 295.13 1
5.37 301.35 1
5.38 291.09 1
5.39 292.92 1
5.4 293.09 1
5.41 293.04 1
5.42 293.06 1
5.43 293.07 1
5.44 293.1 1
5.45 293.13 1
5.46 293.16 1
5.47 293.19 1
5.48 293.22 1
5.49 295.14 1
5.5 295.16 1
5.51 297.1 1
5.52 297.09 1
5.53 295.16 1
5.54 297.07 1
5.55 297.02 1
5.56 295.05 1
5.57 291.14 1
5.58 285.45 1
5.59 289.26 1
5.6 296.57 1
5.61 293.05 1
5.62 290.19 1
5.63 293.8 1
5.64 298.09 1
5.65 301.03 1
5.66 299.2 1
5.67 299.07 1
5.68 299.02 1
5.69 299.06 1
5.7 300.76 1
5.71 299.04 1
5.72 299.06 1
5.73 297.15 1
5.74 297.14 1
5.75 295.21 1
5.76 293.24 1
5.77 293.05 1
5.78 289.95 1
5.79 283.59 1
5.8 276.4 1
5.81 266.43 1
5.82 257.17 1
5.83 251.14 1
5.84 248.6 1
5.85 248.2 1
5.86 249.2 1
5.87 253.4 1
5.88 254.9 1
5.89 254.21 1
5.9 253.83 1
5.91 247.32 1
5.92 244.35 1
5.93 252.75 1
5.94 249.36 1
5.95 249.88 1
5.96 255.7 1
5.97 259.04 1
5.98 270.39 1
5.99 271.8 1
6.0 275.05 1
6.01 277.46 1
6.02 278.85 1
6.03 277.5 1
6.04 276.45 1
6.05 271.38 1
6.06 266.55 1
6.07 260.18 1
6.08 252.68 1
6.09 245.07 1
6.1 240.25 1
6.11 228.07 1
6.12 225.59 1
6.13 219.25 1
6.14 215.6 1
6.15 206.61 1
6.16 201.38 1
6.17 194.84 1
6.18 190.26 1
6.19 185.71 1
6.2 184.03 1
6.21 182.85 1
6.22 178.1 1
6.23 171.94 1
6.24 164.24 1
6.25 0.0 1
6.26 0.0 1
6.27 0.0 1
6.28 0.0 1
6.29 0.0 1
6.3 0.0 1
6.31 0.0 1
6.32 0.0 1
6.33 234.05 1
6.34 231.5 1
6.35 227.92 1
6.36 222.18 1
6.37 220.08 1
6.38 218.84 1
6.39 218.85 1
6.4 217.4 1
6.41 217.44 1
6.42 218.39 1
6.43 219.63 1
6.44 220.9 1
6.45 221.81 1
6.46 222.92 1
6.47 222.86 1
6.48 223.04 1
6.49 224.36 1
6.5 225.59 1
6.51 227.41 1
6.52 226.76 1
6.53 226.78 1
6.54 226.77 1
6.55 225.51 1
6.56 221.06 1
6.57 222.17 1
6.58 167.12 1
6.59 200.01 1
6.6 213.55 1
6.61 217.8 1
6.62 213.91 1
6.63 233.96 1
6.64 221.07 1
6.65 287.75 1
6.66 290.38 1
6.67 302.44 1
6.68 299.95 1
6.69 299.01 1
6.7 295.05 1
6.71 291.13 1
6.72 287.8 1
6.73 282.78 1
6.74 276.43 1
6.75 267.07 1
6.76 258.71 1
6.77 255.51 1
6.78 251.18 1
6.79 246.98 1
6.8 245.63 1
6.81 242.23 1
6.82 239.82 1
6.83 242.9 1
6.84 244.26 1
6.85 244.96 1
6.86 250.72 1
6.87 257.15 1
6.88 268.56 1
6.89 277.39 1
6.9 281.55 1
6.91 285.61 1
6.92 283.94 1
6.93 277.62 1
6.94 265.69 1
6.95 0.0 1
6.96 0.0 1
6.97 0.0 1
6.98 0.0 1
6.99 0.0 1
7.0 0.0 1
7.01 0.0 1
7.02 0.0 1
7.03 217.76 1
7.04 220.89 1
7.05 220.79 1
7.06 216.71 1
7.07 217.78 1
7.08 218.02 1
7.09 217.77 1
7.1 218.28 1
7.11 219.07 1
7.12 220.66 1
7.13 222.15 1
7.14 223.48 1
7.15 223.87 1
7.16 224.02 1
7.17 224.36 1
7.18 225.28 1
7.19 225.58 1
7.2 224.94 1
7.21 224.99 1
7.22 224.62 1
7.23 224.6 1
7.24 223.57 1
7.25 222.18 1
7.26 223.3 1
7.27 221.78 1
7.28 206.56 1
7.29 216.71 1
7.3 204.65 1
7.31 203.7 1
7.32 202.76 1
7.33 0.0 1
7.34 0.0 1
7.35 296.79 1
7.36 303.7 1
7.37 316.01 1
7.38 306.46 1
7.39 299.09 1
7.4 296.97 1
7.41 291.12 1
7.42 285.67 1
7.43 279.98 1
7.44 272.97 1
7.45 258.69 1
7.46 254.06 1
7.47 248.45 1
7.48 245.43 1
7.49 244.27 1
7.5 241.64 1
7.51 241.61 1
7.52 242.92 1
7.53 244.29 1
7.54 246.92 1
7.55 253.65 1
7.56 260.22 1
7.57 275.2 1
7.58 283.29 1
7.59 288.39 1
7.6 290.85 1
7.61 287.96 1
7.62 276.57 1
7.63 0.0 1
7.64 0.0 1
7.65 0.0 1
7.66 0.0 1
7.67 0.0 1
7.68 0.0 1
7.69 0.0 1
7.7 238.23 1
7.71 233.39 1
7.72 227.75 1
7.73 221.71 1
7.74 220.92 1
7.75 221.29 1
7.76 221.93 1
7.77 223.64 1
7.78 225.38 1
7.79 226.16 1
7.8 224.87 1
7.81 219.84 1
7.82 215.63 1
7.83 73.8 1
7.84 74.26 1
7.85 74.54 1
7.86 74.6 1
7.87 74.56 1
7.88 74.47 1
7.89 74.94 1
7.9 73.93 1
7.91 74.31 1
7.92 74.62 1
7.93 74.56 1
7.94 74.94 1
7.95 74.68 1
7.96 74.56 1
7.97 74.82 1
7.98 74.56 1
7.99 74.39 1
8.0 74.64 1
8.01 74.68 1
8.02 74.75 1
8.03 74.56 1
8.04 74.71 1
8.05 74.59 1
8.06 74.56 1
8.07 74.61 1
8.08 92.94 1
8.09 117.13 1
8.1 111.65 1
8.11 112.09 1
8.12 111.94 1
8.13 111.14 1
8.14 110.57 1
8.15 110.35 1
8.16 110.65 1
8.17 110.27 1
8.18 110.37 1
8.19 110.77 1
8.2 111.21 1
8.21 110.43 1
8.22 111.26 1
8.23 111.46 1
8.24 110.88 1
8.25 110.69 1
8.26 111.47 1
8.27 111.18 1
8.28 223.32 1
8.29 226.71 1
8.3 235.16 1
8.31 246.98 1
8.32 293.17 1
8.33 330.51 1
8.34 424.34 1
8.35 457.34 1
8.36 489.08 1
8.37 502.41 1
8.38 490.4 1
8.39 478.55 1
8.4 497.24 1
8.41 476.06 1
8.42 498.22 1
8.43 487.33 1
8.44 487.37 1
8.45 398.94 1
8.46 301.04 1
8.47 287.87 1
8.48 288.99 1
8.49 292.22 1
8.5 294.99 1
8.51 298.97 1
8.52 300.03 1
8.53 300.18 1
8.54 299.08 1
8.55 300.99 1
8.56 301.05 1
8.57 303.46 1
8.58 303.18 1
8.59 307.03 1
8.6 305.33 1
8.61 303.28 1
8.62 307.32 1
8.63 306.34 1
8.64 301.27 1
8.65 303.12 1
8.66 299.14 1
8.67 293.17 1
8.68 287.34 1
8.69 277.22 1
8.7 276.54 1
8.71 285.46 1
8.72 281.79 1
8.73 291.14 1
8.74 297.46 1
8.75 289.96 1
8.76 293.23 1
8.77 298.59 1
8.78 294.74 1
8.79 296.88 1
8.8 295.12 1
8.81 297.0 1
8.82 295.08 1
8.83 295.04 1
8.84 294.59 1
8.85 291.16 1
8.86 289.3 1
8.87 284.98 1
8.88 279.93 1
8.89 272.92 1
8.9 255.53 1
8.91 249.3 1
8.92 245.64 1
8.93 244.29 1
8.94 242.93 1
8.95 242.93 1
8.96 245.07 1
8.97 247.03 1
8.98 251.56 1
8.99 257.2 1
9.0 273.06 1
9.01 279.62 1
9.02 284.99 1
9.03 289.0 1
9.04 287.12 1
9.05 279.27 1
9.06 259.25 1
9.07 0.0 1
9.08 0.0 1
9.09 0.0 1
9.1 0.0 1
9.11 0.0 1
9.12 0.0 1
9.13 0.0 1
9.14 0.0 1
9.15 222.43 1
9.16 223.09 1
9.17 222.11 1
9.18 219.42 1
9.19 218.89 1
9.2 219.22 1
9.21 219.63 1
9.22 219.09 1
9.23 218.5 1
9.24 218.86 1
9.25 219.16 1
9.26 220.53 1
9.27 221.94 1
9.28 222.42 1
9.29 222.73 1
9.3 222.47 1
9.31 223.44 1
9.32 224.37 1
9.33 225.59 1
9.34 226.89 1
9.35 227.95 1
9.36 222.17 1
9.37 217.68 1
9.38 219.96 1
9.39 217.78 1
9.4 212.51 1
9.41 214.6 1
9.42 218.88 1
9.43 223.37 1
9.44 220.97 1
9.45 226.81 1
9.46 227.74 1
9.47 227.83 1
9.48 227.83 1
9.49 227.88 1
9.5 227.91 1
9.51 226.17 1
9.52 221.59 1
9.53 216.24 1
9.54 209.24 1
9.55 199.61 1
9.56 191.32 1
9.57 184.96 1
9.58 181.31 1
9.59 180.56 1
9.6 180.95 1
9.61 181.49 1
9.62 182.74 1
9.63 183.66 1
9.64 184.15 1
9.65 185.7 1
9.66 184.93 1
9.67 184.92 1
9.68 183.51 1
9.69 176.76 1
9.7 178.65 1
9.71 179.15 1
9.72 181.99 1
9.73 184.76 1
9.74 188.06 1
9.75 193.57 1
9.76 198.52 1
9.77 199.74 1
9.78 199.13 1
9.79 195.74 1
9.8 193.28 1
9.81 190.12 1
9.82 185.36 1
9.83 180.36 1
9.84 172.49 1
9.85 168.15 1
9.86 165.67 1
9.87 164.04 1
9.88 162.93 1
9.89 163.63 1
9.9 163.63 1
9.91 163.21 1
9.92 162.44 1
9.93 164.0 1
9.94 165.16 1
9.95 169.56 1
9.96 173.96 1
9.97 181.57 1
9.98 183.64 1
9.99 188.49 1
10.0 190.2 1
10.01 185.0 1
10.02 0.0 1
10.03 0.0 1
10.04 74.57 1
10.05 73.88 1
10.06 74.56 1
10.07 74.56 1
10.08 74.56 1
10.09 74.67 1
10.1 74.68 1
10.11 165.02 1
10.12 163.32 1
10.13 149.44 1
10.14 141.85 1
10.15 142.47 1
10.16 144.46 1
10.17 143.55 1
10.18 144.82 1
10.19 143.64 1
10.2 144.53 1
10.21 144.83 1
10.22 144.27 1
10.23 145.23 1
10.24 144.15 1
10.25 144.83 1
10.26 144.36 1
10.27 144.83 1
10.28 148.4 1
10.29 148.24 1
10.3 148.74 1
10.31 149.09 1
10.32 144.36 1
10.33 137.6 1
10.34 138.25 1
10.35 139.01 1
10.36 138.62 1
10.37 143.0 1
10.38 148.24 1
10.39 157.22 1
10.4 160.08 1
10.41 173.83 1
10.42 177.48 1
10.43 181.95 1
10.44 183.78 1
10.45 183.4 1
10.46 183.88 1
10.47 188.95 1
10.48 186.5 1
10.49 189.34 1
10.5 187.31 1
10.51 189.27 1
10.52 188.36 1
10.53 185.88 1
10.54 181.06 1
10.55 176.71 1
10.56 168.66 1
10.57 164.24 1
10.58 158.57 1
10.59 156.77 1
10.6 154.49 1
10.61 163.63 1
10.62 169.4 1
10.63 175.93 1
10.64 186.45 1
10.65 184.65 1
10.66 178.65 1
10.67 171.89 1
10.68 134.66 1
