0.01 240.36 1
0.02 280.02 1
0.03 290.42 1
0.04 296.02 1
0.05 301.04 1
0.06 299.5 1
0.07 300.73 1
0.08 301.07 1
0.09 301.13 1
0.1 302.95 1
0.11 303.12 1
0.12 299.13 1
0.13 291.16 1
0.14 279.62 1
0.15 303.32 1
0.16 297.33 1
0.17 309.63 1
0.18 303.35 1
0.19 299.06 1
0.2 294.72 1
0.21 291.17 1
0.22 293.04 1
0.23 300.87 1
0.24 313.14 1
0.25 329.21 1
0.26 345.47 1
0.27 360.34 1
0.28 378.08 1
0.29 381.46 1
0.3 377.05 1
0.31 368.77 1
0.32 367.34 1
0.33 368.99 1
0.34 349.8 1
0.35 333.37 1
0.36 322.98 1
0.37 321.37 1
0.38 328.74 1
0.39 335.0 1
0.4 342.17 1
0.41 340.37 1
0.42 164.42 1
0.43 165.83 1
0.44 164.7 1
0.45 163.33 1
0.46 161.24 1
0.47 165.12 1
0.48 345.87 1
0.49 330.31 1
0.5 322.9 1
0.51 316.88 1
0.52 317.39 1
0.53 322.86 1
0.54 328.97 1
0.55 336.6 1
0.56 346.72 1
0.57 354.52 1
0.58 367.29 1
0.59 372.85 1
0.6 369.36 1
0.61 354.31 1
0.62 345.73 1
0.63 348.01 1
0.64 356.39 1
0.65 348.86 1
0.66 342.88 1
0.67 332.42 1
0.68 325.94 1
0.69 327.32 1
0.7 332.21 1
0.71 338.63 1
0.72 345.89 1
0.73 359.58 1
0.74 494.39 1
0.75 494.55 1
0.76 490.5 1
0.77 482.12 1
0.78 447.67 1
0.79 357.24 1
0.8 355.91 1
0.81 328.13 1
0.82 320.99 1
0.83 318.36 1
0.84 318.89 1
0.85 322.22 1
0.86 331.04 1
0.87 338.36 1
0.88 345.99 1
0.89 353.38 1
0.9 359.27 1
0.91 358.43 1
0.92 350.36 1
0.93 311.26 1
0.94 307.37 1
0.95 316.15 1
0.96 286.59 1
0.97 246.94 1
0.98 248.55 1
0.99 227.56 1
1.0 227.17 1
1.01 227.12 1
1.02 227.92 1
1.03 230.36 1
1.04 233.99 1
1.05 241.01 1
1.06 250.89 1
1.07 252.97 1
1.08 251.41 1
1.09 242.97 1
1.1 242.98 1
1.11 252.08 1
1.12 272.77 1
1.13 271.3 1
1.14 276.47 1
1.15 255.69 1
1.16 245.54 1
1.17 237.56 1
1.18 230.43 1
1.19 235.47 1
1.2 243.53 1
1.21 254.25 1
1.22 272.86 1
1.23 281.43 1
1.24 283.63 1
1.25 282.28 1
1.26 266.39 1
1.27 321.15 1
1.28 325.16 1
1.29 311.02 1
1.3 297.43 1
1.31 295.38 1
1.32 296.38 1
1.33 300.18 1
1.34 315.92 1
1.35 339.56 1
1.36 366.61 1
1.37 471.35 1
1.38 495.44 1
1.39 484.2 1
1.4 452.02 1
1.41 463.23 1
1.42 0.0 1
1.43 0.0 1
1.44 0.0 1
1.45 293.4 1
1.46 288.72 1
1.47 289.51 1
1.48 291.1 1
1.49 292.65 1
1.5 294.06 1
1.51 294.49 1
1.52 291.29 1
1.53 293.08 1
1.54 293.11 1
1.55 293.1 1
1.56 293.04 1
1.57 287.31 1
1.58 291.12 1
1.59 278.71 1
1.6 293.03 1
1.61 325.15 1
1.62 324.69 1
1.63 329.97 1
1.64 336.46 1
1.65 335.8 1
1.66 344.35 1
1.67 346.82 1
1.68 345.95 1
1.69 344.64 1
1.7 341.55 1
1.71 335.3 1
1.72 325.57 1
1.73 293.11 1
1.74 287.3 1
1.75 284.49 1
1.76 304.94 1
1.77 291.52 1
1.78 295.42 1
1.79 291.15 1
1.8 293.05 1
1.81 293.16 1
1.82 297.07 1
1.83 297.17 1
1.84 297.18 1
1.85 299.11 1
1.86 299.04 1
1.87 291.18 1
1.88 291.17 1
1.89 299.02 1
1.9 297.02 1
1.91 291.12 1
1.92 292.88 1
1.93 216.69 1
1.94 219.94 1
1.95 219.87 1
1.96 220.41 1
1.97 222.73 1
1.98 224.69 1
1.99 225.13 1
2.0 225.14 1
2.01 225.14 1
2.02 224.03 1
2.03 222.22 1
2.04 215.74 1
2.05 203.36 1
2.06 223.53 1
2.07 221.04 1
2.08 219.95 1
2.09 227.84 1
2.1 245.54 1
2.11 250.08 1
2.12 255.89 1
2.13 259.76 1
2.14 261.53 1
2.15 258.8 1
2.16 255.68 1
2.17 249.4 1
2.18 242.82 1
2.19 241.72 1
2.2 239.33 1
2.21 240.18 1
2.22 222.04 1
2.23 247.09 1
2.24 230.29 1
2.25 233.02 1
2.26 255.68 1
2.27 285.95 1
2.28 290.08 1
2.29 296.16 1
2.3 293.14 1
2.31 298.21 1
2.32 299.04 1
2.33 299.06 1
2.34 297.05 1
2.35 295.06 1
2.36 293.74 1
2.37 288.22 1
2.38 266.52 1
2.39 291.13 1
2.4 296.98 1
2.41 287.3 1
2.42 246.96 1
2.43 240.29 1
2.44 242.91 1
2.45 245.6 1
2.46 245.92 1
2.47 249.5 1
2.48 253.02 1
2.49 255.78 1
2.5 258.76 1
2.51 257.34 1
2.52 258.71 1
2.53 254.26 1
2.54 248.46 1
2.55 250.87 1
2.56 245.8 1
2.57 258.45 1
2.58 242.92 1
2.59 245.58 1
2.6 241.6 1
2.61 247.33 1
2.62 257.21 1
2.63 277.11 1
2.64 293.11 1
2.65 308.79 1
2.66 315.5 1
2.67 313.7 1
2.68 291.15 1
2.69 327.71 1
2.7 300.57 1
2.71 297.0 1
2.72 311.65 1
2.73 252.67 1
2.74 247.03 1
2.75 243.34 1
2.76 245.63 1
2.77 244.82 1
2.78 248.74 1
2.79 253.61 1
2.8 261.78 1
2.81 268.08 1
2.82 272.84 1
2.83 273.36 1
2.84 258.79 1
2.85 236.37 1
2.86 249.84 1
2.87 186.49 1
2.88 188.88 1
2.89 181.84 1
2.9 187.28 1
2.91 172.57 1
2.92 171.59 1
2.93 172.39 1
2.94 177.91 1
2.95 183.6 1
2.96 184.39 1
2.97 192.99 1
2.98 197.62 1
2.99 198.91 1
3.0 199.15 1
3.01 187.29 1
3.02 197.63 1
3.03 191.12 1
3.04 188.88 1
3.05 181.1 1
3.06 178.18 1
3.07 173.95 1
3.08 176.75 1
3.09 181.01 1
3.1 185.67 1
3.11 193.84 1
3.12 201.33 1
3.13 206.64 1
3.14 213.75 1
3.15 216.71 1
3.16 216.72 1
3.17 218.6 1
3.18 208.52 1
3.19 197.64 1
3.2 199.98 1
3.21 223.26 1
3.22 219.9 1
3.23 216.65 1
3.24 215.61 1
3.25 221.33 1
3.26 227.99 1
3.27 242.9 1
3.28 249.99 1
3.29 260.24 1
3.3 269.7 1
3.31 263.4 1
3.32 255.72 1
3.33 0.0 1
3.34 0.0 1
3.35 0.0 1
3.36 0.0 1
3.37 208.57 1
3.38 216.67 1
3.39 208.06 1
3.4 210.55 1
3.41 214.35 1
3.42 218.75 1
3.43 221.5 1
3.44 222.46 1
3.45 221.97 1
3.46 219.46 1
3.47 215.99 1
3.48 208.56 1
3.49 215.66 1
3.5 202.75 1
3.51 215.14 1
3.52 209.51 1
3.53 216.7 1
3.54 237.68 1
3.55 245.13 1
3.56 249.74 1
3.57 253.43 1
3.58 254.28 1
3.59 254.15 1
3.6 254.22 1
3.61 254.25 1
3.62 254.27 1
3.63 253.88 1
3.64 248.55 1
3.65 254.18 1
3.66 254.19 1
3.67 254.18 1
3.68 251.29 1
3.69 224.42 1
3.7 221.05 1
3.71 215.62 1
3.72 216.58 1
3.73 219.18 1
3.74 221.98 1
3.75 224.5 1
3.76 226.75 1
3.77 227.98 1
3.78 228.0 1
3.79 225.77 1
3.8 225.83 1
3.81 0.0 1
3.82 0.0 1
3.83 0.0 1
3.84 214.94 1
3.85 218.95 1
3.86 228.51 1
3.87 229.06 1
3.88 229.22 1
3.89 232.75 1
3.9 238.22 1
3.91 0.0 1
3.92 0.0 1
3.93 453.25 1
3.94 474.56 1
3.95 485.39 1
3.96 484.12 1
3.97 459.9 1
3.98 455.53 1
3.99 473.56 1
4.0 335.36 1
4.01 321.06 1
4.02 311.55 1
4.03 313.65 1
4.04 295.19 1
4.05 297.81 1
4.06 297.11 1
4.07 295.24 1
4.08 295.22 1
4.09 297.11 1
4.1 299.05 1
4.11 297.11 1
4.12 293.14 1
4.13 272.87 1
4.14 295.08 1
4.15 298.86 1
4.16 300.43 1
4.17 285.48 1
4.18 235.82 1
4.19 238.82 1
4.2 241.57 1
4.21 246.58 1
4.22 258.67 1
4.23 272.89 1
4.24 288.18 1
4.25 296.98 1
4.26 295.03 1
4.27 291.12 1
4.28 276.98 1
4.29 0.0 1
4.3 0.0 1
4.31 0.0 1
4.32 0.0 1
4.33 222.6 1
4.34 224.07 1
4.35 223.73 1
4.36 225.11 1
4.37 227.94 1
4.38 230.36 1
4.39 230.33 1
4.4 226.83 1
4.41 225.4 1
4.42 223.62 1
4.43 220.4 1
4.44 210.58 1
4.45 179.56 1
4.46 178.56 1
4.47 164.4 1
4.48 176.04 1
4.49 165.43 1
4.5 166.1 1
4.51 175.34 1
4.52 187.17 1
4.53 196.45 1
4.54 205.64 1
4.55 213.62 1
4.56 217.91 1
4.57 217.19 1
4.58 210.53 1
4.59 191.11 1
4.6 196.5 1
4.61 199.29 1
4.62 160.69 1
4.63 159.5 1
4.64 163.61 1
4.65 161.96 1
4.66 163.16 1
4.67 167.18 1
4.68 171.94 1
4.69 180.36 1
4.7 185.69 1
4.71 194.8 1
4.72 197.85 1
4.73 196.4 1
4.74 184.86 1
4.75 182.17 1
4.76 0.0 1
4.77 0.0 1
4.78 0.0 1
4.79 0.0 1
4.8 0.0 1
4.81 0.0 1
4.82 146.77 1
4.83 147.74 1
4.84 147.74 1
4.85 148.32 1
4.86 148.76 1
4.87 148.98 1
4.88 148.24 1
4.89 147.74 1
4.9 145.31 1
4.91 144.36 1
4.92 139.75 1
4.93 149.74 1
4.94 146.3 1
4.95 149.03 1
4.96 147.75 1
4.97 143.89 1
4.98 143.88 1
4.99 150.6 1
5.0 162.0 1
5.01 177.48 1
5.02 192.16 1
5.03 204.73 1
5.04 225.4 1
5.05 230.2 1
5.06 211.5 1
