0.01 179.65 1
0.02 181.11 1
0.03 186.39 1
0.04 181.98 1
0.05 181.88 1
0.06 182.42 1
0.07 170.85 1
0.08 216.99 1
0.09 228.6 1
0.1 228.04 1
0.11 230.39 1
0.12 230.41 1
0.13 232.8 1
0.14 232.81 1
0.15 240.25 1
0.16 239.0 1
0.17 241.09 1
0.18 244.24 1
0.19 245.68 1
0.2 248.22 1
0.21 252.52 1
0.22 254.25 1
0.23 255.8 1
0.24 261.65 1
0.25 267.41 1
0.26 271.36 1
0.27 273.14 1
0.28 276.47 1
0.29 281.05 1
0.3 285.74 1
0.31 288.48 1
0.32 289.68 1
0.33 290.07 1
0.34 291.09 1
0.35 290.49 1
0.36 290.8 1
0.37 290.31 1
0.38 292.22 1
0.39 292.72 1
0.4 293.03 1
0.41 293.13 1
0.42 293.37 1
0.43 291.14 1
0.44 291.71 1
0.45 291.71 1
0.46 292.84 1
0.47 294.75 1
0.48 297.2 1
0.49 298.5 1
0.5 299.0 1
0.51 297.06 1
0.52 297.03 1
0.53 295.07 1
0.54 293.12 1
0.55 293.06 1
0.56 293.06 1
0.57 293.06 1
0.58 293.07 1
0.59 291.23 1
0.6 291.27 1
0.61 293.15 1
0.62 293.22 1
0.63 296.75 1
0.64 295.13 1
0.65 295.13 1
0.66 297.04 1
0.67 297.04 1
0.68 289.29 1
0.69 291.15 1
0.7 293.13 1
0.71 323.51 1
0.72 287.18 1
0.73 316.12 1
0.74 338.38 1
0.75 322.48 1
0.76 366.38 1
0.77 367.49 1
0.78 357.7 1
0.79 351.7 1
0.8 346.09 1
0.81 336.4 1
0.82 327.46 1
0.83 323.26 1
0.84 319.53 1
0.85 321.22 1
0.86 325.88 1
0.87 333.46 1
0.88 343.97 1
0.89 353.79 1
0.9 364.95 1
0.91 372.11 1
0.92 375.15 1
0.93 373.08 1
0.94 365.96 1
0.95 358.31 1
0.96 350.55 1
0.97 345.31 1
0.98 338.34 1
0.99 339.24 1
1.0 337.98 1
1.01 337.29 1
1.02 337.18 1
1.03 337.77 1
1.04 337.98 1
1.05 329.69 1
1.06 335.44 1
1.07 335.37 1
1.08 336.91 1
1.09 340.39 1
1.1 378.56 1
1.11 370.0 1
1.12 387.28 1
1.13 391.0 1
1.14 391.21 1
1.15 390.62 1
1.16 389.01 1
1.17 385.65 1
1.18 381.7 1
1.19 378.48 1
1.2 378.42 1
1.21 378.42 1
1.22 378.31 1
1.23 376.72 1
1.24 378.26 1
1.25 375.3 1
1.26 375.25 1
1.27 375.31 1
1.28 378.45 1
1.29 378.67 1
1.3 378.49 1
1.31 375.84 1
1.32 375.3 1
1.33 375.32 1
1.34 375.31 1
1.35 376.97 1
1.36 378.3 1
1.37 357.42 1
1.38 366.18 1
1.39 376.08 1
1.4 391.49 1
1.41 387.48 1
1.42 393.96 1
1.43 396.46 1
1.44 393.53 1
1.45 390.26 1
1.46 384.59 1
1.47 378.81 1
1.48 371.1 1
1.49 363.53 1
1.5 354.95 1
1.51 348.65 1
1.52 343.3 1
1.53 339.54 1
1.54 335.44 1
1.55 332.96 1
1.56 331.63 1
1.57 330.93 1
1.58 329.42 1
1.59 328.42 1
1.6 327.85 1
1.61 329.27 1
1.62 331.0 1
1.63 333.17 1
1.64 336.47 1
1.65 341.78 1
1.66 349.9 1
1.67 360.0 1
1.68 371.68 1
1.69 377.6 1
1.7 377.01 1
1.71 365.99 1
1.72 340.73 1
1.73 349.37 1
1.74 351.42 1
1.75 0.0 1
1.76 0.0 1
1.77 0.0 1
1.78 0.0 1
1.79 0.0 1
1.8 297.75 1
1.81 290.78 1
1.82 292.02 1
1.83 292.92 1
1.84 294.54 1
1.85 294.93 1
1.86 294.24 1
1.87 294.78 1
1.88 294.99 1
1.89 295.43 1
1.9 294.85 1
1.91 293.1 1
1.92 292.94 1
1.93 292.48 1
1.94 293.02 1
1.95 293.16 1
1.96 295.04 1
1.97 295.06 1
1.98 296.06 1
1.99 293.3 1
2.0 295.12 1
2.01 296.42 1
2.02 296.98 1
2.03 297.01 1
2.04 295.14 1
2.05 291.26 1
2.06 274.77 1
2.07 288.7 1
2.08 305.24 1
2.09 292.66 1
2.1 289.07 1
2.11 343.34 1
2.12 368.74 1
2.13 378.03 1
2.14 385.92 1
2.15 387.4 1
2.16 382.96 1
2.17 377.16 1
2.18 371.38 1
2.19 363.83 1
2.2 357.09 1
2.21 350.75 1
2.22 346.45 1
2.23 342.43 1
2.24 339.06 1
2.25 336.45 1
2.26 334.74 1
2.27 333.6 1
2.28 333.1 1
2.29 333.38 1
2.3 334.63 1
2.31 336.45 1
2.32 337.99 1
2.33 340.68 1
2.34 344.93 1
2.35 352.02 1
2.36 362.57 1
2.37 369.96 1
2.38 373.94 1
2.39 372.54 1
2.4 357.19 1
2.41 340.59 1
2.42 0.0 1
2.43 0.0 1
2.44 0.0 1
2.45 0.0 1
2.46 0.0 1
2.47 0.0 1
2.48 292.72 1
2.49 298.08 1
2.5 294.88 1
2.51 296.13 1
2.52 296.67 1
2.53 297.61 1
2.54 297.01 1
2.55 296.61 1
2.56 295.07 1
2.57 296.6 1
2.58 296.08 1
2.59 295.94 1
2.6 296.36 1
2.61 296.4 1
2.62 296.66 1
2.63 295.16 1
2.64 295.2 1
2.65 295.18 1
2.66 297.1 1
2.67 299.03 1
2.68 299.06 1
2.69 299.03 1
2.7 298.95 1
2.71 295.12 1
2.72 291.11 1
2.73 287.88 1
2.74 287.31 1
2.75 299.47 1
2.76 291.09 1
2.77 296.98 1
2.78 292.45 1
2.79 295.54 1
2.8 298.51 1
2.81 294.04 1
2.82 292.8 1
2.83 292.99 1
2.84 293.09 1
2.85 294.45 1
2.86 293.12 1
2.87 293.09 1
2.88 293.17 1
2.89 291.4 1
2.9 295.04 1
2.91 293.2 1
2.92 293.21 1
2.93 291.4 1
2.94 293.17 1
2.95 291.27 1
2.96 289.35 1
2.97 283.89 1
2.98 275.25 1
2.99 261.98 1
3.0 251.36 1
3.01 239.84 1
3.02 231.72 1
3.03 222.2 1
3.04 0.0 1
3.05 0.0 1
3.06 0.0 1
3.07 0.0 1
3.08 0.0 1
3.09 0.0 1
3.1 0.0 1
3.11 305.42 1
3.12 292.27 1
3.13 293.8 1
3.14 295.25 1
3.15 293.03 1
3.16 291.12 1
3.17 293.08 1
3.18 293.09 1
3.19 293.1 1
3.2 293.11 1
3.21 293.09 1
3.22 291.2 1
3.23 291.18 1
3.24 291.15 1
3.25 289.99 1
3.26 288.11 1
3.27 283.53 1
3.28 276.41 1
3.29 269.49 1
3.3 257.19 1
3.31 251.8 1
3.32 246.41 1
3.33 242.92 1
3.34 238.79 1
3.35 239.03 1
3.36 248.5 1
3.37 241.68 1
3.38 0.0 1
3.39 0.0 1
3.4 0.0 1
3.41 0.0 1
3.42 0.0 1
3.43 0.0 1
3.44 286.55 1
3.45 294.23 1
3.46 300.93 1
3.47 303.55 1
3.48 304.9 1
3.49 305.29 1
3.5 301.12 1
3.51 295.14 1
3.52 291.21 1
3.53 287.74 1
3.54 281.47 1
3.55 276.32 1
3.56 264.64 1
3.57 255.78 1
3.58 254.63 1
3.59 251.88 1
3.6 249.13 1
3.61 248.03 1
3.62 247.57 1
3.63 247.33 1
3.64 247.19 1
3.65 247.0 1
3.66 248.53 1
3.67 253.22 1
3.68 260.27 1
3.69 268.11 1
3.7 275.1 1
3.71 279.85 1
3.72 282.77 1
3.73 279.74 1
3.74 271.35 1
3.75 0.0 1
3.76 0.0 1
3.77 0.0 1
3.78 0.0 1
3.79 0.0 1
3.8 0.0 1
3.81 0.0 1
3.82 0.0 1
3.83 213.56 1
3.84 222.16 1
3.85 223.29 1
3.86 223.86 1
3.87 224.82 1
3.88 225.53 1
3.89 225.59 1
3.9 225.58 1
3.91 225.26 1
3.92 225.18 1
3.93 225.33 1
3.94 225.45 1
3.95 225.4 1
3.96 225.2 1
3.97 224.67 1
3.98 224.48 1
3.99 224.34 1
4.0 224.46 1
4.01 223.9 1
4.02 222.66 1
4.03 220.9 1
4.04 219.91 1
4.05 219.44 1
4.06 214.6 1
4.07 221.05 1
4.08 207.52 1
4.09 204.63 1
4.1 169.28 1
4.11 203.67 1
4.12 212.94 1
4.13 223.48 1
4.14 222.78 1
4.15 227.88 1
4.16 227.82 1
4.17 226.81 1
4.18 226.11 1
4.19 225.29 1
4.2 224.67 1
4.21 223.66 1
4.22 221.6 1
4.23 219.09 1
4.24 214.92 1
4.25 207.06 1
4.26 198.17 1
4.27 187.89 1
4.28 183.37 1
4.29 181.35 1
4.3 181.54 1
4.31 182.25 1
4.32 182.23 1
4.33 182.53 1
4.34 182.6 1
4.35 182.37 1
4.36 181.14 1
4.37 184.15 1
4.38 186.49 1
4.39 184.46 1
4.4 182.41 1
4.41 182.64 1
4.42 189.66 1
4.43 193.82 1
4.44 193.07 1
4.45 204.67 1
4.46 208.53 1
4.47 210.51 1
4.48 206.55 1
4.49 202.71 1
4.5 198.26 1
4.51 191.52 1
4.52 185.84 1
4.53 179.72 1
4.54 172.67 1
4.55 173.24 1
4.56 168.86 1
4.57 167.64 1
4.58 167.2 1
4.59 167.1 1
4.6 167.86 1
4.61 168.17 1
4.62 168.01 1
4.63 169.93 1
4.64 170.06 1
4.65 171.27 1
4.66 170.63 1
4.67 173.95 1
4.68 175.24 1
4.69 178.5 1
4.7 179.47 1
4.71 181.31 1
4.72 180.49 1
4.73 177.17 1
4.74 183.37 1
4.75 183.7 1
4.76 168.66 1
4.77 176.51 1
4.78 181.11 1
4.79 184.12 1
4.8 183.88 1
4.81 181.12 1
4.82 186.85 1
4.83 197.28 1
4.84 186.45 1
4.85 182.78 1
4.86 185.03 1
4.87 74.08 1
4.88 73.36 1
4.89 72.59 1
4.9 72.96 1
4.91 73.2 1
4.92 73.36 1
4.93 73.45 1
4.94 73.37 1
4.95 73.44 1
4.96 73.46 1
4.97 73.64 1
4.98 74.23 1
4.99 74.0 1
5.0 74.03 1
5.01 73.62 1
5.02 73.07 1
5.03 72.95 1
5.04 72.05 1
5.05 72.15 1
5.06 74.64 1
5.07 72.84 1
5.08 74.81 1
5.09 74.95 1
5.1 74.68 1
5.11 75.12 1
5.12 74.71 1
5.13 175.34 1
5.14 184.84 1
5.15 190.5 1
5.16 188.88 1
5.17 193.84 1
5.18 186.47 1
5.19 178.56 1
5.2 174.65 1
5.21 169.29 1
5.22 164.57 1
5.23 166.1 1
5.24 163.14 1
5.25 165.32 1
5.26 171.75 1
5.27 171.95 1
5.28 181.26 1
5.29 183.37 1
5.3 185.84 1
5.31 184.78 1
5.32 182.2 1
5.33 178.81 1
5.34 177.46 1
5.35 167.36 1
5.36 160.41 1
5.37 157.98 1
5.38 157.78 1
5.39 156.11 1
5.4 171.98 1
5.41 178.55 1
5.42 187.03 1
5.43 193.23 1
5.44 198.2 1
5.45 206.57 1
5.46 192.7 1
5.47 180.17 1
5.48 174.38 1
5.49 172.24 1
5.5 124.1 1
5.51 126.18 1
5.52 126.18 1
5.53 126.47 1
5.54 124.22 1
5.55 125.82 1
5.56 158.36 1
5.57 165.34 1
5.58 162.36 1
5.59 161.55 1
5.6 162.05 1
5.61 162.94 1
5.62 166.44 1
5.63 167.45 1
5.64 170.6 1
5.65 172.48 1
5.66 173.78 1
5.67 171.27 1
5.68 170.99 1
5.69 168.9 1
5.7 166.25 1
5.71 164.24 1
5.72 161.02 1
5.73 160.14 1
5.74 77.44 1
5.75 75.42 1
5.76 74.81 1
5.77 73.75 1
5.78 73.31 1
5.79 73.19 1
5.8 73.19 1
5.81 73.92 1
5.82 74.55 1
5.83 74.87 1
5.84 74.9 1
5.85 74.94 1
5.86 74.81 1
5.87 74.81 1
5.88 74.56 1
5.89 74.58 1
5.9 74.88 1
5.91 74.81 1
5.92 74.83 1
5.93 74.69 1
5.94 74.75 1
5.95 74.57 1
5.96 74.61 1
5.97 74.77 1
5.98 74.98 1
5.99 74.79 1
6.0 74.81 1
6.01 74.68 1
6.02 74.68 1
6.03 74.59 1
6.04 74.55 1
6.05 74.63 1
6.06 74.69 1
6.07 75.06 1
6.08 75.71 1
6.09 75.96 1
6.1 75.6 1
6.11 74.94 1
6.12 74.77 1
6.13 74.33 1
6.14 74.29 1
6.15 74.43 1
6.16 74.35 1
6.17 74.53 1
6.18 74.74 1
6.19 74.65 1
6.2 74.68 1
6.21 74.54 1
6.22 74.29 1
6.23 74.03 1
6.24 74.09 1
6.25 74.31 1
6.26 74.49 1
6.27 74.4 1
6.28 74.56 1
6.29 74.43 1
6.3 74.13 1
6.31 147.26 1
6.32 147.74 1
6.33 146.77 1
6.34 147.84 1
6.35 148.11 1
6.36 149.73 1
6.37 150.75 1
6.38 149.68 1
6.39 149.05 1
6.4 148.26 1
6.41 146.29 1
6.42 145.81 1
6.43 146.76 1
6.44 147.62 1
6.45 145.81 1
6.46 148.15 1
6.47 148.87 1
6.48 149.28 1
6.49 149.0 1
6.5 148.54 1
6.51 148.41 1
6.52 148.21 1
6.53 147.75 1
6.54 148.91 1
6.55 148.36 1
6.56 147.75 1
6.57 148.74 1
6.58 149.18 1
6.59 148.96 1
6.6 149.02 1
6.61 149.3 1
6.62 150.25 1
6.63 149.84 1
6.64 149.51 1
6.65 149.42 1
6.66 148.98 1
6.67 149.46 1
6.68 149.5 1
6.69 149.74 1
6.7 149.25 1
6.71 149.8 1
6.72 150.25 1
6.73 149.87 1
6.74 149.6 1
6.75 149.64 1
6.76 149.54 1
6.77 150.22 1
6.78 150.89 1
6.79 150.36 1
6.8 151.0 1
6.81 151.28 1
6.82 147.75 1
6.83 148.74 1
6.84 147.26 1
6.85 146.31 1
6.86 149.12 1
6.87 149.13 1
6.88 149.02 1
6.89 74.56 1
6.9 74.55 1
6.91 74.51 1
6.92 74.2 1
6.93 74.49 1
6.94 74.54 1
6.95 74.5 1
6.96 74.57 1
6.97 74.53 1
6.98 74.49 1
6.99 74.56 1
7.0 74.52 1
7.01 74.48 1
7.02 71.41 1
7.03 74.08 1
7.04 74.68 1
7.05 74.43 1
7.06 74.92 1
7.07 74.31 1
7.08 74.46 1
7.09 74.55 1
7.1 74.53 1
7.11 74.55 1
7.12 74.54 1
7.13 74.49 1
7.14 74.55 1
7.15 74.51 1
7.16 74.56 1
7.17 74.6 1
7.18 74.56 1
7.19 74.56 1
7.2 74.45 1
7.21 74.61 1
7.22 74.48 1
7.23 74.52 1
7.24 74.58 1
7.25 74.47 1
7.26 74.54 1
7.27 74.52 1
7.28 74.51 1
7.29 74.5 1
7.3 74.43 1
7.31 74.68 1
7.32 74.48 1
7.33 74.5 1
7.34 74.54 1
7.35 74.41 1
7.36 74.56 1
7.37 74.68 1
7.38 74.31 1
7.39 73.94 1
7.4 147.28 1
7.41 144.85 1
7.42 148.21 1
7.43 149.23 1
7.44 143.23 1
7.45 144.08 1
7.46 146.28 1
7.47 145.91 1
7.48 147.83 1
7.49 151.1 1
7.5 151.15 1
7.51 150.43 1
7.52 149.44 1
7.53 149.02 1
7.54 149.07 1
7.55 147.34 1
7.56 148.25 1
7.57 148.63 1
7.58 148.83 1
7.59 149.19 1
7.6 148.29 1
7.61 143.87 1
7.62 142.88 1
7.63 142.95 1
7.64 144.38 1
7.65 73.93 1
7.66 74.18 1
7.67 74.13 1
7.68 74.51 1
7.69 74.5 1
7.7 74.62 1
7.71 74.33 1
7.72 74.28 1
7.73 0.0 1
7.74 0.0 1
7.75 166.2 1
7.76 145.71 1
7.77 147.72 1
7.78 145.5 1
7.79 146.8 1
7.8 148.42 1
7.81 148.99 1
7.82 149.67 1
7.83 150.09 1
7.84 150.03 1
7.85 149.73 1
7.86 148.97 1
7.87 148.66 1
7.88 149.25 1
7.89 149.28 1
7.9 149.61 1
7.91 149.26 1
7.92 148.58 1
7.93 148.84 1
7.94 147.76 1
7.95 147.76 1
7.96 147.28 1
7.97 147.29 1
7.98 149.02 1
7.99 146.27 1
8.0 149.1 1
8.01 147.74 1
8.02 146.26 1
8.03 148.6 1
8.04 150.54 1
8.05 147.25 1
8.06 145.8 1
8.07 147.33 1
8.08 147.01 1
8.09 146.7 1
8.1 145.32 1
8.11 145.32 1
8.12 148.25 1
8.13 150.96 1
8.14 154.44 1
8.15 163.39 1
8.16 167.38 1
8.17 179.81 1
8.18 184.92 1
8.19 192.18 1
8.2 198.2 1
8.21 198.72 1
8.22 196.47 1
8.23 191.35 1
8.24 186.16 1
8.25 179.66 1
8.26 172.71 1
8.27 166.68 1
8.28 164.54 1
8.29 164.15 1
8.3 162.43 1
8.31 162.46 1
8.32 164.12 1
8.33 163.13 1
8.34 163.56 1
8.35 165.15 1
8.36 165.98 1
8.37 166.14 1
8.38 162.44 1
8.39 175.3 1
8.4 165.44 1
8.41 183.11 1
8.42 189.53 1
8.43 192.72 1
8.44 194.64 1
8.45 193.97 1
8.46 193.03 1
8.47 190.33 1
8.48 187.86 1
8.49 184.56 1
8.5 181.93 1
8.51 179.89 1
8.52 177.44 1
8.53 175.3 1
8.54 171.76 1
8.55 169.32 1
8.56 167.95 1
8.57 167.26 1
8.58 166.41 1
8.59 166.24 1
8.6 166.27 1
8.61 166.44 1
8.62 166.55 1
8.63 167.05 1
8.64 167.13 1
8.65 166.16 1
8.66 166.28 1
8.67 155.56 1
8.68 159.06 1
8.69 167.68 1
8.7 177.47 1
8.71 137.6 1
8.72 167.98 1
8.73 179.66 1
8.74 195.93 1
8.75 199.96 1
8.76 217.81 1
8.77 202.59 1
8.78 198.94 1
8.79 197.3 1
8.8 191.28 1
8.81 186.22 1
8.82 185.13 1
8.83 185.57 1
8.84 185.72 1
8.85 186.78 1
8.86 186.93 1
8.87 185.77 1
8.88 187.76 1
8.89 187.31 1
8.9 187.35 1
8.91 190.2 1
8.92 190.89 1
8.93 191.18 1
8.94 188.95 1
8.95 188.93 1
8.96 188.87 1
8.97 194.32 1
8.98 165.45 1
8.99 197.32 1
9.0 183.79 1
9.01 183.56 1
9.02 188.32 1
9.03 214.09 1
9.04 203.82 1
9.05 193.89 1
9.06 190.51 1
9.07 175.26 1
9.08 164.29 1
9.09 152.85 1
9.1 146.3 1
9.11 145.79 1
9.12 148.76 1
9.13 153.36 1
9.14 160.06 1
9.15 165.69 1
9.16 176.04 1
9.17 180.37 1
9.18 184.92 1
9.19 187.3 1
9.2 189.68 1
9.21 190.07 1
9.22 188.88 1
9.23 186.51 1
9.24 184.93 1
9.25 184.14 1
9.26 183.95 1
9.27 183.59 1
9.28 184.81 1
9.29 184.14 1
9.3 185.4 1
9.31 184.91 1
9.32 169.45 1
9.33 183.99 1
9.34 185.41 1
9.35 185.48 1
9.36 182.35 1
9.37 182.8 1
9.38 185.47 1
9.39 186.5 1
9.4 186.47 1
9.41 182.23 1
9.42 229.1 1
9.43 227.56 1
9.44 222.4 1
9.45 222.1 1
9.46 220.62 1
9.47 220.21 1
9.48 218.7 1
9.49 219.18 1
9.5 219.07 1
9.51 219.05 1
9.52 219.27 1
9.53 219.04 1
9.54 219.32 1
9.55 220.5 1
9.56 222.36 1
9.57 224.37 1
9.58 224.97 1
9.59 225.23 1
9.6 224.81 1
9.61 223.21 1
9.62 220.61 1
9.63 212.59 1
9.64 212.59 1
9.65 189.27 1
9.66 125.61 1
9.67 126.18 1
9.68 126.54 1
9.69 122.67 1
9.7 128.17 1
9.71 125.61 1
9.72 123.56 1
9.73 117.75 1
9.74 235.18 1
9.75 231.93 1
9.76 228.54 1
9.77 225.59 1
9.78 225.14 1
9.79 225.3 1
9.8 224.82 1
9.81 225.43 1
9.82 225.6 1
9.83 225.6 1
9.84 225.59 1
9.85 225.49 1
9.86 225.59 1
9.87 225.59 1
9.88 225.61 1
9.89 226.74 1
9.9 226.75 1
9.91 226.77 1
9.92 225.62 1
9.93 225.11 1
9.94 223.03 1
9.95 220.29 1
9.96 210.51 1
9.97 216.61 1
9.98 216.72 1
9.99 206.56 1
10.0 179.63 1
10.01 195.57 1
10.02 200.01 1
10.03 184.13 1
10.04 181.12 1
10.05 183.35 1
10.06 184.28 1
10.07 236.39 1
10.08 236.21 1
10.09 224.53 1
10.1 221.39 1
10.11 216.68 1
10.12 212.4 1
10.13 209.53 1
10.14 208.56 1
10.15 214.56 1
10.16 217.75 1
10.17 225.35 1
10.18 236.44 1
10.19 246.52 1
10.2 257.26 1
10.21 276.42 1
10.22 286.44 1
10.23 294.98 1
10.24 297.06 1
10.25 299.04 1
10.26 295.03 1
10.27 289.94 1
10.28 283.24 1
10.29 276.7 1
10.3 272.91 1
10.31 261.78 1
10.32 257.73 1
10.33 253.78 1
10.34 248.93 1
10.35 245.67 1
10.36 244.32 1
10.37 244.95 1
10.38 249.88 1
10.39 247.76 1
10.4 279.11 1
10.41 235.91 1
10.42 244.34 1
10.43 245.7 1
10.44 316.12 1
10.45 295.47 1
10.46 302.69 1
10.47 303.93 1
10.48 299.0 1
10.49 297.0 1
10.5 291.34 1
10.51 293.09 1
10.52 290.04 1
10.53 287.21 1
10.54 283.58 1
10.55 278.74 1
10.56 276.37 1
10.57 272.86 1
10.58 258.75 1
10.59 252.6 1
10.6 248.16 1
10.61 245.95 1
10.62 245.73 1
10.63 245.65 1
10.64 245.13 1
