0.01 202.96 1
0.02 191.27 1
0.03 177.43 1
0.04 169.22 1
0.05 165.47 1
0.06 165.41 1
0.07 165.98 1
0.08 166.84 1
0.09 166.11 1
0.1 165.58 1
0.11 165.27 1
0.12 165.45 1
0.13 165.67 1
0.14 166.09 1
0.15 179.87 1
0.16 200.01 1
0.17 204.92 1
0.18 205.59 1
0.19 219.95 1
0.2 220.12 1
0.21 227.76 1
0.22 228.56 1
0.23 227.1 1
0.24 227.01 1
0.25 222.52 1
0.26 218.41 1
0.27 214.53 1
0.28 206.22 1
0.29 203.69 1
0.3 199.43 1
0.31 197.09 1
0.32 195.32 1
0.33 192.52 1
0.34 192.9 1
0.35 184.14 1
0.36 180.8 1
0.37 184.89 1
0.38 183.59 1
0.39 184.08 1
0.4 182.68 1
0.41 186.04 1
0.42 186.78 1
0.43 183.47 1
0.44 183.57 1
0.45 187.73 1
0.46 190.15 1
0.47 185.06 1
0.48 184.13 1
0.49 198.49 1
0.5 199.11 1
0.51 189.68 1
0.52 188.71 1
0.53 184.65 1
0.54 183.28 1
0.55 186.94 1
0.56 185.14 1
0.57 181.86 1
0.58 187.57 1
0.59 192.42 1
0.6 187.26 1
0.61 184.77 1
0.62 184.05 1
0.63 190.5 1
0.64 189.09 1
0.65 188.87 1
0.66 186.25 1
0.67 188.98 1
0.68 192.22 1
0.69 191.61 1
0.7 191.13 1
0.71 190.89 1
0.72 188.44 1
0.73 187.22 1
0.74 189.84 1
0.75 187.27 1
0.76 184.91 1
0.77 187.17 1
0.78 185.58 1
0.79 184.14 1
0.8 183.95 1
0.81 183.05 1
0.82 187.6 1
0.83 184.91 1
0.84 184.13 1
0.85 184.92 1
0.86 184.71 1
0.87 182.66 1
0.88 181.77 1
0.89 182.02 1
0.9 182.79 1
0.91 189.03 1
0.92 189.68 1
0.93 188.06 1
0.94 187.63 1
0.95 185.62 1
0.96 183.03 1
0.97 181.03 1
0.98 177.26 1
0.99 178.77 1
1.0 178.11 1
1.01 179.73 1
1.02 182.71 1
1.03 185.69 1
1.04 189.86 1
1.05 196.61 1
1.06 194.94 1
1.07 93.33 1
1.08 99.44 1
1.09 74.56 1
1.1 74.3 1
1.11 74.39 1
1.12 74.18 1
1.13 74.53 1
1.14 74.6 1
1.15 74.69 1
1.16 74.51 1
1.17 74.59 1
1.18 74.48 1
1.19 74.47 1
1.2 74.53 1
1.21 74.56 1
1.22 74.52 1
1.23 74.64 1
1.24 74.45 1
1.25 74.69 1
1.26 74.47 1
1.27 74.57 1
1.28 74.54 1
1.29 74.62 1
1.3 74.6 1
1.31 74.54 1
1.32 75.19 1
1.33 190.12 1
1.34 192.19 1
1.35 186.89 1
1.36 183.84 1
1.37 181.7 1
1.38 183.07 1
1.39 183.71 1
1.4 184.89 1
1.41 185.56 1
1.42 185.52 1
1.43 185.12 1
1.44 184.8 1
1.45 184.78 1
1.46 184.15 1
1.47 184.92 1
1.48 185.83 1
1.49 185.69 1
1.5 186.47 1
1.51 187.27 1
1.52 187.59 1
1.53 188.06 1
1.54 187.28 1
1.55 187.27 1
1.56 188.06 1
1.57 187.27 1
1.58 187.93 1
1.59 188.15 1
1.6 186.48 1
1.61 185.7 1
1.62 186.47 1
1.63 186.88 1
1.64 187.26 1
1.65 190.07 1
1.66 192.99 1
1.67 194.31 1
1.68 196.43 1
1.69 197.67 1
1.7 198.21 1
1.71 197.14 1
1.72 194.71 1
1.73 193.83 1
1.74 188.08 1
1.75 187.27 1
1.76 185.31 1
1.77 184.84 1
1.78 184.14 1
1.79 184.14 1
1.8 184.03 1
1.81 184.49 1
1.82 184.14 1
1.83 184.91 1
1.84 185.69 1
1.85 186.03 1
1.86 185.67 1
1.87 184.91 1
1.88 184.14 1
1.89 184.45 1
1.9 184.25 1
1.91 183.93 1
1.92 184.14 1
1.93 186.48 1
1.94 189.25 1
1.95 191.54 1
1.96 192.61 1
1.97 194.93 1
1.98 196.43 1
1.99 196.22 1
2.0 195.93 1
2.01 195.56 1
2.02 193.62 1
2.03 191.32 1
2.04 189.42 1
2.05 188.89 1
2.06 188.25 1
2.07 185.71 1
2.08 185.7 1
2.09 185.69 1
2.1 184.92 1
2.11 185.69 1
2.12 186.48 1
2.13 187.26 1
2.14 185.71 1
2.15 184.93 1
2.16 184.15 1
2.17 185.17 1
2.18 184.52 1
2.19 184.91 1
2.2 184.92 1
2.21 184.93 1
2.22 186.49 1
2.23 188.88 1
2.24 192.33 1
2.25 194.66 1
2.26 197.22 1
2.27 198.49 1
2.28 199.65 1
2.29 198.23 1
2.3 196.45 1
2.31 192.64 1
2.32 187.27 1
2.33 182.89 1
2.34 179.62 1
2.35 174.63 1
2.36 168.51 1
2.37 164.99 1
2.38 75.77 1
2.39 74.08 1
2.4 74.57 1
2.41 74.27 1
2.42 74.58 1
2.43 74.56 1
2.44 73.96 1
2.45 74.44 1
2.46 74.94 1
2.47 74.04 1
2.48 75.19 1
2.49 74.68 1
2.5 74.62 1
2.51 75.19 1
2.52 74.68 1
2.53 74.39 1
2.54 75.06 1
2.55 73.93 1
2.56 74.06 1
2.57 74.36 1
2.58 73.93 1
2.59 74.06 1
2.6 73.93 1
2.61 74.81 1
2.62 74.62 1
2.63 74.43 1
2.64 74.6 1
2.65 74.68 1
2.66 74.33 1
2.67 74.47 1
2.68 90.67 1
2.69 210.5 1
2.7 217.78 1
2.71 192.33 1
2.72 197.32 1
2.73 201.76 1
2.74 207.54 1
2.75 202.74 1
2.76 193.82 1
2.77 189.68 1
2.78 172.61 1
2.79 165.46 1
2.8 159.3 1
2.81 156.12 1
2.82 159.84 1
2.83 163.79 1
2.84 171.28 1
2.85 180.23 1
2.86 188.1 1
2.87 193.33 1
2.88 197.12 1
2.89 198.87 1
2.9 199.0 1
2.91 196.24 1
2.92 193.04 1
2.93 188.88 1
2.94 186.48 1
2.95 182.95 1
2.96 178.18 1
2.97 173.73 1
2.98 169.74 1
2.99 167.01 1
3.0 164.62 1
3.01 164.63 1
3.02 165.11 1
3.03 168.65 1
3.04 179.12 1
3.05 186.55 1
3.06 191.12 1
3.07 196.42 1
3.08 199.24 1
3.09 203.24 1
3.1 200.06 1
3.11 196.38 1
3.12 188.89 1
3.13 187.04 1
3.14 183.53 1
3.15 181.1 1
3.16 180.33 1
3.17 180.93 1
3.18 182.23 1
3.19 184.66 1
3.2 187.27 1
3.21 191.11 1
3.22 193.07 1
3.23 194.59 1
3.24 196.31 1
3.25 196.21 1
3.26 195.1 1
3.27 193.81 1
3.28 190.51 1
3.29 188.07 1
3.3 186.9 1
3.31 184.83 1
3.32 184.64 1
3.33 183.23 1
3.34 182.99 1
3.35 182.31 1
3.36 182.95 1
3.37 184.0 1
3.38 185.69 1
3.39 188.07 1
3.4 190.42 1
3.41 192.31 1
3.42 194.72 1
3.43 197.88 1
3.44 199.51 1
3.45 199.28 1
3.46 196.74 1
3.47 193.0 1
3.48 188.08 1
3.49 184.43 1
3.5 179.75 1
3.51 176.75 1
3.52 174.08 1
3.53 177.45 1
3.54 181.63 1
3.55 187.16 1
3.56 195.55 1
3.57 203.42 1
3.58 209.51 1
3.59 214.18 1
3.6 220.78 1
3.61 223.72 1
3.62 226.11 1
3.63 226.74 1
3.64 226.61 1
3.65 224.07 1
3.66 221.15 1
3.67 220.94 1
3.68 220.79 1
3.69 221.44 1
3.7 223.13 1
3.71 225.8 1
3.72 226.55 1
3.73 226.59 1
3.74 225.58 1
3.75 225.58 1
3.76 225.99 1
3.77 225.63 1
3.78 224.16 1
3.79 224.18 1
3.8 224.83 1
3.81 224.37 1
3.82 222.9 1
3.83 223.34 1
3.84 224.12 1
3.85 225.18 1
3.86 224.97 1
3.87 225.0 1
3.88 225.83 1
3.89 225.39 1
3.9 224.73 1
3.91 222.49 1
3.92 218.89 1
3.93 214.8 1
3.94 216.88 1
3.95 210.27 1
3.96 194.7 1
3.97 186.05 1
3.98 181.97 1
3.99 198.43 1
4.0 0.0 1
4.01 0.0 1
4.02 0.0 1
4.03 0.0 1
4.04 74.43 1
4.05 74.52 1
4.06 74.58 1
4.07 74.43 1
4.08 74.6 1
4.09 74.43 1
4.1 74.54 1
4.11 74.43 1
4.12 74.68 1
4.13 74.54 1
4.14 222.17 1
4.15 224.55 1
4.16 225.64 1
4.17 224.83 1
4.18 224.41 1
4.19 223.63 1
4.2 222.62 1
4.21 221.53 1
4.22 219.98 1
4.23 219.77 1
4.24 220.01 1
4.25 220.25 1
4.26 221.06 1
4.27 222.2 1
4.28 224.58 1
4.29 224.0 1
4.3 224.43 1
4.31 225.21 1
4.32 225.98 1
4.33 226.76 1
4.34 224.45 1
4.35 226.11 1
4.36 224.83 1
4.37 223.9 1
4.38 223.62 1
4.39 222.49 1
4.4 222.68 1
4.41 222.72 1
4.42 222.45 1
4.43 223.91 1
4.44 225.48 1
4.45 226.14 1
4.46 227.34 1
4.47 228.87 1
4.48 228.0 1
4.49 229.14 1
4.5 228.08 1
4.51 222.81 1
4.52 211.63 1
4.53 209.45 1
4.54 197.19 1
4.55 191.14 1
4.56 186.53 1
4.57 184.51 1
4.58 183.81 1
4.59 185.1 1
4.6 185.17 1
4.61 187.2 1
4.62 189.47 1
4.63 190.49 1
4.64 189.11 1
4.65 186.48 1
4.66 180.34 1
4.67 183.34 1
4.68 182.59 1
4.69 179.64 1
4.7 181.82 1
4.71 199.42 1
4.72 202.72 1
4.73 202.74 1
4.74 206.53 1
4.75 206.53 1
4.76 218.9 1
4.77 222.0 1
4.78 222.05 1
4.79 221.86 1
4.8 216.73 1
4.81 218.88 1
4.82 225.56 1
4.83 223.66 1
4.84 217.81 1
4.85 224.16 1
4.86 232.69 1
4.87 226.8 1
4.88 226.74 1
4.89 226.44 1
4.9 224.43 1
4.91 223.67 1
4.92 223.83 1
4.93 223.47 1
4.94 222.18 1
4.95 224.67 1
4.96 227.15 1
4.97 226.71 1
4.98 223.34 1
4.99 225.6 1
5.0 227.31 1
5.01 226.78 1
5.02 225.61 1
5.03 226.89 1
5.04 224.87 1
5.05 223.6 1
5.06 229.55 1
5.07 188.87 1
5.08 94.19 1
5.09 74.44 1
5.1 74.57 1
5.11 74.64 1
5.12 74.44 1
5.13 74.57 1
5.14 74.55 1
5.15 74.57 1
5.16 74.61 1
5.17 74.51 1
5.18 74.65 1
5.19 74.52 1
5.2 74.49 1
5.21 74.61 1
5.22 74.47 1
5.23 74.58 1
5.24 74.63 1
5.25 74.48 1
5.26 74.64 1
5.27 74.48 1
5.28 74.49 1
5.29 74.6 1
5.3 74.47 1
5.31 74.67 1
5.32 74.58 1
5.33 74.43 1
5.34 74.61 1
5.35 74.52 1
5.36 74.58 1
5.37 74.53 1
5.38 74.49 1
5.39 74.55 1
5.4 74.59 1
5.41 74.52 1
5.42 74.55 1
5.43 74.56 1
5.44 74.54 1
5.45 74.56 1
5.46 74.56 1
5.47 74.52 1
5.48 74.57 1
5.49 74.58 1
5.5 74.43 1
5.51 74.61 1
5.52 74.62 1
5.53 74.5 1
5.54 74.58 1
5.55 74.59 1
5.56 74.49 1
5.57 74.5 1
5.58 74.51 1
5.59 74.47 1
5.6 74.53 1
5.61 74.6 1
5.62 74.53 1
5.63 74.59 1
5.64 74.51 1
5.65 74.5 1
5.66 74.55 1
5.67 74.58 1
5.68 74.57 1
5.69 74.54 1
5.7 74.52 1
5.71 74.48 1
5.72 74.62 1
5.73 74.6 1
5.74 74.5 1
5.75 74.5 1
5.76 74.52 1
5.77 74.63 1
5.78 74.51 1
5.79 74.59 1
5.8 74.56 1
5.81 74.7 1
5.82 74.14 1
5.83 74.54 1
5.84 74.55 1
5.85 74.56 1
5.86 74.56 1
5.87 74.37 1
5.88 74.68 1
5.89 74.18 1
5.9 74.41 1
5.91 74.81 1
5.92 74.4 1
5.93 74.49 1
5.94 75.11 1
5.95 74.82 1
5.96 74.56 1
5.97 74.81 1
5.98 74.55 1
5.99 74.27 1
6.0 74.16 1
6.01 74.59 1
6.02 74.43 1
6.03 74.38 1
6.04 74.63 1
6.05 74.58 1
6.06 74.45 1
6.07 74.72 1
6.08 0.0 1
6.09 0.0 1
6.1 245.34 1
6.11 226.81 1
6.12 226.54 1
6.13 225.2 1
6.14 225.54 1
6.15 224.19 1
6.16 223.53 1
6.17 222.66 1
6.18 222.11 1
6.19 220.42 1
6.2 219.97 1
6.21 219.52 1
6.22 220.37 1
6.23 222.44 1
6.24 223.37 1
6.25 222.94 1
6.26 222.3 1
6.27 221.11 1
6.28 219.48 1
6.29 215.77 1
6.3 216.35 1
6.31 207.79 1
6.32 202.3 1
6.33 194.31 1
6.34 184.24 1
6.35 172.79 1
6.36 168.71 1
6.37 168.52 1
6.38 159.55 1
6.39 164.91 1
6.4 166.7 1
6.41 184.23 1
6.42 184.84 1
6.43 200.98 1
6.44 236.5 1
6.45 254.08 1
6.46 274.65 1
6.47 285.4 1
6.48 293.92 1
6.49 298.27 1
6.5 299.02 1
6.51 301.77 1
6.52 300.98 1
6.53 293.15 1
6.54 288.14 1
6.55 279.2 1
6.56 272.98 1
6.57 269.43 1
6.58 257.48 1
6.59 255.42 1
6.6 252.36 1
6.61 247.58 1
6.62 245.62 1
6.63 242.06 1
6.64 240.72 1
6.65 240.28 1
6.66 0.0 1
6.67 244.11 1
6.68 245.24 1
6.69 246.79 1
6.7 249.43 1
6.71 252.84 1
6.72 255.89 1
6.73 258.67 1
6.74 263.31 1
6.75 268.95 1
6.76 273.01 1
6.77 274.86 1
6.78 275.09 1
6.79 273.48 1
6.8 270.6 1
6.81 267.7 1
6.82 264.78 1
6.83 256.03 1
6.84 256.62 1
6.85 252.78 1
6.86 250.59 1
6.87 248.17 1
6.88 244.71 1
6.89 241.65 1
6.9 238.98 1
6.91 117.54 1
6.92 116.52 1
6.93 76.87 1
6.94 76.22 1
6.95 75.63 1
6.96 75.26 1
6.97 74.94 1
6.98 74.74 1
6.99 74.38 1
7.0 74.29 1
7.01 74.13 1
7.02 74.32 1
7.03 74.56 1
7.04 74.77 1
7.05 74.64 1
7.06 74.48 1
7.07 74.27 1
7.08 74.27 1
7.09 74.15 1
7.1 73.44 1
7.11 71.86 1
7.12 71.99 1
7.13 75.06 1
7.14 74.56 1
7.15 74.43 1
7.16 74.4 1
7.17 74.31 1
7.18 74.52 1
7.19 74.28 1
7.2 74.68 1
7.21 74.38 1
7.22 74.54 1
7.23 73.93 1
7.24 75.2 1
7.25 74.69 1
7.26 74.44 1
7.27 74.05 1
7.28 75.07 1
7.29 74.68 1
7.3 74.52 1
7.31 74.86 1
7.32 73.93 1
7.33 74.68 1
7.34 74.67 1
7.35 180.93 1
7.36 191.33 1
7.37 191.32 1
7.38 186.47 1
7.39 200.92 1
7.4 214.58 1
7.41 223.23 1
7.42 224.4 1
7.43 222.79 1
7.44 220.78 1
7.45 222.0 1
7.46 223.04 1
7.47 222.6 1
7.48 221.19 1
7.49 220.12 1
7.5 219.24 1
7.51 218.82 1
7.52 217.76 1
7.53 218.69 1
7.54 219.27 1
7.55 220.03 1
7.56 220.89 1
7.57 221.76 1
7.58 222.26 1
7.59 221.82 1
7.6 221.81 1
7.61 221.7 1
7.62 219.38 1
7.63 216.68 1
7.64 210.33 1
7.65 203.57 1
7.66 194.79 1
7.67 179.71 1
7.68 168.67 1
7.69 162.39 1
7.7 159.26 1
7.71 157.82 1
7.72 163.03 1
7.73 169.3 1
7.74 183.6 1
7.75 193.8 1
7.76 202.79 1
7.77 213.58 1
7.78 219.95 1
7.79 223.67 1
7.8 226.46 1
7.81 226.75 1
7.82 228.51 1
7.83 227.64 1
7.84 225.61 1
7.85 224.64 1
7.86 223.3 1
7.87 222.58 1
7.88 221.37 1
7.89 219.1 1
7.9 217.74 1
7.91 213.55 1
7.92 207.58 1
7.93 203.7 1
7.94 197.23 1
7.95 188.06 1
7.96 183.39 1
7.97 178.9 1
7.98 178.47 1
7.99 178.22 1
8.0 181.47 1
8.01 184.94 1
8.02 194.68 1
8.03 202.72 1
8.04 217.74 1
8.05 231.51 1
8.06 243.23 1
8.07 255.69 1
8.08 276.44 1
8.09 282.98 1
8.1 285.55 1
8.11 291.25 1
8.12 291.09 1
8.13 289.24 1
8.14 284.5 1
8.15 280.03 1
8.16 276.45 1
8.17 271.32 1
8.18 257.23 1
8.19 255.68 1
8.2 253.05 1
8.21 251.38 1
8.22 249.79 1
8.23 249.22 1
8.24 247.43 1
8.25 245.73 1
8.26 245.36 1
8.27 244.54 1
8.28 243.99 1
8.29 244.66 1
8.3 245.17 1
8.31 246.72 1
8.32 248.05 1
8.33 253.04 1
8.34 257.16 1
8.35 263.35 1
8.36 274.75 1
8.37 281.48 1
8.38 280.83 1
8.39 278.22 1
8.4 269.71 1
8.41 260.58 1
8.42 244.31 1
8.43 230.14 1
8.44 221.63 1
8.45 219.71 1
8.46 219.13 1
8.47 220.65 1
8.48 221.82 1
8.49 222.09 1
8.5 221.96 1
8.51 221.71 1
8.52 221.01 1
8.53 219.9 1
8.54 220.12 1
8.55 218.73 1
8.56 217.77 1
8.57 217.99 1
8.58 218.75 1
8.59 220.61 1
8.6 222.34 1
8.61 223.76 1
8.62 223.48 1
8.63 222.69 1
8.64 221.55 1
8.65 219.9 1
8.66 219.37 1
8.67 219.75 1
8.68 220.53 1
8.69 220.63 1
8.7 220.93 1
8.71 221.43 1
8.72 222.29 1
8.73 223.63 1
8.74 224.79 1
8.75 225.58 1
8.76 225.67 1
8.77 226.8 1
8.78 226.79 1
8.79 226.71 1
8.8 225.28 1
8.81 223.31 1
8.82 220.98 1
8.83 217.75 1
8.84 209.76 1
8.85 198.3 1
8.86 187.3 1
8.87 181.39 1
8.88 178.2 1
8.89 180.3 1
8.9 178.2 1
8.91 177.5 1
8.92 166.73 1
8.93 0.0 1
8.94 0.0 1
8.95 0.0 1
8.96 0.0 1
8.97 0.0 1
8.98 0.0 1
8.99 0.0 1
9.0 229.63 1
9.01 226.49 1
9.02 222.85 1
9.03 225.3 1
9.04 224.42 1
9.05 221.65 1
9.06 222.64 1
9.07 223.28 1
9.08 222.98 1
9.09 221.43 1
9.1 218.91 1
9.11 216.69 1
9.12 214.55 1
9.13 210.35 1
9.14 206.63 1
9.15 204.67 1
9.16 201.38 1
9.17 197.2 1
9.18 193.83 1
9.19 190.53 1
9.2 186.53 1
9.21 184.95 1
9.22 184.14 1
9.23 182.53 1
9.24 181.34 1
9.25 180.74 1
9.26 179.61 1
9.27 181.95 1
9.28 184.15 1
9.29 186.51 1
9.3 195.72 1
9.31 203.7 1
9.32 209.51 1
9.33 212.19 1
9.34 217.58 1
9.35 219.26 1
9.36 221.24 1
9.37 220.3 1
9.38 217.88 1
9.39 212.65 1
9.4 206.8 1
9.41 201.62 1
9.42 196.48 1
9.43 192.15 1
9.44 189.8 1
9.45 184.97 1
9.46 184.93 1
9.47 184.0 1
9.48 184.6 1
9.49 184.81 1
9.5 184.14 1
9.51 184.55 1
9.52 183.17 1
9.53 182.27 1
9.54 182.86 1
9.55 183.49 1
9.56 183.54 1
9.57 183.12 1
9.58 182.44 1
9.59 182.49 1
9.6 182.73 1
9.61 185.69 1
9.62 190.27 1
9.63 193.85 1
9.64 196.38 1
9.65 197.72 1
9.66 198.32 1
9.67 199.26 1
9.68 197.74 1
9.69 196.43 1
9.7 194.14 1
9.71 191.31 1
9.72 184.95 1
9.73 182.82 1
9.74 178.18 1
9.75 175.05 1
9.76 173.28 1
9.77 169.97 1
9.78 169.2 1
9.79 167.6 1
9.8 166.26 1
9.81 164.02 1
9.82 164.13 1
9.83 164.19 1
9.84 164.74 1
9.85 165.05 1
9.86 164.39 1
9.87 163.63 1
9.88 163.47 1
9.89 164.15 1
9.9 165.32 1
9.91 166.38 1
9.92 166.95 1
9.93 167.92 1
9.94 169.58 1
9.95 170.62 1
9.96 174.58 1
9.97 176.88 1
9.98 177.16 1
9.99 176.44 1
10.0 174.65 1
10.01 172.61 1
10.02 167.99 1
10.03 161.56 1
10.04 155.91 1
10.05 148.73 1
10.06 145.26 1
10.07 143.04 1
10.08 143.92 1
10.09 143.55 1
10.1 145.17 1
10.11 144.36 1
10.12 144.83 1
10.13 147.59 1
10.14 145.32 1
10.15 148.72 1
10.16 149.73 1
10.17 146.77 1
10.18 145.32 1
10.19 148.23 1
10.2 145.8 1
10.21 144.37 1
10.22 146.13 1
10.23 144.36 1
10.24 146.86 1
10.25 149.23 1
10.26 147.75 1
10.27 148.25 1
10.28 150.75 1
10.29 150.75 1
10.3 145.81 1
10.31 150.05 1
10.32 153.94 1
10.33 162.98 1
10.34 169.63 1
10.35 176.67 1
10.36 184.2 1
10.37 185.69 1
10.38 188.06 1
10.39 189.9 1
10.4 185.69 1
10.41 184.01 1
10.42 179.69 1
10.43 176.74 1
10.44 170.61 1
10.45 168.24 1
10.46 166.8 1
10.47 166.57 1
10.48 164.87 1
10.49 166.25 1
10.5 166.66 1
10.51 168.21 1
10.52 167.64 1
10.53 165.51 1
