0.01 74.54 1
0.02 74.47 1
0.03 74.65 1
0.04 171.64 1
0.05 175.34 1
0.06 187.87 1
0.07 195.56 1
0.08 195.87 1
0.09 195.56 1
0.1 191.39 1
0.11 190.48 1
0.12 188.94 1
0.13 187.68 1
0.14 187.69 1
0.15 187.28 1
0.16 187.29 1
0.17 188.87 1
0.18 190.0 1
0.19 190.64 1
0.2 190.54 1
0.21 190.83 1
0.22 190.5 1
0.23 190.41 1
0.24 190.27 1
0.25 190.87 1
0.26 189.7 1
0.27 190.19 1
0.28 190.5 1
0.29 189.95 1
0.3 188.08 1
0.31 186.5 1
0.32 186.47 1
0.33 184.92 1
0.34 183.56 1
0.35 180.63 1
0.36 177.47 1
0.37 174.21 1
0.38 170.61 1
0.39 168.29 1
0.4 166.1 1
0.41 165.34 1
0.42 165.34 1
0.43 166.92 1
0.44 167.53 1
0.45 169.29 1
0.46 169.96 1
0.47 170.63 1
0.48 173.97 1
0.49 177.5 1
0.5 180.97 1
0.51 184.14 1
0.52 185.71 1
0.53 190.6 1
0.54 190.21 1
0.55 190.99 1
0.56 188.89 1
0.57 189.58 1
0.58 188.06 1
0.59 185.71 1
0.6 185.71 1
0.61 185.7 1
0.62 185.7 1
0.63 186.48 1
0.64 186.49 1
0.65 187.27 1
0.66 187.26 1
0.67 187.27 1
0.68 187.28 1
0.69 186.49 1
0.7 186.49 1
0.71 186.48 1
0.72 185.7 1
0.73 185.69 1
0.74 185.7 1
0.75 185.7 1
0.76 185.69 1
0.77 186.48 1
0.78 187.27 1
0.79 187.27 1
0.8 186.48 1
0.81 184.92 1
0.82 184.85 1
0.83 184.91 1
0.84 184.92 1
0.85 185.69 1
0.86 187.27 1
0.87 187.28 1
0.88 186.48 1
0.89 186.48 1
0.9 185.7 1
0.91 186.47 1
0.92 185.69 1
0.93 185.7 1
0.94 187.15 1
0.95 187.27 1
0.96 187.27 1
0.97 186.49 1
0.98 185.7 1
0.99 186.47 1
1.0 184.91 1
1.01 184.91 1
1.02 184.91 1
1.03 184.92 1
1.04 185.62 1
1.05 185.69 1
1.06 185.7 1
1.07 185.69 1
1.08 185.69 1
1.09 185.7 1
1.1 186.48 1
1.11 187.28 1
1.12 188.06 1
1.13 188.07 1
1.14 188.07 1
1.15 188.07 1
1.16 187.28 1
1.17 187.27 1
1.18 187.03 1
1.19 185.69 1
1.2 184.91 1
1.21 184.43 1
1.22 184.03 1
1.23 183.95 1
1.24 183.95 1
1.25 184.65 1
1.26 184.7 1
1.27 184.92 1
1.28 184.92 1
1.29 186.5 1
1.3 188.09 1
1.31 191.35 1
1.32 194.01 1
1.33 196.43 1
1.34 196.33 1
1.35 196.42 1
1.36 194.02 1
1.37 189.72 1
1.38 188.38 1
1.39 186.3 1
1.4 184.41 1
1.41 183.84 1
1.42 185.69 1
1.43 188.08 1
1.44 191.24 1
1.45 191.28 1
1.46 189.21 1
1.47 180.71 1
1.48 90.46 1
1.49 74.68 1
1.5 74.3 1
1.51 74.58 1
1.52 74.47 1
1.53 74.65 1
1.54 74.56 1
1.55 74.56 1
1.56 74.56 1
1.57 74.37 1
1.58 74.37 1
1.59 74.46 1
1.6 74.68 1
1.61 74.62 1
1.62 74.56 1
1.63 74.55 1
1.64 74.58 1
1.65 74.42 1
1.66 74.51 1
1.67 74.58 1
1.68 74.35 1
1.69 74.37 1
1.7 74.56 1
1.71 74.49 1
1.72 74.39 1
1.73 74.68 1
1.74 74.51 1
1.75 74.57 1
1.76 74.79 1
1.77 74.36 1
1.78 74.56 1
1.79 74.76 1
1.8 74.47 1
1.81 74.68 1
1.82 74.52 1
1.83 74.3 1
1.84 74.63 1
1.85 74.14 1
1.86 74.46 1
1.87 74.89 1
1.88 74.05 1
1.89 74.68 1
1.9 74.77 1
1.91 74.18 1
1.92 74.36 1
1.93 74.49 1
1.94 74.4 1
1.95 74.62 1
1.96 73.97 1
1.97 74.81 1
1.98 74.68 1
1.99 74.32 1
2.0 74.62 1
2.01 74.48 1
2.02 74.34 1
2.03 74.94 1
2.04 92.91 1
2.05 97.46 1
2.06 180.38 1
2.07 181.13 1
2.08 188.67 1
2.09 193.5 1
2.1 197.32 1
2.11 197.32 1
2.12 197.33 1
2.13 197.5 1
2.14 195.59 1
2.15 198.15 1
2.16 194.26 1
2.17 194.2 1
2.18 192.41 1
2.19 191.34 1
2.2 190.0 1
2.21 188.88 1
2.22 187.28 1
2.23 187.87 1
2.24 187.41 1
2.25 185.72 1
2.26 185.69 1
2.27 185.94 1
2.28 186.14 1
2.29 185.96 1
2.3 185.69 1
2.31 186.06 1
2.32 186.6 1
2.33 186.52 1
2.34 187.44 1
2.35 187.22 1
2.36 187.18 1
2.37 187.61 1
2.38 187.35 1
2.39 186.51 1
2.4 184.22 1
2.41 185.08 1
2.42 185.34 1
2.43 185.65 1
2.44 186.25 1
2.45 187.39 1
2.46 187.78 1
2.47 187.82 1
2.48 185.78 1
2.49 185.24 1
2.5 182.89 1
2.51 178.9 1
2.52 176.01 1
2.53 169.34 1
2.54 167.22 1
2.55 166.06 1
2.56 165.58 1
2.57 166.25 1
2.58 165.46 1
2.59 152.84 1
2.6 163.47 1
2.61 163.63 1
2.62 173.31 1
2.63 197.7 1
2.64 182.53 1
2.65 179.64 1
2.66 191.64 1
2.67 193.79 1
2.68 184.2 1
2.69 183.37 1
2.7 188.05 1
2.71 173.95 1
2.72 198.7 1
2.73 191.33 1
2.74 189.41 1
2.75 188.59 1
2.76 188.08 1
2.77 187.23 1
2.78 188.64 1
2.79 188.05 1
2.8 186.48 1
2.81 184.85 1
2.82 182.42 1
2.83 179.23 1
2.84 176.75 1
2.85 173.96 1
2.86 170.62 1
2.87 169.94 1
2.88 168.83 1
2.89 168.14 1
2.9 168.78 1
2.91 169.3 1
2.92 169.94 1
2.93 169.3 1
2.94 169.3 1
2.95 169.3 1
2.96 170.3 1
2.97 169.96 1
2.98 170.6 1
2.99 170.61 1
3.0 170.6 1
3.01 169.95 1
3.02 169.18 1
3.03 167.38 1
3.04 166.53 1
3.05 166.67 1
3.06 167.82 1
3.07 169.83 1
3.08 171.28 1
3.09 173.32 1
3.1 178.41 1
3.11 180.4 1
3.12 180.58 1
3.13 179.72 1
3.14 176.62 1
3.15 173.29 1
3.16 167.87 1
3.17 163.61 1
3.18 156.76 1
3.19 151.27 1
3.2 146.5 1
3.21 146.0 1
3.22 145.33 1
3.23 147.72 1
3.24 148.38 1
3.25 149.23 1
3.26 148.75 1
3.27 150.07 1
3.28 150.57 1
3.29 150.46 1
3.3 146.28 1
3.31 144.39 1
3.32 71.36 1
3.33 74.31 1
3.34 72.19 1
3.35 73.63 1
3.36 73.56 1
3.37 73.34 1
3.38 73.17 1
3.39 73.39 1
3.4 74.01 1
3.41 74.42 1
3.42 74.43 1
3.43 74.22 1
3.44 74.06 1
3.45 74.15 1
3.46 73.88 1
3.47 73.79 1
3.48 73.76 1
3.49 73.91 1
3.5 74.04 1
3.51 73.67 1
3.52 73.49 1
3.53 73.2 1
3.54 73.07 1
3.55 73.24 1
3.56 73.63 1
3.57 73.5 1
3.58 73.67 1
3.59 74.13 1
3.6 74.25 1
3.61 74.25 1
3.62 74.37 1
3.63 74.44 1
3.64 74.4 1
3.65 74.36 1
3.66 74.04 1
3.67 73.93 1
3.68 74.08 1
3.69 149.74 1
3.7 147.25 1
3.71 148.71 1
3.72 148.44 1
3.73 148.74 1
3.74 148.97 1
3.75 149.15 1
3.76 148.91 1
3.77 148.24 1
3.78 148.24 1
3.79 148.69 1
3.8 148.48 1
3.81 147.75 1
3.82 148.0 1
3.83 148.06 1
3.84 147.66 1
3.85 148.24 1
3.86 151.45 1
3.87 159.51 1
3.88 165.45 1
3.89 171.99 1
3.9 182.06 1
3.91 187.43 1
3.92 190.51 1
3.93 192.08 1
3.94 191.3 1
3.95 187.69 1
3.96 183.97 1
3.97 180.61 1
3.98 176.68 1
3.99 173.26 1
4.0 171.4 1
4.01 169.89 1
4.02 166.3 1
4.03 168.91 1
4.04 168.68 1
4.05 169.3 1
4.06 169.47 1
4.07 168.72 1
4.08 169.89 1
4.09 169.35 1
4.1 169.3 1
4.11 168.93 1
4.12 168.79 1
4.13 168.14 1
4.14 168.32 1
4.15 168.68 1
4.16 170.89 1
4.17 174.05 1
4.18 176.79 1
4.19 182.52 1
4.2 186.98 1
4.21 190.73 1
4.22 193.29 1
4.23 194.56 1
4.24 193.05 1
4.25 193.78 1
4.26 188.4 1
4.27 184.09 1
4.28 180.39 1
4.29 176.01 1
4.3 172.17 1
4.31 168.14 1
4.32 167.4 1
4.33 166.29 1
4.34 166.7 1
4.35 165.48 1
4.36 166.0 1
4.37 166.31 1
4.38 166.38 1
4.39 166.89 1
4.4 166.92 1
4.41 168.21 1
4.42 169.94 1
4.43 174.67 1
4.44 178.31 1
4.45 182.58 1
4.46 185.72 1
4.47 190.86 1
4.48 194.59 1
4.49 191.19 1
4.5 186.53 1
4.51 184.92 1
4.52 181.76 1
4.53 177.4 1
4.54 173.24 1
4.55 169.81 1
4.56 167.93 1
4.57 167.34 1
4.58 166.5 1
4.59 165.48 1
4.6 161.25 1
4.61 153.38 1
4.62 74.68 1
4.63 74.48 1
4.64 74.81 1
4.65 74.81 1
4.66 75.57 1
4.67 74.46 1
4.68 167.35 1
4.69 178.9 1
4.7 192.15 1
4.71 195.44 1
4.72 198.47 1
4.73 201.01 1
4.74 202.2 1
4.75 200.19 1
4.76 198.17 1
4.77 189.71 1
4.78 186.4 1
4.79 180.14 1
4.8 177.45 1
4.81 173.61 1
4.82 171.28 1
4.83 171.24 1
4.84 170.61 1
4.85 169.96 1
4.86 170.61 1
4.87 171.13 1
4.88 170.61 1
4.89 169.3 1
4.9 168.33 1
4.91 167.12 1
4.92 165.84 1
4.93 164.11 1
4.94 163.2 1
4.95 163.03 1
4.96 164.74 1
4.97 168.14 1
4.98 171.27 1
4.99 176.77 1
5.0 179.64 1
5.01 183.25 1
5.02 185.69 1
5.03 187.06 1
5.04 185.69 1
5.05 183.42 1
5.06 180.5 1
5.07 177.26 1
5.08 174.4 1
5.09 169.97 1
5.1 168.72 1
5.11 166.27 1
5.12 165.0 1
5.13 162.08 1
5.14 160.48 1
5.15 156.88 1
5.16 152.27 1
5.17 145.11 1
5.18 141.3 1
5.19 130.64 1
5.2 124.39 1
5.21 118.71 1
5.22 114.98 1
5.23 105.46 1
5.24 106.91 1
5.25 111.6 1
5.26 112.36 1
5.27 110.37 1
5.28 117.14 1
5.29 119.05 1
5.3 123.36 1
5.31 124.68 1
5.32 65.93 1
5.33 74.0 1
5.34 74.22 1
5.35 73.51 1
5.36 74.7 1
5.37 74.56 1
5.38 75.19 1
5.39 74.83 1
5.4 75.19 1
5.41 75.3 1
5.42 74.56 1
5.43 74.17 1
5.44 73.83 1
5.45 73.61 1
5.46 73.83 1
5.47 74.13 1
5.48 74.76 1
5.49 74.86 1
5.5 74.52 1
5.51 74.21 1
5.52 73.94 1
5.53 73.66 1
5.54 73.29 1
5.55 73.63 1
5.56 73.86 1
5.57 73.89 1
5.58 73.56 1
5.59 145.89 1
5.6 143.98 1
5.61 137.9 1
5.62 133.43 1
5.63 133.42 1
5.64 124.05 1
5.65 120.36 1
5.66 117.43 1
5.67 115.32 1
5.68 114.99 1
5.69 118.73 1
5.7 113.2 1
5.71 117.64 1
5.72 118.46 1
5.73 122.66 1
5.74 126.91 1
5.75 129.91 1
5.76 147.74 1
5.77 149.8 1
5.78 162.81 1
5.79 170.37 1
5.8 182.64 1
5.81 187.39 1
5.82 188.07 1
5.83 190.77 1
5.84 189.0 1
5.85 184.15 1
5.86 183.36 1
5.87 179.01 1
5.88 178.17 1
5.89 176.81 1
5.9 175.8 1
5.91 175.43 1
5.92 175.13 1
5.93 174.58 1
5.94 173.97 1
5.95 173.65 1
5.96 171.31 1
5.97 171.99 1
5.98 170.65 1
5.99 167.77 1
6.0 169.28 1
6.01 161.85 1
6.02 164.85 1
6.03 165.27 1
6.04 168.64 1
6.05 172.84 1
6.06 176.37 1
6.07 179.4 1
6.08 181.12 1
6.09 184.52 1
6.1 185.27 1
6.11 185.24 1
6.12 183.27 1
6.13 180.81 1
6.14 177.27 1
6.15 175.32 1
6.16 169.35 1
6.17 168.74 1
6.18 167.09 1
6.19 166.11 1
6.2 167.99 1
6.21 169.88 1
6.22 173.02 1
6.23 176.38 1
6.24 180.64 1
6.25 182.83 1
6.26 183.2 1
6.27 182.32 1
6.28 178.7 1
6.29 174.56 1
6.3 169.02 1
6.31 165.46 1
6.32 163.26 1
6.33 166.07 1
6.34 164.27 1
6.35 166.72 1
6.36 166.35 1
6.37 167.95 1
6.38 74.69 1
6.39 73.93 1
6.4 74.54 1
6.41 74.63 1
6.42 74.34 1
6.43 74.7 1
6.44 74.39 1
6.45 74.58 1
6.46 74.68 1
6.47 74.38 1
6.48 74.43 1
6.49 74.68 1
6.5 74.32 1
6.51 74.7 1
6.52 74.68 1
6.53 74.24 1
6.54 74.67 1
6.55 74.52 1
6.56 74.81 1
6.57 74.68 1
6.58 74.05 1
6.59 74.4 1
6.6 74.56 1
6.61 74.67 1
6.62 74.77 1
6.63 74.68 1
6.64 74.6 1
6.65 184.81 1
6.66 191.33 1
6.67 184.9 1
6.68 184.14 1
6.69 202.0 1
6.7 203.76 1
6.71 204.11 1
6.72 203.54 1
6.73 200.62 1
6.74 196.41 1
6.75 184.22 1
6.76 183.81 1
6.77 180.23 1
6.78 177.43 1
6.79 177.42 1
6.8 175.32 1
6.81 171.98 1
6.82 172.61 1
6.83 173.0 1
6.84 173.01 1
6.85 170.64 1
6.86 171.27 1
6.87 170.89 1
6.88 169.3 1
6.89 170.39 1
6.9 169.95 1
6.91 169.95 1
6.92 171.26 1
6.93 170.6 1
6.94 171.94 1
6.95 178.37 1
6.96 181.85 1
6.97 184.48 1
6.98 187.51 1
6.99 189.54 1
7.0 192.14 1
7.01 193.62 1
7.02 192.33 1
7.03 190.65 1
7.04 187.26 1
7.05 182.93 1
7.06 178.95 1
7.07 173.99 1
7.08 167.55 1
7.09 162.05 1
7.1 155.84 1
7.11 151.27 1
7.12 146.29 1
7.13 143.42 1
7.14 140.71 1
7.15 137.6 1
7.16 135.4 1
7.17 135.07 1
7.18 131.96 1
7.19 130.7 1
7.2 128.39 1
7.21 126.18 1
7.22 124.76 1
7.23 122.83 1
7.24 121.32 1
7.25 118.17 1
7.26 74.53 1
7.27 74.92 1
7.28 74.45 1
7.29 74.81 1
7.3 74.68 1
7.31 74.56 1
7.32 74.94 1
7.33 74.48 1
7.34 74.25 1
7.35 74.75 1
7.36 75.02 1
7.37 73.93 1
7.38 78.32 1
7.39 77.3 1
7.4 76.55 1
7.41 75.7 1
7.42 74.86 1
7.43 74.42 1
7.44 74.23 1
7.45 74.47 1
7.46 74.66 1
7.47 74.68 1
7.48 74.66 1
7.49 74.62 1
7.5 74.49 1
7.51 74.4 1
7.52 74.6 1
7.53 74.73 1
7.54 74.52 1
7.55 74.42 1
7.56 74.45 1
7.57 74.47 1
7.58 74.81 1
7.59 74.81 1
7.6 74.81 1
7.61 75.02 1
7.62 74.87 1
7.63 74.36 1
7.64 74.12 1
7.65 73.63 1
7.66 145.79 1
7.67 143.99 1
7.68 139.21 1
7.69 137.37 1
7.7 133.03 1
7.71 126.55 1
7.72 125.85 1
7.73 124.33 1
7.74 122.65 1
7.75 123.23 1
7.76 118.86 1
7.77 120.05 1
7.78 120.0 1
7.79 119.7 1
7.8 120.68 1
7.81 124.14 1
7.82 127.21 1
7.83 129.53 1
7.84 132.6 1
7.85 138.02 1
7.86 143.09 1
7.87 145.83 1
7.88 148.27 1
7.89 152.31 1
7.9 149.96 1
7.91 149.15 1
7.92 149.17 1
7.93 150.25 1
7.94 149.05 1
7.95 147.26 1
7.96 148.79 1
7.97 149.74 1
7.98 149.47 1
7.99 149.24 1
8.0 147.84 1
8.01 147.88 1
8.02 146.76 1
8.03 144.69 1
8.04 144.8 1
8.05 144.36 1
8.06 144.83 1
8.07 145.7 1
8.08 146.28 1
8.09 145.32 1
8.1 144.83 1
8.11 144.84 1
8.12 145.21 1
8.13 145.79 1
8.14 146.28 1
8.15 149.55 1
8.16 149.56 1
8.17 148.24 1
8.18 148.18 1
8.19 148.39 1
8.2 148.08 1
8.21 147.25 1
8.22 145.32 1
8.23 149.73 1
8.24 74.43 1
8.25 74.54 1
8.26 74.5 1
8.27 74.56 1
8.28 74.56 1
8.29 74.54 1
8.3 74.54 1
8.31 74.54 1
8.32 74.55 1
8.33 148.98 1
8.34 149.72 1
8.35 149.72 1
8.36 149.22 1
8.37 149.16 1
8.38 149.01 1
8.39 149.23 1
8.4 148.27 1
8.41 149.73 1
8.42 149.23 1
8.43 148.75 1
8.44 149.73 1
8.45 148.25 1
8.46 149.23 1
8.47 149.73 1
8.48 149.06 1
8.49 147.77 1
8.5 149.18 1
8.51 149.24 1
8.52 149.23 1
8.53 147.29 1
8.54 149.23 1
8.55 149.08 1
8.56 149.23 1
8.57 148.74 1
8.58 148.74 1
8.59 149.73 1
8.6 149.73 1
8.61 148.75 1
8.62 149.0 1
8.63 150.23 1
8.64 199.81 1
8.65 166.29 1
8.66 173.27 1
8.67 147.75 1
8.68 146.77 1
8.69 148.74 1
8.7 145.34 1
8.71 144.37 1
8.72 144.97 1
8.73 144.84 1
8.74 144.38 1
8.75 147.21 1
8.76 146.83 1
8.77 146.3 1
8.78 146.66 1
8.79 145.73 1
8.8 143.96 1
8.81 142.48 1
8.82 141.36 1
8.83 141.95 1
8.84 144.72 1
8.85 150.79 1
8.86 159.39 1
8.87 166.91 1
8.88 172.63 1
8.89 185.38 1
8.9 193.87 1
8.91 198.2 1
8.92 199.01 1
8.93 196.41 1
8.94 194.64 1
8.95 189.92 1
8.96 184.71 1
8.97 180.53 1
8.98 176.9 1
8.99 173.98 1
9.0 172.11 1
9.01 170.34 1
9.02 168.07 1
9.03 168.03 1
9.04 166.66 1
9.05 165.51 1
9.06 165.42 1
9.07 162.52 1
9.08 163.21 1
9.09 163.85 1
9.1 165.16 1
9.11 167.44 1
9.12 171.05 1
9.13 174.03 1
9.14 179.36 1
9.15 183.27 1
9.16 188.61 1
9.17 192.57 1
9.18 195.16 1
9.19 194.3 1
9.2 191.78 1
9.21 188.84 1
9.22 184.71 1
9.23 180.18 1
9.24 176.04 1
9.25 172.89 1
9.26 169.24 1
9.27 166.6 1
9.28 163.89 1
9.29 162.22 1
9.3 161.3 1
9.31 163.43 1
9.32 166.71 1
9.33 170.91 1
9.34 176.12 1
9.35 181.67 1
9.36 186.44 1
9.37 189.71 1
9.38 192.06 1
9.39 191.87 1
9.4 189.69 1
9.41 186.44 1
9.42 182.53 1
9.43 178.52 1
9.44 174.29 1
9.45 171.19 1
9.46 168.72 1
9.47 168.65 1
9.48 167.4 1
9.49 165.8 1
9.5 163.52 1
9.51 74.99 1
9.52 74.68 1
9.53 74.93 1
9.54 74.51 1
9.55 74.7 1
9.56 74.69 1
9.57 74.58 1
9.58 74.44 1
9.59 0.0 1
9.6 0.0 1
9.61 0.0 1
9.62 202.79 1
9.63 205.64 1
9.64 195.1 1
9.65 192.99 1
9.66 191.23 1
9.67 190.49 1
9.68 188.59 1
9.69 186.94 1
9.7 184.9 1
9.71 183.15 1
9.72 183.52 1
9.73 183.41 1
9.74 182.84 1
9.75 182.48 1
9.76 182.58 1
9.77 182.71 1
9.78 182.1 1
9.79 181.75 1
9.8 182.22 1
9.81 183.09 1
9.82 184.92 1
9.83 187.27 1
9.84 196.29 1
9.85 198.18 1
9.86 187.27 1
9.87 176.73 1
9.88 188.86 1
9.89 184.82 1
9.9 180.38 1
9.91 180.36 1
9.92 178.52 1
9.93 176.49 1
9.94 176.73 1
9.95 173.16 1
9.96 170.64 1
9.97 168.72 1
9.98 169.59 1
9.99 169.35 1
10.0 168.21 1
10.01 168.08 1
10.02 167.33 1
10.03 167.12 1
10.04 166.38 1
10.05 165.53 1
10.06 166.85 1
10.07 166.34 1
10.08 165.92 1
10.09 166.21 1
10.1 167.32 1
10.11 169.27 1
10.12 172.22 1
10.13 176.06 1
10.14 181.39 1
10.15 185.69 1
10.16 188.13 1
10.17 190.92 1
10.18 193.67 1
10.19 189.63 1
10.2 184.93 1
10.21 180.38 1
10.22 176.13 1
10.23 172.94 1
10.24 171.8 1
10.25 168.65 1
10.26 166.75 1
10.27 166.06 1
10.28 158.95 1
10.29 133.54 1
