0.01 74.94 1
0.02 74.57 1
0.03 76.04 1
0.04 164.86 1
0.05 170.6 1
0.06 161.83 1
0.07 161.83 1
0.08 160.62 1
0.09 157.21 1
0.1 158.38 1
0.11 161.29 1
0.12 162.42 1
0.13 165.42 1
0.14 166.74 1
0.15 169.57 1
0.16 173.34 1
0.17 178.71 1
0.18 184.92 1
0.19 191.41 1
0.2 199.71 1
0.21 204.66 1
0.22 210.96 1
0.23 215.73 1
0.24 219.68 1
0.25 222.67 1
0.26 225.94 1
0.27 227.68 1
0.28 226.64 1
0.29 223.7 1
0.3 219.42 1
0.31 216.31 1
0.32 214.58 1
0.33 212.52 1
0.34 208.68 1
0.35 209.8 1
0.36 208.53 1
0.37 204.7 1
0.38 202.29 1
0.39 197.95 1
0.4 194.68 1
0.41 189.0 1
0.42 188.1 1
0.43 186.51 1
0.44 184.96 1
0.45 184.94 1
0.46 184.94 1
0.47 184.96 1
0.48 185.74 1
0.49 186.5 1
0.5 186.51 1
0.51 186.5 1
0.52 186.49 1
0.53 186.48 1
0.54 185.69 1
0.55 184.92 1
0.56 183.84 1
0.57 183.6 1
0.58 182.76 1
0.59 181.45 1
0.6 180.76 1
0.61 181.21 1
0.62 182.52 1
0.63 183.79 1
0.64 184.15 1
0.65 184.14 1
0.66 181.94 1
0.67 180.42 1
0.68 183.37 1
0.69 177.45 1
0.7 180.36 1
0.71 181.99 1
0.72 184.17 1
0.73 187.32 1
0.74 190.47 1
0.75 186.48 1
0.76 187.27 1
0.77 186.52 1
0.78 188.57 1
0.79 188.14 1
0.8 185.73 1
0.81 184.92 1
0.82 184.6 1
0.83 183.58 1
0.84 183.06 1
0.85 181.47 1
0.86 180.31 1
0.87 170.49 1
0.88 174.78 1
0.89 173.17 1
0.9 169.82 1
0.91 165.8 1
0.92 165.38 1
0.93 163.37 1
0.94 163.01 1
0.95 154.87 1
0.96 167.46 1
0.97 141.31 1
0.98 178.86 1
0.99 152.4 1
1.0 170.57 1
1.01 181.99 1
1.02 186.38 1
1.03 192.98 1
1.04 194.35 1
1.05 192.7 1
1.06 190.81 1
1.07 187.59 1
1.08 183.7 1
1.09 180.34 1
1.1 176.02 1
1.11 171.28 1
1.12 169.96 1
1.13 169.05 1
1.14 168.37 1
1.15 166.99 1
1.16 166.62 1
1.17 165.11 1
1.18 164.98 1
1.19 165.33 1
1.2 165.55 1
1.21 165.86 1
1.22 166.91 1
1.23 166.04 1
1.24 164.82 1
1.25 163.23 1
1.26 161.66 1
1.27 162.93 1
1.28 163.9 1
1.29 164.85 1
1.3 166.09 1
1.31 171.26 1
1.32 176.21 1
1.33 182.61 1
1.34 187.53 1
1.35 194.05 1
1.36 200.23 1
1.37 200.3 1
1.38 197.46 1
1.39 192.18 1
1.4 188.06 1
1.41 182.63 1
1.42 177.45 1
1.43 170.78 1
1.44 170.71 1
1.45 169.22 1
1.46 168.66 1
1.47 167.9 1
1.48 167.48 1
1.49 166.68 1
1.5 165.47 1
1.51 165.64 1
1.52 166.89 1
1.53 168.27 1
1.54 167.41 1
1.55 169.93 1
1.56 172.37 1
1.57 173.32 1
1.58 176.92 1
1.59 181.11 1
1.6 184.13 1
1.61 185.7 1
1.62 187.28 1
1.63 189.76 1
1.64 186.43 1
1.65 176.92 1
1.66 0.0 1
1.67 0.0 1
1.68 0.0 1
1.69 0.0 1
1.7 0.0 1
1.71 0.0 1
1.72 0.0 1
1.73 0.0 1
1.74 0.0 1
1.75 0.0 1
1.76 0.0 1
1.77 155.01 1
1.78 147.24 1
1.79 145.0 1
1.8 144.29 1
1.81 146.04 1
1.82 145.9 1
1.83 146.44 1
1.84 146.39 1
1.85 146.11 1
1.86 146.05 1
1.87 146.63 1
1.88 146.91 1
1.89 146.76 1
1.9 147.85 1
1.91 148.09 1
1.92 148.66 1
1.93 148.97 1
1.94 149.51 1
1.95 149.47 1
1.96 148.75 1
1.97 148.75 1
1.98 148.87 1
1.99 146.31 1
2.0 147.27 1
2.01 148.99 1
2.02 148.63 1
2.03 148.67 1
2.04 147.75 1
2.05 146.76 1
2.06 148.67 1
2.07 148.24 1
2.08 149.12 1
2.09 149.76 1
2.1 150.68 1
2.11 150.77 1
2.12 148.27 1
2.13 149.95 1
2.14 150.24 1
2.15 149.69 1
2.16 148.28 1
2.17 149.36 1
2.18 149.71 1
2.19 148.56 1
2.2 146.79 1
2.21 146.99 1
2.22 146.84 1
2.23 147.8 1
2.24 150.71 1
2.25 154.28 1
2.26 170.0 1
2.27 167.96 1
2.28 177.48 1
2.29 186.52 1
2.3 192.21 1
2.31 196.11 1
2.32 196.82 1
2.33 195.67 1
2.34 192.14 1
2.35 188.83 1
2.36 182.3 1
2.37 178.89 1
2.38 174.95 1
2.39 172.84 1
2.4 170.79 1
2.41 169.29 1
2.42 168.46 1
2.43 167.59 1
2.44 166.99 1
2.45 166.73 1
2.46 165.65 1
2.47 164.55 1
2.48 163.65 1
2.49 163.58 1
2.5 161.38 1
2.51 161.24 1
2.52 160.71 1
2.53 164.21 1
2.54 164.76 1
2.55 167.97 1
2.56 170.9 1
2.57 175.62 1
2.58 179.72 1
2.59 183.27 1
2.6 184.92 1
2.61 186.37 1
2.62 183.4 1
2.63 173.69 1
2.64 168.61 1
2.65 0.0 1
2.66 0.0 1
2.67 0.0 1
2.68 0.0 1
2.69 0.0 1
2.7 0.0 1
2.71 0.0 1
2.72 0.0 1
2.73 0.0 1
2.74 0.0 1
2.75 174.38 1
2.76 152.66 1
2.77 147.57 1
2.78 148.24 1
2.79 148.73 1
2.8 149.42 1
2.81 150.67 1
2.82 150.47 1
2.83 150.46 1
2.84 149.68 1
2.85 150.52 1
2.86 149.65 1
2.87 148.16 1
2.88 148.24 1
2.89 148.7 1
2.9 148.96 1
2.91 148.87 1
2.92 149.06 1
2.93 149.37 1
2.94 148.83 1
2.95 148.26 1
2.96 148.89 1
2.97 148.47 1
2.98 145.79 1
2.99 146.76 1
3.0 148.29 1
3.01 145.79 1
3.02 146.27 1
3.03 149.8 1
3.04 152.3 1
3.05 149.59 1
3.06 199.11 1
3.07 187.06 1
3.08 188.87 1
3.09 194.09 1
3.1 198.2 1
3.11 194.68 1
3.12 188.5 1
3.13 184.14 1
3.14 179.63 1
3.15 172.66 1
3.16 172.55 1
3.17 164.88 1
3.18 165.46 1
3.19 163.29 1
3.2 161.27 1
3.21 162.43 1
3.22 162.5 1
3.23 162.42 1
3.24 160.1 1
3.25 164.83 1
3.26 164.47 1
3.27 168.32 1
3.28 174.47 1
3.29 180.71 1
3.3 186.27 1
3.31 191.27 1
3.32 193.06 1
3.33 189.86 1
3.34 182.35 1
3.35 0.0 1
3.36 0.0 1
3.37 0.0 1
3.38 0.0 1
3.39 0.0 1
3.4 74.81 1
3.41 74.49 1
3.42 74.7 1
3.43 74.56 1
3.44 76.45 1
3.45 75.32 1
3.46 149.74 1
3.47 149.69 1
3.48 148.33 1
3.49 149.74 1
3.5 151.2 1
3.51 151.94 1
3.52 151.73 1
3.53 152.25 1
3.54 151.77 1
3.55 151.37 1
3.56 151.75 1
3.57 150.54 1
3.58 149.22 1
3.59 148.09 1
3.6 148.94 1
3.61 149.49 1
3.62 147.74 1
3.63 149.21 1
3.64 149.64 1
3.65 146.76 1
3.66 145.79 1
3.67 145.13 1
3.68 144.36 1
3.69 137.86 1
3.7 152.31 1
3.71 150.77 1
3.72 144.83 1
3.73 147.07 1
3.74 152.33 1
3.75 150.04 1
3.76 144.36 1
3.77 183.08 1
3.78 206.56 1
3.79 198.88 1
3.8 198.94 1
3.81 193.91 1
3.82 190.65 1
3.83 187.18 1
3.84 184.03 1
3.85 181.46 1
3.86 179.32 1
3.87 179.42 1
3.88 179.69 1
3.89 181.59 1
3.9 181.92 1
3.91 182.17 1
3.92 182.51 1
3.93 184.07 1
3.94 184.8 1
3.95 185.7 1
3.96 188.06 1
3.97 189.69 1
3.98 192.2 1
3.99 189.71 1
4.0 191.33 1
4.01 184.92 1
4.02 181.59 1
4.03 185.92 1
4.04 183.36 1
4.05 187.25 1
4.06 190.62 1
4.07 193.48 1
4.08 190.53 1
4.09 187.61 1
4.1 181.85 1
4.11 174.35 1
4.12 168.1 1
4.13 163.63 1
4.14 162.52 1
4.15 166.7 1
4.16 167.37 1
4.17 173.84 1
4.18 179.67 1
4.19 183.99 1
4.2 188.04 1
4.21 189.68 1
4.22 189.72 1
4.23 187.44 1
4.24 184.32 1
4.25 179.13 1
4.26 175.33 1
4.27 169.99 1
4.28 168.94 1
4.29 168.79 1
4.3 167.4 1
4.31 170.59 1
4.32 170.17 1
4.33 164.95 1
4.34 165.48 1
4.35 149.28 1
4.36 166.09 1
4.37 171.95 1
4.38 175.35 1
4.39 194.69 1
4.4 195.95 1
4.41 178.8 1
4.42 188.05 1
4.43 199.97 1
4.44 201.15 1
4.45 196.24 1
4.46 193.83 1
4.47 189.67 1
4.48 183.77 1
4.49 180.3 1
4.5 181.53 1
4.51 182.39 1
4.52 183.77 1
4.53 185.68 1
4.54 187.78 1
4.55 188.59 1
4.56 188.12 1
4.57 187.15 1
4.58 185.69 1
4.59 185.69 1
4.6 187.25 1
4.61 187.27 1
4.62 188.07 1
4.63 195.81 1
4.64 192.4 1
4.65 180.84 1
4.66 89.85 1
4.67 92.63 1
4.68 93.44 1
4.69 92.75 1
4.7 92.44 1
4.71 74.99 1
4.72 73.73 1
4.73 73.91 1
4.74 73.92 1
4.75 74.05 1
4.76 73.68 1
4.77 77.13 1
4.78 72.68 1
4.79 71.76 1
4.8 72.33 1
4.81 72.98 1
4.82 73.47 1
4.83 74.08 1
4.84 74.81 1
4.85 75.06 1
4.86 75.41 1
4.87 75.59 1
4.88 75.52 1
4.89 75.75 1
4.9 75.68 1
4.91 75.35 1
4.92 75.41 1
4.93 75.35 1
4.94 75.19 1
4.95 75.19 1
4.96 74.81 1
4.97 73.84 1
4.98 72.17 1
4.99 72.9 1
5.0 72.88 1
5.01 73.81 1
5.02 73.66 1
5.03 74.81 1
5.04 74.81 1
5.05 77.63 1
5.06 90.98 1
5.07 181.46 1
5.08 188.06 1
5.09 193.86 1
5.1 200.89 1
5.11 197.28 1
5.12 194.13 1
5.13 189.69 1
5.14 186.19 1
5.15 181.85 1
5.16 176.04 1
5.17 168.05 1
5.18 168.61 1
5.19 166.33 1
5.2 165.44 1
5.21 166.71 1
5.22 165.06 1
5.23 165.47 1
5.24 163.54 1
5.25 163.56 1
5.26 163.55 1
5.27 164.32 1
5.28 167.22 1
5.29 163.63 1
5.3 179.55 1
5.31 181.83 1
5.32 184.14 1
5.33 188.64 1
5.34 188.64 1
5.35 183.17 1
5.36 171.8 1
5.37 0.0 1
5.38 0.0 1
5.39 0.0 1
5.4 74.56 1
5.41 74.41 1
5.42 74.33 1
5.43 74.58 1
5.44 74.54 1
5.45 74.45 1
5.46 75.0 1
5.47 74.91 1
5.48 74.91 1
5.49 75.1 1
5.5 74.99 1
5.51 74.94 1
5.52 74.57 1
5.53 74.5 1
5.54 74.51 1
5.55 74.44 1
5.56 74.39 1
5.57 74.6 1
5.58 74.99 1
5.59 75.06 1
5.6 75.0 1
5.61 75.27 1
5.62 75.19 1
5.63 74.85 1
5.64 74.38 1
5.65 74.52 1
5.66 73.81 1
5.67 74.64 1
5.68 74.48 1
5.69 74.56 1
5.7 74.6 1
5.71 74.5 1
5.72 72.71 1
5.73 147.75 1
5.74 156.11 1
5.75 149.23 1
5.76 148.17 1
5.77 148.4 1
5.78 148.63 1
5.79 148.14 1
5.8 148.25 1
5.81 148.48 1
5.82 149.1 1
5.83 149.31 1
5.84 149.71 1
5.85 152.05 1
5.86 151.81 1
5.87 151.8 1
5.88 148.22 1
5.89 144.36 1
5.9 144.65 1
5.91 140.66 1
5.92 130.17 1
5.93 126.32 1
5.94 125.62 1
5.95 124.76 1
5.96 124.6 1
5.97 124.77 1
5.98 124.91 1
5.99 124.08 1
6.0 124.12 1
6.01 124.76 1
6.02 119.03 1
6.03 120.97 1
6.04 63.24 1
6.05 63.51 1
6.06 74.55 1
6.07 74.56 1
6.08 74.55 1
6.09 74.35 1
6.1 74.59 1
6.11 74.44 1
6.12 0.0 1
6.13 0.0 1
6.14 148.95 1
6.15 146.78 1
6.16 146.76 1
6.17 147.51 1
6.18 147.57 1
6.19 147.74 1
6.2 148.41 1
6.21 148.69 1
6.22 148.93 1
6.23 149.09 1
6.24 148.75 1
6.25 148.53 1
6.26 148.65 1
6.27 149.22 1
6.28 149.29 1
6.29 149.19 1
6.3 148.17 1
6.31 146.28 1
6.32 145.31 1
6.33 140.66 1
6.34 140.66 1
6.35 144.4 1
6.36 146.8 1
6.37 144.42 1
6.38 147.77 1
6.39 148.74 1
6.4 149.73 1
6.41 162.46 1
6.42 169.27 1
6.43 187.25 1
6.44 186.27 1
6.45 195.05 1
6.46 197.33 1
6.47 196.16 1
6.48 194.14 1
6.49 189.48 1
6.5 187.17 1
6.51 183.62 1
6.52 178.9 1
6.53 175.89 1
6.54 173.54 1
6.55 169.95 1
6.56 169.99 1
6.57 168.67 1
6.58 167.78 1
6.59 166.95 1
6.6 165.94 1
6.61 163.98 1
6.62 164.39 1
6.63 0.0 1
6.64 0.0 1
6.65 0.0 1
6.66 0.0 1
6.67 0.0 1
6.68 0.0 1
6.69 0.0 1
6.7 0.0 1
6.71 0.0 1
6.72 198.46 1
6.73 203.68 1
6.74 204.35 1
6.75 199.79 1
6.76 196.29 1
6.77 192.99 1
6.78 188.63 1
6.79 185.01 1
6.8 182.08 1
6.81 182.57 1
6.82 183.56 1
6.83 185.64 1
6.84 185.69 1
6.85 186.89 1
6.86 186.43 1
6.87 186.47 1
6.88 187.26 1
6.89 187.52 1
6.9 187.16 1
6.91 187.27 1
6.92 187.27 1
6.93 186.49 1
6.94 186.5 1
6.95 187.31 1
6.96 181.87 1
6.97 184.91 1
6.98 181.23 1
6.99 181.96 1
7.0 192.03 1
7.01 198.38 1
7.02 205.6 1
7.03 206.58 1
7.04 203.73 1
7.05 200.48 1
7.06 195.58 1
7.07 188.93 1
7.08 184.74 1
7.09 180.33 1
7.1 171.4 1
7.11 167.91 1
7.12 166.53 1
7.13 165.48 1
7.14 165.9 1
7.15 166.15 1
7.16 159.51 1
7.17 74.06 1
7.18 74.54 1
7.19 74.41 1
7.2 74.18 1
7.21 74.39 1
7.22 74.52 1
7.23 74.2 1
7.24 74.8 1
7.25 74.71 1
7.26 74.56 1
7.27 74.56 1
7.28 74.74 1
7.29 73.7 1
7.3 74.44 1
7.31 73.98 1
7.32 74.94 1
7.33 74.56 1
7.34 74.81 1
7.35 74.18 1
7.36 74.56 1
7.37 74.22 1
7.38 74.62 1
7.39 74.35 1
7.4 74.56 1
7.41 74.54 1
7.42 74.47 1
7.43 74.48 1
7.44 74.57 1
7.45 96.18 1
7.46 91.02 1
7.47 183.95 1
7.48 199.93 1
7.49 196.37 1
7.5 195.24 1
7.51 179.07 1
7.52 178.12 1
7.53 177.45 1
7.54 178.92 1
7.55 181.17 1
7.56 184.15 1
7.57 185.76 1
7.58 190.45 1
7.59 188.15 1
7.6 191.32 1
7.61 190.53 1
7.62 190.11 1
7.63 185.74 1
7.64 182.49 1
7.65 172.82 1
7.66 0.0 1
7.67 0.0 1
7.68 0.0 1
7.69 0.0 1
7.7 0.0 1
7.71 0.0 1
7.72 0.0 1
7.73 0.0 1
7.74 0.0 1
7.75 0.0 1
7.76 235.76 1
7.77 231.06 1
7.78 227.93 1
7.79 224.23 1
7.8 221.0 1
7.81 217.61 1
7.82 217.78 1
7.83 218.46 1
7.84 219.0 1
7.85 220.31 1
7.86 221.79 1
7.87 222.8 1
7.88 223.63 1
7.89 224.68 1
7.9 226.43 1
7.91 226.75 1
7.92 226.76 1
7.93 226.77 1
7.94 227.95 1
7.95 229.16 1
7.96 226.77 1
7.97 223.74 1
7.98 226.72 1
7.99 223.85 1
8.0 225.59 1
8.01 215.67 1
8.02 228.23 1
8.03 211.43 1
8.04 205.47 1
8.05 209.4 1
8.06 202.9 1
8.07 195.54 1
8.08 182.07 1
8.09 179.62 1
8.1 179.66 1
8.11 181.11 1
8.12 183.8 1
8.13 186.5 1
8.14 190.76 1
8.15 194.67 1
8.16 195.74 1
8.17 198.27 1
8.18 199.28 1
8.19 200.52 1
8.2 199.26 1
8.21 195.57 1
8.22 192.08 1
8.23 186.48 1
8.24 182.65 1
8.25 79.1 1
8.26 73.61 1
8.27 76.14 1
8.28 72.83 1
8.29 75.15 1
8.3 73.99 1
8.31 75.31 1
8.32 73.7 1
8.33 74.51 1
8.34 74.15 1
8.35 0.0 1
8.36 0.0 1
8.37 236.98 1
8.38 235.53 1
8.39 232.6 1
8.4 227.91 1
8.41 225.3 1
8.42 225.7 1
8.43 225.21 1
8.44 225.43 1
8.45 224.83 1
8.46 224.81 1
8.47 225.39 1
8.48 225.77 1
8.49 225.39 1
8.5 224.99 1
8.51 224.39 1
8.52 223.84 1
8.53 223.35 1
8.54 223.06 1
8.55 222.61 1
8.56 221.4 1
8.57 219.57 1
8.58 222.97 1
8.59 214.62 1
8.6 215.67 1
8.61 202.77 1
8.62 209.51 1
8.63 192.16 1
8.64 188.89 1
8.65 184.72 1
8.66 184.28 1
8.67 203.7 1
8.68 193.83 1
8.69 198.01 1
8.7 240.31 1
8.71 269.71 1
8.72 274.09 1
8.73 271.34 1
8.74 257.38 1
8.75 250.44 1
8.76 246.71 1
8.77 244.31 1
8.78 244.3 1
8.79 244.31 1
8.8 246.37 1
8.81 251.0 1
8.82 255.68 1
8.83 258.7 1
8.84 264.88 1
8.85 268.73 1
8.86 274.71 1
8.87 270.26 1
8.88 268.43 1
8.89 258.74 1
8.9 255.66 1
8.91 248.56 1
8.92 241.68 1
8.93 244.26 1
8.94 243.84 1
8.95 246.97 1
8.96 252.79 1
8.97 257.17 1
8.98 260.24 1
8.99 269.71 1
9.0 271.77 1
9.01 270.35 1
9.02 266.86 1
9.03 258.71 1
9.04 254.58 1
9.05 248.1 1
9.06 242.18 1
9.07 241.24 1
9.08 243.08 1
9.09 245.24 1
9.1 250.32 1
9.11 255.24 1
9.12 258.71 1
9.13 264.89 1
9.14 267.66 1
9.15 266.46 1
9.16 258.67 1
9.17 252.38 1
9.18 242.97 1
9.19 235.21 1
9.2 231.53 1
9.21 227.99 1
9.22 236.36 1
9.23 246.93 1
9.24 258.68 1
9.25 278.2 1
9.26 295.0 1
9.27 301.03 1
9.28 298.99 1
9.29 0.0 1
9.3 0.0 1
9.31 197.89 1
9.32 193.7 1
9.33 198.2 1
9.34 195.59 1
9.35 197.01 1
9.36 196.85 1
9.37 198.84 1
9.38 194.93 1
9.39 182.74 1
9.4 188.87 1
9.41 194.88 1
9.42 198.08 1
9.43 195.92 1
9.44 198.0 1
9.45 243.36 1
9.46 251.17 1
9.47 251.9 1
9.48 250.88 1
9.49 250.29 1
9.5 249.24 1
9.51 247.45 1
9.52 246.99 1
9.53 247.78 1
9.54 248.87 1
9.55 250.3 1
9.56 251.49 1
9.57 254.44 1
9.58 255.73 1
9.59 260.25 1
9.6 268.46 1
9.61 276.45 1
9.62 278.21 1
9.63 279.62 1
9.64 278.23 1
9.65 276.43 1
9.66 266.51 1
9.67 257.2 1
9.68 248.53 1
9.69 237.74 1
9.7 225.63 1
9.71 221.43 1
9.72 220.26 1
9.73 218.85 1
9.74 220.0 1
9.75 220.19 1
9.76 219.85 1
9.77 220.75 1
9.78 221.62 1
9.79 223.55 1
9.8 224.64 1
9.81 224.87 1
9.82 224.76 1
9.83 224.29 1
9.84 223.99 1
9.85 223.81 1
9.86 223.64 1
9.87 223.26 1
9.88 223.14 1
9.89 223.32 1
9.9 223.74 1
9.91 224.87 1
9.92 225.15 1
9.93 225.58 1
9.94 225.6 1
9.95 225.61 1
9.96 226.75 1
9.97 226.76 1
9.98 226.75 1
9.99 226.74 1
10.0 226.6 1
10.01 226.07 1
10.02 225.58 1
10.03 225.04 1
10.04 225.56 1
10.05 225.89 1
10.06 225.6 1
10.07 226.09 1
10.08 225.42 1
10.09 224.68 1
10.1 224.5 1
10.11 223.47 1
10.12 223.18 1
10.13 222.61 1
10.14 222.07 1
10.15 222.33 1
10.16 222.75 1
10.17 223.18 1
10.18 223.57 1
10.19 223.89 1
10.2 223.3 1
10.21 221.76 1
10.22 223.98 1
10.23 217.8 1
10.24 218.87 1
10.25 74.56 1
10.26 74.49 1
10.27 74.57 1
10.28 74.5 1
10.29 74.47 1
10.3 74.56 1
10.31 74.55 1
10.32 74.54 1
10.33 74.55 1
10.34 74.53 1
10.35 74.66 1
10.36 74.41 1
10.37 74.49 1
10.38 74.43 1
10.39 74.57 1
10.4 74.51 1
10.41 74.57 1
10.42 74.54 1
10.43 74.53 1
