0.01 200.95 1
0.02 215.58 1
0.03 194.73 1
0.04 176.0 1
0.05 170.52 1
0.06 167.82 1
0.07 166.17 1
0.08 167.02 1
0.09 167.36 1
0.1 166.28 1
0.11 166.61 1
0.12 165.79 1
0.13 164.24 1
0.14 162.71 1
0.15 166.09 1
0.16 160.12 1
0.17 173.98 1
0.18 180.64 1
0.19 183.67 1
0.2 191.33 1
0.21 205.6 1
0.22 211.51 1
0.23 218.86 1
0.24 219.66 1
0.25 222.17 1
0.26 224.91 1
0.27 221.05 1
0.28 214.6 1
0.29 215.66 1
0.3 204.44 1
0.31 201.56 1
0.32 199.86 1
0.33 199.62 1
0.34 196.89 1
0.35 197.81 1
0.36 200.63 1
0.37 92.36 1
0.38 92.36 1
0.39 92.95 1
0.4 90.23 1
0.41 90.65 1
0.42 90.5 1
0.43 90.65 1
0.44 91.57 1
0.45 91.2 1
0.46 90.64 1
0.47 90.65 1
0.48 91.2 1
0.49 92.35 1
0.5 90.82 1
0.51 90.65 1
0.52 91.77 1
0.53 91.39 1
0.54 90.68 1
0.55 91.21 1
0.56 91.39 1
0.57 91.77 1
0.58 90.66 1
0.59 91.39 1
0.6 94.13 1
0.61 94.54 1
0.62 92.16 1
0.63 95.07 1
0.64 95.76 1
0.65 92.94 1
0.66 187.23 1
0.67 187.25 1
0.68 184.28 1
0.69 189.67 1
0.7 188.05 1
0.71 184.84 1
0.72 184.19 1
0.73 185.68 1
0.74 184.13 1
0.75 183.72 1
0.76 184.51 1
0.77 187.69 1
0.78 187.53 1
0.79 187.73 1
0.8 187.83 1
0.81 187.91 1
0.82 186.17 1
0.83 185.97 1
0.84 184.56 1
0.85 183.08 1
0.86 181.99 1
0.87 181.21 1
0.88 183.69 1
0.89 188.45 1
0.9 193.87 1
0.91 196.97 1
0.92 202.76 1
0.93 201.31 1
0.94 200.54 1
0.95 196.69 1
0.96 192.06 1
0.97 187.51 1
0.98 183.32 1
0.99 177.73 1
1.0 165.47 1
1.01 93.35 1
1.02 74.43 1
1.03 74.51 1
1.04 75.05 1
1.05 74.56 1
1.06 74.43 1
1.07 74.56 1
1.08 74.55 1
1.09 74.56 1
1.1 74.32 1
1.11 74.46 1
1.12 74.31 1
1.13 74.45 1
1.14 74.16 1
1.15 74.47 1
1.16 74.62 1
1.17 74.5 1
1.18 74.53 1
1.19 74.56 1
1.2 74.56 1
1.21 74.5 1
1.22 74.52 1
1.23 74.54 1
1.24 74.57 1
1.25 74.52 1
1.26 74.56 1
1.27 74.5 1
1.28 74.53 1
1.29 74.51 1
1.3 74.49 1
1.31 74.55 1
1.32 74.47 1
1.33 74.53 1
1.34 74.54 1
1.35 74.49 1
1.36 74.53 1
1.37 74.53 1
1.38 74.49 1
1.39 74.54 1
1.4 74.51 1
1.41 74.43 1
1.42 0.0 1
1.43 0.0 1
1.44 203.8 1
1.45 201.26 1
1.46 195.56 1
1.47 186.51 1
1.48 186.4 1
1.49 185.69 1
1.5 185.72 1
1.51 187.29 1
1.52 188.11 1
1.53 190.13 1
1.54 189.79 1
1.55 188.89 1
1.56 188.89 1
1.57 189.57 1
1.58 188.84 1
1.59 187.33 1
1.6 186.55 1
1.61 187.3 1
1.62 187.3 1
1.63 186.53 1
1.64 186.5 1
1.65 185.69 1
1.66 184.72 1
1.67 185.78 1
1.68 188.97 1
1.69 193.66 1
1.7 197.87 1
1.71 200.74 1
1.72 201.03 1
1.73 198.92 1
1.74 194.77 1
1.75 191.18 1
1.76 187.93 1
1.77 185.34 1
1.78 183.31 1
1.79 183.22 1
1.8 184.13 1
1.81 184.93 1
1.82 184.95 1
1.83 185.72 1
1.84 185.7 1
1.85 185.69 1
1.86 185.95 1
1.87 184.93 1
1.88 184.8 1
1.89 183.67 1
1.9 182.41 1
1.91 181.52 1
1.92 181.66 1
1.93 182.81 1
1.94 185.64 1
1.95 190.04 1
1.96 194.48 1
1.97 196.76 1
1.98 198.07 1
1.99 196.97 1
2.0 194.69 1
2.01 191.35 1
2.02 188.29 1
2.03 185.7 1
2.04 184.07 1
2.05 182.71 1
2.06 182.47 1
2.07 183.47 1
2.08 183.55 1
2.09 184.91 1
2.1 184.93 1
2.11 184.91 1
2.12 184.92 1
2.13 185.71 1
2.14 187.27 1
2.15 186.5 1
2.16 185.71 1
2.17 185.7 1
2.18 185.71 1
2.19 185.71 1
2.2 187.21 1
2.21 186.5 1
2.22 187.27 1
2.23 185.72 1
2.24 184.93 1
2.25 184.83 1
2.26 184.15 1
2.27 183.96 1
2.28 184.19 1
2.29 184.92 1
2.3 186.47 1
2.31 188.54 1
2.32 192.15 1
2.33 194.75 1
2.34 197.21 1
2.35 198.95 1
2.36 200.77 1
2.37 200.15 1
2.38 197.37 1
2.39 193.85 1
2.4 190.5 1
2.41 185.94 1
2.42 181.45 1
2.43 179.6 1
2.44 173.38 1
2.45 172.28 1
2.46 168.69 1
2.47 169.54 1
2.48 158.9 1
2.49 181.87 1
2.5 164.88 1
2.51 168.34 1
2.52 165.83 1
2.53 165.1 1
2.54 162.26 1
2.55 165.7 1
2.56 165.29 1
2.57 149.74 1
2.58 164.75 1
2.59 194.7 1
2.6 206.56 1
2.61 156.66 1
2.62 159.51 1
2.63 200.95 1
2.64 208.49 1
2.65 203.88 1
2.66 201.61 1
2.67 195.56 1
2.68 181.53 1
2.69 177.44 1
2.7 168.32 1
2.71 163.78 1
2.72 164.83 1
2.73 165.13 1
2.74 169.97 1
2.75 175.45 1
2.76 180.84 1
2.77 185.7 1
2.78 190.56 1
2.79 197.21 1
2.8 198.13 1
2.81 197.71 1
2.82 195.91 1
2.83 192.99 1
2.84 188.64 1
2.85 183.84 1
2.86 176.77 1
2.87 171.78 1
2.88 168.89 1
2.89 166.78 1
2.9 166.58 1
2.91 168.22 1
2.92 171.28 1
2.93 176.07 1
2.94 181.74 1
2.95 188.87 1
2.96 194.13 1
2.97 197.33 1
2.98 199.43 1
2.99 199.76 1
3.0 197.14 1
3.01 192.75 1
3.02 189.67 1
3.03 184.75 1
3.04 181.34 1
3.05 179.81 1
3.06 179.18 1
3.07 180.59 1
3.08 183.0 1
3.09 185.69 1
3.1 190.38 1
3.11 193.85 1
3.12 197.03 1
3.13 198.82 1
3.14 199.56 1
3.15 198.85 1
3.16 197.89 1
3.17 194.02 1
3.18 192.15 1
3.19 188.06 1
3.2 185.7 1
3.21 184.14 1
3.22 185.69 1
3.23 185.43 1
3.24 186.22 1
3.25 185.72 1
3.26 188.08 1
3.27 192.13 1
3.28 192.99 1
3.29 194.17 1
3.3 194.96 1
3.31 196.44 1
3.32 196.5 1
3.33 195.75 1
3.34 193.93 1
3.35 190.73 1
3.36 187.0 1
3.37 180.22 1
3.38 178.89 1
3.39 169.32 1
3.4 171.75 1
3.41 176.75 1
3.42 183.14 1
3.43 193.08 1
3.44 199.74 1
3.45 203.74 1
3.46 207.56 1
3.47 216.79 1
3.48 219.48 1
3.49 221.65 1
3.5 221.76 1
3.51 221.64 1
3.52 220.87 1
3.53 218.6 1
3.54 218.7 1
3.55 219.5 1
3.56 220.6 1
3.57 223.77 1
3.58 224.85 1
3.59 224.73 1
3.6 224.78 1
3.61 225.53 1
3.62 225.45 1
3.63 225.58 1
3.64 224.15 1
3.65 222.75 1
3.66 222.25 1
3.67 221.65 1
3.68 221.25 1
3.69 221.85 1
3.7 223.76 1
3.71 223.87 1
3.72 223.36 1
3.73 223.31 1
3.74 223.3 1
3.75 221.44 1
3.76 220.6 1
3.77 219.32 1
3.78 211.81 1
3.79 210.5 1
3.8 208.51 1
3.81 209.53 1
3.82 197.18 1
3.83 94.79 1
3.84 73.93 1
3.85 73.93 1
3.86 74.58 1
3.87 74.19 1
3.88 75.0 1
3.89 74.81 1
3.9 74.58 1
3.91 74.8 1
3.92 74.13 1
3.93 74.5 1
3.94 74.14 1
3.95 74.68 1
3.96 74.77 1
3.97 74.31 1
3.98 74.47 1
3.99 74.52 1
4.0 74.34 1
4.01 74.64 1
4.02 74.94 1
4.03 74.74 1
4.04 74.94 1
4.05 75.19 1
4.06 75.13 1
4.07 74.64 1
4.08 74.21 1
4.09 74.13 1
4.1 74.15 1
4.11 74.3 1
4.12 74.47 1
4.13 74.61 1
4.14 74.81 1
4.15 75.06 1
4.16 75.16 1
4.17 75.19 1
4.18 75.32 1
4.19 75.32 1
4.2 75.28 1
4.21 75.19 1
4.22 74.99 1
4.23 74.88 1
4.24 74.81 1
4.25 74.8 1
4.26 74.86 1
4.27 75.06 1
4.28 75.11 1
4.29 112.63 1
4.3 225.33 1
4.31 224.92 1
4.32 223.07 1
4.33 215.75 1
4.34 216.69 1
4.35 206.58 1
4.36 202.75 1
4.37 194.81 1
4.38 193.8 1
4.39 186.41 1
4.4 184.17 1
4.41 185.11 1
4.42 187.17 1
4.43 182.68 1
4.44 179.82 1
4.45 185.49 1
4.46 184.11 1
4.47 185.66 1
4.48 191.14 1
4.49 192.08 1
4.5 195.57 1
4.51 193.89 1
4.52 200.94 1
4.53 196.39 1
4.54 208.56 1
4.55 218.41 1
4.56 204.73 1
4.57 220.0 1
4.58 208.48 1
4.59 222.99 1
4.6 216.76 1
4.61 205.57 1
4.62 218.9 1
4.63 221.07 1
4.64 215.7 1
4.65 218.92 1
4.66 220.0 1
4.67 222.19 1
4.68 222.2 1
4.69 223.07 1
4.7 221.1 1
4.71 222.17 1
4.72 220.02 1
4.73 222.27 1
4.74 217.87 1
4.75 223.0 1
4.76 221.15 1
4.77 223.92 1
4.78 222.24 1
4.79 223.6 1
4.8 223.3 1
4.81 223.87 1
4.82 224.56 1
4.83 225.11 1
4.84 224.46 1
4.85 224.11 1
4.86 222.48 1
4.87 216.78 1
4.88 105.22 1
4.89 111.73 1
4.9 111.78 1
4.91 111.67 1
4.92 110.46 1
4.93 111.65 1
4.94 111.78 1
4.95 74.53 1
4.96 74.48 1
4.97 74.55 1
4.98 74.47 1
4.99 74.54 1
5.0 74.5 1
5.01 74.44 1
5.02 74.49 1
5.03 74.31 1
5.04 74.51 1
5.05 74.31 1
5.06 74.5 1
5.07 74.32 1
5.08 74.47 1
5.09 74.43 1
5.1 74.51 1
5.11 74.53 1
5.12 74.44 1
5.13 74.5 1
5.14 74.52 1
5.15 74.43 1
5.16 74.51 1
5.17 74.53 1
5.18 74.49 1
5.19 74.48 1
5.2 74.44 1
5.21 74.56 1
5.22 74.55 1
5.23 74.51 1
5.24 74.52 1
5.25 74.52 1
5.26 74.52 1
5.27 74.43 1
5.28 74.51 1
5.29 74.52 1
5.3 74.43 1
5.31 74.49 1
5.32 74.19 1
5.33 76.65 1
5.34 77.17 1
5.35 76.77 1
5.36 75.06 1
5.37 74.81 1
5.38 74.7 1
5.39 149.22 1
5.4 146.14 1
5.41 144.24 1
5.42 143.9 1
5.43 145.03 1
5.44 145.93 1
5.45 147.75 1
5.46 151.83 1
5.47 157.73 1
5.48 168.47 1
5.49 180.87 1
5.5 194.71 1
5.51 197.85 1
5.52 210.09 1
5.53 215.15 1
5.54 219.57 1
5.55 224.2 1
5.56 225.04 1
5.57 223.31 1
5.58 219.95 1
5.59 218.79 1
5.6 210.51 1
5.61 206.07 1
5.62 201.14 1
5.63 196.41 1
5.64 191.44 1
5.65 190.74 1
5.66 188.22 1
5.67 186.46 1
5.68 184.62 1
5.69 182.68 1
5.7 182.18 1
5.71 181.19 1
5.72 181.05 1
5.73 183.31 1
5.74 186.04 1
5.75 187.32 1
5.76 194.7 1
5.77 201.18 1
5.78 210.48 1
5.79 215.8 1
5.8 220.85 1
5.81 224.68 1
5.82 227.24 1
5.83 228.04 1
5.84 225.65 1
5.85 225.63 1
5.86 225.81 1
5.87 222.34 1
5.88 217.78 1
5.89 211.65 1
5.9 204.92 1
5.91 198.45 1
5.92 204.49 1
5.93 180.28 1
5.94 183.4 1
5.95 181.79 1
5.96 178.98 1
5.97 180.13 1
5.98 183.31 1
5.99 181.79 1
6.0 184.14 1
6.01 187.26 1
6.02 192.15 1
6.03 197.23 1
6.04 203.84 1
6.05 208.53 1
6.06 213.85 1
6.07 217.44 1
6.08 219.85 1
6.09 221.64 1
6.1 221.08 1
6.11 222.68 1
6.12 222.24 1
6.13 221.16 1
6.14 218.89 1
6.15 217.84 1
6.16 216.78 1
6.17 217.71 1
6.18 215.59 1
6.19 212.21 1
6.2 207.7 1
6.21 200.97 1
6.22 193.93 1
6.23 178.22 1
6.24 181.1 1
6.25 177.34 1
6.26 173.32 1
6.27 176.01 1
6.28 177.1 1
6.29 185.28 1
6.3 188.06 1
6.31 195.57 1
6.32 215.59 1
6.33 234.55 1
6.34 250.12 1
6.35 263.46 1
6.36 279.26 1
6.37 287.69 1
6.38 297.34 1
6.39 301.19 1
6.4 303.28 1
6.41 299.02 1
6.42 296.53 1
6.43 289.17 1
6.44 281.25 1
6.45 274.76 1
6.46 267.66 1
6.47 260.51 1
6.48 254.42 1
6.49 253.08 1
6.5 249.17 1
6.51 246.59 1
6.52 245.42 1
6.53 243.49 1
6.54 243.82 1
6.55 244.65 1
6.56 244.68 1
6.57 245.36 1
6.58 245.98 1
6.59 247.91 1
6.6 249.65 1
6.61 251.34 1
6.62 252.49 1
6.63 255.75 1
6.64 258.21 1
6.65 262.13 1
6.66 266.03 1
6.67 269.71 1
6.68 272.74 1
6.69 274.47 1
6.7 276.4 1
6.71 271.67 1
6.72 268.1 1
6.73 265.91 1
6.74 263.72 1
6.75 261.01 1
6.76 258.45 1
6.77 254.59 1
6.78 251.82 1
6.79 248.27 1
6.8 244.98 1
6.81 240.6 1
6.82 237.53 1
6.83 234.12 1
6.84 232.44 1
6.85 230.38 1
6.86 228.2 1
6.87 225.44 1
6.88 225.18 1
6.89 223.86 1
6.9 223.16 1
6.91 222.28 1
6.92 224.6 1
6.93 225.15 1
6.94 225.63 1
6.95 226.28 1
6.96 226.74 1
6.97 225.65 1
6.98 226.68 1
6.99 225.62 1
7.0 224.96 1
7.01 224.11 1
7.02 223.32 1
7.03 223.04 1
7.04 223.82 1
7.05 223.37 1
7.06 225.38 1
7.07 225.28 1
7.08 224.56 1
7.09 224.15 1
7.1 224.22 1
7.11 225.04 1
7.12 225.37 1
7.13 225.11 1
7.14 223.89 1
7.15 223.25 1
7.16 223.28 1
7.17 223.35 1
7.18 223.18 1
7.19 223.23 1
7.2 223.52 1
7.21 222.91 1
7.22 221.9 1
7.23 213.55 1
7.24 215.64 1
7.25 213.53 1
7.26 206.98 1
7.27 215.62 1
7.28 229.21 1
7.29 227.1 1
7.3 224.72 1
7.31 221.2 1
7.32 219.25 1
7.33 218.85 1
7.34 217.47 1
7.35 217.77 1
7.36 217.77 1
7.37 218.41 1
7.38 219.08 1
7.39 219.26 1
7.4 219.08 1
7.41 219.48 1
7.42 220.84 1
7.43 222.48 1
7.44 225.14 1
7.45 225.21 1
7.46 226.04 1
7.47 225.6 1
7.48 223.16 1
7.49 219.9 1
7.5 214.57 1
7.51 205.6 1
7.52 189.69 1
7.53 178.18 1
7.54 166.72 1
7.55 163.03 1
7.56 163.01 1
7.57 165.53 1
7.58 169.96 1
7.59 180.51 1
7.6 186.51 1
7.61 197.42 1
7.62 202.77 1
7.63 211.29 1
7.64 216.09 1
7.65 219.47 1
7.66 221.38 1
7.67 222.48 1
7.68 222.55 1
7.69 220.29 1
7.7 218.71 1
7.71 218.16 1
7.72 218.81 1
7.73 217.76 1
7.74 217.76 1
7.75 215.63 1
7.76 211.25 1
7.77 205.43 1
7.78 198.96 1
7.79 192.14 1
7.8 184.91 1
7.81 180.0 1
7.82 177.34 1
7.83 177.42 1
7.84 174.66 1
7.85 177.44 1
7.86 177.86 1
7.87 182.32 1
7.88 187.28 1
7.89 197.4 1
7.9 204.69 1
7.91 222.19 1
7.92 244.3 1
7.93 255.69 1
7.94 276.41 1
7.95 286.8 1
7.96 293.04 1
7.97 296.36 1
7.98 297.0 1
7.99 298.74 1
8.0 293.06 1
8.01 290.17 1
8.02 286.3 1
8.03 282.2 1
8.04 279.95 1
8.05 276.41 1
8.06 269.68 1
8.07 257.33 1
8.08 257.21 1
8.09 255.62 1
8.1 252.29 1
8.11 248.91 1
8.12 247.25 1
8.13 246.31 1
8.14 245.68 1
8.15 245.61 1
8.16 244.94 1
8.17 244.92 1
8.18 245.7 1
8.19 247.55 1
8.2 248.87 1
8.21 249.87 1
8.22 250.55 1
8.23 252.04 1
8.24 253.86 1
8.25 257.04 1
8.26 258.76 1
8.27 273.03 1
8.28 278.35 1
8.29 280.76 1
8.3 279.45 1
8.31 276.45 1
8.32 268.06 1
8.33 251.05 1
8.34 236.7 1
8.35 226.75 1
8.36 219.45 1
8.37 218.55 1
8.38 217.94 1
8.39 220.23 1
8.4 220.04 1
8.41 220.95 1
8.42 220.76 1
8.43 221.09 1
8.44 221.07 1
8.45 220.22 1
8.46 220.86 1
8.47 220.88 1
8.48 222.38 1
8.49 223.4 1
8.5 223.56 1
8.51 223.16 1
8.52 223.42 1
8.53 224.22 1
8.54 224.42 1
8.55 224.42 1
8.56 224.15 1
8.57 224.83 1
8.58 224.51 1
8.59 223.8 1
8.6 223.22 1
8.61 222.99 1
8.62 222.04 1
8.63 221.61 1
8.64 222.07 1
8.65 222.65 1
8.66 223.65 1
8.67 224.35 1
8.68 224.11 1
8.69 224.5 1
8.7 225.3 1
8.71 225.27 1
8.72 225.22 1
8.73 224.06 1
8.74 222.33 1
8.75 218.02 1
8.76 211.4 1
8.77 202.29 1
8.78 193.1 1
8.79 186.55 1
8.8 183.37 1
8.81 179.64 1
8.82 183.38 1
8.83 177.47 1
8.84 0.0 1
8.85 0.0 1
8.86 0.0 1
8.87 0.0 1
8.88 0.0 1
8.89 0.0 1
8.9 0.0 1
8.91 0.0 1
8.92 231.7 1
8.93 222.88 1
8.94 225.73 1
8.95 227.79 1
8.96 228.11 1
8.97 227.26 1
8.98 224.65 1
8.99 223.16 1
9.0 222.94 1
9.01 222.79 1
9.02 222.32 1
9.03 220.75 1
9.04 220.14 1
9.05 218.97 1
9.06 216.71 1
9.07 212.33 1
9.08 204.71 1
9.09 199.94 1
9.1 193.8 1
9.11 187.28 1
9.12 181.86 1
9.13 180.86 1
9.14 180.43 1
9.15 179.91 1
9.16 182.24 1
9.17 181.86 1
9.18 184.16 1
9.19 185.7 1
9.2 189.69 1
9.21 194.7 1
9.22 200.54 1
9.23 208.48 1
9.24 212.43 1
9.25 217.78 1
9.26 221.88 1
9.27 225.22 1
9.28 227.24 1
9.29 226.75 1
9.3 224.83 1
9.31 221.38 1
9.32 216.93 1
9.33 212.53 1
9.34 206.56 1
9.35 201.55 1
9.36 197.5 1
9.37 195.03 1
9.38 192.99 1
9.39 190.54 1
9.4 186.52 1
9.41 185.71 1
9.42 184.44 1
9.43 184.51 1
9.44 184.51 1
9.45 184.14 1
9.46 185.22 1
9.47 184.61 1
9.48 184.77 1
9.49 184.17 1
9.5 184.91 1
9.51 184.91 1
9.52 185.68 1
9.53 188.88 1
9.54 191.08 1
9.55 194.71 1
9.56 195.56 1
9.57 196.84 1
9.58 198.27 1
9.59 198.82 1
9.6 198.03 1
9.61 196.76 1
9.62 194.99 1
9.63 191.32 1
9.64 185.69 1
9.65 181.56 1
9.66 176.31 1
9.67 169.96 1
9.68 168.25 1
9.69 166.63 1
9.7 166.27 1
9.71 167.42 1
9.72 165.72 1
9.73 166.96 1
9.74 165.41 1
9.75 166.25 1
9.76 166.44 1
9.77 167.87 1
9.78 168.57 1
9.79 169.15 1
9.8 169.3 1
9.81 168.19 1
9.82 169.02 1
9.83 167.81 1
9.84 169.29 1
9.85 172.31 1
9.86 173.82 1
9.87 177.7 1
9.88 177.42 1
9.89 178.47 1
9.9 176.62 1
9.91 172.18 1
9.92 168.47 1
9.93 164.56 1
9.94 159.44 1
9.95 152.32 1
9.96 148.26 1
9.97 146.31 1
9.98 143.9 1
9.99 147.57 1
10.0 149.21 1
10.01 146.8 1
10.02 146.78 1
10.03 150.23 1
10.04 148.38 1
10.05 145.82 1
10.06 148.57 1
10.07 148.5 1
10.08 145.84 1
10.09 146.32 1
10.1 146.77 1
10.11 145.34 1
10.12 146.29 1
10.13 147.28 1
10.14 149.84 1
10.15 152.32 1
10.16 153.78 1
10.17 153.97 1
10.18 153.66 1
10.19 153.39 1
10.2 157.29 1
10.21 158.39 1
10.22 166.51 1
10.23 170.55 1
10.24 174.08 1
10.25 178.18 1
10.26 178.18 1
10.27 174.63 1
10.28 170.6 1
10.29 167.58 1
10.3 164.25 1
10.31 162.81 1
10.32 164.25 1
10.33 166.86 1
10.34 169.46 1
10.35 172.62 1
10.36 178.72 1
10.37 179.36 1
10.38 174.49 1
10.39 165.6 1
10.4 74.43 1
10.41 74.45 1
10.42 74.57 1
10.43 74.58 1
10.44 74.31 1
10.45 74.46 1
10.46 74.6 1
10.47 74.43 1
10.48 74.56 1
10.49 74.53 1
10.5 74.44 1
10.51 74.63 1
10.52 74.56 1
10.53 74.56 1
10.54 74.51 1
10.55 74.38 1
10.56 74.7 1
10.57 74.51 1
10.58 74.42 1
10.59 74.68 1
10.6 74.44 1
10.61 74.5 1
10.62 74.59 1
10.63 74.48 1
