0.01 193.21 1
0.02 194.56 1
0.03 193.74 1
0.04 192.63 1
0.05 189.73 1
0.06 187.15 1
0.07 183.12 1
0.08 179.62 1
0.09 175.34 1
0.1 170.6 1
0.11 168.57 1
0.12 167.64 1
0.13 165.57 1
0.14 166.73 1
0.15 219.4 1
0.16 218.62 1
0.17 169.55 1
0.18 164.19 1
0.19 176.78 1
0.2 138.46 1
0.21 173.73 1
0.22 179.42 1
0.23 191.0 1
0.24 196.01 1
0.25 211.97 1
0.26 205.6 1
0.27 223.73 1
0.28 221.06 1
0.29 216.92 1
0.3 222.17 1
0.31 223.25 1
0.32 221.84 1
0.33 203.28 1
0.34 211.51 1
0.35 202.45 1
0.36 194.71 1
0.37 191.98 1
0.38 193.83 1
0.39 186.47 1
0.4 184.91 1
0.41 185.57 1
0.42 183.38 1
0.43 184.14 1
0.44 186.07 1
0.45 186.34 1
0.46 184.91 1
0.47 186.37 1
0.48 185.62 1
0.49 186.1 1
0.5 183.37 1
0.51 185.2 1
0.52 187.26 1
0.53 185.69 1
0.54 186.47 1
0.55 190.32 1
0.56 192.13 1
0.57 194.7 1
0.58 195.62 1
0.59 194.53 1
0.6 197.29 1
0.61 196.42 1
0.62 200.0 1
0.63 198.95 1
0.64 196.73 1
0.65 188.87 1
0.66 188.7 1
0.67 188.14 1
0.68 185.69 1
0.69 182.01 1
0.7 182.84 1
0.71 187.59 1
0.72 187.7 1
0.73 183.74 1
0.74 186.17 1
0.75 190.98 1
0.76 191.26 1
0.77 190.34 1
0.78 196.46 1
0.79 195.64 1
0.8 196.33 1
0.81 191.18 1
0.82 189.88 1
0.83 190.86 1
0.84 185.69 1
0.85 180.4 1
0.86 181.41 1
0.87 181.87 1
0.88 184.63 1
0.89 185.42 1
0.9 185.66 1
0.91 185.69 1
0.92 192.15 1
0.93 192.6 1
0.94 92.55 1
0.95 90.28 1
0.96 90.83 1
0.97 90.48 1
0.98 89.74 1
0.99 74.81 1
1.0 74.45 1
1.01 74.63 1
1.02 74.61 1
1.03 74.49 1
1.04 74.56 1
1.05 74.53 1
1.06 74.51 1
1.07 74.8 1
1.08 74.53 1
1.09 74.54 1
1.1 74.53 1
1.11 74.51 1
1.12 74.55 1
1.13 74.56 1
1.14 74.61 1
1.15 74.53 1
1.16 74.6 1
1.17 74.52 1
1.18 74.46 1
1.19 74.62 1
1.2 74.57 1
1.21 74.71 1
1.22 0.0 1
1.23 0.0 1
1.24 236.97 1
1.25 234.34 1
1.26 235.93 1
1.27 235.07 1
1.28 229.12 1
1.29 230.3 1
1.3 226.78 1
1.31 227.94 1
1.32 227.93 1
1.33 229.22 1
1.34 229.16 1
1.35 226.77 1
1.36 226.75 1
1.37 225.58 1
1.38 224.89 1
1.39 225.03 1
1.4 223.66 1
1.41 223.75 1
1.42 224.61 1
1.43 224.86 1
1.44 224.65 1
1.45 225.17 1
1.46 225.67 1
1.47 226.02 1
1.48 225.29 1
1.49 225.31 1
1.5 225.18 1
1.51 224.9 1
1.52 225.58 1
1.53 225.49 1
1.54 225.05 1
1.55 225.59 1
1.56 225.43 1
1.57 225.22 1
1.58 224.56 1
1.59 224.07 1
1.6 224.05 1
1.61 224.87 1
1.62 223.78 1
1.63 223.17 1
1.64 224.2 1
1.65 224.79 1
1.66 223.56 1
1.67 222.8 1
1.68 223.38 1
1.69 224.39 1
1.7 223.64 1
1.71 223.32 1
1.72 223.65 1
1.73 223.66 1
1.74 223.23 1
1.75 223.72 1
1.76 224.66 1
1.77 223.71 1
1.78 223.2 1
1.79 223.02 1
1.8 223.01 1
1.81 223.01 1
1.82 223.17 1
1.83 223.33 1
1.84 224.48 1
1.85 224.14 1
1.86 222.84 1
1.87 222.33 1
1.88 222.92 1
1.89 224.23 1
1.9 224.44 1
1.91 223.28 1
1.92 223.56 1
1.93 224.14 1
1.94 223.79 1
1.95 223.25 1
1.96 223.65 1
1.97 223.84 1
1.98 223.86 1
1.99 223.03 1
2.0 223.13 1
2.01 223.04 1
2.02 223.05 1
2.03 223.17 1
2.04 223.02 1
2.05 222.78 1
2.06 223.18 1
2.07 223.35 1
2.08 223.28 1
2.09 223.21 1
2.1 222.94 1
2.11 222.29 1
2.12 222.62 1
2.13 223.19 1
2.14 223.57 1
2.15 224.03 1
2.16 223.93 1
2.17 222.0 1
2.18 222.09 1
2.19 74.42 1
2.2 74.47 1
2.21 74.42 1
2.22 74.44 1
2.23 74.51 1
2.24 74.43 1
2.25 74.5 1
2.26 74.55 1
2.27 74.53 1
2.28 74.59 1
2.29 74.53 1
2.3 74.43 1
2.31 74.39 1
2.32 74.48 1
2.33 74.47 1
2.34 74.56 1
2.35 74.51 1
2.36 74.57 1
2.37 74.5 1
2.38 74.51 1
2.39 74.58 1
2.4 74.47 1
2.41 74.51 1
2.42 74.48 1
2.43 74.42 1
2.44 74.59 1
2.45 74.43 1
2.46 74.5 1
2.47 74.47 1
2.48 74.52 1
2.49 74.54 1
2.5 74.48 1
2.51 74.52 1
2.52 74.49 1
2.53 74.61 1
2.54 74.51 1
2.55 74.48 1
2.56 74.52 1
2.57 74.51 1
2.58 74.47 1
2.59 74.55 1
2.6 74.55 1
2.61 74.47 1
2.62 95.35 1
2.63 94.13 1
2.64 91.0 1
2.65 89.2 1
2.66 88.85 1
2.67 87.28 1
2.68 178.56 1
2.69 180.38 1
2.7 182.75 1
2.71 181.36 1
2.72 178.94 1
2.73 177.44 1
2.74 169.29 1
2.75 180.35 1
2.76 175.9 1
2.77 178.95 1
2.78 185.25 1
2.79 187.26 1
2.8 189.78 1
2.81 204.31 1
2.82 212.27 1
2.83 209.5 1
2.84 214.97 1
2.85 218.85 1
2.86 211.51 1
2.87 208.31 1
2.88 202.76 1
2.89 198.38 1
2.9 194.07 1
2.91 192.99 1
2.92 188.08 1
2.93 183.38 1
2.94 183.22 1
2.95 186.43 1
2.96 183.86 1
2.97 183.79 1
2.98 184.14 1
2.99 183.95 1
3.0 183.71 1
3.01 184.7 1
3.02 184.9 1
3.03 181.87 1
3.04 184.91 1
3.05 190.75 1
3.06 193.66 1
3.07 197.56 1
3.08 200.11 1
3.09 200.97 1
3.1 200.68 1
3.11 202.17 1
3.12 199.14 1
3.13 195.56 1
3.14 191.38 1
3.15 184.92 1
3.16 183.19 1
3.17 184.89 1
3.18 182.08 1
3.19 182.61 1
3.2 184.16 1
3.21 186.11 1
3.22 186.97 1
3.23 186.47 1
3.24 186.48 1
3.25 188.7 1
3.26 189.68 1
3.27 186.48 1
3.28 189.68 1
3.29 190.49 1
3.3 187.26 1
3.31 181.86 1
3.32 181.31 1
3.33 180.36 1
3.34 178.48 1
3.35 181.64 1
3.36 184.92 1
3.37 177.46 1
3.38 198.23 1
3.39 190.49 1
3.4 207.53 1
3.41 213.67 1
3.42 219.43 1
3.43 220.54 1
3.44 221.56 1
3.45 223.17 1
3.46 223.09 1
3.47 222.16 1
3.48 221.75 1
3.49 222.44 1
3.5 224.0 1
3.51 224.67 1
3.52 225.58 1
3.53 227.91 1
3.54 229.68 1
3.55 230.27 1
3.56 227.92 1
3.57 226.74 1
3.58 223.49 1
3.59 218.42 1
3.6 209.36 1
3.61 195.56 1
3.62 184.13 1
3.63 173.01 1
3.64 178.87 1
3.65 154.67 1
3.66 166.99 1
3.67 160.06 1
3.68 192.13 1
3.69 182.62 1
3.7 192.68 1
3.71 200.73 1
3.72 207.51 1
3.73 214.59 1
3.74 211.52 1
3.75 223.89 1
3.76 224.42 1
3.77 221.07 1
3.78 226.81 1
3.79 225.58 1
3.8 224.26 1
3.81 223.74 1
3.82 223.11 1
3.83 223.47 1
3.84 223.99 1
3.85 223.58 1
3.86 222.56 1
3.87 222.7 1
3.88 207.96 1
3.89 181.86 1
3.9 171.26 1
3.91 199.28 1
3.92 198.88 1
3.93 186.09 1
3.94 179.77 1
3.95 192.35 1
3.96 193.84 1
3.97 188.87 1
3.98 183.19 1
3.99 182.5 1
4.0 236.41 1
4.01 236.45 1
4.02 230.1 1
4.03 228.16 1
4.04 223.1 1
4.05 223.25 1
4.06 223.2 1
4.07 222.64 1
4.08 221.23 1
4.09 220.43 1
4.1 220.14 1
4.11 222.93 1
4.12 227.98 1
4.13 242.7 1
4.14 248.14 1
4.15 257.25 1
4.16 280.18 1
4.17 290.27 1
4.18 298.95 1
4.19 301.04 1
4.2 300.54 1
4.21 295.02 1
4.22 288.31 1
4.23 280.25 1
4.24 273.06 1
4.25 264.74 1
4.26 254.21 1
4.27 250.99 1
4.28 249.29 1
4.29 248.72 1
4.3 248.15 1
4.31 248.38 1
4.32 247.16 1
4.33 247.06 1
4.34 248.6 1
4.35 250.64 1
4.36 255.66 1
4.37 262.88 1
4.38 276.42 1
4.39 284.94 1
4.4 293.06 1
4.41 295.09 1
4.42 304.11 1
4.43 305.69 1
4.44 299.04 1
4.45 294.07 1
4.46 285.59 1
4.47 278.15 1
4.48 263.31 1
4.49 254.03 1
4.5 249.13 1
4.51 246.4 1
4.52 245.65 1
4.53 245.65 1
4.54 245.65 1
4.55 243.8 1
4.56 244.31 1
4.57 243.77 1
4.58 244.52 1
4.59 244.46 1
4.6 245.52 1
4.61 246.44 1
4.62 247.67 1
4.63 249.41 1
4.64 252.17 1
4.65 255.0 1
4.66 255.78 1
4.67 261.77 1
4.68 269.72 1
4.69 276.41 1
4.7 276.7 1
4.71 276.47 1
4.72 273.02 1
4.73 266.12 1
4.74 255.88 1
4.75 253.78 1
4.76 247.05 1
4.77 238.29 1
4.78 230.41 1
4.79 229.18 1
4.8 227.91 1
4.81 226.11 1
4.82 224.74 1
4.83 224.75 1
4.84 225.18 1
4.85 225.34 1
4.86 225.59 1
4.87 225.62 1
4.88 226.75 1
4.89 226.76 1
4.9 227.82 1
4.91 226.74 1
4.92 225.58 1
4.93 224.48 1
4.94 223.21 1
4.95 222.21 1
4.96 222.22 1
4.97 222.08 1
4.98 223.15 1
4.99 224.03 1
5.0 225.23 1
5.01 225.58 1
5.02 224.44 1
5.03 74.58 1
5.04 74.33 1
5.05 74.53 1
5.06 74.11 1
5.07 74.08 1
5.08 74.64 1
5.09 74.27 1
5.1 74.7 1
5.11 74.63 1
5.12 73.93 1
5.13 74.26 1
5.14 74.08 1
5.15 74.56 1
5.16 74.52 1
5.17 74.5 1
5.18 74.68 1
5.19 74.68 1
5.2 73.68 1
5.21 74.94 1
5.22 74.35 1
5.23 74.56 1
5.24 74.7 1
5.25 74.43 1
5.26 74.66 1
5.27 74.45 1
5.28 74.47 1
5.29 74.89 1
5.3 74.33 1
5.31 74.42 1
5.32 74.96 1
5.33 0.0 1
5.34 0.0 1
5.35 296.99 1
5.36 296.96 1
5.37 287.92 1
5.38 279.9 1
5.39 274.47 1
5.4 257.28 1
5.41 253.94 1
5.42 248.5 1
5.43 244.9 1
5.44 242.88 1
5.45 239.26 1
5.46 239.1 1
5.47 243.23 1
5.48 248.21 1
5.49 255.72 1
5.5 260.28 1
5.51 279.09 1
5.52 286.55 1
5.53 292.55 1
5.54 296.59 1
5.55 296.99 1
5.56 294.13 1
5.57 287.55 1
5.58 279.96 1
5.59 274.61 1
5.6 258.79 1
5.61 254.29 1
5.62 253.65 1
5.63 251.51 1
5.64 250.09 1
5.65 247.54 1
5.66 246.0 1
5.67 244.43 1
5.68 244.23 1
5.69 241.56 1
5.7 240.25 1
5.71 238.47 1
5.72 241.6 1
5.73 244.82 1
5.74 253.05 1
5.75 260.25 1
5.76 271.19 1
5.77 279.46 1
5.78 286.45 1
5.79 293.33 1
5.8 296.98 1
5.81 297.03 1
5.82 298.57 1
5.83 296.98 1
5.84 295.0 1
5.85 293.11 1
5.86 293.11 1
5.87 295.04 1
5.88 297.28 1
5.89 296.99 1
5.9 295.05 1
5.91 295.0 1
5.92 295.0 1
5.93 291.1 1
5.94 268.1 1
5.95 288.82 1
5.96 283.62 1
5.97 287.81 1
5.98 281.83 1
5.99 280.08 1
6.0 297.95 1
6.01 295.98 1
6.02 296.98 1
6.03 295.1 1
6.04 295.06 1
6.05 295.06 1
6.06 295.04 1
6.07 293.14 1
6.08 295.05 1
6.09 296.97 1
6.1 295.04 1
6.11 293.14 1
6.12 294.91 1
6.13 293.15 1
6.14 295.11 1
6.15 297.06 1
6.16 298.99 1
6.17 297.0 1
6.18 295.07 1
6.19 293.17 1
6.2 291.12 1
6.21 285.36 1
6.22 277.23 1
6.23 268.06 1
6.24 254.89 1
6.25 244.43 1
6.26 230.49 1
6.27 228.1 1
6.28 229.21 1
6.29 232.8 1
6.3 239.02 1
6.31 245.68 1
6.32 254.21 1
6.33 266.48 1
6.34 278.03 1
6.35 287.86 1
6.36 294.65 1
6.37 300.11 1
6.38 302.12 1
6.39 299.91 1
6.4 295.46 1
6.41 289.64 1
6.42 283.51 1
6.43 279.46 1
6.44 276.37 1
6.45 269.28 1
6.46 263.41 1
6.47 258.78 1
6.48 255.28 1
6.49 253.3 1
6.5 250.5 1
6.51 248.88 1
6.52 247.14 1
6.53 246.81 1
6.54 246.31 1
6.55 245.79 1
6.56 245.15 1
6.57 244.31 1
6.58 244.19 1
6.59 244.22 1
6.6 245.12 1
6.61 247.7 1
6.62 251.7 1
6.63 255.74 1
6.64 266.34 1
6.65 273.01 1
6.66 277.04 1
6.67 278.81 1
6.68 276.45 1
6.69 266.53 1
6.7 259.81 1
6.71 246.36 1
6.72 232.07 1
6.73 222.42 1
6.74 219.88 1
6.75 220.97 1
6.76 221.91 1
6.77 222.9 1
6.78 224.29 1
6.79 225.25 1
6.8 225.61 1
6.81 225.38 1
6.82 224.6 1
6.83 224.91 1
6.84 224.99 1
6.85 225.28 1
6.86 225.07 1
6.87 224.76 1
6.88 223.91 1
6.89 223.33 1
6.9 222.6 1
6.91 222.81 1
6.92 222.96 1
6.93 223.42 1
6.94 224.31 1
6.95 224.46 1
6.96 223.61 1
6.97 223.11 1
6.98 221.7 1
6.99 220.71 1
7.0 219.97 1
7.01 219.29 1
7.02 219.65 1
7.03 220.99 1
7.04 221.58 1
7.05 221.79 1
7.06 221.81 1
7.07 222.21 1
7.08 222.06 1
7.09 222.32 1
7.1 222.88 1
7.11 223.28 1
7.12 223.17 1
7.13 221.46 1
7.14 217.44 1
7.15 211.04 1
7.16 204.32 1
7.17 197.24 1
7.18 187.42 1
7.19 184.97 1
7.2 182.65 1
7.21 182.65 1
7.22 181.95 1
7.23 185.06 1
7.24 184.21 1
7.25 184.16 1
7.26 196.5 1
7.27 189.56 1
7.28 214.03 1
7.29 211.2 1
7.3 225.52 1
7.31 243.5 1
7.32 258.15 1
7.33 271.25 1
7.34 279.52 1
7.35 288.72 1
7.36 295.31 1
7.37 297.77 1
7.38 294.82 1
7.39 287.8 1
7.4 281.05 1
7.41 276.45 1
7.42 272.86 1
7.43 259.82 1
7.44 254.22 1
7.45 250.92 1
7.46 248.08 1
7.47 244.71 1
7.48 243.51 1
7.49 243.27 1
7.5 243.43 1
7.51 243.61 1
7.52 243.28 1
7.53 244.31 1
7.54 245.3 1
7.55 246.14 1
7.56 247.48 1
7.57 247.72 1
7.58 247.82 1
7.59 247.57 1
7.6 247.56 1
7.61 248.12 1
7.62 251.98 1
7.63 255.66 1
7.64 260.21 1
7.65 261.83 1
7.66 271.71 1
7.67 277.55 1
7.68 280.64 1
7.69 278.21 1
7.7 274.76 1
7.71 268.31 1
7.72 256.6 1
7.73 242.95 1
7.74 229.49 1
7.75 223.54 1
7.76 221.96 1
7.77 222.46 1
7.78 223.71 1
7.79 224.33 1
7.8 224.71 1
7.81 224.95 1
7.82 224.6 1
7.83 224.46 1
7.84 224.01 1
7.85 223.09 1
7.86 221.75 1
7.87 220.52 1
7.88 221.01 1
7.89 222.1 1
7.9 224.2 1
7.91 225.06 1
7.92 226.3 1
7.93 226.28 1
7.94 225.59 1
7.95 223.65 1
7.96 219.97 1
7.97 217.17 1
7.98 216.89 1
7.99 218.02 1
8.0 222.54 1
8.01 229.16 1
8.02 242.97 1
8.03 254.18 1
8.04 266.92 1
8.05 278.97 1
8.06 288.81 1
8.07 293.03 1
8.08 294.24 1
8.09 291.05 1
8.1 284.94 1
8.11 279.42 1
8.12 274.7 1
8.13 266.5 1
8.14 261.75 1
8.15 257.16 1
8.16 253.99 1
8.17 250.53 1
8.18 248.62 1
8.19 247.26 1
8.2 246.23 1
8.21 244.38 1
8.22 243.86 1
8.23 242.51 1
8.24 243.45 1
8.25 247.2 1
8.26 261.66 1
8.27 249.54 1
8.28 249.86 1
8.29 261.46 1
8.3 270.77 1
8.31 276.48 1
8.32 287.3 1
8.33 293.24 1
8.34 291.44 1
8.35 283.64 1
8.36 280.51 1
8.37 278.94 1
8.38 273.3 1
8.39 275.21 1
8.4 267.46 1
8.41 265.53 1
8.42 261.54 1
8.43 255.41 1
8.44 249.13 1
8.45 239.15 1
8.46 225.76 1
8.47 221.33 1
8.48 208.63 1
8.49 203.07 1
8.5 194.65 1
8.51 189.68 1
8.52 188.36 1
8.53 188.06 1
8.54 186.31 1
8.55 183.77 1
8.56 180.14 1
8.57 180.43 1
8.58 179.15 1
8.59 179.76 1
8.6 183.56 1
8.61 183.53 1
8.62 184.29 1
8.63 188.51 1
8.64 198.09 1
8.65 201.57 1
8.66 204.64 1
8.67 218.09 1
8.68 213.4 1
8.69 222.58 1
8.7 227.91 1
8.71 229.33 1
8.72 225.24 1
8.73 222.15 1
8.74 222.0 1
8.75 221.36 1
8.76 210.51 1
8.77 210.49 1
8.78 200.92 1
8.79 203.08 1
8.8 200.86 1
8.81 196.73 1
8.82 193.1 1
8.83 192.96 1
8.84 189.52 1
8.85 186.47 1
8.86 182.5 1
8.87 182.32 1
8.88 188.52 1
8.89 182.19 1
8.9 182.35 1
8.91 185.56 1
8.92 190.27 1
8.93 195.79 1
8.94 213.98 1
8.95 218.54 1
8.96 240.8 1
8.97 261.73 1
8.98 283.18 1
8.99 288.03 1
9.0 293.03 1
9.01 289.64 1
9.02 280.0 1
9.03 261.73 1
9.04 242.42 1
9.05 232.57 1
9.06 223.3 1
9.07 226.88 1
9.08 225.09 1
9.09 221.68 1
9.1 221.64 1
9.11 225.08 1
9.12 225.58 1
9.13 223.14 1
9.14 223.36 1
9.15 224.92 1
9.16 226.75 1
9.17 225.19 1
9.18 222.03 1
9.19 222.92 1
9.2 224.22 1
9.21 222.14 1
9.22 221.24 1
9.23 222.15 1
9.24 202.79 1
9.25 225.65 1
9.26 213.89 1
9.27 220.41 1
9.28 223.67 1
9.29 223.22 1
9.3 226.04 1
9.31 226.74 1
9.32 227.86 1
9.33 227.31 1
9.34 226.43 1
9.35 225.54 1
9.36 224.45 1
9.37 222.16 1
9.38 221.82 1
9.39 222.92 1
9.4 224.92 1
9.41 225.73 1
9.42 225.46 1
9.43 224.04 1
9.44 220.36 1
9.45 214.66 1
9.46 210.67 1
9.47 202.63 1
9.48 195.52 1
9.49 189.25 1
9.5 186.47 1
9.51 184.72 1
9.52 185.63 1
9.53 184.91 1
9.54 184.91 1
9.55 185.69 1
9.56 185.7 1
9.57 186.5 1
9.58 188.08 1
9.59 189.46 1
9.6 188.07 1
9.61 186.49 1
9.62 185.69 1
9.63 184.91 1
9.64 183.42 1
9.65 182.79 1
9.66 183.63 1
9.67 184.91 1
9.68 186.48 1
9.69 188.89 1
9.7 194.88 1
9.71 197.38 1
9.72 198.77 1
9.73 197.51 1
9.74 195.55 1
9.75 191.93 1
9.76 188.87 1
9.77 185.54 1
9.78 181.77 1
9.79 177.46 1
9.8 171.84 1
9.81 169.17 1
9.82 166.96 1
9.83 166.17 1
9.84 165.97 1
9.85 166.39 1
9.86 166.01 1
9.87 164.89 1
9.88 165.0 1
9.89 165.55 1
9.9 166.44 1
9.91 167.66 1
9.92 169.01 1
9.93 169.24 1
9.94 170.2 1
9.95 171.27 1
9.96 171.94 1
9.97 174.98 1
9.98 179.26 1
9.99 180.38 1
10.0 180.39 1
10.01 178.9 1
10.02 175.87 1
10.03 169.87 1
10.04 165.54 1
10.05 156.51 1
10.06 149.74 1
10.07 148.64 1
10.08 145.79 1
10.09 144.28 1
10.1 144.84 1
10.11 144.37 1
10.12 145.32 1
10.13 145.8 1
10.14 148.02 1
10.15 148.71 1
10.16 148.45 1
10.17 146.76 1
10.18 146.28 1
10.19 147.14 1
10.2 145.31 1
10.21 145.8 1
10.22 147.25 1
10.23 151.28 1
10.24 150.09 1
10.25 149.74 1
10.26 150.68 1
10.27 149.6 1
10.28 148.12 1
10.29 146.28 1
10.3 145.8 1
10.31 145.8 1
10.32 146.76 1
10.33 148.82 1
10.34 152.33 1
10.35 158.36 1
10.36 164.86 1
10.37 171.28 1
10.38 177.94 1
10.39 181.56 1
10.4 186.75 1
10.41 190.51 1
10.42 190.5 1
10.43 189.59 1
10.44 187.15 1
10.45 184.13 1
10.46 181.95 1
10.47 180.97 1
10.48 179.95 1
10.49 177.88 1
10.5 176.36 1
10.51 173.82 1
10.52 170.09 1
