0.01 95.54 1
0.02 93.66 1
0.03 94.87 1
0.04 94.41 1
0.05 95.34 1
0.06 95.17 1
0.07 94.95 1
0.08 95.35 1
0.09 183.42 1
0.1 183.74 1
0.11 181.1 1
0.12 177.08 1
0.13 178.14 1
0.14 176.51 1
0.15 177.46 1
0.16 178.17 1
0.17 177.45 1
0.18 176.73 1
0.19 172.77 1
0.2 169.89 1
0.21 167.22 1
0.22 165.65 1
0.23 165.46 1
0.24 164.02 1
0.25 165.61 1
0.26 167.85 1
0.27 172.62 1
0.28 178.38 1
0.29 183.35 1
0.3 188.88 1
0.31 192.95 1
0.32 196.55 1
0.33 195.83 1
0.34 195.55 1
0.35 191.47 1
0.36 187.29 1
0.37 185.7 1
0.38 184.19 1
0.39 182.88 1
0.4 183.32 1
0.41 182.83 1
0.42 183.41 1
0.43 184.14 1
0.44 185.69 1
0.45 185.71 1
0.46 184.95 1
0.47 185.53 1
0.48 183.96 1
0.49 182.62 1
0.5 181.22 1
0.51 181.49 1
0.52 182.6 1
0.53 184.47 1
0.54 186.47 1
0.55 187.29 1
0.56 188.88 1
0.57 192.0 1
0.58 192.15 1
0.59 190.01 1
0.6 186.26 1
0.61 182.62 1
0.62 179.2 1
0.63 177.46 1
0.64 179.31 1
0.65 181.08 1
0.66 185.69 1
0.67 188.08 1
0.68 188.08 1
0.69 184.16 1
0.7 183.53 1
0.71 184.96 1
0.72 182.62 1
0.73 184.61 1
0.74 76.77 1
0.75 74.48 1
0.76 74.5 1
0.77 74.43 1
0.78 74.63 1
0.79 74.64 1
0.8 74.48 1
0.81 74.66 1
0.82 74.4 1
0.83 74.56 1
0.84 74.49 1
0.85 74.48 1
0.86 74.6 1
0.87 74.49 1
0.88 74.56 1
0.89 74.64 1
0.9 74.43 1
0.91 74.67 1
0.92 74.45 1
0.93 74.56 1
0.94 74.8 1
0.95 74.47 1
0.96 74.19 1
0.97 75.31 1
0.98 99.83 1
0.99 97.95 1
1.0 98.99 1
1.01 199.77 1
1.02 199.11 1
1.03 196.7 1
1.04 194.26 1
1.05 189.71 1
1.06 185.6 1
1.07 182.49 1
1.08 179.49 1
1.09 177.58 1
1.1 176.01 1
1.11 173.38 1
1.12 169.37 1
1.13 168.45 1
1.14 166.88 1
1.15 165.82 1
1.16 166.3 1
1.17 168.53 1
1.18 171.29 1
1.19 178.39 1
1.2 184.14 1
1.21 191.41 1
1.22 196.02 1
1.23 199.07 1
1.24 199.25 1
1.25 198.16 1
1.26 184.95 1
1.27 181.72 1
1.28 0.0 1
1.29 0.0 1
1.3 0.0 1
1.31 0.0 1
1.32 0.0 1
1.33 0.0 1
1.34 0.0 1
1.35 0.0 1
1.36 160.09 1
1.37 150.22 1
1.38 145.7 1
1.39 146.36 1
1.4 146.52 1
1.41 146.78 1
1.42 147.13 1
1.43 147.28 1
1.44 146.97 1
1.45 146.79 1
1.46 147.25 1
1.47 147.64 1
1.48 148.87 1
1.49 150.25 1
1.5 150.25 1
1.51 150.43 1
1.52 149.67 1
1.53 147.76 1
1.54 144.37 1
1.55 143.47 1
1.56 137.92 1
1.57 146.79 1
1.58 146.78 1
1.59 146.29 1
1.6 145.82 1
1.61 144.38 1
1.62 144.85 1
1.63 145.81 1
1.64 146.78 1
1.65 148.74 1
1.66 149.73 1
1.67 149.26 1
1.68 148.44 1
1.69 148.16 1
1.7 146.77 1
1.71 147.51 1
1.72 146.77 1
1.73 147.95 1
1.74 150.63 1
1.75 155.53 1
1.76 163.57 1
1.77 166.93 1
1.78 178.34 1
1.79 188.9 1
1.8 195.6 1
1.81 197.26 1
1.82 196.3 1
1.83 192.81 1
1.84 187.39 1
1.85 180.54 1
1.86 175.91 1
1.87 168.28 1
1.88 165.26 1
1.89 165.39 1
1.9 166.12 1
1.91 169.33 1
1.92 173.96 1
1.93 180.3 1
1.94 184.95 1
1.95 190.51 1
1.96 194.89 1
1.97 196.39 1
1.98 193.6 1
1.99 189.47 1
2.0 183.84 1
2.01 177.47 1
2.02 171.25 1
2.03 169.34 1
2.04 168.02 1
2.05 174.62 1
2.06 166.58 1
2.07 164.86 1
2.08 74.31 1
2.09 74.49 1
2.1 74.92 1
2.11 73.83 1
2.12 74.54 1
2.13 74.52 1
2.14 74.53 1
2.15 74.52 1
2.16 74.51 1
2.17 74.58 1
2.18 74.53 1
2.19 74.5 1
2.2 74.5 1
2.21 74.56 1
2.22 74.31 1
2.23 74.5 1
2.24 74.55 1
2.25 74.48 1
2.26 73.2 1
2.27 93.64 1
2.28 89.73 1
2.29 94.53 1
2.3 178.91 1
2.31 174.63 1
2.32 168.65 1
2.33 153.83 1
2.34 150.94 1
2.35 151.75 1
2.36 155.32 1
2.37 159.51 1
2.38 166.36 1
2.39 171.94 1
2.4 177.46 1
2.41 182.67 1
2.42 183.24 1
2.43 182.71 1
2.44 178.9 1
2.45 173.83 1
2.46 166.16 1
2.47 155.09 1
2.48 149.74 1
2.49 134.54 1
2.5 125.26 1
2.51 120.02 1
2.52 93.27 1
2.53 74.14 1
2.54 74.59 1
2.55 73.69 1
2.56 74.64 1
2.57 74.93 1
2.58 73.93 1
2.59 73.77 1
2.6 74.3 1
2.61 74.74 1
2.62 74.25 1
2.63 83.75 1
2.64 114.69 1
2.65 123.34 1
2.66 122.65 1
2.67 120.1 1
2.68 118.03 1
2.69 117.44 1
2.7 110.94 1
2.71 112.45 1
2.72 113.67 1
2.73 112.93 1
2.74 124.75 1
2.75 142.51 1
2.76 148.05 1
2.77 155.57 1
2.78 169.95 1
2.79 178.77 1
2.8 193.43 1
2.81 194.79 1
2.82 193.12 1
2.83 192.26 1
2.84 189.75 1
2.85 187.21 1
2.86 180.3 1
2.87 173.78 1
2.88 177.52 1
2.89 164.34 1
2.9 164.67 1
2.91 164.8 1
2.92 161.82 1
2.93 157.25 1
2.94 161.81 1
2.95 161.13 1
2.96 165.7 1
2.97 169.3 1
2.98 178.45 1
2.99 185.7 1
3.0 191.37 1
3.01 198.62 1
3.02 200.0 1
3.03 200.4 1
3.04 196.98 1
3.05 192.3 1
3.06 185.69 1
3.07 180.77 1
3.08 171.95 1
3.09 169.94 1
3.1 167.59 1
3.11 165.5 1
3.12 170.58 1
3.13 171.94 1
3.14 173.01 1
3.15 158.93 1
3.16 178.2 1
3.17 167.75 1
3.18 168.74 1
3.19 169.72 1
3.2 185.67 1
3.21 171.26 1
3.22 171.27 1
3.23 190.12 1
3.24 198.18 1
3.25 193.83 1
3.26 197.31 1
3.27 190.46 1
3.28 187.32 1
3.29 184.91 1
3.3 181.54 1
3.31 176.31 1
3.32 170.99 1
3.33 160.64 1
3.34 152.24 1
3.35 142.15 1
3.36 139.76 1
3.37 132.62 1
3.38 124.75 1
3.39 119.69 1
3.4 117.76 1
3.41 112.38 1
3.42 112.73 1
3.43 108.25 1
3.44 109.01 1
3.45 0.0 1
3.46 0.0 1
3.47 0.0 1
3.48 0.0 1
3.49 0.0 1
3.5 0.0 1
3.51 0.0 1
3.52 0.0 1
3.53 0.0 1
3.54 0.0 1
3.55 163.64 1
3.56 164.71 1
3.57 151.8 1
3.58 151.8 1
3.59 145.32 1
3.6 144.83 1
3.61 145.72 1
3.62 149.2 1
3.63 150.22 1
3.64 150.25 1
3.65 150.68 1
3.66 150.25 1
3.67 150.25 1
3.68 146.27 1
3.69 145.32 1
3.7 136.43 1
3.71 131.04 1
3.72 124.49 1
3.73 119.03 1
3.74 117.75 1
3.75 118.07 1
3.76 119.34 1
3.77 120.02 1
3.78 121.65 1
3.79 122.76 1
3.8 125.42 1
3.81 130.65 1
3.82 134.01 1
3.83 143.91 1
3.84 74.12 1
3.85 75.6 1
3.86 75.89 1
3.87 76.18 1
3.88 76.28 1
3.89 75.57 1
3.9 75.09 1
3.91 74.65 1
3.92 74.33 1
3.93 74.32 1
3.94 74.21 1
3.95 74.3 1
3.96 74.43 1
3.97 74.18 1
3.98 74.06 1
3.99 77.13 1
4.0 74.29 1
4.01 74.55 1
4.02 73.44 1
4.03 74.59 1
4.04 74.29 1
4.05 73.99 1
4.06 74.54 1
4.07 74.56 1
4.08 74.78 1
4.09 74.18 1
4.1 74.43 1
4.11 74.93 1
4.12 74.96 1
4.13 74.68 1
4.14 74.18 1
4.15 73.56 1
4.16 73.31 1
4.17 73.31 1
4.18 74.68 1
4.19 162.42 1
4.2 164.31 1
4.21 171.3 1
4.22 183.93 1
4.23 193.24 1
4.24 195.88 1
4.25 195.61 1
4.26 196.37 1
4.27 189.53 1
4.28 184.87 1
4.29 180.33 1
4.3 171.95 1
4.31 169.91 1
4.32 163.93 1
4.33 164.81 1
4.34 166.07 1
4.35 168.68 1
4.36 174.31 1
4.37 179.56 1
4.38 184.91 1
4.39 187.27 1
4.4 188.56 1
4.41 186.49 1
4.42 182.67 1
4.43 177.63 1
4.44 168.72 1
4.45 167.36 1
4.46 153.92 1
4.47 167.99 1
4.48 181.24 1
4.49 177.9 1
4.5 192.49 1
4.51 187.26 1
4.52 181.71 1
4.53 180.24 1
4.54 189.67 1
4.55 185.69 1
4.56 197.82 1
4.57 216.71 1
4.58 199.66 1
4.59 195.76 1
4.6 191.79 1
4.61 191.32 1
4.62 189.44 1
4.63 188.77 1
4.64 186.6 1
4.65 184.95 1
4.66 185.33 1
4.67 185.4 1
4.68 185.51 1
4.69 184.91 1
4.7 184.14 1
4.71 184.13 1
4.72 182.61 1
4.73 185.45 1
4.74 178.22 1
4.75 181.11 1
4.76 184.14 1
4.77 191.61 1
4.78 198.19 1
4.79 200.63 1
4.8 199.43 1
4.81 196.54 1
4.82 199.25 1
4.83 196.47 1
4.84 190.63 1
4.85 190.76 1
4.86 186.1 1
4.87 180.36 1
4.88 176.73 1
4.89 169.88 1
4.9 167.99 1
4.91 162.97 1
4.92 162.43 1
4.93 178.96 1
4.94 0.0 1
4.95 0.0 1
4.96 0.0 1
4.97 0.0 1
4.98 0.0 1
