0.01 0.0 1
0.02 0.0 1
0.03 197.31 1
0.04 195.86 1
0.05 186.48 1
0.06 185.81 1
0.07 182.78 1
0.08 179.31 1
0.09 174.65 1
0.1 165.96 1
0.11 163.03 1
0.12 156.66 1
0.13 153.38 1
0.14 146.77 1
0.15 160.09 1
0.16 183.0 1
0.17 185.33 1
0.18 187.26 1
0.19 202.76 1
0.2 212.53 1
0.21 239.23 1
0.22 218.3 1
0.23 241.72 1
0.24 219.94 1
0.25 214.87 1
0.26 219.95 1
0.27 201.46 1
0.28 187.26 1
0.29 186.73 1
0.3 188.05 1
0.31 181.3 1
0.32 180.14 1
0.33 184.84 1
0.34 184.35 1
0.35 181.94 1
0.36 183.88 1
0.37 185.34 1
0.38 186.58 1
0.39 186.34 1
0.4 184.91 1
0.41 186.28 1
0.42 184.56 1
0.43 183.78 1
0.44 182.74 1
0.45 180.78 1
0.46 181.46 1
0.47 184.68 1
0.48 185.69 1
0.49 185.69 1
0.5 191.14 1
0.51 181.2 1
0.52 180.68 1
0.53 188.78 1
0.54 185.53 1
0.55 180.88 1
0.56 186.1 1
0.57 196.16 1
0.58 182.35 1
0.59 179.63 1
0.6 182.7 1
0.61 191.33 1
0.62 187.27 1
0.63 179.12 1
0.64 191.33 1
0.65 193.57 1
0.66 182.86 1
0.67 202.41 1
0.68 197.75 1
0.69 196.44 1
0.7 192.15 1
0.71 186.48 1
0.72 184.63 1
0.73 183.26 1
0.74 183.14 1
0.75 182.7 1
0.76 182.14 1
0.77 183.68 1
0.78 185.7 1
0.79 189.78 1
0.8 194.35 1
0.81 199.39 1
0.82 201.78 1
0.83 203.7 1
0.84 203.32 1
0.85 200.52 1
0.86 195.48 1
0.87 191.39 1
0.88 188.13 1
0.89 185.72 1
0.9 186.48 1
0.91 187.28 1
0.92 187.28 1
0.93 188.07 1
0.94 187.29 1
0.95 187.29 1
0.96 187.29 1
0.97 187.29 1
0.98 186.5 1
0.99 186.49 1
1.0 186.48 1
1.01 185.71 1
1.02 185.69 1
1.03 185.69 1
1.04 185.7 1
1.05 184.95 1
1.06 185.7 1
1.07 186.47 1
1.08 186.5 1
1.09 190.27 1
1.1 194.7 1
1.11 197.98 1
1.12 201.3 1
1.13 202.59 1
1.14 200.02 1
1.15 196.92 1
1.16 192.29 1
1.17 186.51 1
1.18 178.87 1
1.19 169.97 1
1.2 166.11 1
1.21 160.66 1
1.22 152.85 1
1.23 167.43 1
1.24 158.95 1
1.25 170.6 1
1.26 163.71 1
1.27 167.45 1
1.28 0.0 1
1.29 0.0 1
1.3 0.0 1
1.31 0.0 1
1.32 0.0 1
1.33 0.0 1
1.34 215.64 1
1.35 207.1 1
1.36 201.48 1
1.37 198.17 1
1.38 189.43 1
1.39 182.17 1
1.4 174.62 1
1.41 164.83 1
1.42 159.49 1
1.43 156.67 1
1.44 161.82 1
1.45 168.39 1
1.46 177.19 1
1.47 182.76 1
1.48 186.52 1
1.49 189.46 1
1.5 186.45 1
1.51 183.19 1
1.52 178.15 1
1.53 168.17 1
1.54 162.41 1
1.55 152.33 1
1.56 150.76 1
1.57 152.71 1
1.58 160.08 1
1.59 169.68 1
1.6 178.98 1
1.61 184.13 1
1.62 193.5 1
1.63 202.07 1
1.64 205.63 1
1.65 206.57 1
1.66 204.27 1
1.67 198.99 1
1.68 191.33 1
1.69 183.25 1
1.7 178.17 1
1.71 171.28 1
1.72 173.32 1
1.73 178.28 1
1.74 184.14 1
1.75 193.85 1
1.76 202.56 1
1.77 211.53 1
1.78 219.48 1
1.79 225.58 1
1.8 231.07 1
1.81 230.3 1
1.82 226.53 1
1.83 220.26 1
1.84 215.6 1
1.85 203.69 1
1.86 196.05 1
1.87 193.82 1
1.88 190.22 1
1.89 188.89 1
1.9 190.89 1
1.91 192.28 1
1.92 193.07 1
1.93 192.42 1
1.94 188.59 1
1.95 0.0 1
1.96 0.0 1
1.97 0.0 1
1.98 0.0 1
1.99 0.0 1
2.0 0.0 1
2.01 0.0 1
2.02 0.0 1
2.03 0.0 1
2.04 0.0 1
2.05 0.0 1
2.06 0.0 1
2.07 0.0 1
2.08 0.0 1
2.09 74.69 1
2.1 74.53 1
2.11 74.43 1
2.12 74.55 1
2.13 74.56 1
2.14 74.44 1
2.15 74.52 1
2.16 74.56 1
2.17 74.43 1
2.18 74.55 1
2.19 74.53 1
2.2 74.53 1
2.21 163.67 1
2.22 74.47 1
2.23 74.54 1
2.24 74.49 1
2.25 74.49 1
2.26 74.32 1
2.27 74.44 1
2.28 74.45 1
2.29 74.5 1
2.3 74.49 1
2.31 74.51 1
2.32 74.5 1
2.33 0.0 1
2.34 0.0 1
2.35 234.02 1
2.36 238.27 1
2.37 233.89 1
2.38 229.19 1
2.39 227.86 1
2.4 224.93 1
2.41 224.44 1
2.42 224.84 1
2.43 224.89 1
2.44 225.59 1
2.45 225.85 1
2.46 225.48 1
2.47 225.1 1
2.48 223.36 1
2.49 224.57 1
2.5 225.51 1
2.51 226.75 1
2.52 227.93 1
2.53 229.21 1
2.54 230.28 1
2.55 226.92 1
2.56 229.37 1
2.57 228.98 1
2.58 228.21 1
2.59 228.18 1
2.6 228.37 1
2.61 228.01 1
2.62 228.0 1
2.63 228.82 1
2.64 228.89 1
2.65 228.71 1
2.66 226.25 1
2.67 223.7 1
2.68 209.57 1
2.69 215.65 1
2.7 218.05 1
2.71 221.45 1
2.72 220.12 1
2.73 221.26 1
2.74 223.0 1
2.75 223.91 1
2.76 223.49 1
2.77 224.26 1
2.78 225.81 1
2.79 226.11 1
2.8 226.19 1
2.81 225.73 1
2.82 224.92 1
2.83 224.77 1
2.84 225.04 1
2.85 225.09 1
2.86 224.88 1
2.87 224.84 1
2.88 224.57 1
2.89 222.5 1
2.9 216.55 1
2.91 208.86 1
2.92 199.4 1
2.93 182.73 1
2.94 160.04 1
2.95 159.45 1
2.96 156.7 1
2.97 164.13 1
2.98 171.94 1
2.99 176.55 1
3.0 192.14 1
3.01 202.86 1
3.02 211.55 1
3.03 222.63 1
3.04 227.74 1
3.05 229.05 1
3.06 224.45 1
3.07 218.67 1
3.08 208.67 1
3.09 198.12 1
3.1 182.86 1
3.11 178.86 1
3.12 178.61 1
3.13 182.03 1
3.14 192.05 1
3.15 204.61 1
3.16 222.5 1
3.17 237.39 1
3.18 259.62 1
3.19 280.67 1
3.2 296.26 1
3.21 295.02 1
3.22 325.33 1
3.23 309.53 1
3.24 309.85 1
3.25 298.06 1
3.26 281.69 1
3.27 266.37 1
3.28 250.78 1
3.29 242.94 1
3.3 236.88 1
3.31 234.06 1
3.32 237.12 1
3.33 243.22 1
3.34 251.36 1
3.35 261.86 1
3.36 276.36 1
3.37 286.07 1
3.38 293.03 1
3.39 291.22 1
3.4 287.88 1
3.41 276.46 1
3.42 264.35 1
3.43 245.64 1
3.44 235.55 1
3.45 227.95 1
3.46 225.59 1
3.47 222.95 1
3.48 220.74 1
3.49 220.92 1
3.5 221.98 1
3.51 223.32 1
3.52 222.3 1
3.53 224.85 1
3.54 225.55 1
3.55 225.92 1
3.56 225.69 1
3.57 226.47 1
3.58 225.34 1
3.59 223.78 1
3.6 222.13 1
3.61 220.79 1
3.62 220.05 1
3.63 220.78 1
3.64 222.6 1
3.65 226.71 1
3.66 229.42 1
3.67 224.49 1
3.68 229.1 1
3.69 232.71 1
3.7 246.11 1
3.71 223.08 1
3.72 214.57 1
3.73 194.42 1
3.74 176.02 1
3.75 165.76 1
3.76 163.0 1
3.77 164.12 1
3.78 165.44 1
3.79 169.99 1
3.8 183.28 1
3.81 188.9 1
3.82 200.73 1
3.83 209.52 1
3.84 216.58 1
3.85 221.12 1
3.86 221.03 1
3.87 216.83 1
3.88 208.52 1
3.89 199.49 1
3.9 182.68 1
3.91 178.1 1
3.92 177.67 1
3.93 184.15 1
3.94 196.41 1
3.95 211.34 1
3.96 225.63 1
3.97 251.78 1
3.98 266.47 1
3.99 289.8 1
4.0 320.86 1
4.01 348.84 1
4.02 362.89 1
4.03 352.6 1
4.04 320.81 1
4.05 291.1 1
4.06 273.01 1
4.07 246.48 1
4.08 242.92 1
4.09 241.56 1
4.1 244.24 1
4.11 246.06 1
4.12 255.11 1
4.13 257.28 1
4.14 274.71 1
4.15 284.09 1
4.16 286.79 1
4.17 285.25 1
4.18 279.17 1
4.19 263.3 1
4.2 240.59 1
4.21 226.78 1
4.22 223.9 1
4.23 221.33 1
4.24 220.69 1
4.25 221.11 1
4.26 220.59 1
4.27 221.36 1
4.28 222.46 1
4.29 224.91 1
4.3 227.48 1
4.31 226.82 1
4.32 225.62 1
4.33 224.55 1
4.34 221.48 1
4.35 216.64 1
4.36 205.56 1
4.37 186.54 1
4.38 174.65 1
4.39 168.64 1
4.4 166.36 1
4.41 171.27 1
4.42 182.12 1
4.43 188.11 1
4.44 202.97 1
4.45 211.57 1
4.46 223.12 1
4.47 226.19 1
4.48 227.89 1
4.49 223.97 1
4.5 221.03 1
4.51 232.7 1
4.52 209.47 1
4.53 200.91 1
4.54 180.35 1
4.55 171.88 1
4.56 168.7 1
4.57 174.62 1
4.58 181.01 1
4.59 186.48 1
4.6 200.47 1
4.61 216.83 1
4.62 225.82 1
4.63 236.46 1
4.64 253.15 1
4.65 255.7 1
4.66 256.31 1
4.67 247.16 1
4.68 234.66 1
4.69 212.48 1
4.7 187.8 1
4.71 179.23 1
4.72 169.32 1
4.73 171.27 1
4.74 178.88 1
4.75 183.42 1
4.76 188.1 1
4.77 197.79 1
4.78 204.66 1
4.79 210.99 1
4.8 213.0 1
4.81 210.01 1
4.82 203.7 1
4.83 193.76 1
4.84 183.58 1
4.85 172.92 1
4.86 161.08 1
4.87 157.05 1
4.88 156.66 1
4.89 158.36 1
4.9 161.28 1
4.91 165.79 1
4.92 168.65 1
4.93 173.21 1
4.94 176.23 1
4.95 176.17 1
4.96 175.42 1
4.97 171.94 1
4.98 168.51 1
4.99 161.83 1
5.0 155.19 1
5.01 149.23 1
5.02 144.84 1
5.03 143.24 1
5.04 143.89 1
5.05 146.28 1
5.06 149.76 1
5.07 126.49 1
