0.01 210.5 1
0.02 216.32 1
0.03 0.0 1
0.04 0.0 1
0.05 200.03 1
0.06 184.2 1
0.07 174.56 1
0.08 170.47 1
0.09 171.03 1
0.1 172.66 1
0.11 177.88 1
0.12 182.81 1
0.13 191.86 1
0.14 201.18 1
0.15 202.76 1
0.16 207.32 1
0.17 193.93 1
0.18 199.78 1
0.19 197.34 1
0.2 219.92 1
0.21 224.27 1
0.22 205.67 1
0.23 185.03 1
0.24 178.42 1
0.25 180.58 1
0.26 174.64 1
0.27 179.1 1
0.28 186.59 1
0.29 195.9 1
0.3 204.65 1
0.31 217.56 1
0.32 225.58 1
0.33 232.81 1
0.34 210.91 1
0.35 219.31 1
0.36 216.79 1
0.37 205.6 1
0.38 230.14 1
0.39 229.05 1
0.4 222.86 1
0.41 218.73 1
0.42 218.29 1
0.43 226.78 1
0.44 242.94 1
0.45 257.15 1
0.46 271.49 1
0.47 281.11 1
0.48 284.21 1
0.49 282.42 1
0.5 266.5 1
0.51 0.0 1
0.52 0.0 1
0.53 0.0 1
0.54 0.0 1
0.55 0.0 1
0.56 240.37 1
0.57 227.95 1
0.58 223.5 1
0.59 225.38 1
0.6 227.84 1
0.61 226.82 1
0.62 226.83 1
0.63 227.97 1
0.64 227.91 1
0.65 226.04 1
0.66 224.64 1
0.67 222.22 1
0.68 214.85 1
0.69 215.62 1
0.7 224.3 1
0.71 220.05 1
0.72 216.75 1
0.73 194.69 1
0.74 241.56 1
0.75 246.98 1
0.76 249.17 1
0.77 253.05 1
0.78 255.83 1
0.79 255.72 1
0.8 255.6 1
0.81 254.18 1
0.82 250.19 1
0.83 247.52 1
0.84 243.27 1
0.85 240.86 1
0.86 240.58 1
0.87 228.66 1
0.88 240.37 1
0.89 232.76 1
0.9 264.72 1
0.91 282.75 1
0.92 291.42 1
0.93 301.4 1
0.94 298.77 1
0.95 301.04 1
0.96 301.75 1
0.97 297.12 1
0.98 295.1 1
0.99 293.13 1
1.0 293.8 1
1.01 293.03 1
1.02 292.63 1
1.03 289.19 1
1.04 278.24 1
1.05 290.38 1
1.06 278.91 1
1.07 301.72 1
1.08 305.27 1
1.09 323.04 1
1.1 331.53 1
1.11 336.37 1
1.12 337.99 1
1.13 337.69 1
1.14 335.73 1
1.15 330.61 1
1.16 330.3 1
1.17 329.14 1
1.18 326.54 1
1.19 0.0 1
1.2 0.0 1
1.21 0.0 1
1.22 0.0 1
1.23 327.87 1
1.24 360.85 1
1.25 369.23 1
1.26 372.64 1
1.27 375.85 1
1.28 377.55 1
1.29 378.86 1
1.3 377.24 1
1.31 375.05 1
1.32 373.78 1
1.33 372.7 1
1.34 374.51 1
1.35 375.94 1
1.36 377.1 1
1.37 375.98 1
1.38 351.52 1
1.39 368.99 1
1.4 372.15 1
1.41 372.03 1
1.42 374.41 1
1.43 375.11 1
1.44 373.17 1
1.45 372.46 1
1.46 372.42 1
1.47 372.7 1
1.48 372.36 1
1.49 372.94 1
1.5 372.38 1
1.51 374.61 1
1.52 375.21 1
1.53 376.3 1
1.54 376.29 1
1.55 370.77 1
1.56 365.59 1
1.57 357.31 1
1.58 351.48 1
1.59 344.73 1
1.6 339.84 1
1.61 337.69 1
1.62 336.78 1
1.63 336.94 1
1.64 337.55 1
1.65 337.65 1
1.66 339.24 1
1.67 340.24 1
1.68 340.06 1
1.69 0.0 1
1.7 0.0 1
1.71 0.0 1
1.72 0.0 1
1.73 0.0 1
1.74 0.0 1
1.75 358.88 1
1.76 372.12 1
1.77 378.36 1
1.78 378.42 1
1.79 377.0 1
1.8 377.92 1
1.81 379.77 1
1.82 381.79 1
1.83 380.62 1
1.84 378.54 1
1.85 379.2 1
1.86 378.96 1
1.87 377.36 1
1.88 354.42 1
1.89 360.03 1
1.9 363.97 1
1.91 356.69 1
1.92 345.0 1
1.93 343.72 1
1.94 334.57 1
1.95 327.87 1
1.96 325.88 1
1.97 322.88 1
1.98 323.07 1
1.99 328.42 1
2.0 337.0 1
2.01 345.94 1
2.02 351.63 1
2.03 364.83 1
2.04 360.24 1
2.05 362.87 1
2.06 348.84 1
2.07 342.96 1
2.08 325.25 1
2.09 311.05 1
2.1 299.09 1
2.11 296.97 1
2.12 294.14 1
2.13 293.74 1
2.14 295.54 1
2.15 295.97 1
2.16 295.07 1
2.17 298.5 1
2.18 299.0 1
2.19 298.92 1
2.2 297.0 1
2.21 295.05 1
2.22 291.12 1
2.23 280.08 1
2.24 293.03 1
2.25 296.95 1
2.26 299.15 1
2.27 303.71 1
2.28 301.23 1
2.29 301.8 1
2.3 297.18 1
2.31 300.89 1
2.32 312.8 1
2.33 340.48 1
2.34 358.7 1
2.35 391.93 1
2.36 471.56 1
2.37 481.33 1
2.38 462.61 1
2.39 434.51 1
2.4 446.92 1
2.41 368.89 1
2.42 337.44 1
2.43 328.44 1
2.44 325.41 1
2.45 325.07 1
2.46 327.74 1
2.47 334.05 1
2.48 340.52 1
2.49 345.99 1
2.5 348.85 1
2.51 354.37 1
2.52 357.1 1
2.53 351.43 1
2.54 343.22 1
2.55 333.68 1
2.56 317.05 1
2.57 294.99 1
2.58 277.28 1
2.59 263.72 1
2.6 255.68 1
2.61 253.55 1
2.62 252.16 1
2.63 252.21 1
2.64 252.2 1
2.65 252.55 1
2.66 252.85 1
2.67 252.57 1
2.68 251.98 1
2.69 248.89 1
2.7 242.89 1
2.71 244.21 1
2.72 237.73 1
2.73 234.96 1
2.74 237.74 1
2.75 253.62 1
2.76 278.19 1
2.77 285.16 1
2.78 284.87 1
2.79 290.84 1
2.8 295.03 1
2.81 297.06 1
2.82 299.13 1
2.83 299.1 1
2.84 299.07 1
2.85 299.05 1
2.86 299.05 1
2.87 297.03 1
2.88 291.15 1
2.89 287.3 1
2.9 298.99 1
2.91 295.02 1
2.92 298.19 1
2.93 300.47 1
2.94 303.9 1
2.95 296.91 1
2.96 295.97 1
2.97 293.11 1
2.98 293.09 1
2.99 295.04 1
3.0 297.03 1
3.01 299.02 1
3.02 299.05 1
3.03 299.01 1
3.04 296.72 1
3.05 291.62 1
3.06 282.62 1
3.07 264.98 1
3.08 247.04 1
3.09 235.6 1
3.1 223.43 1
3.11 221.9 1
3.12 221.46 1
3.13 222.17 1
3.14 222.61 1
3.15 223.38 1
3.16 224.66 1
3.17 226.85 1
3.18 229.14 1
3.19 229.17 1
3.2 230.2 1
3.21 224.89 1
3.22 225.49 1
3.23 224.43 1
3.24 206.56 1
3.25 217.02 1
3.26 237.69 1
3.27 241.59 1
3.28 244.1 1
3.29 249.09 1
3.3 254.03 1
3.31 256.2 1
3.32 255.68 1
3.33 254.2 1
3.34 251.63 1
3.35 248.89 1
3.36 245.31 1
3.37 243.0 1
3.38 240.34 1
3.39 235.24 1
3.4 217.76 1
3.41 241.64 1
3.42 249.84 1
3.43 291.37 1
3.44 286.95 1
3.45 294.01 1
3.46 299.71 1
3.47 296.98 1
3.48 301.03 1
3.49 303.14 1
3.5 305.66 1
3.51 305.16 1
3.52 301.16 1
3.53 301.06 1
3.54 299.0 1
3.55 293.11 1
3.56 287.29 1
3.57 274.76 1
3.58 285.44 1
3.59 300.56 1
3.6 301.14 1
3.61 319.99 1
3.62 332.49 1
3.63 338.93 1
3.64 335.49 1
3.65 339.67 1
3.66 337.23 1
3.67 335.05 1
3.68 331.47 1
3.69 329.09 1
3.7 325.34 1
3.71 323.07 1
3.72 279.94 1
3.73 291.8 1
3.74 293.03 1
3.75 316.09 1
3.76 307.36 1
3.77 348.11 1
3.78 378.48 1
3.79 380.83 1
3.8 384.02 1
3.81 384.62 1
3.82 381.21 1
3.83 379.27 1
3.84 378.93 1
3.85 378.54 1
3.86 381.71 1
3.87 381.71 1
3.88 385.23 1
3.89 387.35 1
3.9 386.31 1
3.91 363.11 1
3.92 348.71 1
3.93 379.22 1
3.94 355.4 1
3.95 348.05 1
3.96 345.92 1
3.97 329.2 1
3.98 325.39 1
3.99 318.73 1
4.0 318.27 1
4.01 318.32 1
4.02 323.04 1
4.03 330.53 1
4.04 343.1 1
4.05 351.53 1
4.06 365.97 1
4.07 372.21 1
4.08 371.82 1
4.09 363.05 1
4.1 355.58 1
4.11 340.55 1
4.12 323.07 1
4.13 306.64 1
4.14 294.34 1
4.15 289.76 1
4.16 289.75 1
4.17 291.42 1
4.18 293.1 1
4.19 298.83 1
4.2 303.49 1
4.21 305.11 1
4.22 303.13 1
4.23 299.05 1
4.24 289.23 1
4.25 281.89 1
4.26 291.1 1
4.27 295.46 1
4.28 289.46 1
4.29 238.72 1
4.3 221.61 1
4.31 217.66 1
4.32 217.74 1
4.33 224.8 1
4.34 241.56 1
4.35 255.29 1
4.36 280.21 1
4.37 304.25 1
4.38 319.95 1
4.39 333.81 1
4.4 336.17 1
4.41 320.02 1
4.42 0.0 1
4.43 0.0 1
4.44 0.0 1
4.45 0.0 1
4.46 269.66 1
4.47 261.55 1
4.48 253.95 1
4.49 249.73 1
4.5 245.99 1
4.51 246.64 1
4.52 249.96 1
4.53 255.76 1
4.54 264.95 1
4.55 280.32 1
4.56 289.84 1
4.57 293.09 1
4.58 293.1 1
4.59 289.81 1
4.6 278.68 1
4.61 261.74 1
4.62 245.98 1
4.63 225.99 1
4.64 220.46 1
4.65 219.15 1
4.66 218.94 1
4.67 219.49 1
4.68 220.85 1
4.69 221.94 1
4.7 224.04 1
4.71 225.62 1
4.72 226.87 1
4.73 228.1 1
4.74 225.63 1
4.75 218.84 1
4.76 218.57 1
4.77 218.88 1
4.78 218.87 1
4.79 179.67 1
4.8 192.28 1
4.81 180.33 1
4.82 178.87 1
4.83 177.44 1
4.84 178.53 1
4.85 182.94 1
4.86 185.73 1
4.87 193.85 1
4.88 205.65 1
4.89 207.69 1
4.9 213.33 1
4.91 207.65 1
4.92 189.59 1
4.93 190.31 1
4.94 182.61 1
4.95 151.66 1
4.96 165.48 1
4.97 163.57 1
4.98 164.86 1
4.99 164.49 1
5.0 164.28 1
5.01 167.48 1
5.02 169.79 1
5.03 170.02 1
5.04 177.08 1
5.05 182.15 1
5.06 185.96 1
5.07 185.93 1
5.08 182.29 1
5.09 178.18 1
5.1 165.17 1
5.11 151.81 1
5.12 150.33 1
5.13 73.74 1
5.14 74.45 1
5.15 75.46 1
5.16 74.94 1
5.17 74.79 1
5.18 75.24 1
5.19 75.63 1
5.2 76.07 1
5.21 75.94 1
5.22 75.44 1
5.23 75.0 1
5.24 73.14 1
5.25 71.14 1
5.26 73.27 1
5.27 73.93 1
5.28 74.52 1
5.29 75.34 1
5.3 77.98 1
5.31 164.86 1
5.32 162.33 1
5.33 167.09 1
5.34 163.04 1
5.35 166.82 1
5.36 164.25 1
5.37 167.52 1
5.38 166.79 1
5.39 166.35 1
5.4 165.88 1
