0.01 169.74 1
0.02 179.63 1
0.03 181.85 1
0.04 183.23 1
0.05 185.69 1
0.06 185.92 1
0.07 185.23 1
0.08 183.83 1
0.09 181.89 1
0.1 179.95 1
0.11 179.95 1
0.12 180.72 1
0.13 183.34 1
0.14 185.69 1
0.15 187.06 1
0.16 188.9 1
0.17 193.81 1
0.18 189.71 1
0.19 184.92 1
0.2 178.88 1
0.21 168.9 1
0.22 162.41 1
0.23 155.55 1
0.24 153.29 1
0.25 154.12 1
0.26 159.68 1
0.27 166.54 1
0.28 174.15 1
0.29 182.38 1
0.3 190.36 1
0.31 197.18 1
0.32 199.93 1
0.33 200.12 1
0.34 198.1 1
0.35 195.07 1
0.36 188.87 1
0.37 186.18 1
0.38 184.46 1
0.39 183.82 1
0.4 185.72 1
0.41 188.33 1
0.42 189.93 1
0.43 192.15 1
0.44 196.36 1
0.45 202.77 1
0.46 211.18 1
0.47 218.92 1
0.48 226.63 1
0.49 230.62 1
0.5 230.25 1
0.51 225.9 1
0.52 218.6 1
0.53 204.66 1
0.54 195.53 1
0.55 177.45 1
0.56 166.69 1
0.57 165.07 1
0.58 167.17 1
0.59 177.87 1
0.6 184.16 1
0.61 194.7 1
0.62 204.65 1
0.63 212.8 1
0.64 220.2 1
0.65 225.58 1
0.66 227.93 1
0.67 230.95 1
0.68 227.91 1
0.69 224.27 1
0.7 218.9 1
0.71 214.6 1
0.72 213.54 1
0.73 214.57 1
0.74 215.64 1
0.75 217.81 1
0.76 221.29 1
0.77 229.11 1
0.78 238.87 1
0.79 252.15 1
0.8 258.7 1
0.81 267.79 1
0.82 270.69 1
0.83 267.18 1
0.84 255.7 1
0.85 242.93 1
0.86 227.97 1
0.87 219.55 1
0.88 215.77 1
0.89 216.66 1
0.9 217.23 1
0.91 218.46 1
0.92 220.55 1
0.93 222.79 1
0.94 224.42 1
0.95 225.08 1
0.96 224.48 1
0.97 223.72 1
0.98 219.97 1
0.99 221.05 1
1.0 217.79 1
1.01 219.95 1
1.02 218.75 1
1.03 224.52 1
1.04 223.62 1
1.05 247.07 1
1.06 254.2 1
1.07 260.19 1
1.08 260.61 1
1.09 257.24 1
1.1 251.33 1
1.11 246.38 1
1.12 242.01 1
1.13 240.11 1
1.14 241.57 1
1.15 244.38 1
1.16 249.24 1
1.17 254.14 1
1.18 258.87 1
1.19 262.21 1
1.2 261.86 1
1.21 258.84 1
1.22 259.37 1
1.23 254.25 1
1.24 246.33 1
1.25 241.57 1
1.26 233.04 1
1.27 230.33 1
1.28 231.56 1
1.29 242.22 1
1.3 251.26 1
1.31 261.8 1
1.32 276.45 1
1.33 286.18 1
1.34 294.99 1
1.35 293.12 1
1.36 302.31 1
1.37 295.01 1
1.38 281.74 1
1.39 264.91 1
1.4 251.65 1
1.41 240.35 1
1.42 238.98 1
1.43 238.24 1
1.44 240.52 1
1.45 244.29 1
1.46 247.71 1
1.47 251.46 1
1.48 253.44 1
1.49 253.5 1
1.5 250.48 1
1.51 247.37 1
1.52 244.98 1
1.53 243.29 1
1.54 241.64 1
1.55 227.94 1
1.56 229.11 1
1.57 223.3 1
1.58 225.58 1
1.59 252.2 1
1.6 279.93 1
1.61 290.67 1
1.62 299.62 1
1.63 299.91 1
1.64 299.82 1
1.65 298.35 1
1.66 295.05 1
1.67 296.38 1
1.68 295.02 1
1.69 296.98 1
1.7 296.98 1
1.71 298.6 1
1.72 298.79 1
1.73 298.98 1
1.74 298.95 1
1.75 298.99 1
1.76 296.98 1
1.77 294.99 1
1.78 292.01 1
1.79 292.27 1
1.8 288.51 1
1.81 286.81 1
1.82 289.23 1
1.83 297.04 1
1.84 320.58 1
1.85 334.64 1
1.86 345.97 1
1.87 346.03 1
1.88 350.99 1
1.89 385.2 1
1.9 371.22 1
1.91 351.44 1
1.92 333.29 1
1.93 313.85 1
1.94 299.32 1
1.95 294.18 1
1.96 290.29 1
1.97 288.35 1
1.98 289.55 1
1.99 291.1 1
2.0 291.19 1
2.01 291.26 1
2.02 291.24 1
2.03 280.05 1
2.04 0.0 1
2.05 0.0 1
2.06 0.0 1
2.07 0.0 1
2.08 0.0 1
2.09 0.0 1
2.1 0.0 1
2.11 0.0 1
2.12 0.0 1
2.13 264.9 1
2.14 257.91 1
2.15 253.47 1
2.16 251.42 1
2.17 252.32 1
2.18 257.16 1
2.19 266.3 1
2.2 280.23 1
2.21 297.12 1
2.22 320.83 1
2.23 351.05 1
2.24 368.56 1
2.25 390.5 1
2.26 397.82 1
2.27 400.33 1
2.28 397.78 1
2.29 386.78 1
2.3 370.89 1
2.31 356.61 1
2.32 344.44 1
2.33 332.3 1
2.34 323.93 1
2.35 322.86 1
2.36 326.79 1
2.37 341.71 1
2.38 354.25 1
2.39 388.43 1
2.4 408.73 1
2.41 456.9 1
2.42 507.53 1
2.43 503.78 1
2.44 488.56 1
2.45 465.91 1
2.46 430.26 1
2.47 359.93 1
2.48 349.24 1
2.49 328.06 1
2.5 324.54 1
2.51 326.16 1
2.52 332.18 1
2.53 340.58 1
2.54 348.73 1
2.55 359.87 1
2.56 365.34 1
2.57 365.96 1
2.58 361.89 1
2.59 356.44 1
2.6 335.4 1
2.61 293.82 1
2.62 307.15 1
2.63 307.31 1
2.64 318.37 1
2.65 303.18 1
2.66 305.55 1
2.67 305.54 1
2.68 300.52 1
2.69 299.01 1
2.7 298.2 1
2.71 293.3 1
2.72 295.13 1
2.73 296.99 1
2.74 297.04 1
2.75 295.12 1
2.76 295.02 1
2.77 296.19 1
2.78 296.99 1
2.79 296.94 1
2.8 294.47 1
2.81 293.03 1
2.82 289.11 1
2.83 281.2 1
2.84 272.88 1
2.85 255.57 1
2.86 181.94 1
2.87 225.73 1
2.88 225.81 1
2.89 231.65 1
2.9 240.23 1
2.91 247.97 1
2.92 257.34 1
2.93 258.99 1
2.94 269.58 1
2.95 269.34 1
2.96 269.32 1
2.97 266.45 1
2.98 258.73 1
2.99 250.52 1
3.0 238.91 1
3.01 230.37 1
3.02 229.17 1
3.03 232.75 1
3.04 237.9 1
3.05 246.06 1
3.06 254.23 1
3.07 270.13 1
3.08 282.26 1
3.09 297.0 1
3.1 308.1 1
3.11 314.51 1
3.12 315.07 1
3.13 311.04 1
3.14 304.25 1
3.15 297.0 1
3.16 291.11 1
3.17 287.16 1
3.18 286.98 1
3.19 290.41 1
3.2 293.1 1
3.21 307.37 1
3.22 326.73 1
3.23 346.01 1
3.24 360.13 1
3.25 414.36 1
3.26 420.88 1
3.27 425.99 1
3.28 388.61 1
3.29 348.71 1
3.3 361.93 1
3.31 361.31 1
3.32 339.5 1
3.33 333.89 1
3.34 325.51 1
3.35 323.87 1
3.36 325.21 1
3.37 329.45 1
3.38 338.75 1
3.39 350.01 1
3.4 361.11 1
3.41 373.24 1
3.42 382.81 1
3.43 384.06 1
3.44 380.56 1
3.45 370.19 1
3.46 358.96 1
3.47 335.39 1
3.48 318.24 1
3.49 304.56 1
3.5 296.23 1
3.51 291.76 1
3.52 298.92 1
3.53 291.11 1
3.54 291.16 1
3.55 293.93 1
3.56 296.81 1
3.57 300.99 1
3.58 298.99 1
3.59 296.84 1
3.6 296.12 1
3.61 292.29 1
3.62 285.53 1
3.63 275.29 1
3.64 261.76 1
3.65 241.71 1
3.66 233.96 1
3.67 232.53 1
3.68 234.33 1
3.69 239.5 1
3.7 248.63 1
3.71 255.7 1
3.72 267.48 1
3.73 291.03 1
3.74 281.69 1
3.75 276.58 1
3.76 269.64 1
3.77 263.16 1
3.78 246.51 1
3.79 240.29 1
3.8 219.93 1
3.81 204.71 1
3.82 218.79 1
3.83 215.71 1
3.84 221.47 1
3.85 223.28 1
3.86 223.34 1
3.87 222.23 1
3.88 224.43 1
3.89 223.28 1
3.9 220.43 1
3.91 206.14 1
3.92 216.6 1
3.93 205.6 1
3.94 222.35 1
3.95 206.56 1
3.96 199.99 1
3.97 114.58 1
3.98 117.83 1
3.99 120.48 1
4.0 124.75 1
4.01 126.19 1
4.02 128.39 1
4.03 130.65 1
4.04 129.46 1
4.05 126.56 1
4.06 126.13 1
4.07 122.79 1
4.08 124.05 1
4.09 124.04 1
4.1 124.45 1
4.11 122.37 1
4.12 112.07 1
4.13 119.17 1
4.14 121.99 1
4.15 0.0 1
4.16 0.0 1
4.17 299.4 1
4.18 302.34 1
4.19 299.02 1
4.2 302.11 1
4.21 302.98 1
4.22 299.07 1
4.23 301.56 1
4.24 299.01 1
4.25 297.01 1
4.26 296.99 1
4.27 296.62 1
4.28 294.18 1
4.29 290.41 1
4.3 287.33 1
4.31 279.95 1
4.32 278.06 1
4.33 267.95 1
4.34 233.07 1
4.35 230.43 1
4.36 229.29 1
4.37 237.91 1
4.38 247.59 1
4.39 263.34 1
4.4 285.89 1
4.41 299.02 1
4.42 307.33 1
4.43 304.05 1
4.44 295.48 1
4.45 343.16 1
4.46 326.11 1
4.47 305.81 1
4.48 285.02 1
4.49 274.74 1
4.5 245.85 1
4.51 244.24 1
4.52 241.58 1
4.53 241.54 1
4.54 237.72 1
4.55 241.61 1
4.56 248.12 1
4.57 257.17 1
4.58 268.2 1
4.59 276.09 1
4.6 276.99 1
4.61 273.28 1
4.62 265.34 1
4.63 255.99 1
4.64 245.62 1
4.65 230.01 1
4.66 223.76 1
4.67 223.14 1
4.68 222.36 1
4.69 222.2 1
4.7 222.63 1
4.71 225.37 1
4.72 226.65 1
4.73 227.67 1
4.74 227.94 1
4.75 227.96 1
4.76 227.95 1
4.77 226.76 1
4.78 225.34 1
4.79 185.69 1
4.8 172.6 1
4.81 160.76 1
4.82 192.96 1
4.83 181.1 1
4.84 176.02 1
4.85 176.79 1
4.86 182.29 1
4.87 186.49 1
4.88 194.35 1
4.89 199.28 1
4.9 201.86 1
4.91 202.8 1
4.92 204.87 1
4.93 203.7 1
4.94 200.27 1
4.95 192.5 1
4.96 184.35 1
4.97 175.41 1
4.98 166.12 1
4.99 159.6 1
5.0 158.35 1
5.01 154.27 1
5.02 155.44 1
5.03 155.56 1
5.04 160.49 1
5.05 162.65 1
5.06 165.2 1
5.07 169.29 1
5.08 175.84 1
5.09 179.82 1
5.1 178.28 1
5.11 175.86 1
5.12 170.6 1
5.13 166.1 1
5.14 158.72 1
5.15 151.81 1
5.16 148.82 1
5.17 140.3 1
5.18 141.22 1
5.19 140.25 1
5.2 144.92 1
5.21 145.31 1
5.22 146.27 1
5.23 147.32 1
5.24 145.59 1
5.25 142.56 1
5.26 142.49 1
5.27 140.08 1
5.28 141.49 1
5.29 141.45 1
5.3 141.58 1
5.31 144.37 1
5.32 148.63 1
5.33 155.78 1
5.34 164.81 1
5.35 177.12 1
5.36 186.0 1
5.37 188.92 1
5.38 196.2 1
5.39 198.21 1
5.4 196.5 1
5.41 190.25 1
5.42 177.76 1
5.43 163.79 1
5.44 152.86 1
5.45 144.36 1
