0.01 206.18 1
0.02 192.99 1
0.03 180.35 1
0.04 169.92 1
0.05 162.43 1
0.06 161.8 1
0.07 161.22 1
0.08 163.24 1
0.09 166.13 1
0.1 174.64 1
0.11 179.63 1
0.12 185.69 1
0.13 185.67 1
0.14 208.51 1
0.15 213.0 1
0.16 224.43 1
0.17 228.37 1
0.18 222.18 1
0.19 225.66 1
0.2 221.79 1
0.21 216.7 1
0.22 201.85 1
0.23 197.88 1
0.24 188.89 1
0.25 184.93 1
0.26 189.64 1
0.27 184.13 1
0.28 179.66 1
0.29 183.88 1
0.3 185.33 1
0.31 184.46 1
0.32 183.75 1
0.33 184.43 1
0.34 185.22 1
0.35 185.3 1
0.36 183.69 1
0.37 185.23 1
0.38 185.91 1
0.39 185.5 1
0.4 184.85 1
0.41 186.21 1
0.42 188.05 1
0.43 186.47 1
0.44 185.69 1
0.45 186.43 1
0.46 186.79 1
0.47 186.48 1
0.48 185.69 1
0.49 183.37 1
0.5 188.45 1
0.51 183.57 1
0.52 179.68 1
0.53 75.77 1
0.54 73.68 1
0.55 74.58 1
0.56 74.21 1
0.57 74.06 1
0.58 74.86 1
0.59 74.56 1
0.6 74.64 1
0.61 74.94 1
0.62 73.93 1
0.63 74.5 1
0.64 74.56 1
0.65 74.31 1
0.66 74.94 1
0.67 176.35 1
0.68 182.89 1
0.69 205.58 1
0.7 200.77 1
0.71 197.31 1
0.72 191.29 1
0.73 187.86 1
0.74 186.74 1
0.75 185.7 1
0.76 184.93 1
0.77 184.49 1
0.78 184.45 1
0.79 184.92 1
0.8 188.07 1
0.81 191.84 1
0.82 197.62 1
0.83 199.94 1
0.84 202.19 1
0.85 201.71 1
0.86 199.49 1
0.87 196.31 1
0.88 192.88 1
0.89 188.78 1
0.9 185.69 1
0.91 184.34 1
0.92 184.14 1
0.93 185.44 1
0.94 185.72 1
0.95 186.5 1
0.96 187.29 1
0.97 188.87 1
0.98 189.55 1
0.99 188.08 1
1.0 188.07 1
1.01 185.71 1
1.02 184.92 1
1.03 184.07 1
1.04 183.67 1
1.05 183.03 1
1.06 184.21 1
1.07 185.04 1
1.08 185.69 1
1.09 185.71 1
1.1 185.72 1
1.11 185.72 1
1.12 187.31 1
1.13 192.12 1
1.14 196.43 1
1.15 197.05 1
1.16 197.18 1
1.17 194.56 1
1.18 192.15 1
1.19 186.47 1
1.2 181.74 1
1.21 175.81 1
1.22 170.61 1
1.23 168.67 1
1.24 168.66 1
1.25 168.65 1
1.26 170.18 1
1.27 166.11 1
1.28 175.35 1
1.29 167.85 1
1.3 168.53 1
1.31 167.64 1
1.32 164.42 1
1.33 165.48 1
1.34 76.9 1
1.35 74.63 1
1.36 74.59 1
1.37 74.93 1
1.38 74.68 1
1.39 74.56 1
1.4 97.68 1
1.41 194.63 1
1.42 194.6 1
1.43 191.27 1
1.44 182.59 1
1.45 176.73 1
1.46 170.19 1
1.47 164.24 1
1.48 161.46 1
1.49 162.99 1
1.5 166.72 1
1.51 171.28 1
1.52 178.19 1
1.53 183.69 1
1.54 187.47 1
1.55 185.72 1
1.56 185.18 1
1.57 181.83 1
1.58 178.18 1
1.59 171.6 1
1.6 160.66 1
1.61 154.82 1
1.62 152.43 1
1.63 155.67 1
1.64 160.67 1
1.65 167.5 1
1.66 172.62 1
1.67 181.93 1
1.68 184.94 1
1.69 194.69 1
1.7 197.4 1
1.71 198.7 1
1.72 198.44 1
1.73 193.85 1
1.74 188.08 1
1.75 183.02 1
1.76 178.33 1
1.77 175.03 1
1.78 175.31 1
1.79 178.2 1
1.8 184.14 1
1.81 195.19 1
1.82 203.7 1
1.83 213.35 1
1.84 222.08 1
1.85 225.58 1
1.86 224.8 1
1.87 218.64 1
1.88 210.27 1
1.89 202.44 1
1.9 185.52 1
1.91 178.9 1
1.92 176.03 1
1.93 175.35 1
1.94 179.9 1
1.95 183.26 1
1.96 186.49 1
1.97 191.81 1
1.98 194.86 1
1.99 195.45 1
2.0 191.83 1
2.01 188.87 1
2.02 186.48 1
2.03 181.44 1
2.04 178.18 1
2.05 0.0 1
2.06 0.0 1
2.07 0.0 1
2.08 0.0 1
2.09 0.0 1
2.1 0.0 1
2.11 0.0 1
2.12 0.0 1
2.13 0.0 1
2.14 0.0 1
2.15 0.0 1
2.16 223.6 1
2.17 224.55 1
2.18 229.81 1
2.19 225.63 1
2.2 225.58 1
2.21 223.72 1
2.22 223.22 1
2.23 221.96 1
2.24 221.15 1
2.25 221.77 1
2.26 222.48 1
2.27 223.54 1
2.28 222.7 1
2.29 222.59 1
2.3 223.29 1
2.31 223.26 1
2.32 223.12 1
2.33 222.97 1
2.34 221.84 1
2.35 221.84 1
2.36 223.06 1
2.37 223.55 1
2.38 223.62 1
2.39 223.6 1
2.4 223.82 1
2.41 224.12 1
2.42 224.29 1
2.43 224.49 1
2.44 224.76 1
2.45 224.78 1
2.46 225.02 1
2.47 223.36 1
2.48 225.4 1
2.49 225.43 1
2.5 225.58 1
2.51 225.25 1
2.52 224.3 1
2.53 223.11 1
2.54 222.51 1
2.55 222.8 1
2.56 222.8 1
2.57 222.68 1
2.58 221.71 1
2.59 221.87 1
2.6 222.74 1
2.61 223.97 1
2.62 224.21 1
2.63 224.04 1
2.64 224.2 1
2.65 222.76 1
2.66 220.89 1
2.67 223.19 1
2.68 224.66 1
2.69 224.0 1
2.7 224.91 1
2.71 225.47 1
2.72 224.21 1
2.73 225.58 1
2.74 225.09 1
2.75 225.15 1
2.76 225.01 1
2.77 224.65 1
2.78 224.42 1
2.79 224.24 1
2.8 223.31 1
2.81 223.96 1
2.82 224.36 1
2.83 224.46 1
2.84 223.32 1
2.85 223.78 1
2.86 223.15 1
2.87 221.53 1
2.88 217.79 1
2.89 214.58 1
2.9 207.62 1
2.91 193.93 1
2.92 180.97 1
2.93 171.98 1
2.94 166.78 1
2.95 158.35 1
2.96 161.56 1
2.97 173.25 1
2.98 177.47 1
2.99 187.52 1
3.0 198.83 1
3.01 209.52 1
3.02 218.1 1
3.03 223.4 1
3.04 224.46 1
3.05 223.05 1
3.06 218.32 1
3.07 212.45 1
3.08 201.02 1
3.09 184.68 1
3.1 181.66 1
3.11 181.73 1
3.12 178.3 1
3.13 183.45 1
3.14 191.8 1
3.15 206.64 1
3.16 215.57 1
3.17 245.69 1
3.18 258.72 1
3.19 283.81 1
3.2 293.12 1
3.21 310.27 1
3.22 319.6 1
3.23 325.36 1
3.24 314.77 1
3.25 300.76 1
3.26 283.62 1
3.27 269.49 1
3.28 253.05 1
3.29 243.52 1
3.3 240.12 1
3.31 237.47 1
3.32 239.97 1
3.33 247.74 1
3.34 254.93 1
3.35 266.48 1
3.36 279.33 1
3.37 290.12 1
3.38 296.99 1
3.39 297.12 1
3.4 296.49 1
3.41 285.01 1
3.42 269.68 1
3.43 247.85 1
3.44 236.38 1
3.45 227.86 1
3.46 222.16 1
3.47 220.78 1
3.48 221.7 1
3.49 221.45 1
3.5 222.21 1
3.51 224.09 1
3.52 224.71 1
3.53 224.91 1
3.54 223.82 1
3.55 222.81 1
3.56 222.34 1
3.57 221.76 1
3.58 221.81 1
3.59 221.23 1
3.6 221.04 1
3.61 221.72 1
3.62 224.44 1
3.63 226.66 1
3.64 228.29 1
3.65 228.05 1
3.66 224.06 1
3.67 214.62 1
3.68 244.42 1
3.69 221.0 1
3.7 209.49 1
3.71 205.66 1
3.72 180.74 1
3.73 166.68 1
3.74 161.21 1
3.75 160.64 1
3.76 163.95 1
3.77 170.63 1
3.78 179.3 1
3.79 185.75 1
3.8 197.31 1
3.81 204.93 1
3.82 210.48 1
3.83 214.67 1
3.84 216.75 1
3.85 214.06 1
3.86 207.29 1
3.87 198.66 1
3.88 181.94 1
3.89 173.96 1
3.9 173.4 1
3.91 175.63 1
3.92 183.43 1
3.93 198.21 1
3.94 207.07 1
3.95 229.11 1
3.96 247.39 1
3.97 272.4 1
3.98 291.47 1
3.99 312.03 1
4.0 326.76 1
4.01 315.99 1
4.02 328.07 1
4.03 298.98 1
4.04 274.02 1
4.05 252.89 1
4.06 240.46 1
4.07 237.26 1
4.08 238.9 1
4.09 241.29 1
4.1 248.05 1
4.11 255.81 1
4.12 266.5 1
4.13 278.68 1
4.14 286.25 1
4.15 288.21 1
4.16 281.55 1
4.17 271.88 1
4.18 254.21 1
4.19 238.52 1
4.2 225.61 1
4.21 221.69 1
4.22 220.21 1
4.23 220.87 1
4.24 223.25 1
4.25 225.27 1
4.26 226.71 1
4.27 225.63 1
4.28 225.6 1
4.29 224.56 1
4.3 222.43 1
4.31 0.0 1
4.32 0.0 1
4.33 0.0 1
4.34 0.0 1
4.35 0.0 1
4.36 0.0 1
4.37 202.4 1
4.38 182.62 1
4.39 171.46 1
4.4 165.57 1
4.41 167.92 1
4.42 170.04 1
4.43 180.65 1
4.44 186.53 1
4.45 195.8 1
4.46 201.17 1
4.47 205.62 1
4.48 209.52 1
4.49 212.44 1
4.5 211.5 1
4.51 205.61 1
4.52 197.57 1
4.53 186.66 1
4.54 171.97 1
4.55 168.22 1
4.56 170.21 1
4.57 178.18 1
4.58 184.18 1
4.59 193.32 1
4.6 202.82 1
4.61 214.51 1
4.62 223.2 1
4.63 227.94 1
4.64 244.22 1
4.65 241.55 1
4.66 234.11 1
4.67 225.16 1
4.68 206.17 1
4.69 186.44 1
4.7 179.24 1
4.71 168.74 1
4.72 168.69 1
4.73 176.03 1
4.74 181.93 1
4.75 186.52 1
4.76 196.98 1
4.77 202.78 1
4.78 206.56 1
4.79 206.63 1
4.8 207.16 1
4.81 202.57 1
4.82 195.89 1
4.83 185.7 1
4.84 177.45 1
4.85 165.48 1
4.86 162.38 1
4.87 159.98 1
4.88 161.51 1
4.89 163.77 1
4.9 165.54 1
4.91 168.42 1
4.92 173.59 1
4.93 178.12 1
4.94 180.97 1
4.95 181.3 1
4.96 178.42 1
4.97 175.35 1
4.98 168.66 1
4.99 161.24 1
5.0 155.25 1
5.01 73.68 1
5.02 73.81 1
5.03 73.19 1
5.04 73.45 1
5.05 73.98 1
5.06 75.03 1
5.07 75.19 1
5.08 75.45 1
5.09 75.37 1
5.1 74.81 1
5.11 74.08 1
5.12 73.32 1
5.13 72.71 1
5.14 73.07 1
5.15 72.97 1
5.16 73.93 1
5.17 77.06 1
5.18 157.61 1
5.19 162.5 1
5.2 167.44 1
5.21 169.96 1
5.22 171.94 1
5.23 173.29 1
5.24 172.14 1
