0.01 168.64 1
0.02 167.86 1
0.03 166.12 1
0.04 163.65 1
0.05 160.67 1
0.06 81.59 1
0.07 73.81 1
0.08 75.06 1
0.09 73.94 1
0.1 74.63 1
0.11 74.65 1
0.12 74.45 1
0.13 74.48 1
0.14 181.61 1
0.15 199.13 1
0.16 196.4 1
0.17 198.14 1
0.18 195.76 1
0.19 193.24 1
0.2 189.68 1
0.21 184.84 1
0.22 185.94 1
0.23 185.32 1
0.24 184.91 1
0.25 186.98 1
0.26 187.28 1
0.27 188.07 1
0.28 189.98 1
0.29 188.08 1
0.3 189.37 1
0.31 188.87 1
0.32 188.88 1
0.33 188.89 1
0.34 189.91 1
0.35 190.23 1
0.36 188.9 1
0.37 190.88 1
0.38 192.11 1
0.39 193.21 1
0.4 194.87 1
0.41 194.26 1
0.42 192.63 1
0.43 188.88 1
0.44 187.79 1
0.45 184.95 1
0.46 182.32 1
0.47 180.95 1
0.48 180.52 1
0.49 182.3 1
0.5 186.18 1
0.51 187.85 1
0.52 183.38 1
0.53 75.03 1
0.54 74.3 1
0.55 74.56 1
0.56 74.32 1
0.57 74.47 1
0.58 74.43 1
0.59 74.42 1
0.6 74.68 1
0.61 75.06 1
0.62 74.68 1
0.63 73.99 1
0.64 74.39 1
0.65 74.29 1
0.66 74.38 1
0.67 74.02 1
0.68 74.18 1
0.69 74.24 1
0.7 74.48 1
0.71 74.51 1
0.72 74.59 1
0.73 74.88 1
0.74 74.39 1
0.75 74.69 1
0.76 74.68 1
0.77 74.56 1
0.78 74.32 1
0.79 74.4 1
0.8 74.62 1
0.81 74.46 1
0.82 74.46 1
0.83 74.54 1
0.84 74.6 1
0.85 74.66 1
0.86 190.5 1
0.87 178.9 1
0.88 184.16 1
0.89 185.45 1
0.9 185.7 1
0.91 186.65 1
0.92 188.06 1
0.93 188.04 1
0.94 187.3 1
0.95 186.35 1
0.96 184.17 1
0.97 185.76 1
0.98 186.63 1
0.99 187.36 1
1.0 188.89 1
1.01 191.31 1
1.02 191.17 1
1.03 191.28 1
1.04 188.51 1
1.05 185.72 1
1.06 182.01 1
1.07 177.22 1
1.08 169.82 1
1.09 150.33 1
1.1 161.78 1
1.11 158.98 1
1.12 178.98 1
1.13 157.23 1
1.14 163.02 1
1.15 176.23 1
1.16 191.44 1
1.17 189.23 1
1.18 192.93 1
1.19 191.94 1
1.2 192.15 1
1.21 191.31 1
1.22 188.2 1
1.23 185.46 1
1.24 184.1 1
1.25 183.59 1
1.26 183.46 1
1.27 183.69 1
1.28 183.71 1
1.29 184.32 1
1.3 184.29 1
1.31 184.69 1
1.32 184.15 1
1.33 181.8 1
1.34 177.88 1
1.35 173.4 1
1.36 170.22 1
1.37 166.61 1
1.38 164.62 1
1.39 163.71 1
1.4 162.9 1
1.41 162.95 1
1.42 160.69 1
1.43 164.01 1
1.44 164.82 1
1.45 169.88 1
1.46 165.48 1
1.47 173.84 1
1.48 187.26 1
1.49 189.26 1
1.5 196.85 1
1.51 204.59 1
1.52 207.37 1
1.53 207.34 1
1.54 203.72 1
1.55 198.25 1
1.56 193.03 1
1.57 188.08 1
1.58 181.26 1
1.59 175.46 1
1.6 171.96 1
1.61 168.67 1
1.62 167.65 1
1.63 167.5 1
1.64 166.9 1
1.65 167.36 1
1.66 167.6 1
1.67 167.31 1
1.68 167.98 1
1.69 167.37 1
1.7 168.64 1
1.71 169.47 1
1.72 168.67 1
1.73 173.26 1
1.74 176.59 1
1.75 183.49 1
1.76 188.25 1
1.77 190.5 1
1.78 191.33 1
1.79 189.35 1
1.8 185.04 1
1.81 183.23 1
1.82 74.43 1
1.83 73.99 1
1.84 74.36 1
1.85 74.78 1
1.86 74.4 1
1.87 74.58 1
1.88 74.47 1
1.89 74.74 1
1.9 73.84 1
1.91 69.5 1
1.92 76.43 1
1.93 74.56 1
1.94 74.45 1
1.95 74.29 1
1.96 74.02 1
1.97 73.9 1
1.98 73.58 1
1.99 73.55 1
2.0 73.57 1
2.01 73.82 1
2.02 74.03 1
2.03 74.1 1
2.04 74.18 1
2.05 73.83 1
2.06 73.32 1
2.07 72.95 1
2.08 72.94 1
2.09 72.95 1
2.1 73.69 1
2.11 74.25 1
2.12 72.95 1
2.13 74.18 1
2.14 74.44 1
2.15 74.49 1
2.16 75.06 1
2.17 73.68 1
2.18 75.13 1
2.19 73.94 1
2.2 74.33 1
2.21 74.03 1
2.22 73.37 1
2.23 74.42 1
2.24 74.63 1
2.25 74.58 1
2.26 75.06 1
2.27 74.56 1
2.28 74.93 1
2.29 74.74 1
2.3 74.37 1
2.31 73.98 1
2.32 73.75 1
2.33 73.89 1
2.34 74.62 1
2.35 75.45 1
2.36 77.31 1
2.37 161.83 1
2.38 168.64 1
2.39 178.74 1
2.4 184.12 1
2.41 184.15 1
2.42 190.52 1
2.43 194.38 1
2.44 195.06 1
2.45 193.43 1
2.46 191.28 1
2.47 186.48 1
2.48 182.24 1
2.49 178.0 1
2.5 175.34 1
2.51 176.66 1
2.52 171.95 1
2.53 171.23 1
2.54 169.49 1
2.55 167.89 1
2.56 166.51 1
2.57 166.08 1
2.58 165.2 1
2.59 166.2 1
2.6 165.66 1
2.61 166.73 1
2.62 168.0 1
2.63 168.66 1
2.64 173.91 1
2.65 176.74 1
2.66 179.3 1
2.67 184.02 1
2.68 184.04 1
2.69 181.34 1
2.7 173.96 1
2.71 74.94 1
2.72 73.36 1
2.73 74.8 1
2.74 74.68 1
2.75 74.94 1
2.76 75.06 1
2.77 73.81 1
2.78 74.69 1
2.79 74.56 1
2.8 74.56 1
2.81 74.87 1
2.82 74.49 1
2.83 74.85 1
2.84 74.68 1
2.85 74.31 1
2.86 74.59 1
2.87 74.53 1
2.88 74.31 1
2.89 74.84 1
2.9 74.44 1
2.91 74.61 1
2.92 74.74 1
2.93 74.44 1
2.94 74.57 1
2.95 74.47 1
2.96 74.47 1
2.97 74.57 1
2.98 79.25 1
2.99 73.93 1
3.0 74.2 1
3.01 147.79 1
3.02 148.38 1
3.03 146.42 1
3.04 144.83 1
3.05 145.98 1
3.06 148.24 1
3.07 148.73 1
3.08 149.24 1
3.09 148.12 1
3.1 147.74 1
3.11 147.5 1
3.12 147.77 1
3.13 147.25 1
3.14 147.44 1
3.15 147.89 1
3.16 148.17 1
3.17 148.25 1
3.18 148.24 1
3.19 147.74 1
3.2 143.89 1
3.21 139.13 1
3.22 139.47 1
3.23 142.02 1
3.24 140.75 1
3.25 147.25 1
3.26 147.26 1
3.27 161.03 1
3.28 171.9 1
3.29 181.22 1
3.3 192.39 1
3.31 199.09 1
3.32 193.47 1
3.33 192.62 1
3.34 189.24 1
3.35 184.5 1
3.36 180.36 1
3.37 172.65 1
3.38 167.56 1
3.39 164.14 1
3.4 160.65 1
3.41 159.31 1
3.42 155.63 1
3.43 162.98 1
3.44 158.94 1
3.45 161.83 1
3.46 161.36 1
3.47 162.43 1
3.48 165.35 1
3.49 168.5 1
3.5 172.34 1
3.51 177.44 1
3.52 182.18 1
3.53 185.55 1
3.54 187.28 1
3.55 186.48 1
3.56 181.28 1
3.57 170.62 1
3.58 0.0 1
3.59 0.0 1
3.6 0.0 1
3.61 0.0 1
3.62 0.0 1
3.63 0.0 1
3.64 0.0 1
3.65 0.0 1
3.66 0.0 1
3.67 166.1 1
3.68 151.8 1
3.69 148.9 1
3.7 148.76 1
3.71 150.88 1
3.72 152.23 1
3.73 152.64 1
3.74 152.84 1
3.75 152.99 1
3.76 151.93 1
3.77 151.15 1
3.78 149.71 1
3.79 149.07 1
3.8 149.2 1
3.81 149.26 1
3.82 150.08 1
3.83 151.07 1
3.84 151.55 1
3.85 151.31 1
3.86 151.51 1
3.87 151.03 1
3.88 149.71 1
3.89 148.24 1
3.9 146.76 1
3.91 146.76 1
3.92 144.36 1
3.93 137.6 1
3.94 147.75 1
3.95 149.74 1
3.96 148.74 1
3.97 149.13 1
3.98 149.07 1
3.99 149.11 1
4.0 185.72 1
4.01 189.69 1
4.02 189.83 1
4.03 197.3 1
4.04 197.03 1
4.05 194.9 1
4.06 191.32 1
4.07 187.17 1
4.08 182.72 1
4.09 179.87 1
4.1 178.18 1
4.11 178.17 1
4.12 177.62 1
4.13 178.51 1
4.14 180.36 1
4.15 179.88 1
4.16 181.13 1
4.17 180.06 1
4.18 182.03 1
4.19 182.21 1
4.2 183.89 1
4.21 186.48 1
4.22 188.08 1
4.23 193.01 1
4.24 191.96 1
4.25 181.12 1
4.26 188.87 1
4.27 180.16 1
4.28 185.24 1
4.29 186.48 1
4.3 188.2 1
4.31 186.49 1
4.32 185.63 1
4.33 182.13 1
4.34 174.0 1
4.35 171.83 1
4.36 166.69 1
4.37 163.03 1
4.38 164.23 1
4.39 163.03 1
4.4 166.32 1
4.41 170.92 1
4.42 175.35 1
4.43 182.61 1
4.44 187.26 1
4.45 191.86 1
4.46 193.96 1
4.47 193.32 1
4.48 190.5 1
4.49 186.72 1
4.5 183.35 1
4.51 175.97 1
4.52 172.31 1
4.53 169.3 1
4.54 169.22 1
4.55 167.38 1
4.56 168.5 1
4.57 168.91 1
4.58 165.51 1
4.59 167.86 1
4.6 163.89 1
4.61 168.0 1
4.62 158.95 1
4.63 170.38 1
4.64 169.94 1
4.65 168.19 1
4.66 164.97 1
4.67 184.92 1
4.68 189.66 1
4.69 192.49 1
4.7 195.14 1
4.71 197.22 1
4.72 196.58 1
4.73 194.69 1
4.74 189.44 1
4.75 186.43 1
4.76 184.91 1
4.77 184.15 1
4.78 183.09 1
4.79 184.27 1
4.8 184.16 1
4.81 186.47 1
4.82 186.95 1
4.83 187.0 1
4.84 188.03 1
4.85 187.91 1
4.86 185.58 1
4.87 184.07 1
4.88 184.07 1
4.89 180.93 1
4.9 0.0 1
4.91 0.0 1
4.92 0.0 1
4.93 0.0 1
4.94 0.0 1
4.95 184.16 1
4.96 188.87 1
4.97 189.68 1
4.98 188.89 1
4.99 190.49 1
5.0 183.44 1
5.01 183.35 1
5.02 183.86 1
5.03 184.41 1
5.04 184.4 1
5.05 184.14 1
5.06 184.33 1
5.07 184.91 1
5.08 188.17 1
5.09 188.73 1
5.1 187.29 1
5.11 186.47 1
5.12 182.62 1
5.13 179.93 1
5.14 176.75 1
5.15 171.27 1
5.16 167.44 1
5.17 161.87 1
5.18 159.41 1
5.19 155.0 1
5.2 153.24 1
5.21 148.27 1
5.22 152.26 1
5.23 150.88 1
5.24 158.34 1
5.25 159.09 1
5.26 158.12 1
5.27 163.64 1
5.28 194.79 1
5.29 193.31 1
5.3 199.73 1
5.31 203.7 1
5.32 206.04 1
5.33 206.44 1
5.34 203.71 1
5.35 201.85 1
5.36 194.19 1
5.37 186.16 1
5.38 178.18 1
5.39 171.98 1
5.4 168.61 1
5.41 164.9 1
5.42 165.46 1
5.43 163.43 1
5.44 162.82 1
5.45 164.24 1
5.46 160.66 1
5.47 164.34 1
5.48 160.08 1
5.49 165.9 1
5.5 168.65 1
5.51 176.86 1
5.52 183.78 1
5.53 187.27 1
5.54 191.2 1
5.55 195.55 1
5.56 189.69 1
5.57 159.94 1
5.58 74.46 1
5.59 74.92 1
5.6 74.67 1
5.61 74.36 1
5.62 74.04 1
5.63 74.59 1
5.64 74.39 1
5.65 74.37 1
5.66 73.81 1
5.67 78.96 1
5.68 73.1 1
5.69 73.74 1
5.7 73.93 1
5.71 74.9 1
5.72 75.54 1
5.73 76.31 1
5.74 76.12 1
5.75 75.92 1
5.76 75.33 1
5.77 74.88 1
5.78 74.73 1
5.79 74.54 1
5.8 74.12 1
5.81 74.09 1
5.82 74.33 1
5.83 74.56 1
5.84 74.04 1
5.85 74.14 1
5.86 74.57 1
5.87 74.37 1
5.88 74.43 1
5.89 73.95 1
5.9 74.13 1
5.91 74.6 1
5.92 75.05 1
5.93 76.36 1
5.94 77.44 1
5.95 74.32 1
5.96 74.11 1
5.97 74.41 1
5.98 74.22 1
5.99 73.9 1
6.0 73.79 1
6.01 73.73 1
6.02 73.87 1
6.03 74.08 1
6.04 74.72 1
6.05 75.41 1
6.06 76.04 1
6.07 76.04 1
6.08 75.63 1
6.09 150.14 1
6.1 143.71 1
6.11 143.48 1
6.12 140.14 1
6.13 131.51 1
6.14 132.68 1
6.15 126.19 1
6.16 125.39 1
6.17 125.23 1
6.18 122.68 1
6.19 123.02 1
6.2 124.57 1
6.21 118.75 1
6.22 126.15 1
6.23 123.7 1
6.24 125.5 1
6.25 125.5 1
6.26 179.19 1
6.27 180.24 1
6.28 186.73 1
6.29 186.72 1
6.3 181.47 1
6.31 182.23 1
6.32 177.39 1
6.33 166.31 1
6.34 155.9 1
6.35 75.72 1
6.36 74.99 1
6.37 74.18 1
6.38 73.81 1
6.39 73.89 1
6.4 73.98 1
6.41 73.86 1
6.42 73.57 1
6.43 73.32 1
6.44 72.64 1
6.45 72.11 1
6.46 72.28 1
6.47 73.02 1
6.48 73.07 1
6.49 73.48 1
6.5 73.74 1
6.51 74.18 1
6.52 74.56 1
6.53 74.63 1
6.54 73.21 1
6.55 73.81 1
6.56 73.44 1
6.57 73.88 1
6.58 73.68 1
6.59 73.16 1
6.6 75.3 1
6.61 74.74 1
6.62 76.26 1
6.63 172.22 1
6.64 177.62 1
6.65 187.65 1
6.66 192.24 1
6.67 195.25 1
6.68 198.44 1
6.69 196.34 1
6.7 207.55 1
6.71 188.89 1
6.72 187.55 1
6.73 183.69 1
6.74 177.72 1
6.75 170.61 1
6.76 181.0 1
6.77 168.64 1
6.78 166.85 1
6.79 168.64 1
6.8 162.44 1
6.81 165.46 1
6.82 77.08 1
6.83 74.18 1
6.84 74.81 1
6.85 74.81 1
6.86 91.59 1
6.87 93.33 1
6.88 95.35 1
6.89 92.16 1
6.9 92.71 1
6.91 205.61 1
6.92 217.79 1
6.93 206.39 1
6.94 203.21 1
6.95 198.4 1
6.96 193.83 1
6.97 188.53 1
6.98 183.36 1
6.99 180.57 1
7.0 179.79 1
7.01 180.46 1
7.02 180.98 1
7.03 183.31 1
7.04 183.89 1
7.05 185.42 1
7.06 185.69 1
7.07 186.11 1
7.08 186.5 1
7.09 186.16 1
7.1 184.14 1
7.11 184.14 1
7.12 183.91 1
7.13 185.69 1
7.14 181.95 1
7.15 184.31 1
7.16 186.49 1
7.17 181.8 1
7.18 186.48 1
7.19 198.04 1
7.2 202.82 1
7.21 205.66 1
7.22 208.46 1
7.23 202.81 1
7.24 201.17 1
7.25 198.17 1
7.26 190.57 1
7.27 184.72 1
7.28 179.61 1
7.29 171.74 1
7.3 167.05 1
7.31 165.45 1
7.32 163.37 1
7.33 164.23 1
7.34 157.23 1
7.35 74.21 1
7.36 75.58 1
7.37 74.68 1
7.38 74.39 1
7.39 74.43 1
7.4 75.58 1
7.41 73.93 1
7.42 74.43 1
7.43 74.18 1
7.44 74.42 1
7.45 74.43 1
7.46 74.7 1
7.47 74.17 1
7.48 74.03 1
7.49 74.94 1
7.5 74.05 1
7.51 74.17 1
7.52 74.63 1
7.53 74.56 1
7.54 74.43 1
7.55 74.51 1
7.56 74.49 1
7.57 74.68 1
7.58 74.62 1
7.59 74.45 1
7.6 74.63 1
7.61 74.52 1
7.62 90.46 1
7.63 99.44 1
7.64 95.98 1
7.65 92.93 1
7.66 90.77 1
7.67 95.98 1
7.68 190.46 1
7.69 191.2 1
7.7 196.52 1
7.71 181.91 1
7.72 181.37 1
7.73 182.46 1
7.74 183.91 1
7.75 185.69 1
7.76 187.27 1
7.77 188.07 1
7.78 187.29 1
7.79 186.52 1
7.8 185.73 1
7.81 184.18 1
7.82 184.07 1
7.83 183.34 1
7.84 183.3 1
7.85 186.5 1
7.86 184.17 1
7.87 184.93 1
7.88 184.16 1
7.89 185.3 1
7.9 184.62 1
7.91 181.88 1
7.92 184.13 1
7.93 186.47 1
7.94 186.52 1
7.95 258.64 1
7.96 241.64 1
7.97 234.4 1
7.98 229.85 1
7.99 226.39 1
8.0 225.39 1
8.01 224.35 1
8.02 224.48 1
8.03 224.75 1
8.04 224.51 1
8.05 224.81 1
8.06 224.16 1
8.07 223.62 1
8.08 223.62 1
8.09 222.79 1
8.1 222.39 1
8.11 223.21 1
8.12 224.4 1
8.13 225.61 1
8.14 227.99 1
8.15 225.6 1
8.16 225.05 1
8.17 224.2 1
8.18 225.26 1
8.19 221.08 1
8.2 218.89 1
8.21 0.0 1
8.22 0.0 1
8.23 0.0 1
8.24 183.6 1
8.25 183.35 1
8.26 178.18 1
8.27 178.43 1
8.28 179.8 1
8.29 182.37 1
8.3 183.95 1
8.31 186.48 1
8.32 189.91 1
8.33 194.63 1
8.34 195.86 1
8.35 198.78 1
8.36 200.23 1
8.37 200.67 1
8.38 197.97 1
8.39 194.75 1
8.4 190.47 1
8.41 184.09 1
8.42 178.53 1
8.43 155.01 1
8.44 144.36 1
8.45 152.83 1
8.46 149.27 1
8.47 151.25 1
8.48 74.56 1
8.49 74.43 1
8.5 74.19 1
8.51 74.48 1
8.52 0.0 1
8.53 0.0 1
8.54 235.2 1
8.55 229.68 1
8.56 225.08 1
8.57 221.24 1
8.58 220.77 1
8.59 221.11 1
8.6 221.23 1
8.61 222.27 1
8.62 222.85 1
8.63 223.31 1
8.64 224.02 1
8.65 222.46 1
8.66 223.67 1
8.67 222.91 1
8.68 223.54 1
8.69 223.73 1
8.7 224.14 1
8.71 224.28 1
8.72 223.41 1
8.73 221.59 1
8.74 217.0 1
8.75 224.38 1
8.76 224.43 1
8.77 224.35 1
8.78 218.86 1
8.79 216.71 1
8.8 214.6 1
8.81 218.86 1
8.82 210.5 1
8.83 208.98 1
8.84 0.0 1
8.85 0.0 1
8.86 263.27 1
8.87 277.26 1
8.88 269.7 1
8.89 261.36 1
8.9 253.7 1
8.91 247.07 1
8.92 242.93 1
8.93 240.29 1
8.94 240.28 1
8.95 241.92 1
8.96 246.71 1
8.97 254.19 1
8.98 258.72 1
8.99 266.48 1
9.0 271.36 1
9.01 273.03 1
9.02 269.61 1
9.03 261.79 1
9.04 257.19 1
9.05 249.82 1
9.06 241.52 1
9.07 241.61 1
9.08 241.9 1
9.09 244.73 1
9.1 249.32 1
9.11 255.7 1
9.12 260.26 1
9.13 266.49 1
9.14 268.86 1
9.15 268.57 1
9.16 263.29 1
9.17 257.15 1
9.18 250.63 1
9.19 241.6 1
9.2 236.11 1
9.21 235.53 1
9.22 236.95 1
9.23 242.91 1
9.24 245.76 1
9.25 252.6 1
9.26 257.19 1
9.27 261.8 1
9.28 267.81 1
9.29 266.26 1
9.3 258.71 1
9.31 250.09 1
9.32 241.48 1
9.33 232.55 1
9.34 227.79 1
9.35 226.74 1
9.36 227.97 1
9.37 240.3 1
9.38 255.35 1
9.39 269.27 1
9.4 283.77 1
9.41 284.43 1
9.42 289.16 1
9.43 290.27 1
9.44 278.24 1
9.45 327.29 1
9.46 323.04 1
9.47 292.08 1
9.48 268.09 1
9.49 110.54 1
9.5 98.81 1
9.51 75.03 1
9.52 74.18 1
9.53 74.59 1
9.54 74.52 1
9.55 74.72 1
9.56 74.74 1
9.57 74.43 1
9.58 0.0 1
9.59 0.0 1
9.6 241.64 1
9.61 237.73 1
9.62 236.45 1
9.63 241.57 1
9.64 241.64 1
9.65 243.11 1
9.66 245.31 1
9.67 246.41 1
9.68 248.02 1
9.69 252.7 1
9.7 256.86 1
9.71 258.77 1
9.72 269.59 1
9.73 274.73 1
9.74 275.36 1
9.75 278.2 1
9.76 276.48 1
9.77 276.43 1
9.78 267.81 1
9.79 255.76 1
9.8 251.66 1
9.81 242.9 1
9.82 233.98 1
9.83 229.17 1
9.84 228.4 1
9.85 225.59 1
9.86 224.18 1
9.87 223.99 1
9.88 223.59 1
9.89 223.7 1
9.9 224.22 1
9.91 224.55 1
9.92 225.59 1
9.93 225.62 1
9.94 226.76 1
9.95 226.76 1
9.96 227.64 1
9.97 227.53 1
9.98 226.75 1
9.99 225.61 1
10.0 225.59 1
10.01 225.51 1
10.02 225.48 1
10.03 224.2 1
10.04 222.11 1
10.05 221.74 1
10.06 222.01 1
10.07 222.29 1
10.08 223.0 1
10.09 223.84 1
10.1 224.79 1
10.11 225.11 1
10.12 225.31 1
10.13 224.8 1
10.14 224.79 1
10.15 224.9 1
10.16 224.38 1
10.17 223.73 1
10.18 222.99 1
10.19 221.96 1
10.2 221.73 1
10.21 222.09 1
10.22 222.96 1
10.23 223.96 1
10.24 224.4 1
10.25 224.79 1
10.26 224.97 1
10.27 224.52 1
10.28 224.78 1
10.29 224.83 1
10.3 225.1 1
10.31 225.09 1
10.32 225.58 1
10.33 225.8 1
10.34 226.3 1
10.35 226.05 1
10.36 225.59 1
10.37 225.58 1
10.38 225.58 1
10.39 225.61 1
10.4 225.63 1
10.41 226.78 1
10.42 226.78 1
10.43 225.65 1
10.44 225.59 1
10.45 222.9 1
10.46 213.82 1
10.47 222.19 1
10.48 75.19 1
10.49 74.68 1
10.5 74.77 1
10.51 74.81 1
10.52 74.94 1
10.53 74.69 1
10.54 74.81 1
10.55 74.05 1
10.56 74.68 1
10.57 74.81 1
10.58 74.59 1
10.59 75.32 1
10.6 74.56 1
10.61 74.53 1
10.62 74.81 1
10.63 74.45 1
10.64 74.81 1
10.65 74.58 1
10.66 74.41 1
10.67 74.73 1
10.68 74.54 1
