0.01 187.81 1
0.02 185.61 1
0.03 182.54 1
0.04 184.87 1
0.05 178.91 1
0.06 74.59 1
0.07 74.56 1
0.08 74.68 1
0.09 74.61 1
0.1 74.19 1
0.11 74.62 1
0.12 74.51 1
0.13 74.3 1
0.14 74.59 1
0.15 74.2 1
0.16 147.8 1
0.17 150.2 1
0.18 149.33 1
0.19 148.57 1
0.2 149.21 1
0.21 149.24 1
0.22 149.14 1
0.23 149.4 1
0.24 148.29 1
0.25 150.63 1
0.26 148.78 1
0.27 146.82 1
0.28 150.22 1
0.29 148.97 1
0.3 149.12 1
0.31 148.93 1
0.32 148.75 1
0.33 148.26 1
0.34 169.28 1
0.35 158.93 1
0.36 156.96 1
0.37 157.55 1
0.38 159.2 1
0.39 162.79 1
0.4 166.98 1
0.41 172.66 1
0.42 182.58 1
0.43 187.29 1
0.44 196.41 1
0.45 217.76 1
0.46 218.71 1
0.47 190.4 1
0.48 180.18 1
0.49 167.12 1
0.5 194.74 1
0.51 181.75 1
0.52 166.03 1
0.53 161.24 1
0.54 146.33 1
0.55 152.8 1
0.56 157.43 1
0.57 170.95 1
0.58 181.95 1
0.59 186.48 1
0.6 192.99 1
0.61 214.53 1
0.62 221.49 1
0.63 222.05 1
0.64 214.94 1
0.65 195.56 1
0.66 185.69 1
0.67 180.76 1
0.68 177.49 1
0.69 160.62 1
0.7 157.22 1
0.71 156.15 1
0.72 161.13 1
0.73 164.98 1
0.74 169.95 1
0.75 175.96 1
0.76 181.2 1
0.77 185.69 1
0.78 193.0 1
0.79 194.17 1
0.8 190.49 1
0.81 182.12 1
0.82 198.27 1
0.83 171.31 1
0.84 163.03 1
0.85 145.81 1
0.86 152.32 1
0.87 151.28 1
0.88 146.66 1
0.89 147.71 1
0.9 145.8 1
0.91 146.08 1
0.92 145.55 1
0.93 144.84 1
0.94 145.79 1
0.95 145.55 1
0.96 144.85 1
0.97 146.41 1
0.98 144.37 1
0.99 70.4 1
1.0 74.55 1
1.01 77.03 1
1.02 77.03 1
1.03 76.23 1
1.04 75.2 1
1.05 73.56 1
1.06 72.72 1
1.07 71.65 1
1.08 72.17 1
1.09 74.68 1
1.1 81.74 1
1.11 84.87 1
1.12 99.87 1
1.13 100.07 1
1.14 103.91 1
1.15 110.93 1
1.16 101.16 1
1.17 104.36 1
1.18 95.55 1
1.19 93.08 1
1.2 119.34 1
1.21 155.48 1
1.22 156.65 1
1.23 155.57 1
1.24 157.36 1
1.25 164.18 1
1.26 168.95 1
1.27 180.34 1
1.28 185.71 1
1.29 190.5 1
1.3 192.8 1
1.31 188.81 1
1.32 183.93 1
1.33 140.67 1
1.34 153.92 1
1.35 152.85 1
1.36 147.5 1
1.37 147.51 1
1.38 154.43 1
1.39 147.25 1
1.4 145.41 1
1.41 146.38 1
1.42 148.02 1
1.43 150.13 1
1.44 150.85 1
1.45 150.66 1
1.46 149.68 1
1.47 146.77 1
1.48 146.02 1
1.49 143.89 1
1.5 145.31 1
1.51 148.67 1
1.52 150.07 1
1.53 148.82 1
1.54 150.86 1
1.55 170.6 1
1.56 170.86 1
1.57 170.8 1
1.58 169.3 1
1.59 168.53 1
1.6 165.55 1
1.61 167.06 1
1.62 165.88 1
1.63 165.86 1
1.64 166.73 1
1.65 162.44 1
1.66 160.7 1
1.67 154.51 1
1.68 158.93 1
1.69 164.26 1
1.7 155.26 1
1.71 149.75 1
1.72 156.84 1
1.73 158.3 1
1.74 152.13 1
1.75 149.44 1
1.76 152.5 1
1.77 151.92 1
1.78 152.19 1
1.79 151.91 1
1.8 151.42 1
1.81 150.38 1
1.82 150.89 1
1.83 149.75 1
1.84 143.81 1
1.85 144.5 1
1.86 136.33 1
1.87 147.76 1
1.88 150.25 1
1.89 167.69 1
1.9 173.97 1
1.91 178.62 1
1.92 182.69 1
1.93 184.95 1
1.94 185.73 1
1.95 186.22 1
1.96 185.46 1
1.97 183.8 1
1.98 183.54 1
1.99 182.28 1
2.0 182.59 1
2.01 179.02 1
2.02 160.08 1
2.03 193.0 1
2.04 184.14 1
2.05 177.46 1
2.06 176.04 1
2.07 170.62 1
2.08 167.31 1
2.09 162.61 1
2.1 164.23 1
2.11 160.09 1
2.12 165.71 1
2.13 167.23 1
2.14 169.05 1
2.15 169.13 1
2.16 168.71 1
2.17 162.45 1
2.18 158.37 1
2.19 169.17 1
2.2 156.12 1
2.21 168.65 1
2.22 172.21 1
2.23 181.01 1
2.24 184.55 1
2.25 189.0 1
2.26 191.95 1
2.27 194.7 1
2.28 193.58 1
2.29 192.15 1
2.3 190.42 1
2.31 187.26 1
2.32 184.92 1
2.33 186.5 1
2.34 180.37 1
2.35 180.91 1
2.36 181.5 1
2.37 179.63 1
2.38 145.31 1
2.39 153.59 1
2.4 153.74 1
2.41 144.68 1
2.42 145.6 1
2.43 145.31 1
2.44 147.01 1
2.45 149.46 1
2.46 150.99 1
2.47 150.57 1
2.48 153.02 1
2.49 154.06 1
2.5 153.26 1
2.51 152.72 1
2.52 149.79 1
2.53 148.73 1
2.54 140.38 1
2.55 144.35 1
2.56 145.31 1
2.57 137.49 1
2.58 139.18 1
2.59 146.49 1
2.6 158.36 1
2.61 175.38 1
2.62 185.34 1
2.63 192.16 1
2.64 199.34 1
2.65 210.55 1
2.66 206.52 1
2.67 203.23 1
2.68 91.67 1
2.69 73.93 1
2.7 75.54 1
2.71 73.75 1
2.72 73.85 1
2.73 72.71 1
2.74 71.46 1
2.75 72.24 1
2.76 73.56 1
2.77 74.56 1
2.78 76.01 1
2.79 76.56 1
2.8 76.05 1
2.81 74.13 1
2.82 77.0 1
2.83 74.73 1
2.84 74.95 1
2.85 74.06 1
2.86 75.01 1
2.87 75.59 1
2.88 118.5 1
2.89 111.23 1
2.9 115.35 1
2.91 119.02 1
2.92 120.33 1
2.93 121.99 1
2.94 124.76 1
2.95 126.46 1
2.96 125.47 1
2.97 125.72 1
2.98 123.24 1
2.99 121.99 1
3.0 119.01 1
3.01 127.64 1
3.02 123.89 1
3.03 126.19 1
3.04 117.9 1
3.05 123.82 1
3.06 144.36 1
3.07 144.31 1
3.08 152.19 1
3.09 154.0 1
3.1 154.68 1
3.11 155.28 1
3.12 154.07 1
3.13 153.21 1
3.14 151.7 1
3.15 150.1 1
3.16 149.73 1
3.17 139.11 1
3.18 145.3 1
3.19 135.49 1
3.2 164.97 1
3.21 177.46 1
3.22 165.84 1
3.23 161.65 1
3.24 164.53 1
3.25 169.29 1
3.26 159.49 1
3.27 170.58 1
3.28 168.7 1
3.29 164.26 1
3.3 171.69 1
3.31 162.48 1
3.32 163.62 1
3.33 149.23 1
3.34 166.73 1
3.35 175.11 1
3.36 176.21 1
3.37 205.6 1
3.38 186.48 1
3.39 190.49 1
3.4 198.16 1
3.41 196.4 1
3.42 189.91 1
3.43 185.56 1
3.44 181.78 1
3.45 179.06 1
3.46 181.4 1
3.47 185.7 1
3.48 189.74 1
3.49 199.08 1
3.5 195.63 1
3.51 184.9 1
3.52 187.27 1
3.53 189.21 1
3.54 192.14 1
3.55 183.37 1
3.56 176.87 1
3.57 171.15 1
3.58 164.02 1
3.59 166.1 1
3.6 166.7 1
3.61 169.95 1
3.62 178.98 1
3.63 176.35 1
3.64 174.69 1
3.65 170.61 1
3.66 176.04 1
3.67 159.5 1
3.68 170.6 1
3.69 186.3 1
3.7 188.47 1
3.71 192.73 1
3.72 169.29 1
3.73 176.53 1
3.74 184.97 1
3.75 186.31 1
3.76 184.89 1
3.77 185.69 1
3.78 187.28 1
3.79 189.44 1
3.8 188.69 1
3.81 187.27 1
3.82 185.59 1
3.83 182.87 1
3.84 181.85 1
3.85 92.9 1
3.86 91.78 1
3.87 92.98 1
3.88 92.16 1
3.89 194.7 1
3.9 212.72 1
3.91 217.85 1
3.92 222.1 1
3.93 221.34 1
3.94 219.87 1
3.95 220.84 1
3.96 221.87 1
3.97 223.44 1
3.98 224.05 1
3.99 222.24 1
4.0 221.1 1
4.01 219.39 1
4.02 199.18 1
4.03 176.35 1
4.04 185.67 1
4.05 202.78 1
4.06 175.34 1
4.07 176.05 1
4.08 180.72 1
4.09 183.37 1
4.1 183.91 1
4.11 188.07 1
4.12 192.11 1
4.13 192.97 1
4.14 192.15 1
4.15 189.93 1
4.16 185.7 1
4.17 182.55 1
4.18 176.32 1
4.19 176.86 1
4.2 0.0 1
4.21 0.0 1
4.22 0.0 1
4.23 0.0 1
4.24 0.0 1
4.25 0.0 1
4.26 217.77 1
4.27 224.1 1
4.28 221.26 1
4.29 222.82 1
4.3 223.85 1
4.31 223.48 1
4.32 223.74 1
4.33 224.36 1
4.34 225.4 1
4.35 225.59 1
4.36 223.37 1
4.37 223.34 1
4.38 218.91 1
4.39 204.61 1
4.4 202.75 1
4.41 203.67 1
4.42 200.89 1
4.43 232.53 1
4.44 260.15 1
4.45 278.23 1
4.46 264.72 1
4.47 258.25 1
4.48 249.7 1
4.49 241.48 1
4.5 237.66 1
4.51 241.47 1
4.52 245.1 1
4.53 250.99 1
4.54 261.77 1
4.55 271.36 1
4.56 276.65 1
4.57 278.38 1
4.58 276.47 1
4.59 271.31 1
4.6 258.66 1
4.61 241.22 1
4.62 227.95 1
4.63 222.71 1
4.64 227.1 1
4.65 240.73 1
4.66 254.0 1
4.67 287.52 1
4.68 303.12 1
4.69 315.6 1
4.7 312.67 1
4.71 0.0 1
4.72 0.0 1
4.73 0.0 1
4.74 0.0 1
4.75 0.0 1
4.76 0.0 1
4.77 149.73 1
4.78 151.77 1
4.79 149.73 1
4.8 149.73 1
4.81 149.71 1
4.82 161.99 1
4.83 232.97 1
4.84 237.67 1
4.85 239.01 1
4.86 245.25 1
4.87 252.58 1
4.88 257.28 1
4.89 269.71 1
4.9 276.43 1
4.91 277.75 1
4.92 279.96 1
4.93 276.48 1
4.94 276.4 1
4.95 265.57 1
4.96 254.21 1
4.97 245.68 1
4.98 234.1 1
4.99 226.85 1
5.0 224.09 1
5.01 222.45 1
5.02 221.39 1
5.03 221.83 1
5.04 220.97 1
5.05 221.47 1
5.06 222.0 1
5.07 221.67 1
5.08 221.66 1
5.09 221.48 1
5.1 222.76 1
5.11 223.13 1
5.12 223.96 1
5.13 224.96 1
5.14 222.12 1
5.15 213.2 1
5.16 223.32 1
