0.01 0.0 1
0.02 0.0 1
0.03 0.0 1
0.04 202.77 1
0.05 202.71 1
0.06 200.66 1
0.07 198.51 1
0.08 195.13 1
0.09 193.83 1
0.1 191.82 1
0.11 190.45 1
0.12 188.89 1
0.13 188.04 1
0.14 184.94 1
0.15 181.61 1
0.16 177.88 1
0.17 176.73 1
0.18 172.09 1
0.19 167.36 1
0.2 164.87 1
0.21 160.1 1
0.22 165.46 1
0.23 162.43 1
0.24 165.47 1
0.25 160.08 1
0.26 180.37 1
0.27 158.93 1
0.28 168.3 1
0.29 179.63 1
0.3 185.42 1
0.31 188.87 1
0.32 199.1 1
0.33 212.94 1
0.34 217.36 1
0.35 225.5 1
0.36 229.75 1
0.37 231.99 1
0.38 229.1 1
0.39 226.69 1
0.4 221.29 1
0.41 219.94 1
0.42 205.6 1
0.43 206.54 1
0.44 191.35 1
0.45 194.89 1
0.46 191.18 1
0.47 190.5 1
0.48 191.98 1
0.49 191.58 1
0.5 192.19 1
0.51 191.32 1
0.52 192.15 1
0.53 191.32 1
0.54 189.33 1
0.55 186.47 1
0.56 189.09 1
0.57 190.87 1
0.58 188.81 1
0.59 191.98 1
0.6 189.98 1
0.61 188.06 1
0.62 188.07 1
0.63 186.68 1
0.64 186.61 1
0.65 185.85 1
0.66 185.57 1
0.67 186.1 1
0.68 187.35 1
0.69 187.45 1
0.7 187.27 1
0.71 186.48 1
0.72 187.26 1
0.73 187.26 1
0.74 187.43 1
0.75 185.93 1
0.76 185.62 1
0.77 185.55 1
0.78 184.9 1
0.79 184.14 1
0.8 184.86 1
0.81 186.36 1
0.82 186.47 1
0.83 185.69 1
0.84 186.99 1
0.85 187.62 1
0.86 187.26 1
0.87 185.69 1
0.88 186.49 1
0.89 187.11 1
0.9 186.86 1
0.91 187.0 1
0.92 187.21 1
0.93 187.26 1
0.94 187.08 1
0.95 188.11 1
0.96 187.35 1
0.97 186.47 1
0.98 186.99 1
0.99 188.19 1
1.0 188.07 1
1.01 185.86 1
1.02 185.05 1
1.03 184.34 1
1.04 183.33 1
1.05 184.76 1
1.06 185.39 1
1.07 189.81 1
1.08 191.33 1
1.09 197.87 1
1.1 199.08 1
1.11 200.13 1
1.12 200.81 1
1.13 199.11 1
1.14 198.12 1
1.15 195.4 1
1.16 193.6 1
1.17 184.91 1
1.18 181.15 1
1.19 179.64 1
1.2 181.86 1
1.21 176.06 1
1.22 0.0 1
1.23 0.0 1
1.24 0.0 1
1.25 0.0 1
1.26 74.32 1
1.27 74.43 1
1.28 74.32 1
1.29 74.49 1
1.3 74.51 1
1.31 74.56 1
1.32 74.52 1
1.33 74.2 1
1.34 74.54 1
1.35 74.52 1
1.36 74.43 1
1.37 0.0 1
1.38 0.0 1
1.39 191.28 1
1.4 190.65 1
1.41 190.67 1
1.42 191.31 1
1.43 187.98 1
1.44 187.02 1
1.45 187.07 1
1.46 186.49 1
1.47 188.03 1
1.48 188.08 1
1.49 188.71 1
1.5 188.08 1
1.51 187.27 1
1.52 187.11 1
1.53 185.71 1
1.54 185.71 1
1.55 186.47 1
1.56 184.92 1
1.57 185.46 1
1.58 185.58 1
1.59 185.4 1
1.6 185.36 1
1.61 185.69 1
1.62 185.62 1
1.63 185.69 1
1.64 185.7 1
1.65 187.27 1
1.66 188.07 1
1.67 187.27 1
1.68 186.48 1
1.69 185.7 1
1.7 185.49 1
1.71 184.36 1
1.72 184.29 1
1.73 185.69 1
1.74 186.49 1
1.75 188.88 1
1.76 193.84 1
1.77 197.17 1
1.78 198.82 1
1.79 199.77 1
1.8 199.57 1
1.81 196.99 1
1.82 194.69 1
1.83 192.13 1
1.84 187.31 1
1.85 186.48 1
1.86 185.51 1
1.87 184.91 1
1.88 184.93 1
1.89 186.49 1
1.9 186.5 1
1.91 186.51 1
1.92 186.5 1
1.93 185.71 1
1.94 185.69 1
1.95 184.14 1
1.96 183.51 1
1.97 183.48 1
1.98 183.52 1
1.99 184.84 1
2.0 187.27 1
2.01 188.88 1
2.02 192.35 1
2.03 195.56 1
2.04 196.63 1
2.05 197.35 1
2.06 196.39 1
2.07 194.7 1
2.08 192.15 1
2.09 187.3 1
2.1 185.71 1
2.11 184.43 1
2.12 182.7 1
2.13 182.48 1
2.14 182.63 1
2.15 183.53 1
2.16 184.15 1
2.17 185.98 1
2.18 185.7 1
2.19 185.7 1
2.2 185.7 1
2.21 184.93 1
2.22 184.93 1
2.23 185.7 1
2.24 185.7 1
2.25 185.7 1
2.26 186.48 1
2.27 186.49 1
2.28 186.49 1
2.29 187.3 1
2.3 187.3 1
2.31 187.3 1
2.32 187.3 1
2.33 187.29 1
2.34 187.28 1
2.35 186.5 1
2.36 186.48 1
2.37 186.48 1
2.38 186.47 1
2.39 185.69 1
2.4 185.68 1
2.41 184.94 1
2.42 185.69 1
2.43 185.71 1
2.44 187.3 1
2.45 190.3 1
2.46 194.62 1
2.47 196.03 1
2.48 198.58 1
2.49 199.52 1
2.5 198.71 1
2.51 197.14 1
2.52 196.41 1
2.53 194.59 1
2.54 186.55 1
2.55 184.1 1
2.56 179.53 1
2.57 176.73 1
2.58 175.99 1
2.59 168.79 1
2.6 169.33 1
2.61 168.65 1
2.62 170.6 1
2.63 173.38 1
2.64 174.65 1
2.65 167.38 1
2.66 168.64 1
2.67 167.69 1
2.68 166.18 1
2.69 162.98 1
2.7 161.89 1
2.71 168.05 1
2.72 165.58 1
2.73 326.43 1
2.74 173.83 1
2.75 181.82 1
2.76 203.74 1
2.77 204.56 1
2.78 202.58 1
2.79 200.96 1
2.8 197.27 1
2.81 185.74 1
2.82 182.26 1
2.83 177.46 1
2.84 171.87 1
2.85 166.42 1
2.86 164.96 1
2.87 164.62 1
2.88 165.83 1
2.89 167.1 1
2.9 169.96 1
2.91 174.15 1
2.92 178.89 1
2.93 184.14 1
2.94 188.1 1
2.95 192.99 1
2.96 194.68 1
2.97 194.15 1
2.98 193.85 1
2.99 191.47 1
3.0 188.06 1
3.01 183.64 1
3.02 178.9 1
3.03 174.23 1
3.04 171.42 1
3.05 168.18 1
3.06 166.31 1
3.07 165.48 1
3.08 164.28 1
3.09 165.15 1
3.1 165.67 1
3.11 168.15 1
3.12 171.27 1
3.13 175.88 1
3.14 180.66 1
3.15 187.27 1
3.16 192.27 1
3.17 193.23 1
3.18 193.84 1
3.19 193.28 1
3.2 191.48 1
3.21 187.98 1
3.22 184.88 1
3.23 181.27 1
3.24 179.02 1
3.25 178.57 1
3.26 180.64 1
3.27 183.35 1
3.28 185.73 1
3.29 193.01 1
3.3 196.71 1
3.31 199.21 1
3.32 202.12 1
3.33 202.4 1
3.34 201.74 1
3.35 199.22 1
3.36 195.76 1
3.37 193.83 1
3.38 188.83 1
3.39 184.73 1
3.4 182.99 1
3.41 180.44 1
3.42 179.05 1
3.43 180.24 1
3.44 180.45 1
3.45 182.05 1
3.46 183.25 1
3.47 186.47 1
3.48 190.51 1
3.49 195.56 1
3.5 199.8 1
3.51 203.73 1
3.52 211.15 1
3.53 210.52 1
3.54 216.98 1
3.55 218.67 1
3.56 220.3 1
3.57 222.46 1
3.58 223.38 1
3.59 222.44 1
3.6 221.15 1
3.61 220.98 1
3.62 220.33 1
3.63 221.08 1
3.64 222.94 1
3.65 224.77 1
3.66 224.94 1
3.67 225.59 1
3.68 225.58 1
3.69 226.0 1
3.7 225.58 1
3.71 224.44 1
3.72 223.33 1
3.73 222.94 1
3.74 223.01 1
3.75 223.18 1
3.76 223.17 1
3.77 223.04 1
3.78 222.22 1
3.79 221.85 1
3.8 221.83 1
3.81 222.59 1
3.82 222.53 1
3.83 223.1 1
3.84 224.63 1
3.85 224.85 1
3.86 223.63 1
3.87 223.46 1
3.88 223.99 1
3.89 223.45 1
3.9 221.49 1
3.91 219.58 1
3.92 216.71 1
3.93 213.55 1
3.94 207.55 1
3.95 202.76 1
3.96 197.49 1
3.97 192.16 1
3.98 190.24 1
3.99 187.3 1
4.0 184.94 1
4.01 182.97 1
4.02 181.67 1
4.03 187.68 1
4.04 375.05 1
4.05 381.88 1
4.06 377.27 1
4.07 372.14 1
4.08 379.7 1
4.09 375.31 1
4.1 373.63 1
4.11 367.67 1
4.12 359.08 1
4.13 402.76 1
4.14 373.16 1
4.15 357.1 1
4.16 357.95 1
4.17 391.92 1
4.18 368.97 1
4.19 345.55 1
4.2 357.08 1
4.21 381.8 1
4.22 372.07 1
4.23 354.22 1
4.24 368.98 1
4.25 381.76 1
4.26 357.04 1
4.27 351.56 1
4.28 361.82 1
4.29 375.28 1
4.3 357.92 1
4.31 352.29 1
4.32 362.93 1
4.33 375.25 1
4.34 351.09 1
4.35 354.45 1
4.36 356.56 1
4.37 368.98 1
4.38 359.95 1
4.39 345.84 1
4.4 351.32 1
4.41 374.7 1
4.42 360.09 1
4.43 359.86 1
4.44 180.19 1
4.45 192.68 1
4.46 192.32 1
4.47 180.29 1
4.48 182.08 1
4.49 196.45 1
4.5 239.02 1
4.51 225.82 1
4.52 231.57 1
4.53 231.94 1
4.54 229.38 1
4.55 225.75 1
4.56 226.76 1
4.57 225.57 1
4.58 224.77 1
4.59 224.46 1
4.6 225.22 1
4.61 224.78 1
4.62 225.17 1
4.63 225.59 1
4.64 224.92 1
4.65 222.24 1
4.66 224.16 1
4.67 223.69 1
4.68 223.73 1
4.69 221.16 1
4.7 223.57 1
4.71 223.09 1
4.72 222.27 1
4.73 221.14 1
4.74 222.87 1
4.75 224.17 1
4.76 225.57 1
4.77 224.58 1
4.78 225.62 1
4.79 224.83 1
4.8 221.97 1
4.81 215.8 1
4.82 211.18 1
4.83 202.83 1
4.84 194.05 1
4.85 195.52 1
4.86 193.82 1
4.87 193.22 1
4.88 191.22 1
4.89 189.12 1
4.9 187.03 1
4.91 184.97 1
4.92 185.14 1
4.93 184.63 1
4.94 183.76 1
4.95 183.39 1
4.96 183.87 1
4.97 181.4 1
4.98 182.99 1
4.99 182.74 1
5.0 183.61 1
5.01 185.19 1
5.02 187.28 1
5.03 191.19 1
5.04 198.41 1
5.05 203.76 1
5.06 208.53 1
5.07 212.59 1
5.08 221.06 1
5.09 223.35 1
5.1 225.68 1
5.11 229.44 1
5.12 229.91 1
5.13 229.86 1
5.14 228.93 1
5.15 227.99 1
5.16 225.72 1
5.17 225.72 1
5.18 227.09 1
5.19 227.6 1
5.2 227.81 1
5.21 229.18 1
5.22 228.08 1
5.23 228.07 1
5.24 226.94 1
5.25 227.89 1
5.26 226.79 1
5.27 225.64 1
5.28 223.41 1
5.29 223.55 1
5.3 223.4 1
5.31 222.94 1
5.32 223.25 1
5.33 223.59 1
5.34 224.41 1
5.35 224.69 1
5.36 224.56 1
5.37 222.56 1
5.38 222.24 1
5.39 221.74 1
5.4 221.4 1
5.41 223.37 1
5.42 221.68 1
5.43 222.55 1
5.44 222.72 1
5.45 222.99 1
5.46 222.77 1
5.47 222.76 1
5.48 222.17 1
5.49 222.87 1
5.5 223.94 1
5.51 224.6 1
5.52 224.95 1
5.53 224.97 1
5.54 224.84 1
5.55 224.92 1
5.56 225.36 1
5.57 225.57 1
5.58 225.66 1
5.59 225.79 1
5.6 225.58 1
5.61 225.19 1
5.62 224.83 1
5.63 224.48 1
5.64 224.44 1
5.65 224.83 1
5.66 224.82 1
5.67 224.25 1
5.68 224.11 1
5.69 224.04 1
5.7 223.92 1
5.71 223.69 1
5.72 223.6 1
5.73 223.28 1
5.74 222.91 1
5.75 222.8 1
5.76 222.71 1
5.77 222.16 1
5.78 221.97 1
5.79 222.09 1
5.8 222.02 1
5.81 222.09 1
5.82 222.25 1
5.83 222.22 1
5.84 221.98 1
5.85 221.62 1
5.86 220.83 1
5.87 220.94 1
5.88 221.13 1
5.89 221.05 1
5.9 221.62 1
5.91 222.01 1
5.92 222.67 1
5.93 223.39 1
5.94 223.84 1
5.95 223.32 1
5.96 222.9 1
5.97 221.15 1
5.98 218.14 1
5.99 212.64 1
6.0 199.09 1
6.01 186.05 1
6.02 179.7 1
6.03 169.57 1
6.04 164.33 1
6.05 165.48 1
6.06 165.99 1
6.07 166.46 1
6.08 171.27 1
6.09 176.85 1
6.1 182.95 1
6.11 198.22 1
6.12 198.55 1
6.13 203.99 1
6.14 212.5 1
6.15 211.54 1
6.16 218.46 1
6.17 220.81 1
6.18 221.89 1
6.19 222.62 1
6.2 223.65 1
6.21 223.31 1
6.22 224.31 1
6.23 225.9 1
6.24 227.22 1
6.25 226.61 1
6.26 225.59 1
6.27 222.36 1
6.28 218.14 1
6.29 210.57 1
6.3 208.44 1
6.31 197.92 1
6.32 189.82 1
6.33 181.77 1
6.34 168.56 1
6.35 170.13 1
6.36 172.22 1
6.37 173.91 1
6.38 169.24 1
6.39 179.02 1
6.4 181.16 1
6.41 187.59 1
6.42 196.49 1
6.43 205.94 1
6.44 225.58 1
6.45 226.75 1
6.46 249.29 1
6.47 261.74 1
6.48 275.82 1
6.49 283.9 1
6.5 289.72 1
6.51 294.12 1
6.52 297.08 1
6.53 296.78 1
6.54 291.2 1
6.55 287.8 1
6.56 281.8 1
6.57 278.1 1
6.58 271.38 1
6.59 266.66 1
6.6 261.82 1
6.61 259.4 1
6.62 255.73 1
6.63 253.48 1
6.64 250.71 1
6.65 248.88 1
6.66 246.51 1
6.67 244.49 1
6.68 243.57 1
6.69 244.3 1
6.7 243.8 1
6.71 244.46 1
6.72 245.88 1
6.73 247.72 1
6.74 251.66 1
6.75 255.26 1
6.76 258.71 1
6.77 265.65 1
6.78 271.35 1
6.79 276.3 1
6.8 274.76 1
6.81 274.61 1
6.82 274.66 1
6.83 268.02 1
6.84 264.76 1
6.85 260.78 1
6.86 257.09 1
6.87 254.18 1
6.88 249.94 1
6.89 247.89 1
6.9 243.77 1
6.91 239.85 1
6.92 234.55 1
6.93 226.94 1
6.94 226.02 1
6.95 222.6 1
6.96 220.08 1
6.97 219.03 1
6.98 218.85 1
6.99 219.35 1
7.0 219.33 1
7.01 219.87 1
7.02 220.77 1
7.03 222.52 1
7.04 222.92 1
7.05 224.09 1
7.06 224.88 1
7.07 224.78 1
7.08 224.4 1
7.09 224.06 1
7.1 225.05 1
7.11 225.11 1
7.12 224.63 1
7.13 224.31 1
7.14 223.33 1
7.15 222.64 1
7.16 222.7 1
7.17 222.79 1
7.18 223.18 1
7.19 224.25 1
7.2 225.69 1
7.21 226.22 1
7.22 225.69 1
7.23 224.17 1
7.24 223.24 1
7.25 222.85 1
7.26 222.28 1
7.27 220.7 1
7.28 217.94 1
7.29 204.19 1
7.3 223.7 1
7.31 220.59 1
7.32 212.53 1
7.33 222.17 1
7.34 205.58 1
7.35 222.47 1
7.36 227.62 1
7.37 227.07 1
7.38 225.83 1
7.39 223.28 1
7.4 222.34 1
7.41 221.48 1
7.42 221.11 1
7.43 222.31 1
7.44 222.89 1
7.45 222.19 1
7.46 222.25 1
7.47 222.69 1
7.48 223.41 1
7.49 223.42 1
7.5 222.75 1
7.51 222.75 1
7.52 222.81 1
7.53 222.64 1
7.54 222.88 1
7.55 222.23 1
7.56 221.12 1
7.57 218.37 1
7.58 216.65 1
7.59 207.36 1
7.6 197.38 1
7.61 184.16 1
7.62 178.12 1
7.63 172.57 1
7.64 169.08 1
7.65 168.18 1
7.66 169.75 1
7.67 170.66 1
7.68 178.79 1
7.69 187.06 1
7.7 195.56 1
7.71 202.2 1
7.72 211.34 1
7.73 215.6 1
7.74 219.61 1
7.75 223.48 1
7.76 226.74 1
7.77 227.66 1
7.78 226.65 1
7.79 225.04 1
7.8 224.08 1
7.81 223.11 1
7.82 221.15 1
7.83 217.86 1
7.84 213.8 1
7.85 207.57 1
7.86 203.23 1
7.87 196.59 1
7.88 185.91 1
7.89 184.17 1
7.9 180.37 1
7.91 178.16 1
7.92 174.68 1
7.93 173.32 1
7.94 178.16 1
7.95 179.11 1
7.96 182.52 1
7.97 185.7 1
7.98 194.7 1
7.99 203.7 1
8.0 216.83 1
8.01 231.19 1
8.02 243.97 1
8.03 257.18 1
8.04 278.23 1
8.05 287.43 1
8.06 294.88 1
8.07 297.03 1
8.08 301.05 1
8.09 301.07 1
8.1 297.07 1
8.11 293.07 1
8.12 288.15 1
8.13 281.84 1
8.14 276.4 1
8.15 265.24 1
8.16 257.25 1
8.17 255.64 1
8.18 252.99 1
8.19 250.61 1
8.2 248.78 1
8.21 247.16 1
8.22 247.05 1
8.23 245.79 1
8.24 246.01 1
8.25 247.02 1
8.26 245.17 1
8.27 245.64 1
8.28 242.94 1
8.29 244.26 1
8.3 244.27 1
8.31 244.82 1
8.32 249.28 1
8.33 255.66 1
8.34 265.29 1
8.35 276.48 1
8.36 283.36 1
8.37 288.9 1
8.38 285.65 1
8.39 279.49 1
8.4 273.0 1
8.41 256.6 1
8.42 233.97 1
8.43 223.85 1
8.44 218.13 1
8.45 217.77 1
8.46 218.59 1
8.47 219.8 1
8.48 220.47 1
8.49 220.69 1
8.5 220.74 1
8.51 220.73 1
8.52 219.95 1
8.53 219.22 1
8.54 218.71 1
8.55 218.29 1
8.56 218.83 1
8.57 218.53 1
8.58 219.24 1
8.59 220.03 1
8.6 220.68 1
8.61 221.67 1
8.62 221.67 1
8.63 221.82 1
8.64 221.81 1
8.65 221.7 1
8.66 221.81 1
8.67 223.07 1
8.68 223.59 1
8.69 224.05 1
8.7 223.92 1
8.71 224.04 1
8.72 223.73 1
8.73 224.02 1
8.74 224.74 1
8.75 225.14 1
8.76 225.59 1
8.77 225.64 1
8.78 225.66 1
8.79 225.61 1
8.8 224.52 1
8.81 222.36 1
8.82 218.81 1
8.83 210.51 1
8.84 202.58 1
8.85 196.14 1
8.86 188.14 1
8.87 184.14 1
8.88 178.7 1
8.89 180.04 1
8.9 0.0 1
8.91 0.0 1
8.92 0.0 1
8.93 0.0 1
8.94 0.0 1
8.95 0.0 1
8.96 0.0 1
8.97 0.0 1
8.98 0.0 1
8.99 218.87 1
9.0 221.72 1
9.01 222.37 1
9.02 220.47 1
9.03 221.85 1
9.04 222.47 1
9.05 223.16 1
9.06 223.5 1
9.07 224.18 1
9.08 224.57 1
9.09 224.53 1
9.1 223.27 1
9.11 221.34 1
9.12 220.11 1
9.13 218.49 1
9.14 217.71 1
9.15 214.53 1
9.16 206.6 1
9.17 202.18 1
9.18 194.68 1
9.19 189.7 1
9.2 184.19 1
9.21 183.4 1
9.22 181.62 1
9.23 180.68 1
9.24 181.73 1
9.25 182.42 1
9.26 182.04 1
9.27 183.44 1
9.28 186.49 1
9.29 191.31 1
9.3 197.13 1
9.31 203.38 1
9.32 210.51 1
9.33 216.1 1
9.34 220.63 1
9.35 225.53 1
9.36 227.29 1
9.37 227.92 1
9.38 227.83 1
9.39 225.32 1
9.4 221.03 1
9.41 215.61 1
9.42 206.61 1
9.43 202.68 1
9.44 197.9 1
9.45 194.68 1
9.46 192.15 1
9.47 188.09 1
9.48 187.29 1
9.49 185.72 1
9.5 185.72 1
9.51 185.7 1
9.52 186.27 1
9.53 185.69 1
9.54 184.91 1
9.55 184.34 1
9.56 183.52 1
9.57 182.87 1
9.58 182.75 1
9.59 183.56 1
9.6 185.69 1
9.61 189.68 1
9.62 191.28 1
9.63 193.55 1
9.64 194.7 1
9.65 196.38 1
9.66 198.48 1
9.67 198.9 1
9.68 198.12 1
9.69 196.54 1
9.7 193.83 1
9.71 189.25 1
9.72 184.85 1
9.73 180.34 1
9.74 176.75 1
9.75 171.27 1
9.76 168.0 1
9.77 167.28 1
9.78 165.28 1
9.79 165.26 1
9.8 165.36 1
9.81 165.0 1
9.82 163.67 1
9.83 163.81 1
9.84 164.62 1
9.85 165.72 1
9.86 166.85 1
9.87 168.13 1
9.88 168.42 1
9.89 169.07 1
9.9 169.31 1
9.91 170.63 1
9.92 175.35 1
9.93 178.5 1
9.94 179.18 1
9.95 180.04 1
9.96 180.76 1
9.97 178.33 1
9.98 175.39 1
9.99 170.6 1
10.0 167.64 1
10.01 160.84 1
10.02 152.96 1
10.03 148.79 1
10.04 146.27 1
10.05 145.78 1
10.06 145.31 1
10.07 146.76 1
10.08 149.06 1
10.09 150.06 1
10.1 149.3 1
10.11 148.59 1
10.12 147.88 1
10.13 149.03 1
10.14 148.74 1
10.15 148.72 1
10.16 148.58 1
10.17 148.39 1
10.18 148.63 1
10.19 147.25 1
10.2 147.74 1
10.21 148.17 1
10.22 148.47 1
10.23 149.41 1
10.24 150.25 1
10.25 149.2 1
10.26 149.3 1
10.27 150.42 1
10.28 152.33 1
10.29 156.67 1
10.3 162.63 1
10.31 169.27 1
10.32 174.72 1
10.33 179.05 1
10.34 183.63 1
10.35 185.69 1
10.36 189.02 1
10.37 188.87 1
10.38 187.27 1
10.39 186.42 1
10.4 183.36 1
10.41 181.95 1
10.42 180.15 1
10.43 178.32 1
10.44 176.79 1
10.45 175.42 1
10.46 171.95 1
10.47 171.28 1
10.48 170.61 1
10.49 167.25 1
10.5 165.23 1
10.51 162.8 1
10.52 176.74 1
