0.01 194.64 1
0.02 191.26 1
0.03 185.9 1
0.04 185.92 1
0.05 185.44 1
0.06 184.64 1
0.07 183.24 1
0.08 182.9 1
0.09 182.81 1
0.1 182.19 1
0.11 181.01 1
0.12 179.83 1
0.13 179.62 1
0.14 174.36 1
0.15 168.03 1
0.16 175.34 1
0.17 149.42 1
0.18 171.26 1
0.19 163.61 1
0.2 164.23 1
0.21 148.52 1
0.22 169.89 1
0.23 168.0 1
0.24 169.53 1
0.25 185.68 1
0.26 190.49 1
0.27 207.34 1
0.28 208.51 1
0.29 221.06 1
0.3 230.28 1
0.31 230.14 1
0.32 227.68 1
0.33 223.5 1
0.34 217.83 1
0.35 212.51 1
0.36 201.53 1
0.37 189.21 1
0.38 185.47 1
0.39 184.94 1
0.4 185.42 1
0.41 186.0 1
0.42 185.7 1
0.43 185.69 1
0.44 189.0 1
0.45 189.68 1
0.46 191.46 1
0.47 192.11 1
0.48 192.7 1
0.49 191.3 1
0.5 188.46 1
0.51 187.27 1
0.52 189.65 1
0.53 187.89 1
0.54 186.76 1
0.55 187.27 1
0.56 188.2 1
0.57 189.48 1
0.58 188.87 1
0.59 188.26 1
0.6 187.88 1
0.61 185.65 1
0.62 185.69 1
0.63 187.57 1
0.64 187.24 1
0.65 186.57 1
0.66 186.52 1
0.67 186.25 1
0.68 186.19 1
0.69 186.01 1
0.7 186.92 1
0.71 186.76 1
0.72 186.68 1
0.73 186.66 1
0.74 186.83 1
0.75 186.66 1
0.76 185.31 1
0.77 184.64 1
0.78 185.1 1
0.79 185.67 1
0.8 184.57 1
0.81 186.16 1
0.82 185.61 1
0.83 184.35 1
0.84 185.65 1
0.85 184.44 1
0.86 183.89 1
0.87 184.68 1
0.88 185.22 1
0.89 185.96 1
0.9 185.82 1
0.91 184.18 1
0.92 186.21 1
0.93 185.46 1
0.94 184.42 1
0.95 184.46 1
0.96 184.82 1
0.97 184.43 1
0.98 183.8 1
0.99 183.64 1
1.0 185.01 1
1.01 186.47 1
1.02 197.32 1
1.03 200.86 1
1.04 200.12 1
1.05 201.32 1
1.06 200.26 1
1.07 198.05 1
1.08 194.22 1
1.09 187.48 1
1.1 186.48 1
1.11 183.38 1
1.12 181.89 1
1.13 183.37 1
1.14 179.67 1
1.15 178.98 1
1.16 164.31 1
1.17 149.03 1
1.18 125.06 1
1.19 74.53 1
1.2 74.51 1
1.21 74.79 1
1.22 74.44 1
1.23 74.5 1
1.24 74.57 1
1.25 74.49 1
1.26 74.54 1
1.27 74.55 1
1.28 0.0 1
1.29 0.0 1
1.3 182.45 1
1.31 184.69 1
1.32 184.8 1
1.33 182.8 1
1.34 181.67 1
1.35 182.21 1
1.36 181.88 1
1.37 182.48 1
1.38 182.51 1
1.39 182.86 1
1.4 183.43 1
1.41 183.55 1
1.42 182.93 1
1.43 183.54 1
1.44 184.16 1
1.45 184.14 1
1.46 184.92 1
1.47 186.48 1
1.48 185.69 1
1.49 184.91 1
1.5 184.92 1
1.51 184.13 1
1.52 183.44 1
1.53 182.63 1
1.54 182.56 1
1.55 182.45 1
1.56 182.22 1
1.57 183.15 1
1.58 183.71 1
1.59 184.42 1
1.6 185.22 1
1.61 185.44 1
1.62 184.92 1
1.63 185.69 1
1.64 185.69 1
1.65 186.48 1
1.66 188.08 1
1.67 190.41 1
1.68 193.83 1
1.69 194.69 1
1.7 194.94 1
1.71 195.28 1
1.72 192.9 1
1.73 192.16 1
1.74 188.11 1
1.75 187.27 1
1.76 185.69 1
1.77 184.11 1
1.78 184.3 1
1.79 184.22 1
1.8 183.65 1
1.81 183.7 1
1.82 184.13 1
1.83 183.36 1
1.84 183.59 1
1.85 183.69 1
1.86 183.9 1
1.87 184.26 1
1.88 184.91 1
1.89 184.92 1
1.9 185.7 1
1.91 186.5 1
1.92 186.51 1
1.93 187.29 1
1.94 190.39 1
1.95 192.15 1
1.96 192.5 1
1.97 193.81 1
1.98 191.62 1
1.99 191.09 1
2.0 188.88 1
2.01 187.27 1
2.02 185.57 1
2.03 184.14 1
2.04 184.88 1
2.05 184.39 1
2.06 183.87 1
2.07 183.85 1
2.08 184.08 1
2.09 183.81 1
2.1 183.8 1
2.11 184.02 1
2.12 183.72 1
2.13 184.58 1
2.14 184.14 1
2.15 184.14 1
2.16 184.92 1
2.17 185.69 1
2.18 184.93 1
2.19 186.48 1
2.2 186.48 1
2.21 186.47 1
2.22 185.69 1
2.23 185.69 1
2.24 185.7 1
2.25 184.91 1
2.26 184.6 1
2.27 185.33 1
2.28 185.69 1
2.29 184.93 1
2.3 186.49 1
2.31 188.89 1
2.32 192.15 1
2.33 194.69 1
2.34 196.61 1
2.35 196.86 1
2.36 196.43 1
2.37 196.41 1
2.38 191.95 1
2.39 189.68 1
2.4 184.94 1
2.41 183.15 1
2.42 178.86 1
2.43 175.55 1
2.44 172.65 1
2.45 171.29 1
2.46 171.27 1
2.47 168.65 1
2.48 168.64 1
2.49 163.81 1
2.5 168.01 1
2.51 166.46 1
2.52 166.25 1
2.53 164.23 1
2.54 164.86 1
2.55 163.34 1
2.56 152.32 1
2.57 163.69 1
2.58 167.24 1
2.59 152.31 1
2.6 127.27 1
2.61 170.39 1
2.62 178.2 1
2.63 195.54 1
2.64 194.08 1
2.65 192.96 1
2.66 189.67 1
2.67 182.6 1
2.68 178.2 1
2.69 176.04 1
2.7 172.53 1
2.71 173.22 1
2.72 173.91 1
2.73 176.83 1
2.74 181.33 1
2.75 184.91 1
2.76 189.28 1
2.77 191.08 1
2.78 191.33 1
2.79 191.25 1
2.8 185.7 1
2.81 184.42 1
2.82 179.62 1
2.83 173.59 1
2.84 169.54 1
2.85 164.85 1
2.86 163.89 1
2.87 164.02 1
2.88 165.87 1
2.89 168.02 1
2.9 169.95 1
2.91 171.96 1
2.92 179.07 1
2.93 185.86 1
2.94 190.84 1
2.95 194.68 1
2.96 195.73 1
2.97 195.76 1
2.98 194.51 1
2.99 195.53 1
3.0 191.56 1
3.01 187.28 1
3.02 185.06 1
3.03 181.3 1
3.04 179.5 1
3.05 179.47 1
3.06 182.23 1
3.07 184.15 1
3.08 190.29 1
3.09 192.07 1
3.1 195.56 1
3.11 197.12 1
3.12 199.01 1
3.13 199.44 1
3.14 197.77 1
3.15 193.94 1
3.16 189.69 1
3.17 186.47 1
3.18 185.24 1
3.19 182.91 1
3.2 181.97 1
3.21 181.44 1
3.22 181.24 1
3.23 180.75 1
3.24 182.23 1
3.25 184.14 1
3.26 187.46 1
3.27 188.07 1
3.28 190.5 1
3.29 193.83 1
3.3 194.69 1
3.31 195.15 1
3.32 194.0 1
3.33 192.34 1
3.34 189.99 1
3.35 186.71 1
3.36 181.44 1
3.37 177.95 1
3.38 176.04 1
3.39 177.42 1
3.4 178.88 1
3.41 182.03 1
3.42 189.45 1
3.43 195.85 1
3.44 200.24 1
3.45 203.73 1
3.46 211.33 1
3.47 213.25 1
3.48 73.24 1
3.49 73.83 1
3.5 74.13 1
3.51 74.13 1
3.52 74.11 1
3.53 74.07 1
3.54 73.87 1
3.55 74.17 1
3.56 74.68 1
3.57 74.81 1
3.58 75.23 1
3.59 75.36 1
3.6 75.32 1
3.61 75.07 1
3.62 74.94 1
3.63 74.53 1
3.64 74.15 1
3.65 73.98 1
3.66 73.93 1
3.67 73.78 1
3.68 73.68 1
3.69 73.77 1
3.7 73.96 1
3.71 74.26 1
3.72 74.69 1
3.73 74.94 1
3.74 74.69 1
3.75 74.69 1
3.76 74.9 1
3.77 74.81 1
3.78 74.69 1
3.79 74.67 1
3.8 74.24 1
3.81 73.8 1
3.82 72.48 1
3.83 70.61 1
3.84 69.6 1
3.85 68.65 1
3.86 62.59 1
3.87 63.82 1
3.88 71.55 1
3.89 74.31 1
3.9 74.81 1
3.91 74.18 1
3.92 74.94 1
3.93 74.21 1
3.94 74.44 1
3.95 75.08 1
3.96 74.02 1
3.97 74.69 1
3.98 75.06 1
3.99 73.79 1
4.0 75.32 1
4.01 74.68 1
4.02 74.43 1
4.03 74.81 1
4.04 73.44 1
4.05 74.56 1
4.06 73.93 1
4.07 74.32 1
4.08 74.77 1
4.09 74.39 1
4.1 74.04 1
4.11 74.18 1
4.12 73.69 1
4.13 74.05 1
4.14 74.18 1
4.15 74.42 1
4.16 74.74 1
4.17 74.68 1
4.18 74.86 1
4.19 74.67 1
4.2 74.3 1
4.21 74.09 1
4.22 74.19 1
4.23 74.17 1
4.24 74.35 1
4.25 74.55 1
4.26 74.68 1
4.27 74.69 1
4.28 75.07 1
4.29 75.02 1
4.3 74.45 1
4.31 73.93 1
4.32 73.81 1
4.33 199.0 1
4.34 196.41 1
4.35 192.11 1
4.36 184.48 1
4.37 193.99 1
4.38 190.03 1
4.39 183.39 1
4.4 184.93 1
4.41 186.07 1
4.42 186.89 1
4.43 181.11 1
4.44 184.14 1
4.45 195.57 1
4.46 184.2 1
4.47 181.11 1
4.48 188.01 1
4.49 190.6 1
4.5 182.61 1
4.51 183.79 1
4.52 200.92 1
4.53 200.84 1
4.54 197.32 1
4.55 74.36 1
4.56 74.63 1
4.57 74.84 1
4.58 74.81 1
4.59 74.56 1
4.6 75.06 1
4.61 75.06 1
4.62 74.81 1
4.63 75.19 1
4.64 75.19 1
4.65 76.36 1
4.66 76.5 1
4.67 76.36 1
4.68 76.76 1
4.69 76.63 1
4.7 76.5 1
4.71 76.23 1
4.72 75.84 1
4.73 75.44 1
4.74 74.79 1
4.75 74.44 1
4.76 74.04 1
4.77 73.49 1
4.78 73.56 1
4.79 73.69 1
4.8 73.93 1
4.81 74.37 1
4.82 74.59 1
4.83 74.56 1
4.84 74.31 1
4.85 74.18 1
4.86 74.0 1
4.87 74.03 1
4.88 74.25 1
4.89 70.51 1
4.9 63.22 1
4.91 63.32 1
4.92 63.87 1
4.93 74.44 1
4.94 74.45 1
4.95 74.31 1
4.96 74.54 1
4.97 74.55 1
4.98 74.56 1
4.99 74.39 1
5.0 74.44 1
5.01 73.95 1
5.02 74.68 1
5.03 74.56 1
5.04 74.55 1
5.05 74.54 1
5.06 74.44 1
5.07 74.49 1
5.08 74.56 1
5.09 74.42 1
5.1 74.58 1
5.11 74.19 1
5.12 74.8 1
5.13 74.56 1
5.14 74.44 1
5.15 74.51 1
5.16 74.44 1
5.17 74.2 1
5.18 74.69 1
5.19 74.44 1
5.2 74.58 1
5.21 74.53 1
5.22 74.56 1
5.23 74.56 1
5.24 93.95 1
5.25 74.44 1
5.26 74.62 1
5.27 73.86 1
5.28 74.55 1
5.29 74.56 1
5.3 74.52 1
5.31 74.91 1
5.32 74.56 1
5.33 0.0 1
5.34 0.0 1
5.35 0.0 1
5.36 225.67 1
5.37 222.67 1
5.38 220.34 1
5.39 224.79 1
5.4 226.76 1
5.41 227.67 1
5.42 227.59 1
5.43 228.04 1
5.44 228.18 1
5.45 227.69 1
5.46 226.75 1
5.47 225.75 1
5.48 224.43 1
5.49 222.96 1
5.5 221.6 1
5.51 220.72 1
5.52 222.26 1
5.53 222.11 1
5.54 223.59 1
5.55 223.63 1
5.56 223.08 1
5.57 222.78 1
5.58 222.29 1
5.59 221.58 1
5.6 220.76 1
5.61 220.85 1
5.62 220.73 1
5.63 220.41 1
5.64 220.87 1
5.65 221.33 1
5.66 220.95 1
5.67 220.51 1
5.68 219.58 1
5.69 219.11 1
5.7 219.85 1
5.71 219.75 1
5.72 219.54 1
5.73 219.71 1
5.74 220.23 1
5.75 220.92 1
5.76 222.18 1
5.77 223.05 1
5.78 223.16 1
5.79 225.05 1
5.8 224.91 1
5.81 223.93 1
5.82 222.4 1
5.83 218.05 1
5.84 211.54 1
5.85 203.15 1
5.86 182.17 1
5.87 178.93 1
5.88 170.2 1
5.89 167.68 1
5.9 165.48 1
5.91 167.75 1
5.92 169.32 1
5.93 181.14 1
5.94 181.12 1
5.95 188.77 1
5.96 195.72 1
5.97 202.57 1
5.98 207.9 1
5.99 212.64 1
6.0 216.27 1
6.01 219.39 1
6.02 221.27 1
6.03 222.86 1
6.04 223.81 1
6.05 224.31 1
6.06 223.73 1
6.07 223.8 1
6.08 223.86 1
6.09 222.14 1
6.1 218.69 1
6.11 214.08 1
6.12 208.69 1
6.13 202.71 1
6.14 186.33 1
6.15 188.61 1
6.16 184.98 1
6.17 181.92 1
6.18 181.31 1
6.19 181.32 1
6.2 179.8 1
6.21 182.53 1
6.22 184.03 1
6.23 184.24 1
6.24 191.27 1
6.25 203.85 1
6.26 201.88 1
6.27 215.64 1
6.28 217.53 1
6.29 243.7 1
6.3 257.15 1
6.31 272.91 1
6.32 280.16 1
6.33 291.49 1
6.34 296.62 1
6.35 298.94 1
6.36 295.06 1
6.37 296.44 1
6.38 293.24 1
6.39 286.71 1
6.4 279.98 1
6.41 274.6 1
6.42 268.02 1
6.43 263.2 1
6.44 258.91 1
6.45 258.08 1
6.46 255.41 1
6.47 253.11 1
6.48 250.21 1
6.49 247.9 1
6.5 247.23 1
6.51 246.91 1
6.52 248.17 1
6.53 249.09 1
6.54 249.05 1
6.55 249.08 1
6.56 249.67 1
6.57 251.33 1
6.58 252.3 1
6.59 255.16 1
6.6 258.1 1
6.61 258.76 1
6.62 264.87 1
6.63 269.27 1
6.64 272.53 1
6.65 273.12 1
6.66 273.11 1
6.67 272.26 1
6.68 270.0 1
6.69 267.69 1
6.7 265.43 1
6.71 258.85 1
6.72 256.75 1
6.73 254.14 1
6.74 251.42 1
6.75 248.97 1
6.76 245.82 1
6.77 241.64 1
6.78 237.2 1
6.79 230.47 1
6.8 229.13 1
6.81 227.17 1
6.82 224.47 1
6.83 223.13 1
6.84 222.49 1
6.85 222.2 1
6.86 222.85 1
6.87 223.52 1
6.88 222.99 1
6.89 222.61 1
6.9 222.75 1
6.91 223.32 1
6.92 223.91 1
6.93 223.28 1
6.94 222.38 1
6.95 222.18 1
6.96 222.64 1
6.97 222.91 1
6.98 223.72 1
6.99 224.17 1
7.0 224.24 1
7.01 223.9 1
7.02 224.2 1
7.03 224.39 1
7.04 224.77 1
7.05 224.32 1
7.06 223.28 1
7.07 222.73 1
7.08 222.37 1
7.09 222.82 1
7.1 221.92 1
7.11 221.31 1
7.12 219.99 1
7.13 212.54 1
7.14 222.32 1
7.15 211.27 1
7.16 210.55 1
7.17 226.71 1
7.18 230.86 1
7.19 229.56 1
7.2 228.41 1
7.21 224.24 1
7.22 222.79 1
7.23 222.44 1
7.24 222.72 1
7.25 223.37 1
7.26 223.11 1
7.27 222.37 1
7.28 221.51 1
7.29 220.68 1
7.3 219.86 1
7.31 220.21 1
7.32 221.02 1
7.33 221.94 1
7.34 222.52 1
7.35 222.35 1
7.36 223.16 1
7.37 222.65 1
7.38 221.33 1
7.39 218.54 1
7.4 216.69 1
7.41 206.95 1
7.42 197.83 1
7.43 184.15 1
7.44 176.7 1
7.45 169.29 1
7.46 168.59 1
7.47 168.66 1
7.48 171.97 1
7.49 180.2 1
7.5 187.28 1
7.51 193.95 1
7.52 201.34 1
7.53 206.61 1
7.54 212.37 1
7.55 218.44 1
7.56 220.55 1
7.57 223.76 1
7.58 225.58 1
7.59 226.44 1
7.6 225.59 1
7.61 225.6 1
7.62 226.18 1
7.63 225.58 1
7.64 223.95 1
7.65 221.87 1
7.66 217.62 1
7.67 214.55 1
7.68 206.56 1
7.69 199.6 1
7.7 191.3 1
7.71 184.15 1
7.72 180.56 1
7.73 179.54 1
7.74 178.81 1
7.75 179.31 1
7.76 180.54 1
7.77 184.91 1
7.78 192.75 1
7.79 200.51 1
7.8 207.6 1
7.81 225.58 1
7.82 242.96 1
7.83 257.16 1
7.84 278.22 1
7.85 286.63 1
7.86 293.04 1
7.87 298.91 1
7.88 299.0 1
7.89 297.03 1
7.9 295.03 1
7.91 291.11 1
7.92 285.54 1
7.93 279.98 1
7.94 272.98 1
7.95 263.34 1
7.96 255.84 1
7.97 256.19 1
7.98 251.14 1
7.99 248.55 1
8.0 245.66 1
8.01 243.17 1
8.02 241.02 1
8.03 242.88 1
8.04 242.9 1
8.05 244.19 1
8.06 241.61 1
8.07 241.57 1
8.08 242.97 1
8.09 243.75 1
8.1 247.71 1
8.11 251.82 1
8.12 255.72 1
8.13 268.02 1
8.14 274.75 1
8.15 284.67 1
8.16 290.96 1
8.17 289.76 1
8.18 286.11 1
8.19 276.45 1
8.2 261.72 1
8.21 237.99 1
8.22 225.59 1
8.23 221.8 1
8.24 221.2 1
8.25 221.36 1
8.26 221.11 1
8.27 222.14 1
8.28 222.11 1
8.29 223.47 1
8.3 224.81 1
8.31 224.31 1
8.32 223.7 1
8.33 223.41 1
8.34 222.67 1
8.35 222.2 1
8.36 221.55 1
8.37 221.75 1
8.38 222.76 1
8.39 223.0 1
8.4 224.13 1
8.41 224.4 1
8.42 224.19 1
8.43 224.36 1
8.44 224.98 1
8.45 225.68 1
8.46 226.25 1
8.47 226.51 1
8.48 226.65 1
8.49 226.52 1
8.5 225.83 1
8.51 225.12 1
8.52 224.4 1
8.53 223.71 1
8.54 224.39 1
8.55 225.56 1
8.56 225.59 1
8.57 225.36 1
8.58 224.14 1
8.59 222.7 1
8.6 219.95 1
8.61 215.96 1
8.62 210.23 1
8.63 202.05 1
8.64 194.88 1
8.65 185.72 1
8.66 182.94 1
8.67 181.58 1
8.68 179.73 1
8.69 175.03 1
8.7 166.71 1
8.71 170.61 1
8.72 191.81 1
8.73 186.06 1
8.74 185.28 1
8.75 184.14 1
8.76 184.14 1
8.77 190.94 1
8.78 176.28 1
8.79 241.71 1
8.8 225.04 1
8.81 224.47 1
8.82 224.01 1
8.83 224.83 1
8.84 226.74 1
8.85 226.75 1
8.86 226.74 1
8.87 226.7 1
8.88 227.73 1
8.89 226.75 1
8.9 224.91 1
8.91 221.49 1
8.92 217.76 1
8.93 211.48 1
8.94 203.7 1
8.95 198.68 1
8.96 193.9 1
8.97 190.68 1
8.98 185.72 1
8.99 184.92 1
9.0 182.82 1
9.01 182.63 1
9.02 179.52 1
9.03 180.81 1
9.04 179.9 1
9.05 182.86 1
9.06 185.69 1
9.07 192.36 1
9.08 199.13 1
9.09 203.7 1
9.1 212.14 1
9.11 215.79 1
9.12 219.87 1
9.13 223.57 1
9.14 224.87 1
9.15 226.24 1
9.16 223.47 1
9.17 220.13 1
9.18 215.16 1
9.19 210.06 1
9.2 203.28 1
9.21 199.12 1
9.22 196.16 1
9.23 194.69 1
9.24 191.99 1
9.25 189.7 1
9.26 188.07 1
9.27 186.48 1
9.28 184.92 1
9.29 184.91 1
9.3 184.35 1
9.31 182.65 1
9.32 182.54 1
9.33 181.56 1
9.34 180.62 1
9.35 180.41 1
9.36 181.16 1
9.37 184.74 1
9.38 188.06 1
9.39 192.06 1
9.4 195.97 1
9.41 196.09 1
9.42 196.44 1
9.43 196.07 1
9.44 194.62 1
9.45 191.15 1
9.46 188.87 1
9.47 187.47 1
9.48 184.38 1
9.49 179.6 1
9.5 175.69 1
9.51 172.61 1
9.52 168.65 1
9.53 168.48 1
9.54 167.68 1
9.55 166.18 1
9.56 163.46 1
9.57 164.39 1
9.58 163.03 1
9.59 163.14 1
9.6 163.85 1
9.61 163.88 1
9.62 163.78 1
9.63 164.41 1
9.64 166.26 1
9.65 168.26 1
9.66 170.6 1
9.67 173.98 1
9.68 177.1 1
9.69 179.75 1
9.7 181.45 1
9.71 182.5 1
9.72 180.05 1
9.73 174.94 1
9.74 167.22 1
9.75 161.98 1
9.76 152.3 1
9.77 146.79 1
9.78 142.7 1
9.79 141.56 1
9.8 141.36 1
9.81 144.84 1
9.82 145.31 1
9.83 148.22 1
9.84 148.79 1
9.85 150.75 1
9.86 149.42 1
9.87 147.76 1
9.88 148.32 1
9.89 146.77 1
9.9 145.31 1
9.91 147.77 1
9.92 147.27 1
9.93 148.24 1
9.94 148.83 1
9.95 148.77 1
9.96 148.24 1
9.97 148.16 1
9.98 147.25 1
9.99 144.37 1
10.0 144.07 1
10.01 141.64 1
10.02 142.28 1
10.03 144.83 1
10.04 148.61 1
10.05 152.85 1
10.06 162.47 1
10.07 169.95 1
10.08 178.28 1
10.09 182.48 1
10.1 185.69 1
10.11 188.06 1
10.12 187.58 1
10.13 184.96 1
10.14 181.64 1
10.15 178.89 1
10.16 176.03 1
10.17 172.61 1
10.18 170.62 1
10.19 171.48 1
