0.01 189.77 1
0.02 191.34 1
0.03 190.49 1
0.04 187.29 1
0.05 189.68 1
0.06 189.56 1
0.07 188.92 1
0.08 187.79 1
0.09 187.02 1
0.1 185.69 1
0.11 185.3 1
0.12 184.92 1
0.13 185.69 1
0.14 186.96 1
0.15 188.31 1
0.16 187.61 1
0.17 186.47 1
0.18 184.91 1
0.19 187.54 1
0.2 190.48 1
0.21 184.92 1
0.22 186.48 1
0.23 188.39 1
0.24 187.81 1
0.25 184.91 1
0.26 184.14 1
0.27 191.32 1
0.28 185.77 1
0.29 182.62 1
0.3 183.9 1
0.31 184.9 1
0.32 185.08 1
0.33 182.62 1
0.34 186.71 1
0.35 191.31 1
0.36 186.32 1
0.37 184.14 1
0.38 184.91 1
0.39 186.61 1
0.4 184.91 1
0.41 182.62 1
0.42 185.67 1
0.43 185.22 1
0.44 184.14 1
0.45 186.06 1
0.46 185.65 1
0.47 186.78 1
0.48 185.95 1
0.49 184.14 1
0.5 185.91 1
0.51 185.68 1
0.52 185.57 1
0.53 186.78 1
0.54 184.91 1
0.55 185.37 1
0.56 185.69 1
0.57 186.1 1
0.58 187.03 1
0.59 185.69 1
0.6 188.38 1
0.61 185.98 1
0.62 186.35 1
0.63 187.8 1
0.64 186.97 1
0.65 184.81 1
0.66 184.91 1
0.67 184.89 1
0.68 183.9 1
0.69 183.53 1
0.7 183.4 1
0.71 182.34 1
0.72 184.05 1
0.73 184.28 1
0.74 182.7 1
0.75 181.92 1
0.76 184.79 1
0.77 185.34 1
0.78 185.68 1
0.79 185.75 1
0.8 185.89 1
0.81 185.69 1
0.82 187.24 1
0.83 186.47 1
0.84 186.47 1
0.85 187.35 1
0.86 185.54 1
0.87 185.34 1
0.88 184.14 1
0.89 184.63 1
0.9 183.11 1
0.91 168.15 1
0.92 88.64 1
0.93 74.61 1
0.94 74.42 1
0.95 74.89 1
0.96 74.51 1
0.97 74.87 1
0.98 74.29 1
0.99 74.39 1
1.0 74.45 1
1.01 74.59 1
1.02 74.62 1
1.03 74.64 1
1.04 74.73 1
1.05 74.34 1
1.06 74.69 1
1.07 74.52 1
1.08 74.52 1
1.09 74.48 1
1.1 74.52 1
1.11 74.6 1
1.12 74.54 1
1.13 74.54 1
1.14 74.53 1
1.15 74.49 1
1.16 74.6 1
1.17 74.39 1
1.18 74.5 1
1.19 74.57 1
1.2 74.6 1
1.21 74.62 1
1.22 74.37 1
1.23 74.68 1
1.24 75.87 1
1.25 0.0 1
1.26 0.0 1
1.27 188.07 1
1.28 192.1 1
1.29 192.41 1
1.3 191.56 1
1.31 189.95 1
1.32 187.87 1
1.33 185.63 1
1.34 183.66 1
1.35 182.54 1
1.36 182.94 1
1.37 183.0 1
1.38 183.68 1
1.39 183.6 1
1.4 183.28 1
1.41 183.58 1
1.42 184.16 1
1.43 185.07 1
1.44 185.69 1
1.45 186.86 1
1.46 187.83 1
1.47 187.88 1
1.48 188.22 1
1.49 187.89 1
1.5 187.95 1
1.51 186.27 1
1.52 185.39 1
1.53 184.08 1
1.54 184.09 1
1.55 184.93 1
1.56 185.68 1
1.57 187.16 1
1.58 190.61 1
1.59 191.09 1
1.6 192.05 1
1.61 192.47 1
1.62 191.87 1
1.63 190.89 1
1.64 189.64 1
1.65 186.86 1
1.66 183.85 1
1.67 180.74 1
1.68 176.84 1
1.69 172.59 1
1.7 170.26 1
1.71 169.71 1
1.72 168.35 1
1.73 168.61 1
1.74 168.15 1
1.75 167.88 1
1.76 167.86 1
1.77 166.89 1
1.78 166.88 1
1.79 167.46 1
1.8 168.64 1
1.81 167.73 1
1.82 169.18 1
1.83 168.26 1
1.84 167.81 1
1.85 167.47 1
1.86 166.84 1
1.87 167.56 1
1.88 165.63 1
1.89 165.5 1
1.9 164.93 1
1.91 164.83 1
1.92 165.02 1
1.93 166.67 1
1.94 168.06 1
1.95 173.94 1
1.96 177.46 1
1.97 176.49 1
1.98 180.44 1
1.99 178.19 1
2.0 179.6 1
2.01 177.9 1
2.02 176.98 1
2.03 174.77 1
2.04 171.62 1
2.05 169.63 1
2.06 168.03 1
2.07 166.24 1
2.08 167.16 1
2.09 165.88 1
2.1 166.47 1
2.11 165.89 1
2.12 166.87 1
2.13 167.12 1
2.14 167.27 1
2.15 167.87 1
2.16 166.96 1
2.17 167.22 1
2.18 165.83 1
2.19 165.93 1
2.2 165.06 1
2.21 165.23 1
2.22 164.42 1
2.23 165.49 1
2.24 165.62 1
2.25 168.53 1
2.26 169.94 1
2.27 174.77 1
2.28 176.69 1
2.29 179.11 1
2.3 181.71 1
2.31 179.38 1
2.32 178.17 1
2.33 174.93 1
2.34 172.61 1
2.35 171.88 1
2.36 168.96 1
2.37 166.78 1
2.38 166.19 1
2.39 165.99 1
2.4 166.63 1
2.41 166.95 1
2.42 167.68 1
2.43 167.34 1
2.44 166.75 1
2.45 166.66 1
2.46 166.13 1
2.47 166.15 1
2.48 164.54 1
2.49 164.0 1
2.5 162.8 1
2.51 163.34 1
2.52 164.31 1
2.53 164.71 1
2.54 166.84 1
2.55 168.63 1
2.56 171.8 1
2.57 177.46 1
2.58 178.55 1
2.59 183.54 1
2.6 177.04 1
2.61 163.66 1
2.62 169.53 1
2.63 149.24 1
2.64 132.63 1
2.65 125.21 1
2.66 135.48 1
2.67 130.28 1
2.68 131.32 1
2.69 148.55 1
2.7 134.25 1
2.71 142.18 1
2.72 144.48 1
2.73 146.26 1
2.74 145.31 1
2.75 144.36 1
2.76 146.86 1
2.77 146.76 1
2.78 146.67 1
2.79 146.44 1
2.8 145.32 1
2.81 146.77 1
2.82 149.74 1
2.83 148.06 1
2.84 142.19 1
2.85 148.98 1
2.86 152.86 1
2.87 150.76 1
2.88 143.99 1
2.89 149.11 1
2.9 151.79 1
2.91 149.24 1
2.92 143.1 1
2.93 148.92 1
2.94 150.76 1
2.95 146.93 1
2.96 145.32 1
2.97 146.28 1
2.98 148.43 1
2.99 149.86 1
3.0 150.56 1
3.01 150.81 1
3.02 149.22 1
3.03 141.34 1
3.04 139.78 1
3.05 131.05 1
3.06 130.15 1
3.07 128.39 1
3.08 139.85 1
3.09 135.59 1
3.1 136.34 1
3.11 140.21 1
3.12 140.23 1
3.13 142.94 1
3.14 143.82 1
3.15 146.53 1
3.16 145.8 1
3.17 147.26 1
3.18 152.85 1
3.19 150.77 1
3.2 150.44 1
3.21 150.18 1
3.22 149.99 1
3.23 148.72 1
3.24 148.33 1
3.25 148.24 1
3.26 148.23 1
3.27 147.74 1
3.28 144.83 1
3.29 146.76 1
3.3 149.23 1
3.31 147.77 1
3.32 144.83 1
3.33 145.79 1
3.34 144.79 1
3.35 144.99 1
3.36 145.75 1
3.37 145.3 1
3.38 149.68 1
3.39 153.51 1
3.4 162.68 1
3.41 168.64 1
3.42 174.78 1
3.43 182.6 1
3.44 185.36 1
3.45 188.06 1
3.46 190.83 1
3.47 192.15 1
3.48 189.69 1
3.49 190.49 1
3.5 188.24 1
3.51 185.5 1
3.52 182.18 1
3.53 179.82 1
3.54 178.98 1
3.55 177.48 1
3.56 176.73 1
3.57 173.98 1
3.58 173.17 1
3.59 170.0 1
3.6 169.82 1
3.61 166.74 1
3.62 165.87 1
3.63 164.51 1
3.64 164.24 1
3.65 163.03 1
3.66 162.91 1
3.67 163.07 1
3.68 164.23 1
3.69 168.03 1
3.7 173.29 1
3.71 179.63 1
3.72 183.9 1
3.73 188.83 1
3.74 190.51 1
3.75 192.81 1
3.76 190.91 1
3.77 187.62 1
3.78 184.6 1
3.79 181.3 1
3.8 178.29 1
3.81 176.02 1
3.82 171.34 1
3.83 168.84 1
3.84 166.78 1
3.85 165.35 1
3.86 164.51 1
3.87 164.0 1
3.88 163.87 1
3.89 165.46 1
3.9 165.33 1
3.91 168.01 1
3.92 172.34 1
3.93 176.89 1
3.94 181.71 1
3.95 185.73 1
3.96 187.92 1
3.97 188.87 1
3.98 188.37 1
3.99 186.5 1
4.0 182.26 1
4.01 176.77 1
4.02 173.47 1
4.03 169.21 1
4.04 166.11 1
4.05 164.65 1
4.06 164.15 1
4.07 164.39 1
4.08 165.29 1
4.09 166.47 1
4.1 167.47 1
4.11 167.31 1
4.12 167.25 1
4.13 168.25 1
4.14 169.94 1
4.15 173.07 1
4.16 176.25 1
4.17 179.71 1
4.18 183.54 1
4.19 187.59 1
4.2 190.15 1
4.21 191.49 1
4.22 191.52 1
4.23 188.88 1
4.24 189.19 1
4.25 187.83 1
4.26 185.93 1
4.27 184.91 1
4.28 183.84 1
4.29 184.05 1
4.3 184.31 1
4.31 184.91 1
4.32 187.61 1
4.33 188.91 1
4.34 189.75 1
4.35 188.87 1
4.36 188.91 1
4.37 188.12 1
4.38 186.72 1
4.39 184.99 1
4.4 183.49 1
4.41 183.18 1
4.42 183.44 1
4.43 185.18 1
4.44 186.76 1
4.45 189.38 1
4.46 190.22 1
4.47 190.5 1
4.48 189.68 1
4.49 188.82 1
4.5 187.57 1
4.51 186.06 1
4.52 184.92 1
4.53 184.77 1
4.54 184.38 1
4.55 183.23 1
4.56 183.29 1
4.57 183.46 1
4.58 183.52 1
4.59 183.8 1
4.6 184.49 1
4.61 185.2 1
4.62 186.44 1
4.63 187.18 1
4.64 187.42 1
4.65 187.05 1
4.66 186.58 1
4.67 185.7 1
4.68 185.69 1
4.69 185.53 1
4.7 184.62 1
4.71 183.92 1
4.72 183.87 1
4.73 183.37 1
4.74 183.68 1
4.75 183.23 1
4.76 182.87 1
4.77 182.39 1
4.78 182.69 1
4.79 183.1 1
4.8 182.99 1
4.81 182.76 1
4.82 182.35 1
4.83 181.2 1
4.84 181.57 1
4.85 181.82 1
4.86 183.02 1
4.87 183.7 1
4.88 184.91 1
4.89 186.48 1
4.9 187.94 1
4.91 189.65 1
4.92 188.88 1
4.93 188.88 1
4.94 188.56 1
4.95 186.6 1
4.96 183.3 1
4.97 177.48 1
4.98 173.95 1
4.99 168.01 1
5.0 164.6 1
5.01 162.54 1
5.02 161.89 1
5.03 162.66 1
5.04 163.85 1
5.05 165.98 1
5.06 168.94 1
5.07 173.77 1
5.08 177.54 1
5.09 182.63 1
5.1 189.02 1
5.11 192.22 1
5.12 193.84 1
5.13 193.79 1
5.14 189.7 1
5.15 189.23 1
5.16 187.25 1
5.17 181.71 1
5.18 176.34 1
5.19 172.64 1
5.2 168.69 1
5.21 168.85 1
5.22 166.76 1
5.23 167.36 1
5.24 166.31 1
5.25 165.86 1
5.26 165.25 1
5.27 164.13 1
5.28 164.83 1
5.29 164.19 1
5.3 164.2 1
5.31 164.96 1
5.32 165.7 1
5.33 168.65 1
5.34 171.27 1
5.35 175.88 1
5.36 181.28 1
5.37 184.9 1
5.38 184.14 1
5.39 185.69 1
5.4 186.46 1
5.41 173.98 1
5.42 160.66 1
5.43 152.33 1
5.44 145.31 1
5.45 143.89 1
5.46 146.27 1
5.47 146.27 1
5.48 145.31 1
5.49 146.29 1
5.5 150.66 1
5.51 147.25 1
5.52 147.73 1
5.53 152.48 1
5.54 150.69 1
5.55 149.16 1
5.56 149.7 1
5.57 150.29 1
5.58 150.67 1
5.59 149.13 1
5.6 148.76 1
5.61 149.93 1
5.62 149.84 1
5.63 149.54 1
5.64 149.69 1
5.65 149.25 1
5.66 149.98 1
5.67 74.85 1
5.68 74.82 1
5.69 74.91 1
5.7 74.64 1
5.71 74.61 1
5.72 74.94 1
5.73 75.15 1
5.74 75.34 1
5.75 75.36 1
5.76 74.95 1
5.77 74.64 1
5.78 74.48 1
5.79 74.24 1
5.8 74.18 1
5.81 73.94 1
5.82 73.01 1
5.83 72.72 1
5.84 72.59 1
5.85 73.96 1
5.86 75.45 1
5.87 79.22 1
5.88 168.0 1
5.89 171.04 1
5.9 184.13 1
5.91 184.91 1
5.92 190.34 1
5.93 192.53 1
5.94 194.13 1
5.95 192.06 1
5.96 188.78 1
5.97 182.5 1
5.98 175.04 1
5.99 168.58 1
6.0 163.53 1
6.01 163.63 1
6.02 161.73 1
6.03 164.24 1
6.04 165.5 1
6.05 169.81 1
6.06 178.9 1
6.07 181.81 1
6.08 187.3 1
6.09 193.57 1
6.1 196.18 1
6.11 197.14 1
6.12 197.43 1
6.13 194.7 1
6.14 191.2 1
6.15 186.23 1
6.16 183.45 1
6.17 183.64 1
6.18 181.32 1
6.19 181.0 1
6.2 182.76 1
6.21 182.6 1
6.22 183.45 1
6.23 185.6 1
6.24 185.87 1
6.25 184.14 1
6.26 183.94 1
6.27 184.59 1
6.28 183.62 1
6.29 182.66 1
6.3 180.14 1
6.31 178.52 1
6.32 179.92 1
6.33 181.41 1
6.34 184.13 1
6.35 190.43 1
6.36 192.42 1
6.37 196.44 1
6.38 197.68 1
6.39 197.51 1
6.4 194.5 1
6.41 190.5 1
6.42 190.61 1
6.43 185.98 1
6.44 180.14 1
6.45 173.29 1
6.46 172.43 1
6.47 170.82 1
6.48 168.64 1
6.49 168.97 1
6.5 167.94 1
6.51 167.72 1
6.52 168.35 1
6.53 165.69 1
6.54 169.22 1
6.55 160.66 1
6.56 164.62 1
6.57 162.67 1
6.58 165.92 1
6.59 168.6 1
6.6 172.61 1
6.61 182.14 1
6.62 184.3 1
6.63 184.91 1
6.64 183.37 1
6.65 181.0 1
6.66 90.16 1
6.67 80.26 1
6.68 75.18 1
6.69 74.56 1
6.7 72.95 1
6.71 72.47 1
6.72 72.96 1
6.73 72.61 1
6.74 74.68 1
6.75 74.01 1
6.76 73.78 1
6.77 74.11 1
6.78 74.45 1
6.79 74.68 1
6.8 74.59 1
6.81 74.41 1
6.82 74.12 1
6.83 73.95 1
6.84 73.95 1
6.85 74.13 1
6.86 74.34 1
6.87 74.64 1
6.88 74.83 1
6.89 75.19 1
6.9 75.98 1
6.91 76.32 1
6.92 76.47 1
6.93 75.87 1
6.94 75.22 1
6.95 73.88 1
6.96 145.79 1
6.97 143.97 1
6.98 142.49 1
6.99 144.33 1
7.0 151.8 1
7.01 157.79 1
7.02 164.64 1
7.03 171.27 1
7.04 182.78 1
7.05 186.47 1
7.06 195.29 1
7.07 199.79 1
7.08 198.33 1
7.09 196.27 1
7.1 193.38 1
7.11 187.2 1
7.12 181.81 1
7.13 175.34 1
7.14 171.77 1
7.15 168.91 1
7.16 166.67 1
7.17 166.33 1
7.18 165.3 1
7.19 169.42 1
7.2 167.71 1
7.21 167.99 1
7.22 168.26 1
7.23 164.92 1
7.24 167.15 1
7.25 165.19 1
7.26 167.92 1
7.27 166.05 1
7.28 169.08 1
7.29 169.94 1
7.3 176.35 1
7.31 180.97 1
7.32 184.91 1
7.33 186.47 1
7.34 186.34 1
7.35 181.92 1
7.36 177.7 1
7.37 176.04 1
7.38 163.63 1
7.39 157.78 1
7.4 148.74 1
7.41 146.83 1
7.42 146.5 1
7.43 145.22 1
7.44 145.79 1
7.45 146.76 1
7.46 145.32 1
7.47 149.74 1
7.48 151.8 1
7.49 146.77 1
7.5 144.36 1
7.51 151.27 1
7.52 151.8 1
7.53 145.79 1
7.54 146.27 1
7.55 149.74 1
7.56 148.2 1
7.57 145.31 1
7.58 148.24 1
7.59 150.25 1
7.6 148.8 1
7.61 148.74 1
7.62 150.23 1
7.63 152.33 1
7.64 151.18 1
7.65 148.74 1
7.66 148.41 1
7.67 149.74 1
7.68 148.57 1
7.69 146.27 1
7.7 148.6 1
7.71 149.74 1
7.72 147.74 1
7.73 147.25 1
7.74 148.48 1
7.75 149.74 1
7.76 149.48 1
7.77 148.9 1
7.78 149.29 1
7.79 148.35 1
7.8 145.42 1
7.81 142.5 1
7.82 127.64 1
7.83 116.49 1
7.84 109.57 1
7.85 110.4 1
7.86 116.54 1
7.87 111.58 1
7.88 110.94 1
7.89 112.92 1
7.9 118.39 1
7.91 129.52 1
7.92 137.87 1
7.93 149.05 1
7.94 152.84 1
7.95 152.81 1
7.96 158.94 1
7.97 168.65 1
7.98 159.5 1
7.99 162.32 1
8.0 152.85 1
8.01 147.25 1
8.02 147.25 1
8.03 130.67 1
8.04 124.43 1
8.05 119.54 1
8.06 117.45 1
8.07 112.34 1
8.08 112.35 1
8.09 111.5 1
8.1 118.48 1
8.11 118.63 1
8.12 121.31 1
8.13 134.65 1
8.14 146.3 1
8.15 146.29 1
8.16 149.18 1
8.17 150.25 1
8.18 150.24 1
8.19 153.37 1
8.2 150.75 1
8.21 151.79 1
8.22 151.28 1
8.23 150.25 1
8.24 149.48 1
8.25 149.31 1
8.26 148.89 1
8.27 148.86 1
8.28 148.78 1
8.29 148.24 1
8.3 148.24 1
8.31 148.36 1
8.32 148.99 1
8.33 149.11 1
8.34 148.99 1
8.35 150.76 1
8.36 149.09 1
8.37 144.36 1
8.38 145.8 1
8.39 138.89 1
8.4 144.83 1
8.41 149.32 1
8.42 157.22 1
8.43 164.86 1
8.44 170.6 1
8.45 182.95 1
8.46 183.95 1
8.47 188.06 1
8.48 191.89 1
8.49 196.39 1
8.5 193.84 1
8.51 193.47 1
8.52 189.49 1
8.53 186.47 1
8.54 183.85 1
8.55 179.8 1
8.56 177.32 1
8.57 178.9 1
8.58 174.17 1
8.59 171.26 1
8.6 171.16 1
8.61 169.58 1
8.62 166.95 1
8.63 167.36 1
8.64 166.31 1
8.65 165.67 1
8.66 168.1 1
8.67 171.76 1
8.68 174.61 1
8.69 177.47 1
8.7 183.42 1
8.71 183.5 1
8.72 189.68 1
8.73 193.26 1
8.74 195.17 1
8.75 195.84 1
8.76 194.72 1
8.77 192.72 1
8.78 189.94 1
8.79 185.69 1
8.8 186.48 1
8.81 184.62 1
8.82 181.9 1
8.83 181.41 1
8.84 183.39 1
8.85 182.86 1
8.86 183.64 1
8.87 184.27 1
8.88 183.6 1
8.89 182.72 1
8.9 183.49 1
8.91 182.24 1
8.92 181.72 1
8.93 181.13 1
8.94 179.91 1
8.95 178.16 1
8.96 181.35 1
8.97 183.55 1
8.98 186.47 1
8.99 194.1 1
9.0 195.65 1
9.01 198.43 1
9.02 199.92 1
9.03 201.75 1
9.04 197.6 1
9.05 195.79 1
9.06 193.02 1
9.07 188.18 1
9.08 185.28 1
9.09 182.66 1
9.1 180.01 1
9.11 179.09 1
9.12 179.8 1
9.13 181.14 1
9.14 182.29 1
9.15 183.98 1
9.16 183.45 1
9.17 184.92 1
9.18 190.49 1
9.19 189.8 1
9.2 188.87 1
9.21 188.36 1
9.22 184.89 1
9.23 173.38 1
9.24 176.02 1
9.25 173.26 1
9.26 173.21 1
9.27 167.38 1
9.28 179.62 1
9.29 190.23 1
9.3 196.62 1
9.31 209.35 1
9.32 213.72 1
9.33 220.76 1
9.34 222.5 1
9.35 223.26 1
9.36 223.46 1
9.37 222.81 1
9.38 221.35 1
9.39 220.54 1
9.4 219.63 1
9.41 219.35 1
9.42 218.63 1
9.43 216.98 1
9.44 214.67 1
9.45 211.51 1
9.46 203.99 1
9.47 198.27 1
9.48 190.49 1
9.49 182.44 1
9.5 178.55 1
9.51 177.27 1
9.52 178.17 1
9.53 177.92 1
9.54 179.63 1
9.55 181.64 1
9.56 182.85 1
9.57 185.01 1
9.58 186.13 1
9.59 186.47 1
9.6 185.7 1
9.61 187.05 1
9.62 186.22 1
9.63 186.07 1
9.64 186.47 1
9.65 186.47 1
9.66 188.29 1
9.67 189.63 1
9.68 192.37 1
9.69 195.43 1
9.7 198.33 1
9.71 201.46 1
9.72 202.17 1
9.73 201.18 1
9.74 198.57 1
9.75 194.32 1
9.76 188.08 1
9.77 186.22 1
9.78 179.5 1
9.79 174.92 1
9.8 172.01 1
9.81 168.65 1
9.82 169.3 1
9.83 169.94 1
9.84 169.3 1
9.85 170.5 1
9.86 169.73 1
9.87 169.29 1
9.88 169.95 1
9.89 168.65 1
9.9 169.06 1
9.91 169.23 1
9.92 167.0 1
9.93 166.66 1
9.94 163.2 1
9.95 163.43 1
9.96 164.14 1
9.97 166.24 1
9.98 168.65 1
9.99 178.89 1
10.0 180.58 1
10.01 181.54 1
10.02 181.46 1
10.03 177.98 1
10.04 172.61 1
10.05 167.16 1
10.06 165.5 1
10.07 154.72 1
10.08 150.25 1
10.09 147.61 1
10.1 144.74 1
10.11 144.36 1
10.12 73.55 1
10.13 73.92 1
10.14 74.15 1
10.15 74.43 1
10.16 74.29 1
10.17 74.23 1
10.18 74.11 1
10.19 73.97 1
10.2 73.92 1
10.21 74.06 1
10.22 74.25 1
10.23 74.53 1
10.24 74.94 1
10.25 75.58 1
10.26 75.8 1
10.27 75.69 1
10.28 75.32 1
10.29 74.05 1
10.3 73.43 1
10.31 74.12 1
10.32 74.81 1
10.33 156.2 1
10.34 161.83 1
10.35 165.05 1
10.36 171.11 1
10.37 178.17 1
10.38 182.34 1
10.39 184.91 1
10.4 186.99 1
10.41 187.26 1
10.42 189.73 1
10.43 188.22 1
10.44 184.23 1
10.45 182.96 1
10.46 178.68 1
10.47 177.46 1
10.48 175.13 1
10.49 173.84 1
10.5 173.47 1
10.51 172.6 1
10.52 172.24 1
10.53 171.2 1
10.54 168.65 1
10.55 167.32 1
10.56 164.84 1
10.57 172.09 1
10.58 168.28 1
10.59 179.63 1
10.6 169.96 1
