0.01 0.0 1
0.02 0.0 1
0.03 0.0 1
0.04 0.0 1
0.05 198.21 1
0.06 196.41 1
0.07 197.48 1
0.08 185.27 1
0.09 184.16 1
0.1 183.71 1
0.11 183.42 1
0.12 183.21 1
0.13 183.17 1
0.14 183.27 1
0.15 184.13 1
0.16 184.95 1
0.17 188.08 1
0.18 192.1 1
0.19 193.92 1
0.2 195.96 1
0.21 195.95 1
0.22 195.29 1
0.23 192.95 1
0.24 188.13 1
0.25 184.18 1
0.26 173.74 1
0.27 0.0 1
0.28 0.0 1
0.29 0.0 1
0.3 0.0 1
0.31 0.0 1
0.32 0.0 1
0.33 0.0 1
0.34 0.0 1
0.35 0.0 1
0.36 0.0 1
0.37 226.03 1
0.38 228.28 1
0.39 226.61 1
0.4 225.16 1
0.41 224.31 1
0.42 223.89 1
0.43 223.46 1
0.44 223.94 1
0.45 224.26 1
0.46 224.06 1
0.47 224.07 1
0.48 223.56 1
0.49 223.1 1
0.5 222.76 1
0.51 222.93 1
0.52 223.58 1
0.53 223.12 1
0.54 222.87 1
0.55 223.05 1
0.56 222.81 1
0.57 221.6 1
0.58 220.58 1
0.59 218.76 1
0.6 217.8 1
0.61 218.86 1
0.62 221.7 1
0.63 219.97 1
0.64 218.87 1
0.65 211.95 1
0.66 201.68 1
0.67 216.75 1
0.68 219.97 1
0.69 253.67 1
0.7 297.5 1
0.71 306.85 1
0.72 313.84 1
0.73 313.81 1
0.74 308.04 1
0.75 301.11 1
0.76 297.33 1
0.77 291.8 1
0.78 287.29 1
0.79 281.8 1
0.8 276.4 1
0.81 269.59 1
0.82 257.27 1
0.83 252.69 1
0.84 249.14 1
0.85 246.94 1
0.86 245.67 1
0.87 245.07 1
0.88 245.66 1
0.89 246.08 1
0.9 247.34 1
0.91 249.07 1
0.92 252.8 1
0.93 259.38 1
0.94 269.06 1
0.95 275.04 1
0.96 280.73 1
0.97 283.48 1
0.98 280.15 1
0.99 258.55 1
1.0 264.65 1
1.01 0.0 1
1.02 0.0 1
1.03 0.0 1
1.04 0.0 1
1.05 0.0 1
1.06 0.0 1
1.07 0.0 1
1.08 220.82 1
1.09 218.71 1
1.1 216.22 1
1.11 215.45 1
1.12 216.15 1
1.13 217.86 1
1.14 219.92 1
1.15 220.62 1
1.16 220.39 1
1.17 220.07 1
1.18 220.48 1
1.19 220.25 1
1.2 220.74 1
1.21 221.59 1
1.22 222.3 1
1.23 223.51 1
1.24 224.07 1
1.25 224.01 1
1.26 224.17 1
1.27 224.74 1
1.28 224.19 1
1.29 221.44 1
1.3 223.72 1
1.31 222.53 1
1.32 224.05 1
1.33 218.6 1
1.34 222.17 1
1.35 207.54 1
1.36 0.0 1
1.37 0.0 1
1.38 262.96 1
1.39 274.72 1
1.4 272.96 1
1.41 266.4 1
1.42 258.67 1
1.43 252.91 1
1.44 247.01 1
1.45 241.62 1
1.46 240.31 1
1.47 242.94 1
1.48 244.5 1
1.49 248.35 1
1.5 253.08 1
1.51 258.68 1
1.52 258.84 1
1.53 263.17 1
1.54 261.78 1
1.55 258.79 1
1.56 257.15 1
1.57 252.64 1
1.58 247.83 1
1.59 247.07 1
1.6 247.67 1
1.61 250.8 1
1.62 249.97 1
1.63 248.59 1
1.64 246.08 1
1.65 245.81 1
1.66 247.65 1
1.67 234.85 1
1.68 250.81 1
1.69 0.0 1
1.7 0.0 1
1.71 0.0 1
1.72 0.0 1
1.73 320.71 1
1.74 304.89 1
1.75 302.62 1
1.76 306.18 1
1.77 302.64 1
1.78 298.99 1
1.79 297.0 1
1.8 295.12 1
1.81 298.63 1
1.82 297.09 1
1.83 299.05 1
1.84 299.1 1
1.85 301.05 1
1.86 299.14 1
1.87 299.13 1
1.88 297.24 1
1.89 297.23 1
1.9 297.19 1
1.91 297.17 1
1.92 297.18 1
1.93 297.2 1
1.94 299.14 1
1.95 299.16 1
1.96 299.13 1
1.97 291.14 1
1.98 285.51 1
1.99 303.17 1
2.0 305.38 1
2.01 316.37 1
2.02 301.02 1
2.03 301.74 1
2.04 340.35 1
2.05 340.58 1
2.06 345.29 1
2.07 338.4 1
2.08 336.98 1
2.09 332.47 1
2.1 328.55 1
2.11 327.01 1
2.12 326.95 1
2.13 329.06 1
2.14 332.21 1
2.15 339.15 1
2.16 344.85 1
2.17 352.29 1
2.18 354.51 1
2.19 359.79 1
2.2 358.58 1
2.21 357.48 1
2.22 352.39 1
2.23 348.87 1
2.24 343.33 1
2.25 342.1 1
2.26 339.28 1
2.27 336.47 1
2.28 335.47 1
2.29 335.62 1
2.3 330.87 1
2.31 328.66 1
2.32 296.94 1
2.33 303.09 1
2.34 310.24 1
2.35 375.32 1
2.36 337.97 1
2.37 357.19 1
2.38 354.47 1
2.39 375.29 1
2.4 376.84 1
2.41 376.87 1
2.42 375.69 1
2.43 374.54 1
2.44 372.12 1
2.45 372.09 1
2.46 371.58 1
2.47 371.86 1
2.48 372.1 1
2.49 372.24 1
2.5 372.7 1
2.51 373.31 1
2.52 373.8 1
2.53 374.07 1
2.54 372.2 1
2.55 366.01 1
2.56 357.72 1
2.57 354.44 1
2.58 372.59 1
2.59 371.38 1
2.6 365.99 1
2.61 388.56 1
2.62 376.35 1
2.63 368.88 1
2.64 362.78 1
2.65 388.67 1
2.66 378.52 1
2.67 383.9 1
2.68 364.5 1
2.69 381.8 1
2.7 381.82 1
2.71 381.26 1
2.72 370.33 1
2.73 384.66 1
2.74 383.46 1
2.75 365.81 1
2.76 254.16 1
2.77 247.08 1
2.78 248.75 1
2.79 255.56 1
2.8 256.09 1
2.81 265.57 1
2.82 270.64 1
2.83 274.97 1
2.84 278.43 1
2.85 285.37 1
2.86 292.36 1
2.87 300.28 1
2.88 316.34 1
2.89 335.1 1
2.9 346.56 1
2.91 361.66 1
2.92 372.8 1
2.93 380.78 1
2.94 385.79 1
2.95 386.76 1
2.96 386.08 1
2.97 381.44 1
2.98 373.56 1
2.99 366.3 1
3.0 360.21 1
3.01 354.39 1
3.02 349.42 1
3.03 343.22 1
3.04 342.07 1
3.05 340.68 1
3.06 339.88 1
3.07 338.81 1
3.08 338.6 1
3.09 339.83 1
3.1 340.14 1
3.11 341.24 1
3.12 341.42 1
3.13 342.63 1
3.14 344.27 1
3.15 349.84 1
3.16 354.26 1
3.17 363.44 1
3.18 369.84 1
3.19 374.6 1
3.2 378.15 1
3.21 377.55 1
3.22 372.87 1
3.23 366.72 1
3.24 360.04 1
3.25 351.65 1
3.26 344.4 1
3.27 340.16 1
3.28 335.73 1
3.29 331.59 1
3.3 329.83 1
3.31 329.98 1
3.32 331.19 1
3.33 331.65 1
3.34 334.21 1
3.35 335.82 1
3.36 334.77 1
3.37 327.84 1
3.38 353.78 1
3.39 337.71 1
3.4 327.89 1
3.41 381.86 1
3.42 385.32 1
3.43 391.78 1
3.44 389.98 1
3.45 386.16 1
3.46 380.25 1
3.47 375.13 1
3.48 368.88 1
3.49 358.21 1
3.5 351.41 1
3.51 340.75 1
3.52 337.75 1
3.53 332.23 1
3.54 327.84 1
3.55 325.79 1
3.56 326.76 1
3.57 327.57 1
3.58 330.69 1
3.59 333.53 1
3.6 340.54 1
3.61 346.09 1
3.62 357.23 1
3.63 375.15 1
3.64 380.37 1
3.65 385.7 1
3.66 390.31 1
3.67 389.94 1
3.68 386.54 1
3.69 381.8 1
3.7 378.54 1
3.71 375.14 1
3.72 367.47 1
3.73 364.63 1
3.74 367.48 1
3.75 372.43 1
3.76 382.69 1
3.77 388.49 1
3.78 393.11 1
3.79 395.93 1
3.8 406.82 1
3.81 404.54 1
3.82 399.6 1
3.83 378.63 1
3.84 378.7 1
3.85 392.81 1
3.86 384.86 1
3.87 0.0 1
3.88 0.0 1
3.89 0.0 1
3.9 0.0 1
3.91 0.0 1
3.92 0.0 1
3.93 0.0 1
3.94 341.69 1
3.95 335.56 1
3.96 334.18 1
3.97 338.33 1
3.98 337.26 1
3.99 338.59 1
4.0 340.22 1
4.01 343.2 1
4.02 345.99 1
4.03 348.8 1
4.04 356.23 1
4.05 364.11 1
4.06 368.27 1
4.07 370.25 1
4.08 368.95 1
4.09 364.05 1
4.1 351.65 1
4.11 343.29 1
4.12 329.98 1
4.13 316.41 1
4.14 307.3 1
4.15 297.18 1
4.16 297.02 1
4.17 295.14 1
4.18 297.01 1
4.19 298.71 1
4.2 299.06 1
4.21 300.32 1
4.22 299.06 1
4.23 299.06 1
4.24 299.06 1
4.25 299.06 1
4.26 299.06 1
4.27 299.75 1
4.28 297.07 1
4.29 296.99 1
4.3 296.98 1
4.31 297.18 1
4.32 296.98 1
4.33 297.26 1
4.34 297.82 1
4.35 299.01 1
4.36 297.04 1
4.37 291.12 1
4.38 299.01 1
4.39 287.33 1
4.4 288.91 1
4.41 286.19 1
4.42 296.99 1
4.43 288.39 1
4.44 295.93 1
4.45 297.2 1
4.46 300.77 1
4.47 297.19 1
4.48 299.0 1
4.49 298.74 1
4.5 298.99 1
4.51 298.79 1
4.52 300.22 1
4.53 302.12 1
4.54 303.09 1
4.55 303.93 1
4.56 304.05 1
4.57 304.9 1
4.58 305.1 1
4.59 303.29 1
4.6 301.16 1
4.61 299.16 1
4.62 297.52 1
4.63 294.4 1
4.64 294.5 1
4.65 298.47 1
4.66 311.43 1
4.67 327.86 1
4.68 349.48 1
4.69 374.1 1
4.7 385.67 1
4.71 396.77 1
4.72 395.93 1
4.73 363.03 1
4.74 346.08 1
4.75 379.85 1
4.76 375.22 1
4.77 356.62 1
4.78 348.48 1
4.79 341.17 1
4.8 334.11 1
4.81 331.21 1
4.82 328.52 1
4.83 329.52 1
4.84 332.93 1
4.85 338.58 1
4.86 347.44 1
4.87 354.32 1
4.88 365.94 1
4.89 371.61 1
4.9 375.29 1
4.91 375.26 1
4.92 368.6 1
4.93 362.21 1
4.94 354.27 1
4.95 345.94 1
4.96 336.96 1
4.97 325.01 1
4.98 318.26 1
4.99 301.11 1
5.0 291.12 1
5.01 282.96 1
5.02 276.84 1
5.03 276.27 1
5.04 263.42 1
5.05 255.74 1
5.06 251.5 1
5.07 248.6 1
5.08 245.95 1
5.09 243.59 1
5.1 242.53 1
5.11 241.64 1
5.12 241.61 1
5.13 242.82 1
5.14 240.31 1
5.15 242.64 1
5.16 246.41 1
5.17 252.93 1
5.18 258.72 1
5.19 261.84 1
5.2 263.35 1
5.21 260.25 1
5.22 257.18 1
5.23 252.0 1
5.24 248.31 1
5.25 244.28 1
5.26 239.23 1
5.27 241.47 1
5.28 240.27 1
5.29 243.0 1
5.3 247.4 1
5.31 254.21 1
5.32 260.38 1
5.33 258.83 1
5.34 255.79 1
5.35 255.67 1
5.36 249.51 1
5.37 242.92 1
5.38 0.0 1
5.39 0.0 1
5.4 0.0 1
5.41 0.0 1
5.42 0.0 1
5.43 0.0 1
5.44 0.0 1
5.45 0.0 1
5.46 0.0 1
5.47 0.0 1
5.48 0.0 1
5.49 0.0 1
5.5 298.64 1
5.51 301.76 1
5.52 300.66 1
5.53 300.59 1
5.54 301.77 1
5.55 303.18 1
5.56 304.14 1
5.57 303.79 1
5.58 301.11 1
5.59 302.77 1
5.6 299.07 1
5.61 297.08 1
5.62 297.09 1
5.63 297.1 1
5.64 295.14 1
5.65 295.13 1
5.66 295.12 1
5.67 295.11 1
5.68 295.1 1
5.69 295.1 1
5.7 298.89 1
5.71 299.04 1
5.72 301.05 1
5.73 303.09 1
5.74 301.08 1
5.75 299.0 1
5.76 290.65 1
5.77 291.19 1
5.78 291.14 1
5.79 299.01 1
5.8 302.77 1
5.81 297.04 1
5.82 293.07 1
5.83 148.75 1
5.84 75.32 1
5.85 74.55 1
5.86 74.81 1
5.87 74.56 1
5.88 74.56 1
5.89 74.55 1
5.9 74.68 1
5.91 74.8 1
5.92 74.54 1
5.93 74.68 1
5.94 0.0 1
5.95 0.0 1
5.96 261.42 1
5.97 257.15 1
5.98 255.48 1
5.99 255.57 1
6.0 252.1 1
6.01 248.97 1
6.02 246.66 1
6.03 246.21 1
6.04 246.53 1
6.05 247.29 1
6.06 249.7 1
6.07 252.16 1
6.08 255.39 1
6.09 259.8 1
6.1 263.37 1
6.11 271.3 1
6.12 276.39 1
6.13 276.49 1
6.14 276.49 1
6.15 273.02 1
6.16 265.55 1
6.17 255.69 1
6.18 248.03 1
6.19 241.55 1
6.2 226.86 1
6.21 223.66 1
6.22 219.04 1
6.23 218.09 1
6.24 217.88 1
6.25 218.84 1
6.26 218.85 1
6.27 219.53 1
6.28 221.19 1
6.29 222.96 1
6.3 225.5 1
6.31 225.9 1
6.32 224.88 1
6.33 224.03 1
6.34 222.72 1
6.35 220.97 1
6.36 219.33 1
6.37 218.79 1
6.38 218.81 1
6.39 217.78 1
6.4 218.29 1
6.41 221.16 1
6.42 221.7 1
6.43 215.67 1
6.44 219.41 1
6.45 218.88 1
6.46 210.51 1
6.47 224.61 1
6.48 262.76 1
6.49 271.37 1
6.5 273.0 1
6.51 253.89 1
6.52 247.04 1
6.53 241.62 1
6.54 240.2 1
6.55 237.46 1
6.56 240.24 1
6.57 244.84 1
6.58 251.54 1
6.59 261.59 1
6.6 264.3 1
6.61 260.37 1
6.62 264.9 1
6.63 260.34 1
6.64 258.71 1
6.65 254.92 1
6.66 249.36 1
6.67 247.74 1
6.68 248.95 1
6.69 246.36 1
6.7 243.51 1
6.71 235.23 1
6.72 225.63 1
6.73 0.0 1
6.74 0.0 1
6.75 0.0 1
6.76 0.0 1
6.77 0.0 1
6.78 0.0 1
6.79 0.0 1
6.8 0.0 1
6.81 305.27 1
6.82 300.17 1
6.83 298.98 1
6.84 301.88 1
6.85 294.01 1
6.86 293.03 1
6.87 293.04 1
6.88 293.39 1
6.89 293.38 1
6.9 293.07 1
6.91 295.0 1
6.92 293.27 1
6.93 295.2 1
6.94 299.53 1
6.95 300.83 1
6.96 301.08 1
6.97 301.03 1
6.98 300.27 1
6.99 299.02 1
7.0 297.07 1
7.01 297.03 1
7.02 291.13 1
7.03 291.11 1
7.04 296.56 1
7.05 301.03 1
7.06 307.34 1
7.07 303.28 1
7.08 308.11 1
7.09 325.45 1
7.1 293.08 1
7.11 343.32 1
7.12 362.78 1
7.13 365.92 1
7.14 360.16 1
7.15 355.17 1
7.16 348.06 1
7.17 340.56 1
7.18 335.73 1
7.19 332.02 1
7.2 330.54 1
7.21 340.17 1
7.22 336.7 1
7.23 343.9 1
7.24 351.05 1
7.25 361.0 1
7.26 368.02 1
7.27 370.96 1
7.28 371.07 1
7.29 368.8 1
7.3 362.97 1
7.31 356.94 1
7.32 348.82 1
7.33 345.81 1
7.34 340.26 1
7.35 335.57 1
7.36 336.27 1
7.37 334.76 1
7.38 335.38 1
7.39 305.17 1
7.4 332.84 1
7.41 335.41 1
7.42 339.79 1
7.43 339.52 1
7.44 0.0 1
7.45 0.0 1
7.46 0.0 1
7.47 366.05 1
7.48 393.37 1
7.49 396.09 1
7.5 390.25 1
7.51 385.87 1
7.52 381.9 1
7.53 376.9 1
7.54 372.24 1
7.55 369.29 1
7.56 367.21 1
7.57 369.34 1
7.58 373.58 1
7.59 379.17 1
7.6 385.07 1
7.61 387.34 1
7.62 389.76 1
7.63 390.03 1
7.64 388.23 1
7.65 385.78 1
7.66 381.46 1
7.67 377.83 1
7.68 375.12 1
7.69 369.7 1
7.7 367.64 1
7.71 369.1 1
7.72 371.61 1
7.73 378.46 1
7.74 383.91 1
7.75 391.84 1
7.76 400.32 1
7.77 400.6 1
7.78 388.58 1
7.79 383.65 1
7.8 371.73 1
7.81 384.23 1
7.82 366.04 1
7.83 0.0 1
7.84 0.0 1
7.85 0.0 1
7.86 0.0 1
7.87 0.0 1
7.88 0.0 1
7.89 0.0 1
7.9 0.0 1
7.91 333.08 1
7.92 337.04 1
7.93 345.12 1
7.94 350.23 1
7.95 356.07 1
7.96 360.01 1
7.97 362.35 1
7.98 354.33 1
7.99 345.95 1
8.0 330.75 1
8.01 317.2 1
8.02 309.4 1
8.03 297.03 1
8.04 293.09 1
8.05 291.21 1
8.06 295.64 1
8.07 295.9 1
8.08 295.98 1
8.09 295.0 1
8.1 296.55 1
8.11 297.0 1
8.12 296.96 1
8.13 295.34 1
8.14 294.64 1
8.15 294.18 1
8.16 294.9 1
8.17 294.99 1
8.18 293.13 1
8.19 293.11 1
8.2 293.08 1
8.21 293.15 1
8.22 293.21 1
8.23 298.69 1
8.24 299.04 1
8.25 301.03 1
8.26 299.08 1
8.27 301.08 1
8.28 301.14 1
8.29 301.07 1
8.3 291.17 1
8.31 291.12 1
8.32 289.28 1
8.33 297.01 1
8.34 281.84 1
8.35 295.16 1
8.36 291.11 1
8.37 309.49 1
8.38 289.54 1
8.39 288.78 1
8.4 294.49 1
8.41 299.48 1
8.42 294.45 1
8.43 296.5 1
8.44 297.02 1
8.45 299.49 1
8.46 299.02 1
8.47 299.01 1
8.48 299.04 1
8.49 299.06 1
8.5 299.07 1
8.51 299.1 1
8.52 299.15 1
8.53 299.15 1
8.54 299.12 1
8.55 301.09 1
8.56 299.1 1
8.57 295.16 1
8.58 295.12 1
8.59 293.03 1
8.6 285.62 1
8.61 278.13 1
8.62 254.91 1
8.63 236.53 1
8.64 226.84 1
8.65 226.83 1
8.66 227.98 1
8.67 230.35 1
8.68 237.19 1
8.69 245.0 1
8.7 262.14 1
8.71 283.48 1
8.72 299.0 1
8.73 314.29 1
8.74 316.46 1
8.75 304.18 1
8.76 291.1 1
8.77 304.26 1
8.78 0.0 1
8.79 0.0 1
8.8 0.0 1
8.81 0.0 1
8.82 0.0 1
8.83 0.0 1
8.84 0.0 1
8.85 0.0 1
8.86 0.0 1
8.87 0.0 1
8.88 0.0 1
8.89 0.0 1
8.9 252.03 1
8.91 246.32 1
8.92 246.51 1
8.93 246.4 1
8.94 246.22 1
8.95 247.59 1
8.96 250.55 1
8.97 253.49 1
8.98 255.7 1
8.99 260.99 1
9.0 263.36 1
9.01 276.44 1
9.02 275.68 1
9.03 278.16 1
9.04 274.75 1
9.05 268.1 1
9.06 258.7 1
9.07 249.57 1
9.08 240.32 1
9.09 233.13 1
9.1 230.29 1
9.11 226.76 1
9.12 224.84 1
9.13 224.32 1
9.14 224.3 1
9.15 223.77 1
9.16 224.17 1
9.17 224.99 1
9.18 224.2 1
9.19 223.19 1
9.2 223.35 1
9.21 224.01 1
9.22 225.02 1
9.23 224.93 1
9.24 224.34 1
9.25 223.58 1
9.26 222.88 1
9.27 222.15 1
9.28 224.48 1
9.29 225.67 1
9.3 221.13 1
9.31 0.0 1
9.32 0.0 1
9.33 0.0 1
9.34 0.0 1
9.35 0.0 1
9.36 0.0 1
9.37 0.0 1
9.38 0.0 1
9.39 0.0 1
9.4 215.63 1
9.41 219.38 1
9.42 222.01 1
9.43 223.1 1
9.44 222.88 1
9.45 223.05 1
9.46 223.36 1
9.47 222.6 1
9.48 221.14 1
9.49 219.12 1
9.5 215.64 1
9.51 210.38 1
9.52 202.64 1
9.53 194.87 1
9.54 188.56 1
9.55 183.99 1
9.56 182.76 1
9.57 181.48 1
9.58 181.28 1
9.59 181.37 1
9.6 183.66 1
9.61 184.16 1
9.62 185.69 1
9.63 183.45 1
9.64 183.25 1
9.65 180.01 1
9.66 182.71 1
9.67 184.92 1
9.68 182.57 1
9.69 198.13 1
9.7 197.33 1
9.71 203.9 1
9.72 202.77 1
9.73 200.92 1
9.74 199.25 1
9.75 194.53 1
9.76 184.18 1
9.77 182.61 1
9.78 179.57 1
9.79 170.65 1
9.8 174.63 1
9.81 167.1 1
9.82 166.49 1
9.83 166.71 1
9.84 166.49 1
9.85 166.64 1
9.86 167.34 1
9.87 166.12 1
9.88 168.35 1
9.89 168.88 1
9.9 169.96 1
9.91 175.33 1
9.92 177.05 1
9.93 181.72 1
9.94 188.45 1
9.95 188.07 1
9.96 186.48 1
9.97 180.96 1
9.98 167.16 1
9.99 74.31 1
10.0 74.55 1
10.01 74.06 1
10.02 74.81 1
10.03 75.06 1
10.04 74.74 1
10.05 74.68 1
10.06 74.46 1
10.07 74.7 1
10.08 80.77 1
10.09 73.72 1
10.1 147.16 1
10.11 146.21 1
10.12 146.79 1
10.13 144.17 1
10.14 144.0 1
10.15 143.25 1
10.16 144.22 1
10.17 144.95 1
10.18 145.83 1
10.19 146.76 1
10.2 145.79 1
10.21 146.79 1
10.22 146.27 1
10.23 148.52 1
10.24 150.8 1
10.25 152.58 1
10.26 153.78 1
10.27 155.6 1
10.28 153.71 1
10.29 152.35 1
10.3 149.07 1
10.31 143.65 1
10.32 139.05 1
10.33 117.4 1
10.34 125.25 1
10.35 135.9 1
10.36 135.48 1
10.37 152.01 1
10.38 153.92 1
10.39 165.56 1
10.4 171.26 1
10.41 187.98 1
10.42 183.38 1
10.43 186.49 1
10.44 190.49 1
10.45 191.3 1
10.46 187.29 1
10.47 188.57 1
10.48 188.06 1
10.49 187.96 1
10.5 187.38 1
10.51 188.48 1
10.52 187.28 1
10.53 185.69 1
10.54 182.6 1
10.55 176.7 1
10.56 172.44 1
10.57 167.94 1
10.58 168.2 1
10.59 166.53 1
10.6 168.36 1
10.61 167.19 1
10.62 167.99 1
10.63 162.62 1
10.64 166.73 1
10.65 173.97 1
10.66 180.05 1
