0.01 176.05 1
0.02 164.86 1
0.03 159.6 1
0.04 157.81 1
0.05 158.69 1
0.06 156.12 1
0.07 156.67 1
0.08 157.08 1
0.09 157.25 1
0.1 160.66 1
0.11 164.84 1
0.12 152.79 1
0.13 163.18 1
0.14 157.82 1
0.15 179.4 1
0.16 176.77 1
0.17 186.46 1
0.18 200.73 1
0.19 202.79 1
0.2 220.53 1
0.21 221.05 1
0.22 220.85 1
0.23 228.16 1
0.24 233.71 1
0.25 233.15 1
0.26 231.5 1
0.27 225.9 1
0.28 218.07 1
0.29 216.7 1
0.3 206.56 1
0.31 203.62 1
0.32 183.36 1
0.33 189.68 1
0.34 190.57 1
0.35 185.04 1
0.36 186.01 1
0.37 182.31 1
0.38 183.78 1
0.39 185.65 1
0.4 180.38 1
0.41 181.14 1
0.42 184.9 1
0.43 182.49 1
0.44 179.65 1
0.45 92.54 1
0.46 94.74 1
0.47 94.53 1
0.48 94.94 1
0.49 94.94 1
0.5 95.14 1
0.51 94.33 1
0.52 92.17 1
0.53 91.22 1
0.54 94.73 1
0.55 92.55 1
0.56 90.65 1
0.57 93.33 1
0.58 92.16 1
0.59 92.75 1
0.6 94.33 1
0.61 93.33 1
0.62 94.94 1
0.63 94.73 1
0.64 92.55 1
0.65 92.94 1
0.66 182.1 1
0.67 182.61 1
0.68 190.47 1
0.69 184.14 1
0.7 184.71 1
0.71 186.76 1
0.72 184.79 1
0.73 186.48 1
0.74 184.91 1
0.75 184.13 1
0.76 187.7 1
0.77 185.76 1
0.78 184.91 1
0.79 187.89 1
0.8 186.48 1
0.81 184.92 1
0.82 163.64 1
0.83 183.84 1
0.84 177.07 1
0.85 173.96 1
0.86 74.87 1
0.87 74.3 1
0.88 74.66 1
0.89 74.55 1
0.9 74.38 1
0.91 74.44 1
0.92 74.58 1
0.93 74.56 1
0.94 74.58 1
0.95 74.63 1
0.96 74.53 1
0.97 74.49 1
0.98 74.57 1
0.99 74.53 1
1.0 74.62 1
1.01 74.49 1
1.02 74.53 1
1.03 74.53 1
1.04 74.59 1
1.05 74.56 1
1.06 74.51 1
1.07 74.53 1
1.08 74.54 1
1.09 74.59 1
1.1 74.54 1
1.11 74.57 1
1.12 74.55 1
1.13 74.54 1
1.14 74.53 1
1.15 74.51 1
1.16 74.51 1
1.17 74.54 1
1.18 74.53 1
1.19 74.53 1
1.2 74.55 1
1.21 74.55 1
1.22 74.55 1
1.23 74.54 1
1.24 74.52 1
1.25 74.53 1
1.26 74.56 1
1.27 74.58 1
1.28 74.53 1
1.29 74.55 1
1.3 74.57 1
1.31 143.42 1
1.32 202.73 1
1.33 197.15 1
1.34 195.22 1
1.35 193.92 1
1.36 192.15 1
1.37 187.18 1
1.38 186.64 1
1.39 186.47 1
1.4 183.38 1
1.41 185.89 1
1.42 184.7 1
1.43 184.29 1
1.44 184.23 1
1.45 183.6 1
1.46 183.62 1
1.47 182.56 1
1.48 184.42 1
1.49 184.14 1
1.5 184.91 1
1.51 187.86 1
1.52 186.48 1
1.53 186.48 1
1.54 187.52 1
1.55 185.69 1
1.56 186.17 1
1.57 185.12 1
1.58 184.09 1
1.59 183.91 1
1.6 181.95 1
1.61 180.82 1
1.62 179.16 1
1.63 180.07 1
1.64 183.19 1
1.65 186.87 1
1.66 189.69 1
1.67 197.26 1
1.68 200.5 1
1.69 203.82 1
1.7 204.28 1
1.71 201.89 1
1.72 198.37 1
1.73 194.36 1
1.74 189.69 1
1.75 187.19 1
1.76 184.15 1
1.77 186.31 1
1.78 185.21 1
1.79 184.91 1
1.8 186.11 1
1.81 185.94 1
1.82 185.69 1
1.83 186.14 1
1.84 185.55 1
1.85 185.23 1
1.86 183.8 1
1.87 182.4 1
1.88 182.35 1
1.89 182.8 1
1.9 182.71 1
1.91 183.5 1
1.92 185.69 1
1.93 189.38 1
1.94 191.76 1
1.95 195.58 1
1.96 198.36 1
1.97 198.58 1
1.98 199.55 1
1.99 198.57 1
2.0 196.65 1
2.01 193.44 1
2.02 192.15 1
2.03 185.71 1
2.04 185.69 1
2.05 186.21 1
2.06 184.94 1
2.07 187.92 1
2.08 188.13 1
2.09 187.3 1
2.1 188.92 1
2.11 188.61 1
2.12 186.5 1
2.13 186.48 1
2.14 186.41 1
2.15 184.17 1
2.16 184.37 1
2.17 184.11 1
2.18 183.85 1
2.19 184.04 1
2.2 184.79 1
2.21 185.62 1
2.22 186.48 1
2.23 190.3 1
2.24 193.68 1
2.25 196.88 1
2.26 198.58 1
2.27 199.94 1
2.28 199.97 1
2.29 197.68 1
2.3 194.64 1
2.31 192.97 1
2.32 185.63 1
2.33 180.63 1
2.34 174.07 1
2.35 166.75 1
2.36 165.49 1
2.37 79.4 1
2.38 74.27 1
2.39 74.58 1
2.4 74.58 1
2.41 74.68 1
2.42 74.48 1
2.43 74.4 1
2.44 74.45 1
2.45 74.81 1
2.46 74.18 1
2.47 74.52 1
2.48 74.76 1
2.49 73.99 1
2.5 74.98 1
2.51 74.61 1
2.52 74.56 1
2.53 74.58 1
2.54 74.36 1
2.55 74.43 1
2.56 74.81 1
2.57 73.96 1
2.58 74.54 1
2.59 74.51 1
2.6 74.48 1
2.61 74.7 1
2.62 74.56 1
2.63 74.54 1
2.64 74.53 1
2.65 74.51 1
2.66 74.53 1
2.67 74.5 1
2.68 74.56 1
2.69 74.76 1
2.7 74.68 1
2.71 74.64 1
2.72 74.19 1
2.73 74.64 1
2.74 74.53 1
2.75 74.48 1
2.76 75.19 1
2.77 92.6 1
2.78 94.94 1
2.79 90.59 1
2.8 90.91 1
2.81 92.74 1
2.82 89.9 1
2.83 191.31 1
2.84 191.29 1
2.85 191.32 1
2.86 192.12 1
2.87 191.3 1
2.88 188.33 1
2.89 186.47 1
2.9 186.4 1
2.91 186.46 1
2.92 184.63 1
2.93 183.64 1
2.94 180.97 1
2.95 179.61 1
2.96 175.42 1
2.97 171.94 1
2.98 170.54 1
2.99 168.13 1
3.0 165.01 1
3.01 165.59 1
3.02 165.22 1
3.03 165.73 1
3.04 166.85 1
3.05 168.36 1
3.06 173.29 1
3.07 179.63 1
3.08 186.48 1
3.09 195.05 1
3.1 201.81 1
3.11 204.62 1
3.12 206.86 1
3.13 206.93 1
3.14 198.91 1
3.15 193.67 1
3.16 188.63 1
3.17 184.13 1
3.18 180.4 1
3.19 179.84 1
3.2 179.61 1
3.21 180.31 1
3.22 180.99 1
3.23 183.63 1
3.24 188.07 1
3.25 190.55 1
3.26 196.99 1
3.27 201.67 1
3.28 203.18 1
3.29 201.42 1
3.3 196.39 1
3.31 192.59 1
3.32 188.15 1
3.33 183.58 1
3.34 182.16 1
3.35 181.25 1
3.36 181.76 1
3.37 181.6 1
3.38 182.31 1
3.39 182.9 1
3.4 186.33 1
3.41 187.28 1
3.42 192.44 1
3.43 195.59 1
3.44 198.36 1
3.45 199.23 1
3.46 200.29 1
3.47 196.93 1
3.48 194.26 1
3.49 192.3 1
3.5 187.28 1
3.51 185.51 1
3.52 182.6 1
3.53 180.89 1
3.54 179.18 1
3.55 180.25 1
3.56 180.01 1
3.57 183.32 1
3.58 185.7 1
3.59 194.47 1
3.6 202.44 1
3.61 207.54 1
3.62 211.51 1
3.63 217.03 1
3.64 221.74 1
3.65 224.45 1
3.66 228.23 1
3.67 229.11 1
3.68 225.1 1
3.69 222.95 1
3.7 223.45 1
3.71 223.38 1
3.72 222.8 1
3.73 222.0 1
3.74 225.23 1
3.75 226.43 1
3.76 226.62 1
3.77 225.58 1
3.78 225.03 1
3.79 224.14 1
3.8 222.91 1
3.81 221.21 1
3.82 220.89 1
3.83 221.84 1
3.84 222.2 1
3.85 222.74 1
3.86 223.24 1
3.87 223.57 1
3.88 223.31 1
3.89 223.18 1
3.9 223.41 1
3.91 223.67 1
3.92 221.1 1
3.93 218.88 1
3.94 215.7 1
3.95 218.92 1
3.96 222.22 1
3.97 0.0 1
3.98 0.0 1
3.99 0.0 1
4.0 0.0 1
4.01 0.0 1
4.02 0.0 1
4.03 0.0 1
4.04 0.0 1
4.05 0.0 1
4.06 149.06 1
4.07 150.18 1
4.08 148.75 1
4.09 147.8 1
4.1 0.0 1
4.11 0.0 1
4.12 221.13 1
4.13 220.02 1
4.14 227.24 1
4.15 225.61 1
4.16 228.21 1
4.17 228.84 1
4.18 227.15 1
4.19 224.51 1
4.2 224.38 1
4.21 224.05 1
4.22 223.46 1
4.23 222.19 1
4.24 222.73 1
4.25 223.17 1
4.26 223.17 1
4.27 222.81 1
4.28 223.17 1
4.29 222.86 1
4.3 223.61 1
4.31 224.29 1
4.32 224.19 1
4.33 225.55 1
4.34 224.88 1
4.35 225.53 1
4.36 225.6 1
4.37 226.99 1
4.38 224.47 1
4.39 225.11 1
4.4 223.84 1
4.41 223.2 1
4.42 221.13 1
4.43 221.68 1
4.44 220.24 1
4.45 218.82 1
4.46 214.74 1
4.47 207.71 1
4.48 202.03 1
4.49 198.98 1
4.5 193.84 1
4.51 188.96 1
4.52 185.74 1
4.53 185.33 1
4.54 184.13 1
4.55 183.23 1
4.56 181.86 1
4.57 184.84 1
4.58 178.2 1
4.59 182.67 1
4.6 194.6 1
4.61 193.86 1
4.62 195.61 1
4.63 200.95 1
4.64 200.93 1
4.65 203.66 1
4.66 223.25 1
4.67 225.37 1
4.68 225.65 1
4.69 225.65 1
4.7 227.6 1
4.71 225.94 1
4.72 223.34 1
4.73 221.07 1
4.74 219.92 1
4.75 218.88 1
4.76 212.65 1
4.77 217.81 1
4.78 219.92 1
4.79 220.9 1
4.8 216.87 1
4.81 222.5 1
4.82 222.77 1
4.83 222.99 1
4.84 223.38 1
4.85 223.6 1
4.86 224.31 1
4.87 224.94 1
4.88 222.33 1
4.89 224.42 1
4.9 224.24 1
4.91 223.34 1
4.92 223.86 1
4.93 224.45 1
4.94 223.74 1
4.95 221.14 1
4.96 221.97 1
4.97 221.47 1
4.98 221.59 1
4.99 222.18 1
5.0 222.91 1
5.01 224.11 1
5.02 224.37 1
5.03 224.76 1
5.04 225.29 1
5.05 225.19 1
5.06 225.43 1
5.07 224.49 1
5.08 225.53 1
5.09 224.93 1
5.1 223.56 1
5.11 221.12 1
5.12 223.54 1
5.13 225.5 1
5.14 224.35 1
5.15 223.36 1
5.16 225.33 1
5.17 226.63 1
5.18 224.11 1
5.19 223.2 1
5.2 223.3 1
5.21 224.39 1
5.22 223.89 1
5.23 224.43 1
5.24 225.01 1
5.25 223.16 1
5.26 223.91 1
5.27 221.04 1
5.28 224.71 1
5.29 227.45 1
5.3 223.68 1
5.31 220.92 1
5.32 226.73 1
5.33 225.01 1
5.34 225.11 1
5.35 224.61 1
5.36 224.24 1
5.37 224.35 1
5.38 223.86 1
5.39 224.01 1
5.4 224.24 1
5.41 224.59 1
5.42 224.93 1
5.43 224.75 1
5.44 225.02 1
5.45 224.41 1
5.46 224.16 1
5.47 223.58 1
5.48 223.2 1
5.49 223.19 1
5.5 224.1 1
5.51 224.15 1
5.52 224.25 1
5.53 224.48 1
5.54 225.02 1
5.55 225.28 1
5.56 225.55 1
5.57 225.2 1
5.58 225.22 1
5.59 223.71 1
5.6 223.0 1
5.61 223.7 1
5.62 225.11 1
5.63 224.28 1
5.64 224.02 1
5.65 224.12 1
5.66 224.33 1
5.67 224.01 1
5.68 223.65 1
5.69 223.43 1
5.7 224.0 1
5.71 224.42 1
5.72 224.58 1
5.73 224.36 1
5.74 224.91 1
5.75 225.81 1
5.76 227.12 1
5.77 226.84 1
5.78 225.59 1
5.79 224.82 1
5.8 220.02 1
5.81 211.4 1
5.82 202.77 1
5.83 188.11 1
5.84 166.71 1
5.85 162.59 1
5.86 161.24 1
5.87 161.43 1
5.88 170.01 1
5.89 175.43 1
5.9 184.47 1
5.91 182.52 1
5.92 196.84 1
5.93 199.1 1
5.94 209.85 1
5.95 214.93 1
5.96 214.2 1
5.97 223.9 1
5.98 226.36 1
5.99 222.65 1
6.0 223.29 1
6.01 226.95 1
6.02 227.91 1
6.03 225.58 1
6.04 225.58 1
6.05 225.27 1
6.06 223.89 1
6.07 219.84 1
6.08 214.46 1
6.09 208.89 1
6.1 200.92 1
6.11 188.89 1
6.12 185.57 1
6.13 181.85 1
6.14 178.53 1
6.15 178.27 1
6.16 178.12 1
6.17 177.48 1
6.18 180.51 1
6.19 182.04 1
6.2 187.75 1
6.21 195.47 1
6.22 207.71 1
6.23 217.38 1
6.24 233.88 1
6.25 251.08 1
6.26 266.82 1
6.27 280.0 1
6.28 288.06 1
6.29 295.61 1
6.3 293.02 1
6.31 294.03 1
6.32 290.67 1
6.33 283.85 1
6.34 279.97 1
6.35 273.03 1
6.36 264.99 1
6.37 258.68 1
6.38 254.86 1
6.39 251.87 1
6.4 250.46 1
6.41 249.22 1
6.42 249.2 1
6.43 248.28 1
6.44 247.97 1
6.45 249.29 1
6.46 249.53 1
6.47 250.48 1
6.48 250.93 1
6.49 250.77 1
6.5 250.27 1
6.51 250.25 1
6.52 251.03 1
6.53 253.16 1
6.54 256.65 1
6.55 261.07 1
6.56 264.31 1
6.57 271.34 1
6.58 274.69 1
6.59 274.84 1
6.6 273.97 1
6.61 272.98 1
6.62 267.39 1
6.63 263.75 1
6.64 258.65 1
6.65 254.0 1
6.66 250.69 1
6.67 246.68 1
6.68 244.24 1
6.69 239.74 1
6.7 236.25 1
6.71 229.45 1
6.72 230.21 1
6.73 226.98 1
6.74 223.54 1
6.75 220.93 1
6.76 218.91 1
6.77 219.88 1
6.78 219.14 1
6.79 218.88 1
6.8 219.93 1
6.81 221.05 1
6.82 222.94 1
6.83 224.26 1
6.84 224.42 1
6.85 223.97 1
6.86 221.16 1
6.87 222.21 1
6.88 220.92 1
6.89 215.7 1
6.9 216.69 1
6.91 205.98 1
6.92 202.77 1
6.93 74.68 1
6.94 74.56 1
6.95 74.59 1
6.96 75.19 1
6.97 74.56 1
6.98 75.07 1
6.99 74.54 1
7.0 73.93 1
7.01 74.3 1
7.02 74.56 1
7.03 74.28 1
7.04 74.43 1
7.05 74.57 1
7.06 74.68 1
7.07 74.56 1
7.08 74.82 1
7.09 74.68 1
7.1 74.7 1
7.11 74.69 1
7.12 74.69 1
7.13 74.51 1
7.14 74.56 1
7.15 74.39 1
7.16 74.88 1
7.17 74.57 1
7.18 180.23 1
7.19 193.47 1
7.2 199.05 1
7.21 188.06 1
7.22 221.03 1
7.23 229.08 1
7.24 229.62 1
7.25 227.8 1
7.26 224.08 1
7.27 224.92 1
7.28 224.42 1
7.29 224.51 1
7.3 224.61 1
7.31 223.86 1
7.32 223.67 1
7.33 223.67 1
7.34 223.43 1
7.35 223.24 1
7.36 224.06 1
7.37 225.1 1
7.38 225.66 1
7.39 227.69 1
7.4 226.77 1
7.41 226.78 1
7.42 225.6 1
7.43 220.97 1
7.44 213.54 1
7.45 203.39 1
7.46 183.41 1
7.47 172.64 1
7.48 165.35 1
7.49 163.59 1
7.5 163.03 1
7.51 165.76 1
7.52 169.97 1
7.53 181.55 1
7.54 191.31 1
7.55 198.5 1
7.56 203.73 1
7.57 213.54 1
7.58 217.27 1
7.59 219.71 1
7.6 221.92 1
7.61 223.57 1
7.62 223.66 1
7.63 223.77 1
7.64 224.08 1
7.65 225.25 1
7.66 225.63 1
7.67 225.58 1
7.68 224.61 1
7.69 223.42 1
7.7 222.07 1
7.71 219.5 1
7.72 216.7 1
7.73 213.51 1
7.74 205.46 1
7.75 196.39 1
7.76 183.78 1
7.77 178.16 1
7.78 172.6 1
7.79 169.32 1
7.8 168.68 1
7.81 171.78 1
7.82 177.04 1
7.83 186.04 1
7.84 195.34 1
7.85 205.64 1
7.86 223.2 1
7.87 239.56 1
7.88 254.12 1
7.89 276.72 1
7.9 284.45 1
7.91 293.5 1
7.92 300.18 1
7.93 306.44 1
7.94 307.19 1
7.95 306.04 1
7.96 301.76 1
7.97 295.0 1
7.98 288.96 1
7.99 282.19 1
8.0 278.19 1
8.01 269.69 1
8.02 264.21 1
8.03 258.73 1
8.04 257.16 1
8.05 254.22 1
8.06 253.6 1
8.07 253.26 1
8.08 253.0 1
8.09 252.93 1
8.1 253.32 1
8.11 253.41 1
8.12 253.65 1
8.13 252.43 1
8.14 250.81 1
8.15 248.57 1
8.16 246.96 1
8.17 246.56 1
8.18 247.95 1
8.19 252.18 1
8.2 255.74 1
8.21 266.51 1
8.22 275.58 1
8.23 283.53 1
8.24 289.44 1
8.25 290.04 1
8.26 286.64 1
8.27 278.91 1
8.28 268.05 1
8.29 249.87 1
8.3 225.64 1
8.31 217.14 1
8.32 216.66 1
8.33 217.76 1
8.34 218.24 1
8.35 218.89 1
8.36 220.09 1
8.37 220.88 1
8.38 222.21 1
8.39 222.48 1
8.4 221.59 1
8.41 220.81 1
8.42 220.05 1
8.43 219.73 1
8.44 220.47 1
8.45 220.99 1
8.46 221.98 1
8.47 222.77 1
8.48 224.46 1
8.49 225.58 1
8.5 226.74 1
8.51 226.53 1
8.52 225.59 1
8.53 225.71 1
8.54 226.15 1
8.55 225.94 1
8.56 225.24 1
8.57 224.35 1
8.58 223.2 1
8.59 223.3 1
8.6 223.25 1
8.61 223.34 1
8.62 224.3 1
8.63 224.61 1
8.64 224.92 1
8.65 224.84 1
8.66 224.86 1
8.67 224.4 1
8.68 222.74 1
8.69 219.56 1
8.7 213.17 1
8.71 203.56 1
8.72 195.16 1
8.73 183.39 1
8.74 177.86 1
8.75 171.64 1
8.76 176.09 1
8.77 175.36 1
8.78 0.0 1
8.79 0.0 1
8.8 0.0 1
8.81 0.0 1
8.82 0.0 1
8.83 0.0 1
8.84 0.0 1
8.85 0.0 1
8.86 234.38 1
8.87 235.3 1
8.88 229.1 1
8.89 231.09 1
8.9 228.68 1
8.91 225.59 1
8.92 226.16 1
8.93 225.58 1
8.94 225.48 1
8.95 225.1 1
8.96 224.0 1
8.97 222.19 1
8.98 219.41 1
8.99 216.65 1
9.0 210.27 1
9.01 202.16 1
9.02 197.28 1
9.03 188.1 1
9.04 184.96 1
9.05 184.96 1
9.06 184.91 1
9.07 184.93 1
9.08 184.91 1
9.09 184.15 1
9.1 184.66 1
9.11 183.92 1
9.12 183.54 1
9.13 184.87 1
9.14 185.72 1
9.15 190.51 1
9.16 199.1 1
9.17 203.2 1
9.18 208.51 1
9.19 212.77 1
9.2 218.27 1
9.21 221.05 1
9.22 226.15 1
9.23 224.91 1
9.24 221.94 1
9.25 218.33 1
9.26 214.6 1
9.27 210.18 1
9.28 203.71 1
9.29 201.07 1
9.3 196.4 1
9.31 193.84 1
9.32 191.05 1
9.33 187.28 1
9.34 185.69 1
9.35 184.06 1
9.36 183.15 1
9.37 183.6 1
9.38 183.18 1
9.39 183.85 1
9.4 182.63 1
9.41 180.57 1
9.42 180.3 1
9.43 179.97 1
9.44 181.61 1
9.45 184.13 1
9.46 191.23 1
9.47 193.84 1
9.48 197.31 1
9.49 197.79 1
9.5 199.09 1
9.51 199.53 1
9.52 197.39 1
9.53 195.03 1
9.54 192.15 1
9.55 188.58 1
9.56 184.63 1
9.57 181.6 1
9.58 178.9 1
9.59 175.61 1
9.6 173.28 1
9.61 169.96 1
9.62 170.32 1
9.63 167.91 1
9.64 168.28 1
9.65 167.76 1
9.66 166.77 1
9.67 166.81 1
9.68 167.67 1
9.69 167.49 1
9.7 167.08 1
9.71 166.49 1
9.72 166.04 1
9.73 165.63 1
9.74 166.21 1
9.75 169.15 1
9.76 174.52 1
9.77 178.16 1
9.78 182.73 1
9.79 183.38 1
9.8 184.13 1
9.81 182.0 1
9.82 178.88 1
9.83 169.95 1
9.84 163.69 1
9.85 155.55 1
9.86 150.75 1
9.87 146.28 1
9.88 144.4 1
9.89 143.91 1
9.9 145.05 1
9.91 144.37 1
9.92 146.62 1
9.93 149.71 1
9.94 146.3 1
9.95 149.36 1
9.96 150.75 1
9.97 149.51 1
9.98 145.33 1
9.99 146.28 1
10.0 147.24 1
10.01 147.41 1
10.02 148.82 1
10.03 149.8 1
10.04 151.29 1
10.05 149.73 1
10.06 147.75 1
10.07 147.57 1
10.08 145.03 1
10.09 143.52 1
10.1 142.87 1
10.11 144.84 1
10.12 148.74 1
10.13 154.02 1
10.14 162.97 1
10.15 167.74 1
10.16 176.52 1
10.17 184.1 1
10.18 187.28 1
10.19 192.51 1
10.2 193.99 1
10.21 192.5 1
10.22 191.17 1
10.23 184.92 1
10.24 180.89 1
10.25 176.04 1
10.26 169.31 1
10.27 167.8 1
10.28 167.79 1
10.29 167.41 1
10.3 167.05 1
10.31 165.49 1
10.32 168.89 1
10.33 164.67 1
