0.01 180.26 1
0.02 191.34 1
0.03 201.97 1
0.04 193.84 1
0.05 192.25 1
0.06 188.88 1
0.07 189.61 1
0.08 186.51 1
0.09 182.71 1
0.1 179.36 1
0.11 174.0 1
0.12 166.0 1
0.13 169.94 1
0.14 178.79 1
0.15 202.77 1
0.16 178.18 1
0.17 162.44 1
0.18 178.9 1
0.19 144.36 1
0.2 170.6 1
0.21 168.0 1
0.22 145.32 1
0.23 179.27 1
0.24 168.01 1
0.25 169.52 1
0.26 177.42 1
0.27 185.69 1
0.28 168.64 1
0.29 173.91 1
0.3 185.74 1
0.31 187.26 1
0.32 187.54 1
0.33 192.16 1
0.34 190.5 1
0.35 185.16 1
0.36 185.69 1
0.37 202.76 1
0.38 193.95 1
0.39 198.2 1
0.4 185.85 1
0.41 195.08 1
0.42 194.75 1
0.43 190.31 1
0.44 193.0 1
0.45 186.4 1
0.46 181.95 1
0.47 180.27 1
0.48 180.17 1
0.49 183.97 1
0.5 185.99 1
0.51 181.68 1
0.52 180.86 1
0.53 183.83 1
0.54 183.22 1
0.55 181.82 1
0.56 183.17 1
0.57 182.71 1
0.58 182.31 1
0.59 182.28 1
0.6 181.87 1
0.61 184.53 1
0.62 184.49 1
0.63 180.7 1
0.64 183.1 1
0.65 186.95 1
0.66 186.48 1
0.67 189.68 1
0.68 188.87 1
0.69 191.85 1
0.7 192.98 1
0.71 193.55 1
0.72 192.68 1
0.73 192.15 1
0.74 188.06 1
0.75 186.72 1
0.76 187.1 1
0.77 185.73 1
0.78 183.28 1
0.79 183.64 1
0.8 184.51 1
0.81 184.13 1
0.82 184.13 1
0.83 183.37 1
0.84 184.2 1
0.85 184.91 1
0.86 185.88 1
0.87 184.91 1
0.88 183.95 1
0.89 186.91 1
0.9 186.66 1
0.91 183.29 1
0.92 180.92 1
0.93 182.94 1
0.94 185.08 1
0.95 184.5 1
0.96 183.8 1
0.97 188.53 1
0.98 194.7 1
0.99 193.17 1
1.0 194.4 1
1.01 196.29 1
1.02 193.22 1
1.03 193.0 1
1.04 188.87 1
1.05 184.91 1
1.06 183.7 1
1.07 181.42 1
1.08 181.03 1
1.09 181.29 1
1.1 181.72 1
1.11 181.31 1
1.12 182.44 1
1.13 185.88 1
1.14 181.57 1
1.15 168.47 1
1.16 90.73 1
1.17 89.79 1
1.18 74.76 1
1.19 74.56 1
1.2 74.57 1
1.21 74.61 1
1.22 74.58 1
1.23 74.53 1
1.24 74.47 1
1.25 74.43 1
1.26 74.52 1
1.27 74.51 1
1.28 74.63 1
1.29 74.56 1
1.3 74.56 1
1.31 74.55 1
1.32 74.53 1
1.33 74.18 1
1.34 74.47 1
1.35 74.56 1
1.36 74.43 1
1.37 0.0 1
1.38 0.0 1
1.39 186.96 1
1.4 194.91 1
1.41 195.66 1
1.42 195.01 1
1.43 193.71 1
1.44 190.58 1
1.45 191.24 1
1.46 189.15 1
1.47 187.48 1
1.48 188.15 1
1.49 188.07 1
1.5 187.26 1
1.51 185.69 1
1.52 187.12 1
1.53 187.33 1
1.54 185.69 1
1.55 184.91 1
1.56 184.87 1
1.57 185.03 1
1.58 183.73 1
1.59 183.37 1
1.6 184.08 1
1.61 184.96 1
1.62 186.01 1
1.63 187.25 1
1.64 190.43 1
1.65 191.43 1
1.66 190.84 1
1.67 192.33 1
1.68 191.9 1
1.69 189.68 1
1.7 189.55 1
1.71 187.44 1
1.72 183.54 1
1.73 180.78 1
1.74 179.03 1
1.75 175.45 1
1.76 172.69 1
1.77 171.56 1
1.78 171.72 1
1.79 167.92 1
1.8 168.79 1
1.81 168.82 1
1.82 167.96 1
1.83 170.0 1
1.84 168.19 1
1.85 170.35 1
1.86 170.36 1
1.87 169.53 1
1.88 171.0 1
1.89 169.49 1
1.9 169.36 1
1.91 171.09 1
1.92 169.41 1
1.93 170.13 1
1.94 170.6 1
1.95 168.66 1
1.96 170.45 1
1.97 168.89 1
1.98 167.97 1
1.99 168.92 1
2.0 166.86 1
2.01 168.62 1
2.02 169.31 1
2.03 172.93 1
2.04 176.37 1
2.05 178.68 1
2.06 185.45 1
2.07 182.7 1
2.08 185.17 1
2.09 183.25 1
2.1 182.9 1
2.11 180.75 1
2.12 176.88 1
2.13 172.26 1
2.14 169.33 1
2.15 169.45 1
2.16 165.4 1
2.17 166.83 1
2.18 166.34 1
2.19 167.89 1
2.2 168.18 1
2.21 169.17 1
2.22 168.2 1
2.23 166.74 1
2.24 167.01 1
2.25 166.87 1
2.26 167.58 1
2.27 168.01 1
2.28 169.81 1
2.29 171.22 1
2.3 170.59 1
2.31 166.44 1
2.32 162.86 1
2.33 86.04 1
2.34 74.68 1
2.35 73.82 1
2.36 73.94 1
2.37 74.43 1
2.38 74.31 1
2.39 74.45 1
2.4 74.55 1
2.41 74.54 1
2.42 74.47 1
2.43 74.52 1
2.44 74.52 1
2.45 74.6 1
2.46 74.36 1
2.47 74.58 1
2.48 74.63 1
2.49 74.56 1
2.5 74.54 1
2.51 74.37 1
2.52 74.56 1
2.53 74.65 1
2.54 74.48 1
2.55 74.54 1
2.56 74.58 1
2.57 74.49 1
2.58 74.48 1
2.59 74.62 1
2.6 74.51 1
2.61 74.45 1
2.62 74.57 1
2.63 74.49 1
2.64 74.51 1
2.65 74.57 1
2.66 74.43 1
2.67 74.54 1
2.68 74.51 1
2.69 74.49 1
2.7 74.18 1
2.71 74.54 1
2.72 74.58 1
2.73 73.69 1
2.74 74.28 1
2.75 150.25 1
2.76 147.49 1
2.77 145.82 1
2.78 147.83 1
2.79 148.73 1
2.8 148.89 1
2.81 148.77 1
2.82 149.98 1
2.83 150.24 1
2.84 149.71 1
2.85 148.77 1
2.86 149.41 1
2.87 149.7 1
2.88 148.77 1
2.89 148.77 1
2.9 150.55 1
2.91 151.28 1
2.92 151.3 1
2.93 151.2 1
2.94 150.76 1
2.95 149.99 1
2.96 149.14 1
2.97 148.96 1
2.98 148.71 1
2.99 147.28 1
3.0 146.34 1
3.01 147.47 1
3.02 147.72 1
3.03 148.23 1
3.04 147.33 1
3.05 148.79 1
3.06 152.25 1
3.07 151.34 1
3.08 151.15 1
3.09 151.76 1
3.1 151.41 1
3.11 146.22 1
3.12 152.29 1
3.13 153.29 1
3.14 151.67 1
3.15 151.3 1
3.16 150.77 1
3.17 150.09 1
3.18 149.91 1
3.19 149.91 1
3.2 150.09 1
3.21 149.77 1
3.22 150.52 1
3.23 151.25 1
3.24 150.27 1
3.25 148.79 1
3.26 150.76 1
3.27 151.25 1
3.28 150.27 1
3.29 150.29 1
3.3 151.28 1
3.31 151.2 1
3.32 150.28 1
3.33 150.93 1
3.34 150.25 1
3.35 149.75 1
3.36 148.77 1
3.37 148.72 1
3.38 148.23 1
3.39 148.4 1
3.4 148.4 1
3.41 149.72 1
3.42 149.71 1
3.43 150.03 1
3.44 150.69 1
3.45 152.81 1
3.46 152.31 1
3.47 153.4 1
3.48 156.63 1
3.49 155.54 1
3.5 169.97 1
3.51 176.54 1
3.52 186.42 1
3.53 187.28 1
3.54 189.7 1
3.55 191.89 1
3.56 193.82 1
3.57 187.58 1
3.58 184.13 1
3.59 181.1 1
3.6 176.69 1
3.61 173.72 1
3.62 169.38 1
3.63 171.9 1
3.64 170.89 1
3.65 168.14 1
3.66 169.52 1
3.67 168.26 1
3.68 164.31 1
3.69 164.54 1
3.7 157.18 1
3.71 166.01 1
3.72 164.27 1
3.73 166.32 1
3.74 168.68 1
3.75 170.66 1
3.76 178.21 1
3.77 181.8 1
3.78 186.88 1
3.79 189.9 1
3.8 191.9 1
3.81 195.52 1
3.82 190.82 1
3.83 188.5 1
3.84 186.47 1
3.85 182.94 1
3.86 169.94 1
3.87 175.4 1
3.88 174.64 1
3.89 170.68 1
3.9 170.69 1
3.91 168.78 1
3.92 171.32 1
3.93 171.05 1
3.94 168.1 1
3.95 169.93 1
3.96 168.46 1
3.97 167.41 1
3.98 168.35 1
3.99 168.64 1
4.0 170.45 1
4.01 170.58 1
4.02 174.57 1
4.03 165.46 1
4.04 178.16 1
4.05 181.86 1
4.06 185.44 1
4.07 188.61 1
4.08 189.71 1
4.09 192.34 1
4.1 192.69 1
4.11 193.01 1
4.12 192.19 1
4.13 190.67 1
4.14 189.38 1
4.15 188.03 1
4.16 186.36 1
4.17 186.6 1
4.18 186.21 1
4.19 184.18 1
4.2 185.69 1
4.21 185.29 1
4.22 185.1 1
4.23 184.91 1
4.24 185.49 1
4.25 186.0 1
4.26 185.88 1
4.27 184.93 1
4.28 185.58 1
4.29 185.88 1
4.3 185.69 1
4.31 184.19 1
4.32 185.98 1
4.33 186.12 1
4.34 186.28 1
4.35 184.22 1
4.36 186.44 1
4.37 186.26 1
4.38 184.93 1
4.39 183.4 1
4.4 183.84 1
4.41 183.56 1
4.42 183.65 1
4.43 183.33 1
4.44 183.46 1
4.45 182.96 1
4.46 184.11 1
4.47 183.36 1
4.48 182.11 1
4.49 182.03 1
4.5 182.08 1
4.51 182.49 1
4.52 184.13 1
4.53 184.28 1
4.54 182.68 1
4.55 182.69 1
4.56 183.85 1
4.57 184.37 1
4.58 185.89 1
4.59 185.71 1
4.6 184.23 1
4.61 186.44 1
4.62 185.17 1
4.63 183.64 1
4.64 181.89 1
4.65 182.04 1
4.66 184.87 1
4.67 182.6 1
4.68 182.24 1
4.69 182.78 1
4.7 182.89 1
4.71 182.9 1
4.72 183.34 1
4.73 183.17 1
4.74 183.4 1
4.75 184.12 1
4.76 184.9 1
4.77 185.71 1
4.78 184.23 1
4.79 185.94 1
4.8 186.12 1
4.81 186.42 1
4.82 187.43 1
4.83 186.88 1
4.84 187.92 1
4.85 183.45 1
4.86 180.63 1
4.87 177.46 1
4.88 173.96 1
4.89 160.61 1
4.9 175.36 1
4.91 163.45 1
4.92 165.39 1
4.93 160.85 1
4.94 161.8 1
4.95 165.45 1
4.96 166.77 1
4.97 176.72 1
4.98 183.33 1
4.99 184.16 1
5.0 187.29 1
5.01 192.66 1
5.02 193.76 1
5.03 194.33 1
5.04 193.37 1
5.05 190.61 1
5.06 186.49 1
5.07 182.33 1
5.08 178.56 1
5.09 177.39 1
5.1 181.91 1
5.11 173.22 1
5.12 169.87 1
5.13 168.33 1
5.14 167.42 1
5.15 167.3 1
5.16 166.71 1
5.17 164.35 1
5.18 169.87 1
5.19 165.06 1
5.2 164.78 1
5.21 165.42 1
5.22 164.53 1
5.23 166.08 1
5.24 166.78 1
5.25 170.62 1
5.26 184.17 1
5.27 178.19 1
5.28 182.62 1
5.29 182.66 1
5.3 181.92 1
5.31 182.63 1
5.32 179.32 1
5.33 88.86 1
5.34 76.82 1
5.35 74.51 1
5.36 74.75 1
5.37 73.71 1
5.38 73.81 1
5.39 72.23 1
5.4 74.31 1
5.41 73.81 1
5.42 73.19 1
5.43 74.33 1
5.44 74.55 1
5.45 74.9 1
5.46 75.19 1
5.47 74.77 1
5.48 74.94 1
5.49 74.79 1
5.5 75.08 1
5.51 74.86 1
5.52 74.68 1
5.53 74.51 1
5.54 74.52 1
5.55 74.46 1
5.56 74.43 1
5.57 74.44 1
5.58 74.51 1
5.59 74.57 1
5.6 74.71 1
5.61 74.73 1
5.62 74.74 1
5.63 74.73 1
5.64 74.6 1
5.65 74.73 1
5.66 74.72 1
5.67 74.59 1
5.68 74.55 1
5.69 74.52 1
5.7 74.45 1
5.71 74.31 1
5.72 74.31 1
5.73 74.18 1
5.74 74.37 1
5.75 74.24 1
5.76 74.27 1
5.77 74.06 1
5.78 74.49 1
5.79 75.21 1
5.8 155.22 1
5.81 152.86 1
5.82 171.55 1
5.83 169.11 1
5.84 178.9 1
5.85 184.91 1
5.86 196.76 1
5.87 192.59 1
5.88 195.32 1
5.89 190.97 1
5.9 186.99 1
5.91 183.2 1
5.92 173.96 1
5.93 168.19 1
5.94 165.43 1
5.95 163.41 1
5.96 163.18 1
5.97 171.93 1
5.98 164.04 1
5.99 173.87 1
6.0 175.7 1
6.01 177.93 1
6.02 181.65 1
6.03 185.3 1
6.04 186.72 1
6.05 194.5 1
6.06 194.44 1
6.07 190.5 1
6.08 194.43 1
6.09 191.33 1
6.1 187.37 1
6.11 191.32 1
6.12 184.74 1
6.13 181.19 1
6.14 182.24 1
6.15 182.71 1
6.16 184.76 1
6.17 182.59 1
6.18 181.09 1
6.19 179.88 1
6.2 180.12 1
6.21 180.76 1
6.22 181.59 1
6.23 182.31 1
6.24 181.61 1
6.25 181.53 1
6.26 185.96 1
6.27 191.33 1
6.28 186.47 1
6.29 193.79 1
6.3 195.9 1
6.31 195.56 1
6.32 198.93 1
6.33 196.67 1
6.34 197.99 1
6.35 192.79 1
6.36 191.4 1
6.37 187.09 1
6.38 180.07 1
6.39 175.76 1
6.4 174.98 1
6.41 170.6 1
6.42 169.66 1
6.43 170.02 1
6.44 166.46 1
6.45 169.26 1
6.46 164.61 1
6.47 165.87 1
6.48 162.05 1
6.49 165.7 1
6.5 163.75 1
6.51 166.48 1
6.52 163.99 1
6.53 166.08 1
6.54 164.6 1
6.55 169.01 1
6.56 171.27 1
6.57 178.88 1
6.58 175.08 1
6.59 182.34 1
6.6 183.2 1
6.61 182.74 1
6.62 177.77 1
6.63 173.97 1
6.64 177.45 1
6.65 161.86 1
6.66 163.04 1
6.67 148.74 1
6.68 142.49 1
6.69 144.84 1
6.7 136.74 1
6.71 163.59 1
6.72 148.67 1
6.73 151.79 1
6.74 151.8 1
6.75 150.77 1
6.76 151.8 1
6.77 151.33 1
6.78 152.85 1
6.79 151.28 1
6.8 149.43 1
6.81 150.25 1
6.82 150.25 1
6.83 151.8 1
6.84 151.79 1
6.85 150.77 1
6.86 151.79 1
6.87 151.8 1
6.88 149.75 1
6.89 151.8 1
6.9 150.25 1
6.91 148.85 1
6.92 148.74 1
6.93 148.89 1
6.94 145.81 1
6.95 144.84 1
6.96 146.76 1
6.97 143.43 1
6.98 144.37 1
6.99 145.32 1
7.0 144.37 1
7.01 149.78 1
7.02 158.15 1
7.03 167.56 1
7.04 171.94 1
7.05 187.23 1
7.06 192.81 1
7.07 196.77 1
7.08 196.46 1
7.09 194.24 1
7.1 192.16 1
7.11 187.26 1
7.12 182.4 1
7.13 177.04 1
7.14 171.93 1
7.15 167.79 1
7.16 166.1 1
7.17 160.67 1
7.18 163.63 1
7.19 161.84 1
7.2 162.73 1
7.21 162.26 1
7.22 161.69 1
7.23 158.36 1
7.24 163.62 1
7.25 156.12 1
7.26 165.48 1
7.27 167.07 1
7.28 173.29 1
7.29 180.64 1
7.3 180.83 1
7.31 182.65 1
7.32 182.6 1
7.33 178.44 1
7.34 169.28 1
7.35 163.6 1
7.36 154.36 1
7.37 74.56 1
7.38 74.54 1
7.39 74.31 1
7.4 75.08 1
7.41 75.7 1
7.42 75.65 1
7.43 75.71 1
7.44 75.59 1
7.45 75.97 1
7.46 76.03 1
7.47 75.58 1
7.48 75.87 1
7.49 75.45 1
7.5 75.35 1
7.51 75.43 1
7.52 75.56 1
7.53 75.76 1
7.54 75.7 1
7.55 75.71 1
7.56 75.14 1
7.57 74.81 1
7.58 74.56 1
7.59 74.38 1
7.6 74.28 1
7.61 74.22 1
7.62 74.21 1
7.63 74.22 1
7.64 74.3 1
7.65 74.33 1
7.66 74.36 1
7.67 74.4 1
7.68 74.27 1
7.69 73.92 1
7.7 73.8 1
7.71 73.75 1
7.72 73.7 1
7.73 73.79 1
7.74 74.13 1
7.75 74.43 1
7.76 74.66 1
7.77 74.62 1
7.78 74.17 1
7.79 73.67 1
7.8 70.33 1
7.81 77.3 1
7.82 74.31 1
7.83 75.19 1
7.84 74.18 1
7.85 74.43 1
7.86 74.67 1
7.87 74.52 1
7.88 74.64 1
7.89 73.93 1
7.9 74.54 1
7.91 84.73 1
7.92 84.08 1
7.93 74.21 1
7.94 74.96 1
7.95 75.12 1
7.96 71.78 1
7.97 76.33 1
7.98 75.23 1
7.99 75.38 1
8.0 73.97 1
8.01 73.4 1
8.02 73.9 1
8.03 75.58 1
8.04 73.82 1
8.05 74.23 1
8.06 75.25 1
8.07 74.07 1
8.08 74.18 1
8.09 74.99 1
8.1 74.21 1
8.11 74.7 1
8.12 73.93 1
8.13 74.19 1
8.14 74.33 1
8.15 74.81 1
8.16 74.69 1
8.17 74.66 1
8.18 74.59 1
8.19 74.28 1
8.2 74.17 1
8.21 74.08 1
8.22 74.16 1
8.23 73.93 1
8.24 73.68 1
8.25 74.56 1
8.26 74.44 1
8.27 74.29 1
8.28 74.82 1
8.29 74.55 1
8.3 74.27 1
8.31 74.0 1
8.32 72.91 1
8.33 73.69 1
8.34 74.56 1
8.35 73.52 1
8.36 74.89 1
8.37 85.9 1
8.38 85.88 1
8.39 86.12 1
8.4 93.05 1
8.41 188.87 1
8.42 186.47 1
8.43 193.09 1
8.44 195.05 1
8.45 189.23 1
8.46 191.51 1
8.47 187.13 1
8.48 179.46 1
8.49 181.44 1
8.5 176.63 1
8.51 174.12 1
8.52 173.22 1
8.53 177.19 1
8.54 175.93 1
8.55 169.81 1
8.56 170.44 1
8.57 169.34 1
8.58 166.4 1
8.59 170.2 1
8.6 171.71 1
8.61 180.36 1
8.62 181.07 1
8.63 187.58 1
8.64 194.05 1
8.65 196.87 1
8.66 195.79 1
8.67 199.19 1
8.68 200.59 1
8.69 199.35 1
8.7 194.7 1
8.71 194.79 1
8.72 191.2 1
8.73 188.86 1
8.74 186.57 1
8.75 189.67 1
8.76 182.62 1
8.77 181.87 1
8.78 184.18 1
8.79 185.66 1
8.8 185.47 1
8.81 182.89 1
8.82 187.5 1
8.83 185.57 1
8.84 182.06 1
8.85 179.78 1
8.86 179.92 1
8.87 179.24 1
8.88 178.9 1
8.89 182.28 1
8.9 187.85 1
8.91 188.06 1
8.92 198.2 1
8.93 196.43 1
8.94 191.32 1
8.95 192.64 1
8.96 187.55 1
8.97 187.85 1
8.98 192.52 1
8.99 188.47 1
9.0 184.14 1
9.01 184.45 1
9.02 185.59 1
9.03 184.89 1
9.04 181.07 1
9.05 183.2 1
9.06 185.01 1
9.07 185.55 1
9.08 184.91 1
9.09 184.14 1
9.1 188.35 1
9.11 188.06 1
9.12 184.91 1
9.13 186.75 1
9.14 186.13 1
9.15 185.15 1
9.16 176.04 1
9.17 181.48 1
9.18 188.87 1
9.19 198.09 1
9.2 180.01 1
9.21 193.84 1
9.22 198.42 1
9.23 210.63 1
9.24 217.89 1
9.25 219.5 1
9.26 224.34 1
9.27 223.68 1
9.28 222.29 1
9.29 221.85 1
9.3 222.34 1
9.31 222.1 1
9.32 222.49 1
9.33 224.19 1
9.34 225.94 1
9.35 227.7 1
9.36 227.94 1
9.37 226.78 1
9.38 225.58 1
9.39 218.86 1
9.4 210.51 1
9.41 204.14 1
9.42 194.93 1
9.43 186.48 1
9.44 185.43 1
9.45 183.3 1
9.46 182.13 1
9.47 182.16 1
9.48 181.57 1
9.49 181.26 1
9.5 180.87 1
9.51 181.46 1
9.52 180.84 1
9.53 181.73 1
9.54 182.45 1
9.55 184.91 1
9.56 188.07 1
9.57 195.25 1
9.58 197.5 1
9.59 200.84 1
9.6 201.48 1
9.61 201.18 1
9.62 197.63 1
9.63 193.84 1
9.64 189.77 1
9.65 187.15 1
9.66 183.41 1
9.67 181.0 1
9.68 178.7 1
9.69 176.74 1
9.7 177.44 1
9.71 172.86 1
9.72 170.44 1
9.73 169.26 1
9.74 166.79 1
9.75 167.49 1
9.76 165.13 1
9.77 163.75 1
9.78 164.32 1
9.79 164.74 1
9.8 165.16 1
9.81 163.92 1
9.82 163.41 1
9.83 164.04 1
9.84 163.77 1
9.85 169.48 1
9.86 169.29 1
9.87 179.73 1
9.88 184.27 1
9.89 185.13 1
9.9 182.5 1
9.91 177.42 1
9.92 178.17 1
9.93 82.35 1
9.94 77.48 1
9.95 74.31 1
9.96 73.63 1
9.97 71.55 1
9.98 71.77 1
9.99 73.64 1
10.0 73.93 1
10.01 73.61 1
10.02 73.89 1
10.03 74.38 1
10.04 73.96 1
10.05 73.05 1
10.06 73.93 1
10.07 74.02 1
10.08 74.25 1
10.09 74.22 1
10.1 74.02 1
10.11 74.08 1
10.12 74.32 1
10.13 74.41 1
10.14 74.68 1
10.15 74.47 1
10.16 74.26 1
10.17 73.39 1
10.18 72.12 1
10.19 142.02 1
10.2 139.57 1
10.21 140.7 1
10.22 147.82 1
10.23 152.25 1
10.24 166.2 1
10.25 172.71 1
10.26 179.63 1
10.27 185.62 1
10.28 189.22 1
10.29 186.99 1
10.3 185.27 1
10.31 181.32 1
10.32 177.46 1
10.33 171.26 1
10.34 168.63 1
10.35 166.88 1
10.36 164.29 1
10.37 160.11 1
10.38 158.36 1
10.39 74.72 1
10.4 74.31 1
10.41 74.52 1
