0.01 90.19 1
0.02 91.31 1
0.03 94.84 1
0.04 95.87 1
0.05 95.97 1
0.06 97.27 1
0.07 95.98 1
0.08 95.56 1
0.09 97.91 1
0.1 93.73 1
0.11 92.75 1
0.12 92.04 1
0.13 90.28 1
0.14 90.28 1
0.15 91.41 1
0.16 90.69 1
0.17 89.97 1
0.18 91.06 1
0.19 90.41 1
0.2 90.6 1
0.21 90.78 1
0.22 90.54 1
0.23 91.39 1
0.24 91.97 1
0.25 91.21 1
0.26 92.16 1
0.27 92.66 1
0.28 92.52 1
0.29 93.02 1
0.3 92.94 1
0.31 92.75 1
0.32 93.93 1
0.33 91.78 1
0.34 93.53 1
0.35 94.53 1
0.36 184.92 1
0.37 185.69 1
0.38 187.26 1
0.39 187.72 1
0.4 185.69 1
0.41 184.14 1
0.42 183.67 1
0.43 183.38 1
0.44 179.98 1
0.45 180.51 1
0.46 181.29 1
0.47 182.32 1
0.48 184.51 1
0.49 186.47 1
0.5 187.68 1
0.51 188.87 1
0.52 186.38 1
0.53 185.23 1
0.54 181.16 1
0.55 179.77 1
0.56 186.46 1
0.57 184.13 1
0.58 183.35 1
0.59 181.01 1
0.6 182.6 1
0.61 184.9 1
0.62 181.84 1
0.63 180.36 1
0.64 180.37 1
0.65 188.86 1
0.66 186.46 1
0.67 179.99 1
0.68 181.1 1
0.69 190.5 1
0.7 193.02 1
0.71 188.87 1
0.72 194.76 1
0.73 195.56 1
0.74 191.37 1
0.75 188.12 1
0.76 184.92 1
0.77 181.93 1
0.78 179.7 1
0.79 179.69 1
0.8 181.15 1
0.81 182.22 1
0.82 185.1 1
0.83 187.87 1
0.84 190.57 1
0.85 195.01 1
0.86 194.32 1
0.87 196.54 1
0.88 194.35 1
0.89 191.02 1
0.9 188.09 1
0.91 183.36 1
0.92 179.69 1
0.93 176.47 1
0.94 170.04 1
0.95 169.23 1
0.96 168.34 1
0.97 167.88 1
0.98 169.25 1
0.99 169.03 1
1.0 168.42 1
1.01 168.68 1
1.02 167.37 1
1.03 168.28 1
1.04 166.48 1
1.05 168.53 1
1.06 171.87 1
1.07 175.24 1
1.08 179.75 1
1.09 183.18 1
1.1 184.29 1
1.11 183.43 1
1.12 181.02 1
1.13 177.12 1
1.14 170.29 1
1.15 167.79 1
1.16 165.47 1
1.17 164.06 1
1.18 165.65 1
1.19 176.68 1
1.2 189.68 1
1.21 75.58 1
1.22 73.07 1
1.23 74.38 1
1.24 74.14 1
1.25 74.68 1
1.26 73.85 1
1.27 74.18 1
1.28 74.27 1
1.29 74.17 1
1.3 73.94 1
1.31 74.94 1
1.32 74.18 1
1.33 74.18 1
1.34 74.77 1
1.35 74.56 1
1.36 74.68 1
1.37 74.94 1
1.38 74.56 1
1.39 74.81 1
1.4 74.56 1
1.41 74.94 1
1.42 74.42 1
1.43 74.39 1
1.44 75.07 1
1.45 74.94 1
1.46 73.32 1
1.47 74.59 1
1.48 74.26 1
1.49 72.71 1
1.5 71.28 1
1.51 72.6 1
1.52 72.89 1
1.53 73.1 1
1.54 73.06 1
1.55 72.76 1
1.56 72.45 1
1.57 72.46 1
1.58 72.71 1
1.59 73.59 1
1.6 75.07 1
1.61 75.72 1
1.62 76.24 1
1.63 76.12 1
1.64 75.68 1
1.65 74.82 1
1.66 73.57 1
1.67 144.75 1
1.68 142.5 1
1.69 134.72 1
1.7 129.21 1
1.71 135.05 1
1.72 134.63 1
1.73 135.08 1
1.74 71.31 1
1.75 71.08 1
1.76 73.21 1
1.77 74.46 1
1.78 75.71 1
1.79 76.71 1
1.8 77.19 1
1.81 76.86 1
1.82 75.22 1
1.83 74.78 1
1.84 73.67 1
1.85 73.3 1
1.86 72.83 1
1.87 72.84 1
1.88 73.68 1
1.89 74.28 1
1.9 150.73 1
1.91 152.82 1
1.92 155.61 1
1.93 167.39 1
1.94 162.77 1
1.95 173.29 1
1.96 183.07 1
1.97 185.17 1
1.98 193.83 1
1.99 191.76 1
2.0 186.52 1
2.01 182.59 1
2.02 176.04 1
2.03 172.4 1
2.04 175.89 1
2.05 164.31 1
2.06 165.44 1
2.07 163.45 1
2.08 164.84 1
2.09 164.91 1
2.1 172.66 1
2.11 181.55 1
2.12 185.7 1
2.13 195.14 1
2.14 198.18 1
2.15 198.05 1
2.16 196.26 1
2.17 191.85 1
2.18 187.69 1
2.19 182.15 1
2.2 180.39 1
2.21 166.79 1
2.22 164.38 1
2.23 162.16 1
2.24 162.33 1
2.25 163.19 1
2.26 165.31 1
2.27 168.73 1
2.28 173.97 1
2.29 182.45 1
2.3 187.29 1
2.31 196.89 1
2.32 201.2 1
2.33 201.85 1
2.34 203.39 1
2.35 201.38 1
2.36 196.55 1
2.37 191.39 1
2.38 186.01 1
2.39 181.72 1
2.4 179.1 1
2.41 179.19 1
2.42 179.99 1
2.43 181.46 1
2.44 183.85 1
2.45 186.48 1
2.46 191.33 1
2.47 196.43 1
2.48 198.21 1
2.49 199.88 1
2.5 197.59 1
2.51 194.81 1
2.52 191.33 1
2.53 185.57 1
2.54 180.35 1
2.55 173.85 1
2.56 168.1 1
2.57 163.05 1
2.58 161.8 1
2.59 158.93 1
2.6 157.27 1
2.61 162.41 1
2.62 165.1 1
2.63 167.96 1
2.64 180.96 1
2.65 190.51 1
2.66 202.77 1
2.67 212.56 1
2.68 217.02 1
2.69 214.43 1
2.7 211.07 1
2.71 206.56 1
2.72 195.56 1
2.73 185.7 1
2.74 167.3 1
2.75 162.38 1
2.76 157.07 1
2.77 156.57 1
2.78 156.7 1
2.79 162.42 1
2.8 164.64 1
2.81 166.71 1
2.82 177.91 1
2.83 181.14 1
2.84 182.58 1
2.85 193.28 1
2.86 188.88 1
2.87 185.04 1
2.88 181.11 1
2.89 164.86 1
2.9 162.52 1
2.91 152.83 1
2.92 145.33 1
2.93 144.85 1
2.94 148.98 1
2.95 148.97 1
2.96 147.75 1
2.97 149.74 1
2.98 158.94 1
2.99 152.84 1
3.0 151.27 1
3.01 149.74 1
3.02 148.83 1
3.03 149.17 1
3.04 152.32 1
3.05 151.28 1
3.06 148.24 1
3.07 146.28 1
3.08 152.85 1
3.09 155.0 1
3.1 148.89 1
3.11 145.81 1
3.12 152.31 1
3.13 151.78 1
3.14 145.8 1
3.15 140.66 1
3.16 149.13 1
3.17 153.37 1
3.18 150.24 1
3.19 179.74 1
3.2 180.37 1
3.21 189.7 1
3.22 199.49 1
3.23 221.09 1
3.24 215.66 1
3.25 222.92 1
3.26 207.52 1
3.27 199.87 1
3.28 182.61 1
3.29 177.42 1
3.3 164.45 1
3.31 166.08 1
3.32 156.13 1
3.33 163.72 1
3.34 163.63 1
3.35 180.13 1
3.36 193.87 1
3.37 202.76 1
3.38 201.83 1
3.39 218.21 1
3.4 221.17 1
3.41 214.36 1
3.42 210.5 1
3.43 198.7 1
3.44 181.76 1
3.45 176.05 1
3.46 157.23 1
3.47 164.85 1
3.48 160.67 1
3.49 160.07 1
3.5 162.08 1
3.51 167.99 1
3.52 165.47 1
3.53 178.88 1
3.54 182.18 1
3.55 193.85 1
3.56 198.19 1
3.57 202.75 1
3.58 188.86 1
3.59 179.63 1
3.6 171.2 1
3.61 163.93 1
3.62 149.97 1
3.63 162.41 1
3.64 158.93 1
3.65 147.75 1
3.66 145.32 1
3.67 148.23 1
3.68 149.23 1
3.69 149.3 1
3.7 149.25 1
3.71 151.79 1
3.72 152.31 1
3.73 151.22 1
3.74 151.34 1
3.75 150.92 1
3.76 150.77 1
3.77 151.64 1
3.78 152.72 1
3.79 151.53 1
3.8 151.76 1
3.81 154.03 1
3.82 151.99 1
3.83 151.4 1
3.84 150.65 1
3.85 147.27 1
3.86 143.53 1
3.87 141.82 1
3.88 141.51 1
3.89 151.0 1
3.9 167.68 1
3.91 177.21 1
3.92 188.88 1
3.93 201.41 1
3.94 202.82 1
3.95 206.21 1
3.96 206.56 1
3.97 201.27 1
3.98 191.55 1
3.99 176.73 1
4.0 164.83 1
4.01 157.22 1
4.02 150.76 1
4.03 150.32 1
4.04 148.67 1
4.05 151.54 1
4.06 150.81 1
4.07 149.75 1
4.08 152.33 1
4.09 152.32 1
4.1 147.75 1
4.11 146.28 1
4.12 151.28 1
4.13 150.76 1
4.14 145.32 1
4.15 143.43 1
4.16 141.56 1
4.17 125.45 1
4.18 117.75 1
4.19 111.23 1
4.2 109.29 1
4.21 107.43 1
4.22 114.68 1
4.23 117.77 1
4.24 129.51 1
4.25 144.01 1
4.26 150.75 1
4.27 153.91 1
4.28 165.14 1
4.29 167.81 1
4.3 164.73 1
4.31 163.63 1
4.32 150.25 1
4.33 139.78 1
4.34 127.13 1
4.35 117.89 1
4.36 108.96 1
4.37 106.14 1
4.38 108.76 1
4.39 115.29 1
4.4 120.06 1
4.41 124.21 1
4.42 135.49 1
4.43 138.03 1
4.44 150.77 1
4.45 148.24 1
4.46 146.76 1
4.47 150.78 1
4.48 158.35 1
4.49 148.94 1
4.5 158.35 1
4.51 155.56 1
4.52 144.2 1
4.53 140.73 1
4.54 147.0 1
4.55 144.35 1
4.56 148.86 1
4.57 145.63 1
4.58 145.46 1
4.59 149.13 1
4.6 152.04 1
4.61 152.16 1
4.62 181.63 1
4.63 175.05 1
4.64 185.88 1
4.65 193.46 1
4.66 197.95 1
4.67 195.31 1
4.68 197.2 1
4.69 181.86 1
4.7 178.0 1
4.71 167.76 1
4.72 164.24 1
4.73 154.76 1
4.74 154.82 1
4.75 157.61 1
4.76 161.15 1
4.77 168.64 1
4.78 176.75 1
4.79 187.14 1
4.8 190.5 1
4.81 198.74 1
4.82 200.04 1
4.83 202.94 1
4.84 200.3 1
4.85 194.73 1
4.86 188.47 1
4.87 182.0 1
4.88 178.9 1
4.89 168.0 1
4.9 173.19 1
4.91 175.5 1
4.92 185.31 1
4.93 192.92 1
4.94 204.64 1
4.95 218.81 1
4.96 232.55 1
4.97 243.47 1
4.98 254.19 1
4.99 253.72 1
5.0 233.95 1
5.01 233.93 1
5.02 235.05 1
5.03 223.27 1
5.04 196.43 1
5.05 187.17 1
5.06 176.04 1
5.07 174.25 1
5.08 176.8 1
5.09 181.89 1
5.1 187.27 1
5.11 194.13 1
5.12 199.77 1
5.13 202.77 1
5.14 210.51 1
5.15 221.05 1
5.16 220.47 1
5.17 218.84 1
5.18 209.24 1
5.19 199.69 1
5.2 187.4 1
5.21 178.38 1
5.22 173.13 1
5.23 169.25 1
5.24 168.1 1
5.25 168.34 1
5.26 168.53 1
5.27 170.61 1
5.28 171.95 1
5.29 176.58 1
5.3 183.23 1
5.31 187.27 1
5.32 189.45 1
5.33 187.75 1
5.34 185.51 1
5.35 176.04 1
5.36 171.8 1
5.37 162.66 1
5.38 154.9 1
5.39 151.13 1
5.4 150.25 1
5.41 148.74 1
5.42 149.78 1
5.43 151.8 1
5.44 151.61 1
5.45 150.76 1
5.46 152.83 1
5.47 153.09 1
5.48 151.78 1
5.49 150.96 1
5.5 150.69 1
5.51 149.74 1
5.52 149.42 1
5.53 153.23 1
5.54 158.72 1
5.55 164.38 1
5.56 168.03 1
5.57 173.28 1
5.58 176.75 1
5.59 175.87 1
5.6 176.04 1
5.61 173.07 1
5.62 168.65 1
5.63 164.16 1
5.64 169.95 1
5.65 173.17 1
