0.01 74.53 1
0.02 74.57 1
0.03 74.47 1
0.04 74.68 1
0.05 74.48 1
0.06 74.38 1
0.07 74.58 1
0.08 74.42 1
0.09 74.42 1
0.1 0.0 1
0.11 194.6 1
0.12 197.82 1
0.13 191.32 1
0.14 187.25 1
0.15 186.79 1
0.16 186.4 1
0.17 184.16 1
0.18 184.76 1
0.19 183.51 1
0.2 183.17 1
0.21 181.81 1
0.22 184.14 1
0.23 188.77 1
0.24 186.49 1
0.25 189.48 1
0.26 185.69 1
0.27 185.69 1
0.28 187.33 1
0.29 187.78 1
0.3 187.07 1
0.31 184.91 1
0.32 188.05 1
0.33 189.67 1
0.34 187.26 1
0.35 184.14 1
0.36 186.94 1
0.37 186.98 1
0.38 184.91 1
0.39 184.14 1
0.4 184.89 1
0.41 185.03 1
0.42 184.14 1
0.43 183.87 1
0.44 184.0 1
0.45 183.65 1
0.46 183.46 1
0.47 183.09 1
0.48 183.83 1
0.49 183.37 1
0.5 185.8 1
0.51 186.3 1
0.52 186.88 1
0.53 184.92 1
0.54 189.66 1
0.55 186.91 1
0.56 184.15 1
0.57 186.1 1
0.58 186.86 1
0.59 186.88 1
0.6 186.67 1
0.61 186.47 1
0.62 186.23 1
0.63 185.69 1
0.64 185.57 1
0.65 186.0 1
0.66 186.21 1
0.67 185.25 1
0.68 184.91 1
0.69 186.07 1
0.7 186.12 1
0.71 185.63 1
0.72 184.14 1
0.73 187.52 1
0.74 187.19 1
0.75 187.21 1
0.76 187.15 1
0.77 187.19 1
0.78 185.69 1
0.79 187.91 1
0.8 187.02 1
0.81 185.76 1
0.82 184.73 1
0.83 185.03 1
0.84 186.15 1
0.85 184.56 1
0.86 183.86 1
0.87 185.32 1
0.88 184.61 1
0.89 185.06 1
0.9 185.1 1
0.91 184.59 1
0.92 184.91 1
0.93 185.56 1
0.94 184.91 1
0.95 185.69 1
0.96 186.31 1
0.97 186.08 1
0.98 185.56 1
0.99 167.99 1
1.0 180.37 1
1.01 180.16 1
1.02 181.72 1
1.03 185.06 1
1.04 74.18 1
1.05 74.81 1
1.06 74.81 1
1.07 74.3 1
1.08 74.56 1
1.09 74.3 1
1.1 74.56 1
1.11 75.06 1
1.12 74.37 1
1.13 74.56 1
1.14 74.61 1
1.15 74.15 1
1.16 74.68 1
1.17 74.33 1
1.18 74.51 1
1.19 74.81 1
1.2 74.35 1
1.21 74.63 1
1.22 74.79 1
1.23 74.3 1
1.24 74.64 1
1.25 74.65 1
1.26 74.42 1
1.27 74.67 1
1.28 74.52 1
1.29 74.52 1
1.3 74.77 1
1.31 74.53 1
1.32 74.45 1
1.33 74.45 1
1.34 74.55 1
1.35 74.56 1
1.36 74.56 1
1.37 74.65 1
1.38 74.37 1
1.39 74.55 1
1.4 74.51 1
1.41 74.54 1
1.42 180.5 1
1.43 186.94 1
1.44 205.33 1
1.45 190.49 1
1.46 187.39 1
1.47 186.17 1
1.48 183.5 1
1.49 179.96 1
1.5 180.32 1
1.51 179.83 1
1.52 178.92 1
1.53 178.18 1
1.54 178.71 1
1.55 179.06 1
1.56 180.01 1
1.57 180.6 1
1.58 181.19 1
1.59 181.97 1
1.6 183.05 1
1.61 183.81 1
1.62 183.95 1
1.63 184.26 1
1.64 184.55 1
1.65 185.15 1
1.66 184.91 1
1.67 184.61 1
1.68 184.37 1
1.69 184.13 1
1.7 184.69 1
1.71 185.58 1
1.72 185.45 1
1.73 185.33 1
1.74 185.7 1
1.75 186.48 1
1.76 186.48 1
1.77 186.37 1
1.78 185.21 1
1.79 184.01 1
1.8 182.26 1
1.81 181.77 1
1.82 181.49 1
1.83 182.21 1
1.84 184.16 1
1.85 187.27 1
1.86 191.36 1
1.87 194.95 1
1.88 197.25 1
1.89 198.99 1
1.9 200.06 1
1.91 199.39 1
1.92 197.07 1
1.93 193.3 1
1.94 188.82 1
1.95 185.71 1
1.96 185.19 1
1.97 184.92 1
1.98 185.03 1
1.99 185.28 1
2.0 184.79 1
2.01 184.6 1
2.02 184.72 1
2.03 184.6 1
2.04 183.94 1
2.05 183.51 1
2.06 183.4 1
2.07 183.11 1
2.08 182.97 1
2.09 183.08 1
2.1 184.89 1
2.11 187.29 1
2.12 190.74 1
2.13 193.33 1
2.14 195.68 1
2.15 197.89 1
2.16 198.45 1
2.17 198.36 1
2.18 197.81 1
2.19 195.62 1
2.2 193.57 1
2.21 189.7 1
2.22 187.31 1
2.23 187.27 1
2.24 186.32 1
2.25 185.61 1
2.26 185.87 1
2.27 185.69 1
2.28 185.7 1
2.29 185.71 1
2.3 184.93 1
2.31 185.65 1
2.32 184.05 1
2.33 183.32 1
2.34 182.83 1
2.35 183.14 1
2.36 184.14 1
2.37 184.92 1
2.38 185.67 1
2.39 185.69 1
2.4 185.69 1
2.41 185.69 1
2.42 185.69 1
2.43 185.69 1
2.44 185.69 1
2.45 185.71 1
2.46 187.27 1
2.47 187.3 1
2.48 190.14 1
2.49 193.78 1
2.5 193.99 1
2.51 195.41 1
2.52 195.63 1
2.53 194.95 1
2.54 193.73 1
2.55 191.47 1
2.56 189.14 1
2.57 186.14 1
2.58 182.28 1
2.59 178.18 1
2.6 173.17 1
2.61 169.96 1
2.62 168.67 1
2.63 167.85 1
2.64 167.77 1
2.65 164.87 1
2.66 163.04 1
2.67 164.24 1
2.68 164.17 1
2.69 163.64 1
2.7 167.9 1
2.71 160.67 1
2.72 165.48 1
2.73 163.93 1
2.74 164.86 1
2.75 163.83 1
2.76 171.25 1
2.77 183.87 1
2.78 185.79 1
2.79 184.15 1
2.8 194.71 1
2.81 209.53 1
2.82 214.58 1
2.83 209.5 1
2.84 205.19 1
2.85 200.01 1
2.86 192.96 1
2.87 183.92 1
2.88 177.46 1
2.89 173.15 1
2.9 171.23 1
2.91 169.13 1
2.92 167.93 1
2.93 166.79 1
2.94 166.79 1
2.95 167.99 1
2.96 171.28 1
2.97 176.46 1
2.98 181.49 1
2.99 185.73 1
3.0 189.71 1
3.01 193.84 1
3.02 193.93 1
3.03 192.85 1
3.04 190.33 1
3.05 186.5 1
3.06 182.59 1
3.07 178.9 1
3.08 174.64 1
3.09 172.5 1
3.1 168.83 1
3.11 166.29 1
3.12 164.69 1
3.13 163.53 1
3.14 164.26 1
3.15 166.11 1
3.16 169.3 1
3.17 175.84 1
3.18 182.93 1
3.19 192.25 1
3.2 197.31 1
3.21 199.32 1
3.22 201.97 1
3.23 200.16 1
3.24 198.02 1
3.25 193.2 1
3.26 188.63 1
3.27 183.55 1
3.28 180.43 1
3.29 179.05 1
3.3 179.93 1
3.31 182.21 1
3.32 185.69 1
3.33 190.5 1
3.34 194.91 1
3.35 198.92 1
3.36 201.67 1
3.37 201.33 1
3.38 199.19 1
3.39 195.81 1
3.4 192.46 1
3.41 187.56 1
3.42 183.8 1
3.43 181.29 1
3.44 180.35 1
3.45 179.56 1
3.46 181.36 1
3.47 182.32 1
3.48 184.14 1
3.49 186.47 1
3.5 186.49 1
3.51 186.48 1
3.52 185.69 1
3.53 185.7 1
3.54 185.69 1
3.55 186.47 1
3.56 187.27 1
3.57 191.45 1
3.58 195.02 1
3.59 199.21 1
3.6 203.7 1
3.61 206.57 1
3.62 210.98 1
3.63 214.69 1
3.64 217.68 1
3.65 216.98 1
3.66 221.52 1
3.67 222.76 1
3.68 222.38 1
3.69 222.98 1
3.7 223.71 1
3.71 222.89 1
3.72 222.19 1
3.73 221.94 1
3.74 223.71 1
3.75 224.59 1
3.76 225.8 1
3.77 226.61 1
3.78 227.27 1
3.79 226.42 1
3.8 225.04 1
3.81 223.32 1
3.82 222.87 1
3.83 222.99 1
3.84 223.46 1
3.85 223.65 1
3.86 224.91 1
3.87 225.35 1
3.88 225.32 1
3.89 224.45 1
3.9 224.02 1
3.91 222.81 1
3.92 222.18 1
3.93 222.14 1
3.94 222.47 1
3.95 221.52 1
3.96 221.69 1
3.97 221.95 1
3.98 222.69 1
3.99 223.7 1
4.0 224.41 1
4.01 224.76 1
4.02 225.07 1
4.03 224.36 1
4.04 222.58 1
4.05 219.06 1
4.06 214.6 1
4.07 207.54 1
4.08 198.58 1
4.09 188.72 1
4.1 181.78 1
4.11 182.47 1
4.12 179.5 1
4.13 178.78 1
4.14 0.0 1
4.15 0.0 1
4.16 0.0 1
4.17 0.0 1
4.18 74.56 1
4.19 74.51 1
4.2 74.56 1
4.21 74.36 1
4.22 74.54 1
4.23 74.49 1
4.24 74.43 1
4.25 74.18 1
4.26 74.6 1
4.27 74.44 1
4.28 73.2 1
4.29 73.32 1
4.3 72.83 1
4.31 73.93 1
4.32 74.25 1
4.33 75.07 1
4.34 75.55 1
4.35 75.2 1
4.36 75.22 1
4.37 74.81 1
4.38 74.78 1
4.39 74.78 1
4.4 74.79 1
4.41 74.81 1
4.42 74.86 1
4.43 74.64 1
4.44 74.53 1
4.45 74.24 1
4.46 73.92 1
4.47 73.86 1
4.48 73.97 1
4.49 74.33 1
4.5 74.69 1
4.51 74.92 1
4.52 74.87 1
4.53 74.91 1
4.54 74.81 1
4.55 111.71 1
4.56 110.64 1
4.57 107.98 1
4.58 105.88 1
4.59 105.65 1
4.6 98.8 1
4.61 96.69 1
4.62 95.01 1
4.63 94.35 1
4.64 188.99 1
4.65 189.63 1
4.66 185.76 1
4.67 186.6 1
4.68 184.96 1
4.69 190.36 1
4.7 188.55 1
4.71 188.15 1
4.72 184.85 1
4.73 198.19 1
4.74 199.15 1
4.75 205.61 1
4.76 209.97 1
4.77 215.07 1
4.78 219.93 1
4.79 222.96 1
4.8 225.55 1
4.81 226.39 1
4.82 227.0 1
4.83 225.6 1
4.84 225.56 1
4.85 226.67 1
4.86 223.87 1
4.87 223.34 1
4.88 224.94 1
4.89 227.82 1
4.9 225.31 1
4.91 224.46 1
4.92 225.56 1
4.93 227.81 1
4.94 225.55 1
4.95 225.59 1
4.96 225.86 1
4.97 225.46 1
4.98 225.25 1
4.99 225.54 1
5.0 225.87 1
5.01 226.1 1
5.02 226.25 1
5.03 226.15 1
5.04 224.48 1
5.05 221.23 1
5.06 223.76 1
5.07 223.28 1
5.08 222.22 1
5.09 222.19 1
5.1 221.68 1
5.11 221.9 1
5.12 222.19 1
5.13 223.99 1
5.14 225.03 1
5.15 225.57 1
5.16 224.46 1
5.17 224.55 1
5.18 225.27 1
5.19 225.58 1
5.2 224.41 1
5.21 96.81 1
5.22 91.51 1
5.23 74.81 1
5.24 74.56 1
5.25 74.24 1
5.26 74.62 1
5.27 74.7 1
5.28 74.82 1
5.29 74.56 1
5.3 74.41 1
5.31 74.53 1
5.32 74.56 1
5.33 74.18 1
5.34 74.43 1
5.35 74.81 1
5.36 74.18 1
5.37 74.56 1
5.38 74.3 1
5.39 74.18 1
5.4 74.56 1
5.41 74.18 1
5.42 74.56 1
5.43 74.82 1
5.44 74.3 1
5.45 74.56 1
5.46 74.3 1
5.47 74.05 1
5.48 74.69 1
5.49 74.18 1
5.5 74.44 1
5.51 74.69 1
5.52 74.3 1
5.53 74.56 1
5.54 74.3 1
5.55 74.18 1
5.56 74.56 1
5.57 74.3 1
5.58 74.56 1
5.59 74.81 1
5.6 74.32 1
5.61 74.43 1
5.62 74.68 1
5.63 74.25 1
5.64 74.56 1
5.65 74.71 1
5.66 74.43 1
5.67 74.65 1
5.68 74.54 1
5.69 74.45 1
5.7 74.53 1
5.71 74.43 1
5.72 74.65 1
5.73 74.61 1
5.74 74.56 1
5.75 74.65 1
5.76 74.52 1
5.77 74.44 1
5.78 74.54 1
5.79 74.43 1
5.8 74.52 1
5.81 74.55 1
5.82 74.56 1
5.83 74.55 1
5.84 74.55 1
5.85 74.53 1
5.86 74.45 1
5.87 74.56 1
5.88 74.46 1
5.89 74.64 1
5.9 74.41 1
5.91 74.68 1
5.92 74.43 1
5.93 74.56 1
5.94 74.74 1
5.95 74.48 1
5.96 74.61 1
5.97 74.49 1
5.98 74.3 1
5.99 74.79 1
6.0 74.34 1
6.01 74.73 1
6.02 74.81 1
6.03 74.56 1
6.04 74.51 1
6.05 74.08 1
6.06 74.26 1
6.07 75.23 1
6.08 74.1 1
6.09 74.3 1
6.1 74.11 1
6.11 73.89 1
6.12 74.52 1
6.13 74.28 1
6.14 74.42 1
6.15 74.73 1
6.16 73.98 1
6.17 74.56 1
6.18 75.07 1
6.19 74.68 1
6.2 74.94 1
6.21 73.93 1
6.22 74.81 1
6.23 75.06 1
6.24 74.21 1
6.25 75.06 1
6.26 74.11 1
6.27 94.13 1
6.28 93.73 1
6.29 117.29 1
6.3 113.58 1
6.31 114.56 1
6.32 115.1 1
6.33 230.42 1
6.34 229.95 1
6.35 229.6 1
6.36 229.39 1
6.37 229.2 1
6.38 225.77 1
6.39 226.98 1
6.4 225.98 1
6.41 225.02 1
6.42 224.13 1
6.43 223.23 1
6.44 222.35 1
6.45 222.58 1
6.46 224.04 1
6.47 226.77 1
6.48 230.79 1
6.49 230.41 1
6.5 233.14 1
6.51 234.08 1
6.52 232.45 1
6.53 227.03 1
6.54 217.56 1
6.55 206.9 1
6.56 192.24 1
6.57 181.73 1
6.58 176.56 1
6.59 170.06 1
6.6 173.18 1
6.61 172.52 1
6.62 167.7 1
6.63 182.63 1
6.64 202.81 1
6.65 208.25 1
6.66 228.57 1
6.67 215.5 1
6.68 289.31 1
6.69 283.56 1
6.7 291.77 1
6.71 298.4 1
6.72 301.07 1
6.73 305.16 1
6.74 303.4 1
6.75 299.03 1
6.76 294.9 1
6.77 287.35 1
6.78 279.96 1
6.79 274.65 1
6.8 267.44 1
6.81 262.87 1
6.82 254.39 1
6.83 253.3 1
6.84 250.09 1
6.85 247.53 1
6.86 245.65 1
6.87 245.84 1
6.88 244.92 1
6.89 245.64 1
6.9 247.38 1
6.91 248.08 1
6.92 250.4 1
6.93 254.21 1
6.94 257.45 1
6.95 263.25 1
6.96 268.26 1
6.97 273.06 1
6.98 276.44 1
6.99 277.17 1
7.0 279.3 1
7.01 277.81 1
7.02 276.09 1
7.03 273.03 1
7.04 268.28 1
7.05 261.74 1
7.06 255.75 1
7.07 253.91 1
7.08 250.98 1
7.09 248.57 1
7.1 245.12 1
7.11 241.12 1
7.12 237.08 1
7.13 229.34 1
7.14 226.82 1
7.15 225.16 1
7.16 224.14 1
7.17 222.97 1
7.18 222.3 1
7.19 222.22 1
7.2 224.78 1
7.21 226.83 1
7.22 226.71 1
7.23 226.81 1
7.24 225.8 1
7.25 226.89 1
7.26 229.13 1
7.27 229.27 1
7.28 228.66 1
7.29 227.58 1
7.3 225.6 1
7.31 223.46 1
7.32 222.19 1
7.33 221.59 1
7.34 221.46 1
7.35 221.66 1
7.36 222.08 1
7.37 222.2 1
7.38 223.39 1
7.39 224.8 1
7.4 226.03 1
7.41 225.67 1
7.42 226.8 1
7.43 227.76 1
7.44 227.21 1
7.45 226.71 1
7.46 225.94 1
7.47 224.78 1
7.48 224.67 1
7.49 223.29 1
7.5 219.97 1
7.51 217.85 1
7.52 214.72 1
7.53 200.08 1
7.54 199.51 1
7.55 206.45 1
7.56 223.28 1
7.57 227.92 1
7.58 227.95 1
7.59 226.22 1
7.6 222.63 1
7.61 223.9 1
7.62 224.39 1
7.63 224.7 1
7.64 225.24 1
7.65 225.58 1
7.66 224.39 1
7.67 224.61 1
7.68 224.88 1
7.69 224.08 1
7.7 223.91 1
7.71 223.5 1
7.72 223.08 1
7.73 222.66 1
7.74 222.22 1
7.75 221.42 1
7.76 221.52 1
7.77 222.08 1
7.78 223.32 1
7.79 223.21 1
7.8 221.62 1
7.81 218.42 1
7.82 215.59 1
7.83 206.57 1
7.84 198.32 1
7.85 185.72 1
7.86 171.28 1
7.87 167.18 1
7.88 164.24 1
7.89 165.99 1
7.9 171.31 1
7.91 187.27 1
7.92 198.18 1
7.93 205.64 1
7.94 216.79 1
7.95 221.4 1
7.96 226.74 1
7.97 228.98 1
7.98 227.91 1
7.99 227.94 1
8.0 226.75 1
8.01 225.58 1
8.02 224.27 1
8.03 222.29 1
8.04 220.42 1
8.05 219.07 1
8.06 217.74 1
8.07 215.63 1
8.08 209.52 1
8.09 203.17 1
8.1 196.43 1
8.11 184.99 1
8.12 179.2 1
8.13 172.01 1
8.14 173.93 1
8.15 170.02 1
8.16 174.54 1
8.17 178.89 1
8.18 180.66 1
8.19 187.27 1
8.2 197.31 1
8.21 205.6 1
8.22 220.23 1
8.23 232.72 1
8.24 247.86 1
8.25 258.69 1
8.26 277.54 1
8.27 283.1 1
8.28 289.17 1
8.29 293.05 1
8.3 297.0 1
8.31 297.07 1
8.32 295.09 1
8.33 293.06 1
8.34 287.39 1
8.35 281.24 1
8.36 274.69 1
8.37 263.32 1
8.38 255.77 1
8.39 254.97 1
8.4 251.72 1
8.41 249.34 1
8.42 247.55 1
8.43 246.07 1
8.44 245.68 1
8.45 245.43 1
8.46 245.65 1
8.47 244.92 1
8.48 245.66 1
8.49 244.45 1
8.5 245.66 1
8.51 244.45 1
8.52 246.81 1
8.53 249.02 1
8.54 254.14 1
8.55 258.72 1
8.56 268.14 1
8.57 278.89 1
8.58 284.06 1
8.59 285.13 1
8.6 284.07 1
8.61 278.23 1
8.62 273.02 1
8.63 257.02 1
8.64 236.95 1
8.65 227.96 1
8.66 225.37 1
8.67 223.58 1
8.68 223.36 1
8.69 223.17 1
8.7 223.13 1
8.71 223.16 1
8.72 222.61 1
8.73 222.42 1
8.74 221.64 1
8.75 220.31 1
8.76 219.57 1
8.77 218.99 1
8.78 219.46 1
8.79 221.18 1
8.8 222.19 1
8.81 223.57 1
8.82 223.0 1
8.83 221.76 1
8.84 222.8 1
8.85 204.66 1
8.86 0.0 1
8.87 0.0 1
8.88 0.0 1
8.89 0.0 1
8.9 0.0 1
8.91 0.0 1
8.92 0.0 1
8.93 248.44 1
8.94 236.42 1
8.95 230.13 1
8.96 229.34 1
8.97 225.42 1
8.98 224.36 1
8.99 224.52 1
9.0 224.02 1
9.01 223.67 1
9.02 223.25 1
9.03 223.95 1
9.04 224.7 1
9.05 225.36 1
9.06 225.03 1
9.07 225.6 1
9.08 226.75 1
9.09 227.94 1
9.1 226.81 1
9.11 225.64 1
9.12 223.55 1
9.13 219.56 1
9.14 215.58 1
9.15 204.68 1
9.16 193.84 1
9.17 183.23 1
9.18 171.97 1
9.19 169.96 1
9.2 169.32 1
9.21 172.98 1
9.22 178.16 1
9.23 184.14 1
9.24 190.88 1
9.25 197.0 1
9.26 203.7 1
9.27 210.79 1
9.28 215.27 1
9.29 220.38 1
9.3 223.47 1
9.31 226.68 1
9.32 225.63 1
9.33 226.75 1
9.34 224.47 1
9.35 220.93 1
9.36 217.76 1
9.37 213.14 1
9.38 206.64 1
9.39 203.46 1
9.4 198.55 1
9.41 193.12 1
9.42 188.79 1
9.43 185.71 1
9.44 184.16 1
9.45 184.91 1
9.46 183.97 1
9.47 182.64 1
9.48 182.55 1
9.49 183.19 1
9.5 184.14 1
9.51 184.92 1
9.52 186.49 1
9.53 190.02 1
9.54 194.52 1
9.55 199.97 1
9.56 206.47 1
9.57 210.39 1
9.58 216.25 1
9.59 220.69 1
9.6 224.65 1
9.61 226.75 1
9.62 227.92 1
9.63 229.1 1
9.64 226.74 1
9.65 221.72 1
9.66 216.7 1
9.67 210.12 1
9.68 203.71 1
9.69 200.3 1
9.7 197.31 1
9.71 193.84 1
9.72 190.17 1
9.73 186.5 1
9.74 185.71 1
9.75 186.37 1
9.76 184.92 1
9.77 184.92 1
9.78 184.91 1
9.79 184.91 1
9.8 184.14 1
9.81 184.88 1
9.82 184.91 1
9.83 184.15 1
9.84 184.72 1
9.85 182.82 1
9.86 182.29 1
9.87 182.47 1
9.88 184.14 1
9.89 184.92 1
9.9 186.49 1
9.91 190.86 1
9.92 195.34 1
9.93 199.2 1
9.94 201.8 1
9.95 202.15 1
9.96 200.83 1
9.97 198.33 1
9.98 194.69 1
9.99 190.87 1
10.0 185.52 1
10.01 180.84 1
10.02 177.44 1
10.03 172.61 1
10.04 169.31 1
10.05 169.19 1
10.06 167.05 1
10.07 167.95 1
10.08 167.53 1
10.09 166.84 1
10.1 167.75 1
10.11 167.34 1
10.12 167.12 1
10.13 167.11 1
10.14 167.14 1
10.15 167.68 1
10.16 167.8 1
10.17 167.2 1
10.18 167.15 1
10.19 166.19 1
10.2 167.15 1
10.21 168.14 1
10.22 169.96 1
10.23 174.62 1
10.24 179.51 1
10.25 180.56 1
10.26 182.38 1
10.27 182.36 1
10.28 179.89 1
10.29 174.66 1
10.3 169.86 1
10.31 163.58 1
10.32 157.72 1
10.33 75.07 1
10.34 73.83 1
10.35 73.09 1
10.36 73.32 1
10.37 73.32 1
10.38 73.42 1
10.39 73.8 1
10.4 73.74 1
10.41 74.13 1
10.42 74.5 1
10.43 74.26 1
10.44 74.11 1
10.45 73.86 1
10.46 73.68 1
10.47 73.56 1
10.48 73.05 1
10.49 72.87 1
10.5 72.36 1
10.51 73.0 1
10.52 73.44 1
10.53 73.76 1
10.54 74.71 1
10.55 75.45 1
10.56 75.75 1
10.57 75.62 1
10.58 74.43 1
10.59 73.52 1
10.6 72.46 1
10.61 72.01 1
10.62 72.51 1
10.63 73.65 1
10.64 152.92 1
10.65 158.26 1
10.66 165.76 1
10.67 171.95 1
10.68 176.16 1
10.69 181.8 1
10.7 184.48 1
10.71 186.44 1
10.72 186.48 1
10.73 185.69 1
10.74 184.62 1
10.75 182.63 1
10.76 178.9 1
10.77 177.43 1
10.78 174.64 1
10.79 171.94 1
10.8 171.84 1
10.81 169.95 1
10.82 169.1 1
10.83 166.78 1
10.84 163.92 1
10.85 163.96 1
10.86 163.01 1
10.87 0.0 1
10.88 0.0 1
