0.01 0.0 1
0.02 0.0 1
0.03 0.0 1
0.04 0.0 1
0.05 183.85 1
0.06 180.35 1
0.07 172.31 1
0.08 167.32 1
0.09 164.2 1
0.1 159.86 1
0.11 158.37 1
0.12 158.35 1
0.13 160.46 1
0.14 164.44 1
0.15 170.63 1
0.16 181.43 1
0.17 186.47 1
0.18 205.6 1
0.19 219.86 1
0.2 227.91 1
0.21 226.74 1
0.22 225.58 1
0.23 227.45 1
0.24 223.98 1
0.25 218.86 1
0.26 205.61 1
0.27 201.63 1
0.28 191.34 1
0.29 190.81 1
0.3 188.94 1
0.31 188.09 1
0.32 187.27 1
0.33 187.46 1
0.34 187.66 1
0.35 188.25 1
0.36 188.5 1
0.37 188.07 1
0.38 189.68 1
0.39 192.15 1
0.4 190.14 1
0.41 189.64 1
0.42 189.42 1
0.43 188.07 1
0.44 187.1 1
0.45 184.15 1
0.46 185.68 1
0.47 185.9 1
0.48 185.69 1
0.49 185.7 1
0.5 187.42 1
0.51 187.28 1
0.52 186.52 1
0.53 186.48 1
0.54 168.65 1
0.55 181.55 1
0.56 186.89 1
0.57 184.85 1
0.58 179.34 1
0.59 370.85 1
0.6 383.37 1
0.61 373.99 1
0.62 360.07 1
0.63 380.52 1
0.64 378.97 1
0.65 370.09 1
0.66 365.78 1
0.67 381.82 1
0.68 377.45 1
0.69 362.97 1
0.7 363.0 1
0.71 398.38 1
0.72 197.91 1
0.73 195.55 1
0.74 192.98 1
0.75 184.71 1
0.76 181.07 1
0.77 179.53 1
0.78 178.14 1
0.79 177.42 1
0.8 176.71 1
0.81 176.04 1
0.82 177.21 1
0.83 180.37 1
0.84 184.91 1
0.85 190.57 1
0.86 195.66 1
0.87 199.61 1
0.88 201.62 1
0.89 201.1 1
0.9 199.13 1
0.91 196.69 1
0.92 193.27 1
0.93 190.24 1
0.94 186.54 1
0.95 186.18 1
0.96 184.55 1
0.97 184.88 1
0.98 186.01 1
0.99 185.72 1
1.0 186.49 1
1.01 185.73 1
1.02 185.7 1
1.03 185.51 1
1.04 184.33 1
1.05 184.72 1
1.06 184.49 1
1.07 183.88 1
1.08 183.29 1
1.09 183.91 1
1.1 184.29 1
1.11 184.15 1
1.12 184.5 1
1.13 184.68 1
1.14 185.36 1
1.15 185.75 1
1.16 187.33 1
1.17 189.74 1
1.18 194.22 1
1.19 195.02 1
1.2 195.12 1
1.21 194.15 1
1.22 189.71 1
1.23 186.5 1
1.24 181.87 1
1.25 174.0 1
1.26 168.0 1
1.27 165.14 1
1.28 164.45 1
1.29 165.27 1
1.3 165.94 1
1.31 166.7 1
1.32 167.72 1
1.33 167.82 1
1.34 169.54 1
1.35 162.43 1
1.36 165.05 1
1.37 172.6 1
1.38 168.65 1
1.39 187.52 1
1.4 178.9 1
1.41 177.77 1
1.42 189.7 1
1.43 210.57 1
1.44 212.34 1
1.45 202.2 1
1.46 198.18 1
1.47 194.63 1
1.48 182.79 1
1.49 178.12 1
1.5 170.42 1
1.51 164.53 1
1.52 163.27 1
1.53 165.77 1
1.54 169.3 1
1.55 174.48 1
1.56 180.43 1
1.57 183.98 1
1.58 184.98 1
1.59 182.77 1
1.6 179.85 1
1.61 175.32 1
1.62 167.53 1
1.63 160.1 1
1.64 153.78 1
1.65 151.74 1
1.66 153.39 1
1.67 156.14 1
1.68 163.0 1
1.69 169.97 1
1.7 178.83 1
1.71 184.15 1
1.72 192.11 1
1.73 195.64 1
1.74 196.97 1
1.75 196.91 1
1.76 194.43 1
1.77 190.83 1
1.78 184.73 1
1.79 179.83 1
1.8 176.45 1
1.81 175.35 1
1.82 176.89 1
1.83 182.06 1
1.84 189.44 1
1.85 196.92 1
1.86 203.71 1
1.87 211.88 1
1.88 219.38 1
1.89 223.29 1
1.9 223.6 1
1.91 214.99 1
1.92 207.26 1
1.93 192.83 1
1.94 183.61 1
1.95 177.58 1
1.96 177.45 1
1.97 177.5 1
1.98 180.76 1
1.99 184.13 1
2.0 188.71 1
2.01 191.97 1
2.02 191.37 1
2.03 191.34 1
2.04 187.31 1
2.05 184.18 1
2.06 182.63 1
2.07 180.1 1
2.08 178.17 1
2.09 0.0 1
2.1 0.0 1
2.11 0.0 1
2.12 0.0 1
2.13 0.0 1
2.14 0.0 1
2.15 0.0 1
2.16 0.0 1
2.17 0.0 1
2.18 0.0 1
2.19 0.0 1
2.2 225.25 1
2.21 226.77 1
2.22 230.29 1
2.23 231.51 1
2.24 229.16 1
2.25 227.99 1
2.26 229.4 1
2.27 228.69 1
2.28 228.73 1
2.29 228.4 1
2.3 227.64 1
2.31 225.6 1
2.32 225.38 1
2.33 224.83 1
2.34 224.25 1
2.35 224.36 1
2.36 225.23 1
2.37 225.76 1
2.38 226.18 1
2.39 225.59 1
2.4 225.61 1
2.41 225.31 1
2.42 224.55 1
2.43 223.81 1
2.44 222.79 1
2.45 222.24 1
2.46 221.58 1
2.47 221.65 1
2.48 221.75 1
2.49 222.04 1
2.5 223.46 1
2.51 223.61 1
2.52 223.14 1
2.53 221.86 1
2.54 216.73 1
2.55 210.16 1
2.56 207.42 1
2.57 0.0 1
2.58 74.44 1
2.59 74.52 1
2.6 74.54 1
2.61 74.63 1
2.62 74.45 1
2.63 74.08 1
2.64 74.39 1
2.65 74.59 1
2.66 74.07 1
2.67 74.56 1
2.68 74.56 1
2.69 74.49 1
2.7 74.55 1
2.71 74.31 1
2.72 74.54 1
2.73 74.6 1
2.74 74.51 1
2.75 74.55 1
2.76 74.51 1
2.77 74.5 1
2.78 74.54 1
2.79 74.48 1
2.8 74.81 1
2.81 216.99 1
2.82 217.37 1
2.83 221.3 1
2.84 222.96 1
2.85 223.46 1
2.86 223.27 1
2.87 223.24 1
2.88 223.6 1
2.89 223.34 1
2.9 223.91 1
2.91 224.36 1
2.92 224.34 1
2.93 224.88 1
2.94 225.19 1
2.95 226.74 1
2.96 227.35 1
2.97 225.61 1
2.98 224.22 1
2.99 218.0 1
3.0 207.46 1
3.01 202.91 1
3.02 180.96 1
3.03 166.65 1
3.04 159.54 1
3.05 160.1 1
3.06 166.55 1
3.07 171.68 1
3.08 183.39 1
3.09 194.72 1
3.1 206.59 1
3.11 219.11 1
3.12 224.46 1
3.13 226.75 1
3.14 226.14 1
3.15 222.25 1
3.16 216.62 1
3.17 205.6 1
3.18 194.67 1
3.19 184.4 1
3.2 180.79 1
3.21 182.37 1
3.22 188.0 1
3.23 196.41 1
3.24 221.09 1
3.25 231.51 1
3.26 255.97 1
3.27 268.07 1
3.28 281.83 1
3.29 295.0 1
3.3 304.36 1
3.31 310.14 1
3.32 309.92 1
3.33 307.3 1
3.34 294.66 1
3.35 279.8 1
3.36 263.61 1
3.37 251.55 1
3.38 242.45 1
3.39 238.07 1
3.4 238.68 1
3.41 242.02 1
3.42 247.43 1
3.43 253.53 1
3.44 264.76 1
3.45 274.75 1
3.46 284.35 1
3.47 291.21 1
3.48 297.03 1
3.49 297.5 1
3.5 285.81 1
3.51 268.89 1
3.52 251.26 1
3.53 234.85 1
3.54 228.78 1
3.55 224.77 1
3.56 223.73 1
3.57 223.77 1
3.58 223.74 1
3.59 223.69 1
3.6 224.07 1
3.61 224.6 1
3.62 225.36 1
3.63 225.26 1
3.64 224.72 1
3.65 223.96 1
3.66 224.27 1
3.67 223.97 1
3.68 223.29 1
3.69 222.83 1
3.7 222.97 1
3.71 223.3 1
3.72 223.88 1
3.73 223.71 1
3.74 222.73 1
3.75 223.23 1
3.76 211.51 1
3.77 222.53 1
3.78 219.75 1
3.79 228.0 1
3.8 221.95 1
3.81 207.28 1
3.82 185.58 1
3.83 178.17 1
3.84 164.23 1
3.85 162.4 1
3.86 162.51 1
3.87 168.66 1
3.88 179.96 1
3.89 184.94 1
3.9 198.19 1
3.91 206.57 1
3.92 214.54 1
3.93 219.64 1
3.94 220.64 1
3.95 218.67 1
3.96 213.58 1
3.97 204.55 1
3.98 194.68 1
3.99 176.93 1
4.0 174.6 1
4.01 178.85 1
4.02 184.17 1
4.03 197.25 1
4.04 211.04 1
4.05 230.33 1
4.06 245.08 1
4.07 276.47 1
4.08 285.89 1
4.09 301.03 1
4.1 308.84 1
4.11 313.55 1
4.12 309.64 1
4.13 295.07 1
4.14 277.33 1
4.15 260.2 1
4.16 250.78 1
4.17 242.02 1
4.18 243.15 1
4.19 248.76 1
4.2 255.67 1
4.21 268.86 1
4.22 276.07 1
4.23 280.12 1
4.24 280.34 1
4.25 272.9 1
4.26 262.6 1
4.27 249.25 1
4.28 229.11 1
4.29 223.46 1
4.3 222.33 1
4.31 222.68 1
4.32 225.44 1
4.33 225.63 1
4.34 226.77 1
4.35 226.78 1
4.36 225.68 1
4.37 225.64 1
4.38 223.4 1
4.39 218.89 1
4.4 0.0 1
4.41 0.0 1
4.42 0.0 1
4.43 0.0 1
4.44 0.0 1
4.45 204.29 1
4.46 202.8 1
4.47 178.9 1
4.48 168.55 1
4.49 165.79 1
4.5 169.96 1
4.51 176.05 1
4.52 184.14 1
4.53 186.56 1
4.54 196.48 1
4.55 203.03 1
4.56 209.51 1
4.57 211.9 1
4.58 213.53 1
4.59 207.78 1
4.6 201.98 1
4.61 193.76 1
4.62 179.05 1
4.63 169.16 1
4.64 169.96 1
4.65 173.68 1
4.66 182.9 1
4.67 195.04 1
4.68 202.79 1
4.69 216.34 1
4.7 226.76 1
4.71 244.66 1
4.72 245.46 1
4.73 245.19 1
4.74 239.04 1
4.75 225.58 1
4.76 205.37 1
4.77 186.48 1
4.78 178.94 1
4.79 173.91 1
4.8 176.74 1
4.81 179.32 1
4.82 184.53 1
4.83 187.33 1
4.84 195.78 1
4.85 201.63 1
4.86 203.7 1
4.87 203.7 1
4.88 200.86 1
4.89 194.89 1
4.9 186.48 1
4.91 178.17 1
4.92 168.74 1
4.93 158.94 1
4.94 156.8 1
4.95 155.56 1
4.96 157.23 1
4.97 158.37 1
4.98 162.09 1
4.99 168.05 1
5.0 173.6 1
5.01 176.25 1
5.02 179.67 1
5.03 180.33 1
5.04 179.22 1
5.05 176.05 1
5.06 171.43 1
5.07 161.94 1
5.08 156.23 1
5.09 74.27 1
5.1 73.68 1
5.11 73.56 1
5.12 73.59 1
5.13 73.98 1
5.14 73.99 1
5.15 74.41 1
5.16 73.95 1
5.17 74.21 1
5.18 74.23 1
5.19 73.93 1
5.2 73.87 1
5.21 73.56 1
5.22 73.68 1
5.23 74.12 1
5.24 73.78 1
5.25 72.44 1
5.26 72.71 1
5.27 73.95 1
5.28 74.81 1
