0.01 261.82 1
0.02 278.11 1
0.03 278.18 1
0.04 281.77 1
0.05 283.09 1
0.06 285.51 1
0.07 288.98 1
0.08 289.84 1
0.09 284.85 1
0.1 279.29 1
0.11 278.59 1
0.12 281.84 1
0.13 281.55 1
0.14 283.56 1
0.15 284.48 1
0.16 301.02 1
0.17 306.21 1
0.18 318.67 1
0.19 327.47 1
0.2 331.32 1
0.21 339.06 1
0.22 343.2 1
0.23 345.9 1
0.24 342.28 1
0.25 369.23 1
0.26 385.12 1
0.27 167.1 1
0.28 171.27 1
0.29 135.92 1
0.3 133.97 1
0.31 104.94 1
0.32 106.91 1
0.33 107.44 1
0.34 108.92 1
0.35 108.86 1
0.36 109.1 1
0.37 109.29 1
0.38 107.7 1
0.39 106.66 1
0.4 105.31 1
0.41 103.89 1
0.42 104.76 1
0.43 105.74 1
0.44 105.31 1
0.45 132.03 1
0.46 169.29 1
0.47 168.65 1
0.48 165.91 1
0.49 163.03 1
0.5 164.82 1
0.51 167.25 1
0.52 171.19 1
0.53 173.22 1
0.54 176.1 1
0.55 180.25 1
0.56 181.23 1
0.57 183.2 1
0.58 183.49 1
0.59 182.26 1
0.6 179.67 1
0.61 177.46 1
0.62 174.53 1
0.63 172.61 1
0.64 171.93 1
0.65 173.41 1
0.66 176.05 1
0.67 178.64 1
0.68 181.62 1
0.69 183.79 1
0.7 185.69 1
0.71 184.2 1
0.72 179.32 1
0.73 170.6 1
0.74 134.66 1
0.75 141.57 1
0.76 131.44 1
0.77 133.35 1
0.78 135.48 1
0.79 132.22 1
0.8 134.11 1
0.81 134.96 1
0.82 135.08 1
0.83 137.18 1
0.84 138.92 1
0.85 139.77 1
0.86 140.66 1
0.87 138.92 1
0.88 136.75 1
0.89 135.75 1
0.9 130.28 1
0.91 136.77 1
0.92 135.49 1
0.93 135.18 1
0.94 145.32 1
0.95 137.17 1
0.96 141.11 1
0.97 144.85 1
0.98 165.39 1
0.99 141.98 1
1.0 143.17 1
1.01 144.56 1
1.02 145.8 1
1.03 144.36 1
1.04 135.32 1
1.05 138.89 1
1.06 134.52 1
1.07 133.85 1
1.08 131.05 1
1.09 135.86 1
1.1 133.12 1
1.11 135.49 1
1.12 135.92 1
1.13 140.21 1
1.14 140.66 1
1.15 140.69 1
1.16 141.19 1
1.17 141.12 1
1.18 139.73 1
1.19 137.01 1
1.2 135.07 1
1.21 134.25 1
1.22 105.42 1
1.23 106.38 1
1.24 106.13 1
1.25 105.88 1
1.26 105.09 1
1.27 104.73 1
1.28 105.73 1
1.29 108.12 1
1.3 110.8 1
1.31 112.36 1
1.32 116.45 1
1.33 102.92 1
1.34 105.59 1
1.35 106.68 1
1.36 106.91 1
1.37 105.26 1
1.38 105.62 1
1.39 105.02 1
1.4 105.0 1
1.41 105.08 1
1.42 105.53 1
1.43 106.14 1
1.44 58.14 1
1.45 58.57 1
1.46 58.29 1
1.47 60.37 1
1.48 58.94 1
1.49 60.95 1
1.5 59.13 1
1.51 59.14 1
1.52 58.91 1
1.53 52.46 1
1.54 105.62 1
1.55 104.95 1
1.56 105.19 1
1.57 105.12 1
1.58 105.22 1
1.59 104.99 1
1.6 105.26 1
1.61 105.13 1
1.62 105.11 1
1.63 105.03 1
1.64 105.15 1
1.65 105.07 1
1.66 105.15 1
1.67 105.09 1
1.68 105.35 1
1.69 104.85 1
1.7 105.3 1
1.71 105.11 1
1.72 105.19 1
1.73 105.12 1
1.74 105.09 1
1.75 105.17 1
1.76 105.3 1
1.77 105.08 1
1.78 105.37 1
1.79 110.45 1
1.8 226.75 1
1.81 226.74 1
1.82 219.58 1
1.83 220.86 1
1.84 222.61 1
1.85 227.92 1
1.86 231.51 1
1.87 240.75 1
1.88 248.66 1
1.89 255.66 1
1.9 254.19 1
1.91 244.32 1
1.92 264.85 1
1.93 255.23 1
1.94 269.23 1
1.95 268.09 1
1.96 227.92 1
1.97 229.09 1
1.98 221.34 1
1.99 221.22 1
2.0 226.76 1
2.01 239.0 1
2.02 252.15 1
2.03 105.69 1
2.04 100.11 1
2.05 104.38 1
2.06 105.13 1
2.07 106.38 1
2.08 105.03 1
2.09 104.99 1
2.1 105.25 1
2.11 105.82 1
2.12 110.21 1
2.13 110.16 1
2.14 111.41 1
2.15 115.67 1
2.16 115.97 1
2.17 116.51 1
2.18 118.41 1
2.19 104.3 1
2.2 105.8 1
2.21 106.72 1
2.22 106.27 1
2.23 105.55 1
2.24 105.88 1
2.25 105.07 1
2.26 105.01 1
2.27 105.2 1
2.28 105.19 1
2.29 116.22 1
2.3 124.39 1
2.31 106.38 1
2.32 105.2 1
2.33 105.03 1
2.34 105.2 1
2.35 104.95 1
2.36 104.67 1
2.37 105.09 1
2.38 105.28 1
2.39 105.09 1
2.4 105.14 1
2.41 105.14 1
2.42 104.97 1
2.43 104.9 1
2.44 105.35 1
2.45 105.86 1
2.46 105.15 1
2.47 105.19 1
2.48 105.62 1
2.49 105.52 1
2.5 105.19 1
2.51 104.63 1
2.52 102.69 1
2.53 104.94 1
2.54 105.2 1
2.55 104.99 1
2.56 104.97 1
2.57 105.1 1
2.58 105.29 1
2.59 105.31 1
2.6 105.37 1
2.61 105.11 1
2.62 132.92 1
2.63 133.64 1
2.64 132.15 1
2.65 135.91 1
2.66 135.06 1
2.67 135.5 1
2.68 134.48 1
2.69 105.75 1
2.7 105.12 1
2.71 105.05 1
2.72 105.14 1
2.73 105.04 1
2.74 105.08 1
2.75 105.08 1
2.76 104.96 1
2.77 105.34 1
2.78 103.61 1
2.79 104.99 1
2.8 105.2 1
2.81 104.6 1
2.82 104.54 1
2.83 104.72 1
2.84 105.17 1
2.85 105.23 1
2.86 105.69 1
2.87 105.34 1
2.88 105.2 1
2.89 104.98 1
2.9 104.67 1
2.91 104.63 1
2.92 105.17 1
2.93 105.66 1
2.94 106.04 1
2.95 106.39 1
2.96 106.4 1
2.97 105.75 1
2.98 104.63 1
2.99 103.64 1
3.0 101.74 1
3.01 103.34 1
3.02 102.68 1
3.03 102.44 1
3.04 103.89 1
3.05 103.65 1
3.06 104.93 1
3.07 105.07 1
3.08 105.34 1
3.09 113.81 1
3.1 115.13 1
3.11 116.59 1
3.12 118.39 1
3.13 117.19 1
3.14 123.65 1
3.15 124.76 1
3.16 128.76 1
3.17 124.45 1
3.18 107.16 1
3.19 108.22 1
3.2 104.14 1
3.21 105.45 1
3.22 105.49 1
3.23 0.0 1
3.24 233.96 1
3.25 233.74 1
3.26 230.32 1
3.27 235.9 1
3.28 246.53 1
3.29 261.74 1
3.3 283.67 1
3.31 291.11 1
3.32 290.48 1
3.33 273.52 1
3.34 0.0 1
3.35 0.0 1
3.36 0.0 1
3.37 0.0 1
3.38 0.0 1
3.39 125.63 1
3.4 127.22 1
3.41 130.37 1
3.42 133.66 1
3.43 103.64 1
3.44 104.33 1
3.45 104.86 1
3.46 104.75 1
3.47 104.6 1
3.48 105.6 1
3.49 105.63 1
3.5 104.02 1
3.51 105.13 1
3.52 105.08 1
3.53 104.97 1
3.54 105.83 1
3.55 100.07 1
3.56 100.53 1
3.57 101.03 1
3.58 102.44 1
3.59 103.4 1
3.6 102.71 1
3.61 101.5 1
3.62 100.47 1
3.63 99.18 1
3.64 101.5 1
3.65 106.97 1
3.66 104.84 1
3.67 104.87 1
3.68 104.62 1
3.69 104.63 1
3.7 106.65 1
3.71 104.1 1
3.72 103.9 1
3.73 104.99 1
3.74 103.64 1
3.75 103.64 1
3.76 103.88 1
3.77 103.4 1
3.78 103.88 1
3.79 103.88 1
3.8 104.13 1
3.81 103.64 1
3.82 102.44 1
3.83 102.2 1
3.84 102.21 1
3.85 102.44 1
3.86 103.15 1
3.87 103.64 1
3.88 104.37 1
3.89 104.38 1
3.9 104.78 1
3.91 104.96 1
3.92 104.73 1
3.93 104.92 1
3.94 104.95 1
3.95 104.69 1
3.96 104.46 1
3.97 104.38 1
3.98 103.89 1
3.99 104.28 1
4.0 104.84 1
4.01 104.96 1
4.02 105.28 1
4.03 104.9 1
4.04 104.63 1
4.05 174.92 1
4.06 173.28 1
4.07 172.23 1
4.08 171.1 1
4.09 171.27 1
4.1 173.79 1
4.11 175.63 1
4.12 176.94 1
4.13 178.65 1
4.14 177.88 1
4.15 171.27 1
4.16 166.9 1
4.17 135.33 1
4.18 133.44 1
4.19 134.9 1
4.2 135.9 1
4.21 135.08 1
4.22 136.76 1
4.23 140.67 1
4.24 143.02 1
4.25 142.93 1
4.26 142.46 1
4.27 140.66 1
4.28 137.6 1
4.29 132.99 1
4.3 153.06 1
4.31 216.66 1
4.32 215.63 1
4.33 215.62 1
4.34 215.55 1
4.35 221.99 1
4.36 228.98 1
4.37 233.87 1
4.38 240.31 1
4.39 244.57 1
4.4 247.93 1
4.41 250.01 1
4.42 248.29 1
4.43 248.19 1
4.44 245.38 1
4.45 224.69 1
4.46 232.72 1
4.47 228.54 1
4.48 105.36 1
4.49 105.62 1
4.5 109.56 1
4.51 113.21 1
4.52 95.15 1
4.53 84.4 1
4.54 85.55 1
4.55 83.68 1
4.56 84.05 1
4.57 85.33 1
4.58 82.64 1
4.59 113.81 1
4.6 105.87 1
4.61 100.83 1
4.62 104.96 1
4.63 105.63 1
4.64 104.63 1
4.65 104.14 1
4.66 104.9 1
4.67 104.75 1
4.68 102.44 1
4.69 102.99 1
4.7 104.13 1
4.71 104.63 1
4.72 104.87 1
4.73 104.5 1
4.74 104.7 1
4.75 104.54 1
4.76 104.08 1
4.77 104.77 1
4.78 105.0 1
4.79 105.01 1
4.8 104.97 1
4.81 105.05 1
4.82 218.85 1
4.83 217.96 1
4.84 238.8 1
4.85 232.72 1
4.86 247.06 1
4.87 240.01 1
4.88 255.66 1
4.89 240.31 1
4.9 243.37 1
4.91 240.81 1
4.92 273.02 1
4.93 249.87 1
4.94 231.51 1
4.95 271.33 1
4.96 242.79 1
4.97 247.35 1
4.98 251.78 1
4.99 255.68 1
5.0 278.22 1
5.01 289.2 1
5.02 293.15 1
5.03 287.46 1
5.04 269.71 1
5.05 0.0 1
5.06 0.0 1
5.07 0.0 1
5.08 0.0 1
5.09 0.0 1
5.1 0.0 1
