0.01 281.83 1
0.02 280.02 1
0.03 281.73 1
0.04 286.18 1
0.05 286.75 1
0.06 290.02 1
0.07 296.63 1
0.08 303.21 1
0.09 311.07 1
0.1 316.1 1
0.11 320.69 1
0.12 323.63 1
0.13 327.85 1
0.14 329.13 1
0.15 331.5 1
0.16 334.97 1
0.17 334.78 1
0.18 339.99 1
0.19 340.63 1
0.2 345.97 1
0.21 351.01 1
0.22 351.42 1
0.23 357.11 1
0.24 366.78 1
0.25 378.33 1
0.26 381.71 1
0.27 381.81 1
0.28 395.12 1
0.29 394.48 1
0.3 403.83 1
0.31 404.87 1
0.32 407.91 1
0.33 410.24 1
0.34 410.27 1
0.35 412.69 1
0.36 414.09 1
0.37 414.12 1
0.38 414.11 1
0.39 410.29 1
0.4 414.09 1
0.41 414.11 1
0.42 418.04 1
0.43 418.06 1
0.44 418.07 1
0.45 418.08 1
0.46 418.06 1
0.47 418.05 1
0.48 418.04 1
0.49 418.03 1
0.5 418.01 1
0.51 414.14 1
0.52 414.13 1
0.53 414.13 1
0.54 414.14 1
0.55 414.13 1
0.56 414.11 1
0.57 414.09 1
0.58 414.1 1
0.59 414.11 1
0.6 414.14 1
0.61 414.16 1
0.62 414.17 1
0.63 417.65 1
0.64 414.17 1
0.65 414.19 1
0.66 418.03 1
0.67 414.17 1
0.68 414.17 1
0.69 414.16 1
0.7 414.16 1
0.71 414.18 1
0.72 414.22 1
0.73 414.23 1
0.74 418.08 1
0.75 418.11 1
0.76 421.19 1
0.77 418.08 1
0.78 418.1 1
0.79 418.1 1
0.8 418.07 1
0.81 418.06 1
0.82 414.23 1
0.83 418.1 1
0.84 422.01 1
0.85 418.12 1
0.86 418.11 1
0.87 414.25 1
0.88 414.24 1
0.89 418.1 1
0.9 418.13 1
0.91 414.27 1
0.92 414.24 1
0.93 414.22 1
0.94 418.08 1
0.95 418.09 1
0.96 414.24 1
0.97 414.23 1
0.98 414.2 1
0.99 414.17 1
1.0 414.12 1
1.01 410.27 1
1.02 408.18 1
1.03 402.95 1
1.04 396.69 1
1.05 386.89 1
1.06 378.51 1
1.07 375.31 1
1.08 365.98 1
1.09 360.02 1
1.1 354.23 1
1.11 348.65 1
1.12 360.82 1
1.13 345.98 1
1.14 105.53 1
1.15 104.72 1
1.16 105.12 1
1.17 104.9 1
1.18 104.98 1
1.19 104.14 1
1.2 104.63 1
1.21 104.09 1
1.22 104.63 1
1.23 210.51 1
1.24 418.13 1
1.25 418.14 1
1.26 414.26 1
1.27 418.11 1
1.28 418.07 1
1.29 418.05 1
1.3 414.18 1
1.31 410.37 1
1.32 414.15 1
1.33 414.1 1
1.34 410.27 1
1.35 408.37 1
1.36 404.65 1
1.37 401.51 1
1.38 398.92 1
1.39 390.46 1
1.4 388.54 1
1.41 379.38 1
1.42 372.14 1
1.43 365.7 1
1.44 360.63 1
1.45 357.09 1
1.46 351.45 1
1.47 348.65 1
1.48 351.4 1
1.49 345.93 1
1.5 345.89 1
1.51 349.54 1
1.52 343.23 1
1.53 343.2 1
1.54 347.64 1
1.55 342.85 1
1.56 345.89 1
1.57 343.21 1
1.58 343.15 1
1.59 345.89 1
1.6 343.21 1
1.61 345.89 1
1.62 345.53 1
1.63 345.89 1
1.64 348.64 1
1.65 345.92 1
1.66 351.43 1
1.67 357.12 1
1.68 362.76 1
1.69 365.83 1
1.7 372.12 1
1.71 372.53 1
1.72 372.14 1
1.73 368.71 1
1.74 368.88 1
1.75 367.41 1
1.76 365.95 1
1.77 361.8 1
1.78 179.2 1
1.79 178.7 1
1.8 177.58 1
1.81 177.46 1
1.82 177.46 1
1.83 175.61 1
1.84 175.66 1
1.85 176.05 1
1.86 175.55 1
1.87 175.48 1
1.88 175.42 1
1.89 175.05 1
1.9 174.12 1
1.91 173.57 1
1.92 173.28 1
1.93 171.94 1
1.94 173.74 1
1.95 174.47 1
1.96 174.6 1
1.97 175.47 1
1.98 176.62 1
1.99 177.56 1
2.0 178.68 1
2.01 179.8 1
2.02 180.96 1
2.03 181.66 1
2.04 181.62 1
2.05 180.65 1
2.06 179.63 1
2.07 178.65 1
2.08 177.46 1
2.09 175.64 1
2.1 173.36 1
2.11 169.95 1
2.12 167.98 1
2.13 164.94 1
2.14 163.62 1
2.15 321.38 1
2.16 305.31 1
2.17 293.2 1
2.18 291.24 1
2.19 293.08 1
2.2 291.12 1
2.21 290.45 1
2.22 287.87 1
2.23 283.66 1
2.24 280.26 1
2.25 280.34 1
2.26 280.03 1
2.27 279.13 1
2.28 276.57 1
2.29 279.96 1
2.3 276.52 1
2.31 261.76 1
2.32 272.84 1
2.33 137.04 1
2.34 135.26 1
2.35 136.86 1
2.36 136.89 1
2.37 135.58 1
2.38 139.78 1
2.39 136.32 1
2.4 137.16 1
2.41 142.04 1
2.42 139.93 1
2.43 140.16 1
2.44 139.33 1
2.45 138.46 1
2.46 138.4 1
2.47 137.42 1
2.48 137.92 1
2.49 136.83 1
2.5 136.3 1
2.51 138.03 1
2.52 138.46 1
2.53 141.55 1
2.54 143.26 1
2.55 138.46 1
2.56 142.95 1
2.57 141.57 1
2.58 137.61 1
2.59 140.67 1
2.6 138.46 1
2.61 136.74 1
2.62 139.33 1
2.63 138.46 1
2.64 136.48 1
2.65 138.89 1
2.66 139.36 1
2.67 136.44 1
2.68 138.02 1
2.69 138.9 1
2.7 136.94 1
2.71 142.03 1
2.72 141.58 1
2.73 145.31 1
2.74 143.88 1
2.75 152.81 1
2.76 127.28 1
2.77 129.89 1
2.78 134.25 1
2.79 135.08 1
2.8 124.74 1
2.81 129.14 1
2.82 130.78 1
2.83 134.66 1
2.84 136.32 1
2.85 137.27 1
2.86 137.58 1
2.87 136.78 1
2.88 136.75 1
2.89 136.05 1
2.9 135.4 1
2.91 134.66 1
2.92 132.08 1
2.93 132.02 1
2.94 131.44 1
2.95 128.38 1
2.96 128.38 1
2.97 126.94 1
2.98 125.53 1
2.99 125.22 1
3.0 180.21 1
3.01 179.25 1
3.02 177.22 1
3.03 178.18 1
3.04 178.9 1
3.05 178.09 1
3.06 177.17 1
3.07 176.75 1
3.08 176.7 1
3.09 177.86 1
3.1 176.83 1
3.11 174.65 1
3.12 174.51 1
3.13 178.18 1
3.14 178.18 1
3.15 179.19 1
3.16 181.25 1
3.17 183.37 1
3.18 185.69 1
3.19 185.72 1
3.2 187.27 1
3.21 187.86 1
3.22 185.7 1
3.23 187.27 1
3.24 183.74 1
3.25 179.83 1
3.26 178.18 1
3.27 173.28 1
3.28 167.47 1
3.29 163.19 1
3.3 158.92 1
3.31 153.9 1
3.32 147.74 1
3.33 143.69 1
3.34 289.01 1
3.35 280.13 1
3.36 289.6 1
3.37 278.23 1
3.38 270.09 1
3.39 295.0 1
3.4 276.78 1
3.41 274.82 1
3.42 281.76 1
3.43 279.96 1
3.44 275.38 1
3.45 274.94 1
3.46 281.65 1
3.47 277.98 1
3.48 275.41 1
3.49 276.54 1
3.5 279.3 1
3.51 104.91 1
3.52 105.18 1
3.53 105.4 1
3.54 105.1 1
3.55 105.11 1
3.56 105.34 1
3.57 105.24 1
3.58 105.25 1
3.59 138.86 1
3.6 279.97 1
3.61 277.9 1
3.62 292.31 1
3.63 276.4 1
3.64 276.22 1
3.65 276.48 1
3.66 278.18 1
3.67 276.65 1
3.68 276.48 1
3.69 276.47 1
3.7 278.17 1
3.71 276.46 1
3.72 278.18 1
3.73 276.46 1
3.74 276.45 1
3.75 274.76 1
3.76 276.48 1
3.77 278.21 1
3.78 279.98 1
3.79 280.75 1
3.8 282.67 1
3.81 282.33 1
3.82 282.47 1
3.83 281.32 1
3.84 278.99 1
3.85 278.2 1
3.86 276.44 1
3.87 271.36 1
3.88 260.24 1
3.89 252.31 1
3.9 249.54 1
3.91 245.66 1
3.92 241.63 1
3.93 236.47 1
3.94 234.74 1
3.95 231.53 1
3.96 233.6 1
3.97 233.96 1
3.98 233.95 1
3.99 238.1 1
4.0 243.94 1
4.01 246.04 1
4.02 252.59 1
4.03 255.68 1
4.04 260.19 1
4.05 271.37 1
4.06 274.75 1
4.07 279.63 1
4.08 283.51 1
4.09 283.33 1
4.1 283.7 1
4.11 281.8 1
4.12 278.53 1
4.13 276.48 1
4.14 273.04 1
4.15 263.31 1
4.16 257.17 1
4.17 255.65 1
4.18 254.18 1
4.19 255.66 1
4.2 251.87 1
4.21 251.23 1
4.22 251.61 1
4.23 248.65 1
4.24 248.13 1
4.25 247.83 1
4.26 246.66 1
4.27 247.42 1
4.28 245.84 1
4.29 245.24 1
4.3 246.37 1
4.31 248.02 1
4.32 250.33 1
4.33 254.14 1
4.34 255.68 1
4.35 255.69 1
4.36 260.25 1
4.37 278.0 1
4.38 291.17 1
4.39 291.16 1
4.4 285.33 1
4.41 258.7 1
4.42 244.32 1
4.43 234.66 1
4.44 233.45 1
4.45 232.72 1
4.46 229.11 1
4.47 231.41 1
4.48 231.51 1
4.49 231.51 1
4.5 230.3 1
4.51 231.51 1
4.52 231.51 1
4.53 232.73 1
4.54 236.52 1
4.55 240.31 1
4.56 241.64 1
4.57 241.4 1
4.58 241.64 1
4.59 240.48 1
4.6 239.02 1
4.61 238.05 1
4.62 236.8 1
4.63 233.96 1
4.64 229.12 1
4.65 104.76 1
4.66 105.02 1
4.67 104.5 1
4.68 105.26 1
4.69 105.06 1
4.7 105.14 1
4.71 105.05 1
4.72 105.2 1
4.73 105.0 1
4.74 105.17 1
4.75 105.09 1
4.76 105.12 1
4.77 105.09 1
4.78 105.1 1
4.79 105.16 1
4.8 105.05 1
4.81 105.14 1
4.82 105.03 1
4.83 104.89 1
4.84 104.96 1
4.85 105.63 1
4.86 104.63 1
4.87 105.23 1
4.88 105.88 1
4.89 105.63 1
4.9 105.14 1
4.91 123.7 1
4.92 125.52 1
4.93 124.96 1
4.94 125.3 1
4.95 126.03 1
4.96 126.42 1
4.97 126.47 1
4.98 126.49 1
4.99 126.17 1
5.0 126.76 1
5.01 126.55 1
5.02 126.18 1
5.03 125.62 1
5.04 250.01 1
5.05 248.12 1
5.06 246.47 1
5.07 242.96 1
5.08 241.62 1
5.09 237.71 1
5.1 233.96 1
5.11 229.12 1
5.12 231.51 1
5.13 226.81 1
5.14 227.94 1
5.15 230.3 1
5.16 225.62 1
5.17 230.31 1
5.18 233.95 1
5.19 227.98 1
5.2 235.44 1
5.21 241.6 1
5.22 242.97 1
5.23 245.97 1
5.24 247.04 1
5.25 252.56 1
5.26 255.5 1
5.27 257.14 1
5.28 260.22 1
5.29 263.58 1
5.3 263.99 1
5.31 258.74 1
5.32 260.2 1
5.33 257.18 1
5.34 256.65 1
5.35 252.08 1
5.36 250.13 1
5.37 247.05 1
5.38 245.68 1
5.39 245.63 1
5.4 245.64 1
5.41 242.93 1
5.42 240.28 1
5.43 241.59 1
5.44 236.45 1
5.45 233.67 1
5.46 232.74 1
5.47 234.22 1
5.48 234.28 1
5.49 230.32 1
5.5 237.69 1
5.51 236.45 1
5.52 241.59 1
5.53 239.01 1
5.54 244.3 1
5.55 247.56 1
5.56 252.72 1
5.57 257.16 1
5.58 260.23 1
5.59 269.72 1
5.6 273.29 1
5.61 276.59 1
5.62 278.46 1
5.63 280.47 1
5.64 283.76 1
5.65 282.46 1
5.66 283.85 1
5.67 281.74 1
5.68 279.15 1
5.69 278.23 1
5.7 276.45 1
5.71 271.85 1
5.72 271.38 1
5.73 269.72 1
5.74 267.21 1
5.75 260.26 1
5.76 260.24 1
5.77 260.2 1
5.78 254.19 1
5.79 254.19 1
5.8 253.75 1
5.81 246.78 1
5.82 245.37 1
5.83 245.68 1
5.84 242.97 1
5.85 244.31 1
5.86 240.31 1
5.87 237.8 1
5.88 239.0 1
5.89 239.02 1
5.9 233.99 1
5.91 239.0 1
5.92 237.68 1
5.93 237.78 1
5.94 237.29 1
5.95 238.8 1
5.96 235.15 1
5.97 236.49 1
5.98 234.95 1
5.99 236.36 1
6.0 235.71 1
6.01 235.95 1
6.02 236.58 1
6.03 236.81 1
6.04 238.27 1
6.05 239.75 1
6.06 240.01 1
6.07 245.42 1
6.08 249.3 1
6.09 251.5 1
6.1 250.0 1
6.11 249.58 1
6.12 248.57 1
6.13 243.45 1
6.14 237.65 1
6.15 235.2 1
6.16 237.73 1
6.17 233.81 1
6.18 234.25 1
6.19 229.11 1
6.2 230.3 1
6.21 231.51 1
6.22 232.72 1
6.23 230.31 1
6.24 104.84 1
6.25 105.09 1
6.26 104.99 1
6.27 105.12 1
6.28 105.16 1
6.29 105.03 1
6.3 105.17 1
6.31 104.97 1
6.32 105.25 1
6.33 105.03 1
6.34 105.14 1
6.35 105.19 1
6.36 104.99 1
6.37 105.07 1
6.38 105.14 1
6.39 105.03 1
6.4 105.17 1
6.41 105.13 1
6.42 105.13 1
6.43 105.13 1
6.44 105.14 1
6.45 105.15 1
6.46 104.96 1
6.47 105.17 1
6.48 105.29 1
6.49 105.14 1
6.5 105.01 1
6.51 105.14 1
6.52 105.33 1
6.53 105.56 1
6.54 105.56 1
6.55 105.63 1
6.56 105.12 1
6.57 107.95 1
6.58 250.72 1
6.59 235.04 1
6.6 241.59 1
6.61 239.78 1
6.62 245.96 1
6.63 264.89 1
6.64 253.73 1
6.65 251.69 1
6.66 249.89 1
6.67 248.63 1
6.68 250.67 1
6.69 244.31 1
6.7 245.65 1
6.71 230.63 1
6.72 227.04 1
6.73 216.76 1
6.74 105.77 1
6.75 104.63 1
6.76 105.0 1
6.77 104.97 1
6.78 104.63 1
6.79 104.86 1
6.8 103.89 1
6.81 102.92 1
6.82 104.88 1
6.83 104.63 1
6.84 104.03 1
6.85 104.38 1
6.86 105.01 1
6.87 105.22 1
6.88 105.3 1
6.89 105.81 1
6.9 88.29 1
6.91 76.11 1
6.92 77.17 1
6.93 77.44 1
6.94 77.23 1
6.95 76.36 1
6.96 76.74 1
6.97 77.1 1
6.98 76.48 1
6.99 76.46 1
7.0 76.79 1
7.01 76.76 1
7.02 77.42 1
7.03 105.61 1
7.04 104.85 1
7.05 104.88 1
7.06 105.62 1
7.07 104.99 1
7.08 105.12 1
7.09 105.19 1
7.1 105.09 1
7.11 105.17 1
7.12 105.05 1
7.13 105.2 1
7.14 105.1 1
7.15 105.14 1
7.16 105.19 1
7.17 105.16 1
7.18 105.1 1
7.19 105.17 1
7.2 105.13 1
7.21 105.12 1
7.22 105.13 1
7.23 105.14 1
7.24 105.11 1
7.25 105.15 1
7.26 105.13 1
7.27 105.05 1
7.28 105.17 1
7.29 105.35 1
7.3 105.04 1
7.31 105.49 1
7.32 105.22 1
7.33 105.05 1
7.34 106.64 1
7.35 104.76 1
7.36 105.88 1
7.37 105.41 1
7.38 105.12 1
7.39 106.13 1
7.4 104.63 1
7.41 106.89 1
7.42 103.9 1
7.43 111.79 1
7.44 104.63 1
7.45 104.63 1
7.46 104.89 1
7.47 104.97 1
7.48 105.3 1
7.49 105.17 1
7.5 105.18 1
7.51 104.89 1
7.52 105.09 1
7.53 104.75 1
7.54 104.9 1
7.55 105.59 1
7.56 102.69 1
7.57 104.92 1
7.58 104.87 1
7.59 104.53 1
7.6 134.66 1
7.61 131.05 1
7.62 124.04 1
7.63 111.65 1
7.64 105.18 1
7.65 105.11 1
7.66 104.91 1
7.67 105.36 1
7.68 105.52 1
7.69 104.93 1
7.7 105.88 1
7.71 127.65 1
7.72 131.21 1
7.73 132.81 1
7.74 133.96 1
7.75 134.23 1
7.76 135.51 1
7.77 138.58 1
7.78 139.83 1
7.79 140.01 1
7.8 139.95 1
7.81 140.65 1
7.82 140.21 1
7.83 140.21 1
7.84 140.2 1
7.85 139.76 1
7.86 138.32 1
7.87 138.89 1
7.88 138.58 1
7.89 138.47 1
7.9 138.32 1
7.91 138.51 1
7.92 139.77 1
7.93 139.78 1
7.94 140.66 1
7.95 140.65 1
7.96 140.24 1
7.97 140.67 1
7.98 140.35 1
7.99 141.12 1
8.0 141.56 1
8.01 141.1 1
8.02 140.66 1
8.03 140.22 1
8.04 139.26 1
8.05 140.65 1
8.06 139.77 1
8.07 139.77 1
8.08 140.2 1
8.09 139.76 1
8.1 139.57 1
8.11 140.21 1
8.12 139.84 1
8.13 139.18 1
8.14 136.33 1
8.15 105.04 1
8.16 104.93 1
8.17 105.12 1
8.18 105.04 1
8.19 105.08 1
8.2 105.06 1
8.21 104.89 1
8.22 105.41 1
8.23 104.99 1
8.24 105.09 1
8.25 105.09 1
8.26 104.87 1
8.27 105.09 1
8.28 105.07 1
8.29 104.84 1
8.3 105.19 1
8.31 104.94 1
8.32 104.82 1
8.33 105.28 1
8.34 105.1 1
8.35 105.01 1
8.36 104.99 1
8.37 105.0 1
8.38 105.18 1
8.39 105.03 1
8.4 105.12 1
8.41 105.01 1
8.42 105.16 1
8.43 105.12 1
8.44 105.02 1
8.45 105.03 1
8.46 105.09 1
8.47 0.0 1
8.48 279.97 1
8.49 278.19 1
8.5 276.48 1
8.51 278.35 1
8.52 280.16 1
8.53 280.72 1
8.54 281.63 1
8.55 281.17 1
8.56 280.68 1
8.57 280.65 1
8.58 279.78 1
8.59 280.4 1
8.6 280.86 1
8.61 280.43 1
8.62 279.7 1
8.63 279.3 1
8.64 279.97 1
8.65 278.42 1
8.66 278.96 1
8.67 280.61 1
8.68 281.01 1
8.69 281.27 1
8.7 282.07 1
8.71 282.51 1
8.72 283.2 1
8.73 284.51 1
8.74 285.07 1
8.75 284.39 1
8.76 283.01 1
8.77 105.57 1
8.78 105.41 1
8.79 105.66 1
8.8 105.46 1
8.81 105.6 1
8.82 105.23 1
8.83 105.88 1
8.84 127.76 1
8.85 128.39 1
8.86 131.65 1
8.87 135.49 1
8.88 417.31 1
8.89 422.01 1
8.9 422.08 1
8.91 422.08 1
8.92 418.07 1
8.93 417.08 1
8.94 414.07 1
8.95 410.89 1
8.96 407.51 1
8.97 405.79 1
8.98 401.91 1
8.99 393.79 1
9.0 386.21 1
9.01 378.66 1
9.02 378.52 1
9.03 372.14 1
9.04 364.94 1
9.05 357.12 1
9.06 348.73 1
9.07 351.46 1
9.08 351.45 1
9.09 351.46 1
9.1 351.43 1
9.11 348.69 1
9.12 352.46 1
9.13 353.61 1
9.14 351.43 1
9.15 348.66 1
9.16 348.65 1
9.17 351.4 1
9.18 351.4 1
9.19 348.65 1
9.2 345.95 1
9.21 348.67 1
9.22 354.23 1
9.23 357.09 1
9.24 359.02 1
9.25 362.97 1
9.26 369.0 1
9.27 372.14 1
9.28 378.41 1
9.29 375.29 1
9.3 371.56 1
9.31 367.38 1
9.32 357.15 1
9.33 348.64 1
9.34 335.35 1
9.35 318.33 1
9.36 295.12 1
9.37 291.18 1
9.38 287.77 1
9.39 284.7 1
9.4 279.57 1
9.41 280.05 1
9.42 279.98 1
9.43 279.35 1
9.44 278.2 1
9.45 278.2 1
9.46 276.49 1
9.47 278.18 1
9.48 275.35 1
9.49 276.44 1
9.5 273.05 1
9.51 274.72 1
9.52 274.72 1
9.53 274.7 1
9.54 273.04 1
9.55 271.37 1
9.56 273.03 1
9.57 271.44 1
9.58 274.71 1
9.59 274.74 1
9.6 276.46 1
9.61 278.19 1
9.62 278.2 1
9.63 278.22 1
9.64 280.65 1
9.65 281.26 1
9.66 280.04 1
9.67 279.11 1
9.68 278.22 1
9.69 278.19 1
9.7 274.92 1
9.71 276.44 1
9.72 276.44 1
9.73 276.43 1
9.74 273.06 1
9.75 271.38 1
9.76 271.37 1
9.77 267.29 1
9.78 257.21 1
9.79 261.1 1
9.8 254.19 1
9.81 253.13 1
9.82 250.16 1
9.83 249.23 1
9.84 247.9 1
9.85 249.72 1
9.86 249.67 1
9.87 248.92 1
9.88 252.03 1
9.89 252.58 1
9.9 252.81 1
9.91 254.68 1
9.92 254.21 1
9.93 255.67 1
9.94 257.19 1
9.95 265.78 1
9.96 277.12 1
9.97 295.1 1
9.98 301.12 1
9.99 285.57 1
10.0 276.35 1
10.01 243.91 1
10.02 229.97 1
10.03 225.99 1
10.04 226.74 1
10.05 231.5 1
10.06 229.1 1
10.07 229.11 1
10.08 232.55 1
10.09 227.93 1
10.1 227.94 1
10.11 229.11 1
10.12 227.94 1
10.13 227.96 1
10.14 231.51 1
10.15 231.51 1
10.16 237.96 1
10.17 240.32 1
10.18 241.63 1
10.19 240.32 1
10.2 240.99 1
10.21 241.64 1
10.22 238.1 1
10.23 237.82 1
10.24 240.52 1
10.25 244.07 1
10.26 239.02 1
10.27 230.3 1
10.28 104.83 1
10.29 105.21 1
10.3 105.44 1
10.31 105.13 1
10.32 105.14 1
10.33 105.4 1
10.34 104.85 1
10.35 105.41 1
10.36 105.17 1
10.37 105.4 1
10.38 104.39 1
10.39 117.88 1
10.4 237.23 1
10.41 236.29 1
10.42 235.47 1
10.43 235.71 1
10.44 234.76 1
10.45 234.73 1
10.46 236.44 1
10.47 234.13 1
10.48 229.14 1
10.49 232.62 1
10.5 226.76 1
10.51 227.91 1
10.52 231.1 1
10.53 227.92 1
10.54 233.8 1
10.55 235.99 1
10.56 238.02 1
10.57 243.68 1
10.58 249.52 1
10.59 263.32 1
10.6 278.44 1
10.61 280.38 1
10.62 289.23 1
10.63 269.57 1
10.64 232.73 1
10.65 218.18 1
10.66 186.06 1
10.67 198.17 1
10.68 185.71 1
10.69 104.94 1
10.7 92.56 1
10.71 86.38 1
10.72 104.45 1
10.73 105.53 1
10.74 105.58 1
10.75 105.61 1
10.76 104.67 1
10.77 104.73 1
10.78 105.01 1
10.79 137.07 1
10.8 288.94 1
10.81 287.31 1
10.82 290.72 1
10.83 287.31 1
10.84 292.08 1
10.85 285.33 1
10.86 284.63 1
10.87 282.44 1
10.88 280.88 1
10.89 280.2 1
10.9 277.63 1
10.91 276.47 1
10.92 273.29 1
10.93 273.05 1
10.94 270.97 1
10.95 273.04 1
10.96 273.04 1
10.97 270.21 1
10.98 269.98 1
10.99 271.73 1
11.0 273.41 1
11.01 274.8 1
11.02 275.94 1
11.03 281.6 1
11.04 280.17 1
11.05 0.0 1
11.06 0.0 1
11.07 0.0 1
11.08 104.68 1
11.09 105.05 1
11.1 104.55 1
11.11 105.1 1
11.12 105.04 1
11.13 105.05 1
11.14 105.16 1
11.15 104.73 1
11.16 105.61 1
11.17 105.52 1
11.18 87.65 1
11.19 176.78 1
11.2 178.04 1
11.21 177.62 1
11.22 351.42 1
11.23 348.63 1
11.24 348.79 1
11.25 345.95 1
11.26 343.21 1
11.27 345.58 1
11.28 343.2 1
11.29 344.79 1
11.3 345.37 1
11.31 345.88 1
11.32 345.91 1
11.33 345.92 1
11.34 348.63 1
11.35 348.65 1
11.36 351.4 1
11.37 354.22 1
11.38 355.5 1
11.39 354.26 1
11.4 354.27 1
11.41 357.1 1
11.42 358.13 1
11.43 351.5 1
11.44 348.7 1
11.45 351.43 1
11.46 351.29 1
11.47 345.94 1
11.48 343.2 1
11.49 338.92 1
11.5 332.64 1
11.51 327.68 1
11.52 324.16 1
11.53 323.37 1
11.54 324.24 1
11.55 324.81 1
11.56 327.62 1
11.57 333.29 1
11.58 338.18 1
11.59 343.1 1
11.6 345.94 1
11.61 348.7 1
11.62 356.16 1
11.63 351.54 1
11.64 357.15 1
11.65 354.28 1
11.66 354.25 1
11.67 354.24 1
11.68 351.52 1
11.69 348.75 1
11.7 346.01 1
11.71 348.8 1
11.72 357.04 1
11.73 358.75 1
11.74 359.54 1
11.75 357.19 1
11.76 360.01 1
11.77 354.33 1
11.78 348.72 1
11.79 348.69 1
11.8 345.92 1
11.81 345.93 1
11.82 351.52 1
11.83 357.42 1
11.84 0.0 1
11.85 0.0 1
11.86 105.36 1
11.87 104.57 1
11.88 103.89 1
11.89 106.06 1
11.9 104.37 1
11.91 105.1 1
11.92 105.48 1
11.93 104.51 1
11.94 104.5 1
11.95 103.25 1
11.96 103.4 1
11.97 104.37 1
11.98 104.37 1
11.99 104.17 1
12.0 104.37 1
12.01 104.38 1
12.02 104.37 1
12.03 206.59 1
12.04 414.09 1
12.05 414.09 1
12.06 414.14 1
12.07 414.15 1
12.08 410.4 1
12.09 414.17 1
12.1 418.01 1
12.11 414.19 1
12.12 417.49 1
12.13 417.8 1
12.14 414.2 1
12.15 418.01 1
12.16 414.18 1
12.17 414.14 1
12.18 414.14 1
12.19 410.39 1
12.2 414.18 1
12.21 418.04 1
12.22 414.23 1
12.23 414.25 1
12.24 418.09 1
12.25 414.26 1
12.26 414.27 1
12.27 418.1 1
12.28 418.09 1
12.29 418.07 1
12.3 414.23 1
12.31 418.06 1
12.32 414.26 1
12.33 414.28 1
12.34 414.29 1
12.35 414.27 1
12.36 418.06 1
12.37 414.24 1
12.38 414.26 1
12.39 414.27 1
12.4 414.18 1
12.41 410.3 1
12.42 410.24 1
12.43 406.66 1
12.44 400.3 1
12.45 393.16 1
12.46 384.03 1
12.47 184.85 1
12.48 179.49 1
12.49 176.2 1
12.5 173.82 1
12.51 172.69 1
12.52 173.17 1
12.53 104.49 1
12.54 105.23 1
12.55 104.84 1
12.56 104.87 1
12.57 104.88 1
12.58 104.96 1
12.59 104.88 1
12.6 105.01 1
12.61 105.24 1
12.62 105.3 1
