0.01 114.11 1
0.02 119.36 1
0.03 123.7 1
0.04 126.11 1
0.05 126.91 1
0.06 126.5 1
0.07 123.78 1
0.08 121.09 1
0.09 113.23 1
0.1 108.95 1
0.11 106.14 1
0.12 103.99 1
0.13 104.13 1
0.14 102.52 1
0.15 103.88 1
0.16 104.38 1
0.17 105.45 1
0.18 105.56 1
0.19 104.88 1
0.2 105.23 1
0.21 105.16 1
0.22 105.25 1
0.23 105.05 1
0.24 105.26 1
0.25 105.14 1
0.26 105.31 1
0.27 105.02 1
0.28 105.2 1
0.29 104.95 1
0.3 105.13 1
0.31 105.0 1
0.32 105.08 1
0.33 105.12 1
0.34 105.28 1
0.35 104.99 1
0.36 105.15 1
0.37 105.18 1
0.38 105.06 1
0.39 105.1 1
0.4 105.16 1
0.41 105.18 1
0.42 105.1 1
0.43 105.05 1
0.44 0.0 1
0.45 348.62 1
0.46 339.38 1
0.47 338.26 1
0.48 333.54 1
0.49 338.08 1
0.5 340.58 1
0.51 343.26 1
0.52 348.74 1
0.53 360.06 1
0.54 372.06 1
0.55 378.53 1
0.56 386.03 1
0.57 396.55 1
0.58 403.38 1
0.59 410.25 1
0.6 410.36 1
0.61 414.25 1
0.62 418.19 1
0.63 414.27 1
0.64 414.24 1
0.65 414.21 1
0.66 414.19 1
0.67 410.35 1
0.68 414.13 1
0.69 410.25 1
0.7 398.72 1
0.71 0.0 1
0.72 0.0 1
0.73 0.0 1
0.74 0.0 1
0.75 0.0 1
0.76 399.67 1
0.77 409.32 1
0.78 414.14 1
0.79 414.22 1
0.8 414.27 1
0.81 414.28 1
0.82 418.18 1
0.83 414.31 1
0.84 418.17 1
0.85 418.2 1
0.86 418.29 1
0.87 418.45 1
0.88 430.24 1
0.89 479.62 1
0.9 466.37 1
0.91 465.46 1
0.92 475.45 1
0.93 481.25 1
0.94 483.09 1
0.95 487.27 1
0.96 483.5 1
0.97 479.1 1
0.98 498.1 1
0.99 483.35 1
1.0 479.85 1
1.01 479.78 1
1.02 478.47 1
1.03 494.88 1
1.04 506.54 1
1.05 515.8 1
1.06 518.63 1
1.07 516.84 1
1.08 520.8 1
1.09 526.26 1
1.1 528.22 1
1.11 523.4 1
1.12 511.21 1
1.13 497.13 1
1.14 492.8 1
1.15 522.25 1
1.16 510.25 1
1.17 506.48 1
1.18 512.81 1
1.19 452.28 1
1.2 418.18 1
1.21 422.16 1
1.22 422.2 1
1.23 426.23 1
1.24 426.21 1
1.25 418.28 1
1.26 426.27 1
1.27 422.24 1
1.28 422.22 1
1.29 430.32 1
1.3 426.36 1
1.31 434.62 1
1.32 426.37 1
1.33 426.35 1
1.34 422.31 1
1.35 443.18 1
1.36 466.56 1
1.37 461.93 1
1.38 473.76 1
1.39 474.88 1
1.4 475.94 1
1.41 476.75 1
1.42 474.57 1
1.43 471.07 1
1.44 469.43 1
1.45 469.85 1
1.46 470.28 1
1.47 468.19 1
1.48 465.82 1
1.49 466.49 1
1.5 464.68 1
1.51 466.87 1
1.52 471.62 1
1.53 481.5 1
1.54 496.19 1
1.55 500.61 1
1.56 502.9 1
1.57 503.74 1
1.58 498.92 1
1.59 499.46 1
1.6 478.01 1
1.61 443.27 1
1.62 497.7 1
1.63 475.35 1
1.64 410.29 1
1.65 401.14 1
1.66 407.53 1
1.67 412.09 1
1.68 418.19 1
1.69 456.8 1
1.7 480.65 1
1.71 452.14 1
1.72 522.79 1
1.73 528.15 1
1.74 528.17 1
1.75 528.41 1
1.76 496.57 1
1.77 452.24 1
1.78 447.7 1
1.79 452.09 1
1.8 410.32 1
1.81 414.12 1
1.82 418.01 1
1.83 422.09 1
1.84 434.51 1
1.85 441.76 1
1.86 439.58 1
1.87 429.51 1
1.88 438.56 1
1.89 461.68 1
1.9 481.91 1
1.91 521.9 1
1.92 359.69 1
1.93 357.1 1
1.94 342.58 1
1.95 350.49 1
1.96 345.97 1
1.97 348.68 1
1.98 351.54 1
1.99 348.7 1
2.0 337.11 1
2.01 289.34 1
2.02 251.26 1
2.03 251.15 1
2.04 247.04 1
2.05 251.22 1
2.06 248.42 1
2.07 274.8 1
2.08 278.6 1
2.09 284.09 1
2.1 287.73 1
2.11 288.15 1
2.12 284.66 1
2.13 281.64 1
2.14 280.27 1
2.15 279.58 1
2.16 281.08 1
2.17 287.33 1
2.18 291.13 1
2.19 281.86 1
2.2 287.38 1
2.21 316.16 1
2.22 329.34 1
2.23 336.09 1
2.24 342.47 1
2.25 345.92 1
2.26 345.9 1
2.27 345.9 1
2.28 347.81 1
2.29 338.25 1
2.3 345.89 1
2.31 372.28 1
2.32 0.0 1
2.33 0.0 1
2.34 0.0 1
2.35 0.0 1
2.36 0.0 1
2.37 0.0 1
2.38 0.0 1
2.39 424.55 1
2.4 424.89 1
2.41 422.02 1
2.42 418.09 1
2.43 422.06 1
2.44 422.08 1
2.45 426.1 1
2.46 422.05 1
2.47 418.08 1
2.48 418.1 1
2.49 414.19 1
2.5 414.21 1
2.51 418.07 1
2.52 414.21 1
2.53 414.21 1
2.54 418.06 1
2.55 414.21 1
2.56 418.1 1
2.57 422.09 1
2.58 422.07 1
2.59 414.24 1
2.6 414.12 1
2.61 201.84 1
2.62 105.75 1
2.63 105.2 1
2.64 105.54 1
2.65 104.72 1
2.66 105.11 1
2.67 105.27 1
2.68 104.9 1
2.69 104.99 1
2.7 105.14 1
2.71 105.01 1
2.72 105.2 1
2.73 105.07 1
2.74 105.09 1
2.75 105.09 1
2.76 105.14 1
2.77 105.19 1
2.78 105.02 1
2.79 105.16 1
2.8 105.13 1
2.81 105.18 1
2.82 105.33 1
2.83 104.1 1
2.84 198.35 1
2.85 201.52 1
2.86 203.71 1
2.87 204.67 1
2.88 206.59 1
2.89 207.56 1
2.9 206.57 1
2.91 203.45 1
2.92 200.37 1
2.93 276.46 1
2.94 279.6 1
2.95 348.48 1
2.96 345.88 1
2.97 344.52 1
2.98 339.42 1
2.99 339.08 1
3.0 348.18 1
3.01 354.25 1
3.02 360.05 1
3.03 366.14 1
3.04 360.09 1
3.05 351.53 1
3.06 343.29 1
3.07 340.54 1
3.08 329.97 1
3.09 0.0 1
3.1 0.0 1
3.11 351.42 1
3.12 360.81 1
3.13 386.33 1
3.14 414.2 1
3.15 496.75 1
3.16 528.95 1
3.17 533.52 1
3.18 532.57 1
3.19 532.16 1
3.2 519.65 1
3.21 522.36 1
3.22 523.8 1
3.23 528.17 1
3.24 206.56 1
3.25 206.56 1
3.26 205.6 1
3.27 204.43 1
3.28 203.7 1
3.29 203.71 1
3.3 203.74 1
3.31 208.52 1
3.32 210.28 1
3.33 210.51 1
3.34 209.28 1
3.35 208.19 1
3.36 212.53 1
3.37 200.01 1
3.38 171.21 1
3.39 168.52 1
3.4 165.59 1
3.41 160.07 1
3.42 160.65 1
3.43 161.83 1
3.44 164.24 1
3.45 167.1 1
3.46 170.36 1
3.47 171.27 1
3.48 174.57 1
3.49 173.29 1
3.5 174.48 1
3.51 173.28 1
3.52 171.0 1
3.53 169.95 1
3.54 169.3 1
3.55 169.13 1
3.56 168.65 1
3.57 169.96 1
3.58 171.27 1
3.59 174.11 1
3.6 176.05 1
3.61 174.61 1
3.62 171.94 1
3.63 178.27 1
3.64 183.06 1
3.65 169.83 1
3.66 175.44 1
3.67 176.04 1
3.68 176.32 1
3.69 172.71 1
3.7 179.43 1
3.71 175.46 1
3.72 170.81 1
3.73 170.6 1
3.74 172.61 1
3.75 179.68 1
3.76 186.49 1
3.77 197.34 1
3.78 216.68 1
3.79 226.77 1
3.8 238.38 1
3.81 225.86 1
3.82 221.12 1
3.83 186.48 1
3.84 171.27 1
3.85 167.78 1
3.86 168.23 1
3.87 168.39 1
3.88 170.85 1
3.89 173.28 1
3.9 178.13 1
3.91 179.8 1
3.92 176.54 1
3.93 169.95 1
3.94 157.84 1
3.95 142.04 1
3.96 135.36 1
3.97 133.83 1
3.98 134.48 1
3.99 134.6 1
4.0 135.5 1
4.01 137.61 1
4.02 141.12 1
4.03 142.72 1
4.04 142.86 1
4.05 142.52 1
4.06 140.62 1
4.07 139.76 1
4.08 136.34 1
4.09 136.33 1
4.1 136.33 1
4.11 136.75 1
4.12 136.76 1
4.13 138.09 1
4.14 138.56 1
4.15 140.19 1
4.16 140.22 1
4.17 140.29 1
4.18 140.66 1
4.19 140.21 1
4.2 137.19 1
4.21 135.5 1
4.22 133.26 1
4.23 185.15 1
4.24 217.71 1
4.25 213.56 1
4.26 209.52 1
4.27 213.53 1
4.28 219.95 1
4.29 215.65 1
4.3 211.82 1
4.31 219.29 1
4.32 227.92 1
4.33 238.55 1
4.34 246.73 1
4.35 254.21 1
4.36 255.68 1
4.37 252.76 1
4.38 252.24 1
4.39 227.61 1
4.4 202.82 1
4.41 227.91 1
4.42 217.38 1
4.43 222.75 1
4.44 214.59 1
4.45 232.87 1
4.46 227.91 1
4.47 226.06 1
4.48 250.61 1
4.49 256.96 1
4.5 257.62 1
4.51 105.28 1
4.52 105.15 1
4.53 105.38 1
4.54 105.46 1
4.55 104.96 1
4.56 104.37 1
4.57 104.53 1
4.58 104.58 1
4.59 104.19 1
4.6 104.29 1
4.61 104.51 1
4.62 104.74 1
4.63 105.03 1
4.64 105.32 1
4.65 104.9 1
4.66 104.51 1
4.67 103.62 1
4.68 102.87 1
4.69 104.68 1
4.7 104.63 1
4.71 105.13 1
4.72 108.83 1
