0.01 105.07 1
0.02 105.15 1
0.03 105.1 1
0.04 105.12 1
0.05 105.08 1
0.06 105.04 1
0.07 105.1 1
0.08 105.07 1
0.09 105.38 1
0.1 105.44 1
0.11 104.89 1
0.12 105.19 1
0.13 105.33 1
0.14 230.31 1
0.15 224.44 1
0.16 233.27 1
0.17 218.56 1
0.18 232.73 1
0.19 238.97 1
0.2 232.77 1
0.21 238.98 1
0.22 239.6 1
0.23 240.16 1
0.24 242.96 1
0.25 240.96 1
0.26 240.86 1
0.27 238.9 1
0.28 237.95 1
0.29 238.39 1
0.3 240.89 1
0.31 246.23 1
0.32 235.19 1
0.33 259.98 1
0.34 275.66 1
0.35 279.96 1
0.36 299.05 1
0.37 279.97 1
0.38 278.07 1
0.39 283.56 1
0.4 281.08 1
0.41 246.19 1
0.42 227.17 1
0.43 117.13 1
0.44 117.43 1
0.45 120.0 1
0.46 120.99 1
0.47 134.64 1
0.48 135.91 1
0.49 137.5 1
0.5 138.04 1
0.51 142.04 1
0.52 141.58 1
0.53 144.05 1
0.54 142.04 1
0.55 143.11 1
0.56 141.13 1
0.57 137.82 1
0.58 135.48 1
0.59 135.54 1
0.6 129.14 1
0.61 130.66 1
0.62 130.31 1
0.63 130.19 1
0.64 131.44 1
0.65 278.27 1
0.66 282.83 1
0.67 267.72 1
0.68 285.33 1
0.69 281.81 1
0.7 278.26 1
0.71 285.43 1
0.72 284.76 1
0.73 287.64 1
0.74 285.33 1
0.75 288.07 1
0.76 286.71 1
0.77 282.67 1
0.78 280.46 1
0.79 291.1 1
0.8 131.44 1
0.81 125.55 1
0.82 121.99 1
0.83 115.05 1
0.84 115.72 1
0.85 114.1 1
0.86 112.65 1
0.87 116.92 1
0.88 117.48 1
0.89 120.66 1
0.9 106.64 1
0.91 104.14 1
0.92 104.88 1
0.93 105.07 1
0.94 105.1 1
0.95 104.76 1
0.96 105.07 1
0.97 105.05 1
0.98 104.77 1
0.99 104.87 1
1.0 78.77 1
1.01 77.61 1
1.02 77.98 1
1.03 77.51 1
1.04 80.53 1
1.05 78.68 1
1.06 82.96 1
1.07 86.21 1
1.08 100.7 1
1.09 103.89 1
1.1 105.34 1
1.11 105.08 1
1.12 105.05 1
1.13 104.27 1
1.14 103.38 1
1.15 105.83 1
1.16 106.47 1
1.17 107.31 1
1.18 248.15 1
1.19 222.46 1
1.2 219.95 1
1.21 217.77 1
1.22 221.16 1
1.23 221.69 1
1.24 226.75 1
1.25 232.21 1
1.26 231.53 1
1.27 238.71 1
1.28 244.31 1
1.29 248.49 1
1.3 250.93 1
1.31 249.53 1
1.32 250.43 1
1.33 248.72 1
1.34 243.26 1
1.35 230.3 1
1.36 232.73 1
1.37 228.78 1
1.38 226.74 1
1.39 227.93 1
1.4 230.33 1
1.41 235.2 1
1.42 243.16 1
1.43 249.87 1
1.44 254.07 1
1.45 257.17 1
1.46 261.73 1
1.47 258.7 1
1.48 255.65 1
1.49 248.13 1
1.5 231.5 1
1.51 217.02 1
1.52 165.56 1
1.53 190.52 1
1.54 197.17 1
1.55 200.35 1
1.56 201.04 1
1.57 203.7 1
1.58 204.66 1
1.59 206.6 1
1.6 211.09 1
1.61 216.67 1
1.62 217.76 1
1.63 218.76 1
1.64 216.69 1
1.65 211.78 1
1.66 205.62 1
1.67 208.52 1
1.68 207.55 1
1.69 211.87 1
1.7 216.7 1
1.71 218.23 1
1.72 223.7 1
1.73 227.93 1
1.74 235.13 1
1.75 236.46 1
1.76 240.98 1
1.77 241.19 1
1.78 240.46 1
1.79 242.95 1
1.8 241.93 1
1.81 239.5 1
1.82 237.24 1
1.83 234.09 1
1.84 230.3 1
1.85 229.1 1
1.86 230.29 1
1.87 227.92 1
1.88 229.11 1
1.89 230.3 1
1.9 231.51 1
1.91 232.72 1
1.92 235.06 1
1.93 237.57 1
1.94 236.28 1
1.95 231.51 1
1.96 231.5 1
1.97 212.53 1
1.98 105.17 1
1.99 104.89 1
2.0 105.23 1
2.01 105.12 1
2.02 105.05 1
2.03 104.95 1
2.04 104.88 1
2.05 105.21 1
2.06 105.05 1
2.07 105.13 1
2.08 105.27 1
2.09 104.86 1
2.1 105.3 1
2.11 104.95 1
2.12 104.97 1
2.13 105.12 1
2.14 105.0 1
2.15 105.0 1
2.16 104.98 1
2.17 105.13 1
2.18 105.49 1
2.19 104.89 1
2.2 104.98 1
2.21 104.98 1
2.22 105.88 1
2.23 129.55 1
2.24 126.55 1
2.25 100.38 1
2.26 102.2 1
2.27 105.25 1
2.28 107.19 1
2.29 107.95 1
2.3 106.39 1
2.31 107.16 1
2.32 105.68 1
2.33 104.97 1
2.34 104.72 1
2.35 104.62 1
2.36 104.28 1
2.37 104.2 1
2.38 104.81 1
2.39 105.67 1
2.4 106.29 1
2.41 110.22 1
2.42 121.15 1
2.43 110.17 1
2.44 127.59 1
2.45 128.02 1
2.46 126.17 1
2.47 126.91 1
2.48 123.7 1
2.49 125.46 1
2.5 110.0 1
2.51 105.84 1
2.52 105.09 1
2.53 105.62 1
2.54 106.81 1
2.55 88.82 1
2.56 90.17 1
2.57 91.17 1
2.58 90.3 1
2.59 88.82 1
2.6 89.32 1
2.61 89.67 1
2.62 88.33 1
2.63 90.09 1
2.64 89.0 1
2.65 87.01 1
2.66 91.55 1
2.67 90.81 1
2.68 106.4 1
2.69 104.91 1
2.7 105.76 1
2.71 110.58 1
2.72 112.93 1
2.73 119.98 1
2.74 107.69 1
2.75 105.11 1
2.76 89.24 1
2.77 89.26 1
2.78 87.93 1
2.79 105.22 1
2.8 105.73 1
2.81 102.92 1
2.82 106.65 1
2.83 100.8 1
2.84 105.88 1
2.85 103.65 1
2.86 105.33 1
2.87 105.12 1
2.88 105.06 1
2.89 105.03 1
2.9 105.37 1
2.91 105.24 1
2.92 105.35 1
2.93 105.11 1
2.94 104.96 1
2.95 104.14 1
2.96 116.52 1
2.97 103.89 1
2.98 104.61 1
2.99 104.84 1
3.0 105.2 1
3.01 105.55 1
3.02 105.17 1
3.03 104.62 1
3.04 100.9 1
3.05 95.72 1
3.06 91.37 1
3.07 94.65 1
3.08 104.57 1
3.09 131.87 1
3.1 127.65 1
3.11 252.95 1
3.12 253.25 1
3.13 255.21 1
3.14 261.75 1
3.15 274.72 1
3.16 283.86 1
3.17 287.37 1
3.18 291.23 1
3.19 291.21 1
3.2 284.01 1
3.21 270.17 1
3.22 273.05 1
3.23 273.04 1
3.24 278.23 1
3.25 283.07 1
3.26 291.18 1
3.27 303.31 1
3.28 321.91 1
3.29 169.7 1
3.3 175.48 1
3.31 178.69 1
3.32 181.02 1
3.33 181.97 1
3.34 180.71 1
3.35 178.71 1
3.36 176.1 1
3.37 174.79 1
3.38 175.34 1
3.39 175.12 1
3.4 177.42 1
3.41 180.66 1
3.42 184.14 1
3.43 187.28 1
3.44 188.88 1
3.45 192.48 1
3.46 201.23 1
3.47 101.5 1
3.48 103.64 1
3.49 104.54 1
3.5 105.21 1
3.51 105.4 1
3.52 105.43 1
3.53 105.32 1
3.54 104.85 1
3.55 104.68 1
3.56 104.38 1
3.57 104.09 1
3.58 104.37 1
3.59 104.13 1
3.6 104.01 1
3.61 104.13 1
3.62 104.13 1
3.63 104.38 1
3.64 104.31 1
3.65 104.42 1
3.66 104.66 1
3.67 104.5 1
3.68 101.73 1
3.69 104.47 1
3.7 104.44 1
3.71 105.06 1
3.72 104.87 1
3.73 104.82 1
3.74 104.95 1
3.75 105.09 1
3.76 105.11 1
3.77 104.98 1
3.78 105.2 1
3.79 105.08 1
3.8 105.17 1
3.81 105.03 1
3.82 105.05 1
3.83 105.11 1
3.84 105.09 1
3.85 104.97 1
3.86 105.09 1
3.87 105.1 1
3.88 105.01 1
3.89 105.23 1
3.9 105.04 1
3.91 105.24 1
3.92 105.19 1
3.93 105.01 1
3.94 105.12 1
3.95 105.06 1
3.96 105.15 1
3.97 105.19 1
3.98 105.05 1
3.99 105.11 1
4.0 105.06 1
4.01 104.74 1
4.02 105.04 1
4.03 105.05 1
4.04 0.0 1
4.05 373.83 1
4.06 367.25 1
4.07 356.19 1
4.08 352.5 1
4.09 347.95 1
4.1 342.26 1
4.11 343.97 1
4.12 342.51 1
4.13 345.71 1
4.14 354.49 1
4.15 354.25 1
4.16 365.11 1
4.17 372.14 1
4.18 383.05 1
4.19 385.86 1
4.2 387.05 1
4.21 380.64 1
4.22 378.51 1
4.23 364.73 1
4.24 348.64 1
4.25 351.4 1
4.26 348.62 1
4.27 342.65 1
4.28 350.01 1
4.29 354.28 1
4.3 363.0 1
4.31 375.3 1
4.32 384.05 1
4.33 401.43 1
4.34 418.02 1
4.35 422.17 1
4.36 434.56 1
4.37 434.52 1
4.38 474.34 1
4.39 408.77 1
4.4 391.9 1
4.41 369.69 1
4.42 359.91 1
4.43 351.46 1
4.44 357.1 1
4.45 354.22 1
4.46 348.64 1
4.47 348.64 1
4.48 356.94 1
4.49 362.26 1
4.5 365.96 1
4.51 369.02 1
4.52 370.52 1
4.53 375.27 1
4.54 375.29 1
4.55 372.31 1
4.56 372.13 1
4.57 0.0 1
4.58 0.0 1
4.59 0.0 1
4.6 0.0 1
4.61 0.0 1
4.62 0.0 1
4.63 268.63 1
4.64 268.63 1
4.65 271.72 1
4.66 275.22 1
4.67 274.2 1
4.68 278.74 1
4.69 280.89 1
4.7 280.0 1
4.71 280.46 1
4.72 279.98 1
4.73 277.53 1
4.74 276.82 1
4.75 274.77 1
4.76 274.74 1
4.77 273.22 1
4.78 273.24 1
4.79 274.75 1
4.8 275.2 1
4.81 276.47 1
4.82 276.48 1
4.83 278.2 1
4.84 278.22 1
4.85 280.79 1
4.86 282.98 1
4.87 283.27 1
4.88 284.27 1
4.89 282.12 1
4.9 261.08 1
4.91 268.99 1
4.92 265.53 1
4.93 258.66 1
4.94 271.04 1
4.95 276.37 1
4.96 261.74 1
4.97 251.96 1
4.98 235.88 1
4.99 229.71 1
5.0 228.58 1
5.01 226.08 1
5.02 225.97 1
5.03 229.1 1
5.04 230.31 1
5.05 237.73 1
5.06 243.05 1
5.07 251.34 1
5.08 257.16 1
5.09 254.19 1
5.1 0.0 1
5.11 0.0 1
5.12 0.0 1
5.13 0.0 1
5.14 0.0 1
5.15 0.0 1
5.16 218.86 1
5.17 228.17 1
5.18 219.94 1
5.19 216.7 1
5.2 219.75 1
5.21 228.62 1
5.22 225.88 1
5.23 222.24 1
5.24 253.1 1
5.25 143.97 1
5.26 139.83 1
5.27 140.38 1
5.28 141.51 1
5.29 135.68 1
5.3 233.94 1
5.31 219.97 1
5.32 213.56 1
5.33 211.69 1
5.34 212.53 1
5.35 217.76 1
5.36 221.83 1
5.37 222.84 1
5.38 220.35 1
5.39 226.74 1
5.4 229.1 1
5.41 229.1 1
5.42 246.03 1
5.43 235.82 1
5.44 245.69 1
5.45 257.14 1
5.46 251.21 1
5.47 247.09 1
5.48 244.62 1
5.49 251.45 1
5.5 225.6 1
5.51 226.75 1
5.52 257.14 1
5.53 245.96 1
5.54 242.97 1
5.55 241.1 1
5.56 231.52 1
5.57 225.95 1
5.58 226.76 1
5.59 231.51 1
5.6 236.45 1
5.61 241.99 1
5.62 249.57 1
5.63 253.26 1
5.64 255.66 1
5.65 258.66 1
5.66 257.16 1
5.67 255.35 1
5.68 249.43 1
5.69 243.15 1
5.7 225.12 1
5.71 105.56 1
5.72 102.44 1
5.73 102.98 1
5.74 101.73 1
5.75 102.21 1
5.76 101.5 1
5.77 102.86 1
5.78 102.44 1
5.79 103.88 1
5.8 104.37 1
5.81 104.05 1
5.82 102.98 1
5.83 104.98 1
5.84 104.55 1
