0.01 112.36 1
0.02 116.63 1
0.03 117.13 1
0.04 123.58 1
0.05 113.22 1
0.06 119.62 1
0.07 111.33 1
0.08 105.36 1
0.09 110.23 1
0.1 121.35 1
0.11 246.17 1
0.12 248.63 1
0.13 248.2 1
0.14 254.18 1
0.15 261.8 1
0.16 291.16 1
0.17 313.77 1
0.18 289.2 1
0.19 254.18 1
0.2 251.37 1
0.21 241.68 1
0.22 235.2 1
0.23 247.09 1
0.24 249.76 1
0.25 260.2 1
0.26 266.93 1
0.27 273.02 1
0.28 278.16 1
0.29 278.2 1
0.3 281.16 1
0.31 283.57 1
0.32 284.91 1
0.33 283.28 1
0.34 282.48 1
0.35 283.5 1
0.36 274.87 1
0.37 104.95 1
0.38 105.28 1
0.39 104.57 1
0.4 106.14 1
0.41 110.36 1
0.42 127.66 1
0.43 133.87 1
0.44 166.67 1
0.45 170.73 1
0.46 181.91 1
0.47 187.27 1
0.48 194.83 1
0.49 200.95 1
0.5 203.73 1
0.51 203.73 1
0.52 201.53 1
0.53 196.68 1
0.54 189.94 1
0.55 184.03 1
0.56 176.52 1
0.57 173.34 1
0.58 172.83 1
0.59 170.6 1
0.6 171.9 1
0.61 172.77 1
0.62 170.61 1
0.63 167.96 1
0.64 183.29 1
0.65 0.0 1
0.66 0.0 1
0.67 0.0 1
0.68 0.0 1
0.69 0.0 1
0.7 391.91 1
0.71 403.74 1
0.72 411.8 1
0.73 408.88 1
0.74 410.23 1
0.75 413.83 1
0.76 414.2 1
0.77 414.36 1
0.78 418.26 1
0.79 414.51 1
0.8 418.27 1
0.81 456.48 1
0.82 433.19 1
0.83 466.58 1
0.84 442.52 1
0.85 471.39 1
0.86 461.67 1
0.87 462.88 1
0.88 471.62 1
0.89 474.62 1
0.9 481.9 1
0.91 481.46 1
0.92 476.05 1
0.93 466.36 1
0.94 458.82 1
0.95 446.2 1
0.96 466.31 1
0.97 463.64 1
0.98 479.31 1
0.99 496.97 1
1.0 499.05 1
1.01 510.52 1
1.02 498.93 1
1.03 512.56 1
1.04 500.72 1
1.05 492.03 1
1.06 487.0 1
1.07 498.39 1
1.08 498.43 1
1.09 489.33 1
1.1 476.31 1
1.11 549.21 1
1.12 522.04 1
1.13 539.56 1
1.14 535.24 1
1.15 553.45 1
1.16 558.56 1
1.17 547.92 1
1.18 547.99 1
1.19 557.92 1
1.2 553.55 1
1.21 541.57 1
1.22 541.27 1
1.23 528.31 1
1.24 448.75 1
1.25 534.63 1
1.26 492.05 1
1.27 484.65 1
1.28 492.27 1
1.29 483.83 1
1.3 477.53 1
1.31 476.87 1
1.32 476.54 1
1.33 478.39 1
1.34 475.95 1
1.35 470.79 1
1.36 470.62 1
1.37 469.9 1
1.38 471.61 1
1.39 468.98 1
1.4 470.14 1
1.41 468.3 1
1.42 469.61 1
1.43 469.98 1
1.44 472.36 1
1.45 472.93 1
1.46 477.96 1
1.47 482.05 1
1.48 479.89 1
1.49 479.87 1
1.5 456.05 1
1.51 461.83 1
1.52 473.28 1
1.53 456.99 1
1.54 418.0 1
1.55 405.97 1
1.56 395.08 1
1.57 392.11 1
1.58 398.26 1
1.59 414.09 1
1.6 430.44 1
1.61 476.61 1
1.62 0.0 1
1.63 0.0 1
1.64 0.0 1
1.65 0.0 1
1.66 0.0 1
1.67 0.0 1
1.68 0.0 1
1.69 484.12 1
1.7 466.72 1
1.71 471.47 1
1.72 476.71 1
1.73 485.75 1
1.74 509.71 1
1.75 513.59 1
1.76 515.7 1
1.77 504.74 1
1.78 487.25 1
1.79 461.64 1
1.8 226.78 1
1.81 237.68 1
1.82 212.89 1
1.83 217.74 1
1.84 218.84 1
1.85 219.64 1
1.86 222.5 1
1.87 222.01 1
1.88 221.53 1
1.89 218.85 1
1.9 209.54 1
1.91 196.66 1
1.92 182.16 1
1.93 214.42 1
1.94 213.97 1
1.95 207.54 1
1.96 298.32 1
1.97 295.01 1
1.98 304.32 1
1.99 313.8 1
2.0 319.36 1
2.01 326.36 1
2.02 331.68 1
2.03 333.2 1
2.04 336.27 1
2.05 331.82 1
2.06 327.99 1
2.07 318.52 1
2.08 333.69 1
2.09 333.41 1
2.1 345.99 1
2.11 385.07 1
2.12 381.82 1
2.13 386.71 1
2.14 392.38 1
2.15 404.71 1
2.16 414.11 1
2.17 418.16 1
2.18 430.38 1
2.19 434.58 1
2.2 434.93 1
2.21 410.52 1
2.22 391.95 1
2.23 388.48 1
2.24 388.45 1
2.25 389.04 1
2.26 409.41 1
2.27 426.83 1
2.28 461.65 1
2.29 514.2 1
2.3 534.58 1
2.31 541.13 1
2.32 528.17 1
2.33 0.0 1
2.34 0.0 1
2.35 507.35 1
2.36 446.39 1
2.37 444.69 1
2.38 447.8 1
2.39 430.11 1
2.4 426.04 1
2.41 418.04 1
2.42 418.11 1
2.43 426.13 1
2.44 422.12 1
2.45 418.11 1
2.46 425.6 1
2.47 424.51 1
2.48 418.02 1
2.49 417.97 1
2.5 417.31 1
2.51 414.14 1
2.52 414.16 1
2.53 414.15 1
2.54 414.18 1
2.55 414.2 1
2.56 418.08 1
2.57 418.1 1
2.58 418.08 1
2.59 414.2 1
2.6 410.35 1
2.61 410.24 1
2.62 406.53 1
2.63 405.78 1
2.64 0.0 1
2.65 0.0 1
2.66 0.0 1
2.67 0.0 1
2.68 354.23 1
2.69 354.22 1
2.7 340.54 1
2.71 335.57 1
2.72 337.93 1
2.73 340.24 1
2.74 338.75 1
2.75 322.93 1
2.76 280.38 1
2.77 249.52 1
2.78 214.57 1
2.79 226.5 1
2.8 219.93 1
2.81 230.32 1
2.82 254.26 1
2.83 264.92 1
2.84 278.18 1
2.85 283.63 1
2.86 287.28 1
2.87 287.36 1
2.88 286.7 1
2.89 284.43 1
2.9 282.57 1
2.91 285.78 1
2.92 291.09 1
2.93 293.86 1
2.94 302.71 1
2.95 320.28 1
2.96 328.98 1
2.97 338.13 1
2.98 348.64 1
2.99 348.65 1
3.0 351.44 1
3.01 351.45 1
3.02 354.24 1
3.03 385.46 1
3.04 378.54 1
3.05 0.0 1
3.06 0.0 1
3.07 0.0 1
3.08 0.0 1
3.09 0.0 1
3.1 389.62 1
3.11 362.68 1
3.12 329.44 1
3.13 327.39 1
3.14 329.78 1
3.15 339.23 1
3.16 359.21 1
3.17 378.49 1
3.18 400.27 1
3.19 426.2 1
3.2 461.7 1
3.21 434.49 1
3.22 452.35 1
3.23 476.16 1
3.24 392.2 1
3.25 370.87 1
3.26 365.09 1
3.27 362.97 1
3.28 365.96 1
3.29 369.02 1
3.3 370.32 1
3.31 369.03 1
3.32 363.59 1
3.33 354.31 1
3.34 351.47 1
3.35 354.23 1
3.36 351.43 1
3.37 354.25 1
3.38 357.1 1
3.39 351.46 1
3.4 351.45 1
3.41 354.23 1
3.42 355.43 1
3.43 361.51 1
3.44 367.42 1
3.45 381.78 1
3.46 392.09 1
3.47 405.76 1
3.48 396.92 1
3.49 0.0 1
3.5 0.0 1
3.51 268.08 1
3.52 271.35 1
3.53 258.52 1
3.54 258.75 1
3.55 258.76 1
3.56 269.72 1
3.57 274.71 1
3.58 275.67 1
3.59 278.59 1
3.6 275.46 1
3.61 273.04 1
3.62 267.84 1
3.63 198.2 1
3.64 252.67 1
3.65 242.98 1
3.66 218.82 1
3.67 232.64 1
3.68 228.66 1
3.69 231.52 1
3.7 240.53 1
3.71 246.4 1
3.72 249.35 1
3.73 251.51 1
3.74 250.24 1
3.75 246.21 1
3.76 240.33 1
3.77 224.08 1
3.78 218.36 1
3.79 218.82 1
3.8 226.76 1
3.81 223.99 1
3.82 240.81 1
3.83 228.26 1
3.84 248.54 1
3.85 240.34 1
3.86 258.64 1
3.87 249.84 1
3.88 244.05 1
3.89 105.38 1
3.9 105.17 1
3.91 105.18 1
3.92 105.2 1
3.93 104.57 1
3.94 104.55 1
3.95 103.89 1
3.96 105.16 1
3.97 107.18 1
3.98 110.83 1
3.99 116.19 1
4.0 117.89 1
4.01 120.01 1
4.02 122.33 1
4.03 121.86 1
4.04 118.71 1
4.05 114.1 1
4.06 111.0 1
4.07 106.4 1
4.08 101.73 1
4.09 102.54 1
4.1 101.5 1
4.11 102.81 1
4.12 103.39 1
4.13 103.97 1
4.14 104.39 1
4.15 103.27 1
4.16 103.04 1
4.17 103.28 1
4.18 104.13 1
4.19 104.4 1
4.2 104.14 1
4.21 104.86 1
4.22 105.06 1
4.23 105.13 1
4.24 104.73 1
4.25 106.65 1
4.26 228.9 1
4.27 236.51 1
4.28 225.58 1
4.29 229.09 1
4.3 242.97 1
4.31 246.99 1
4.32 234.6 1
4.33 226.75 1
4.34 233.73 1
4.35 223.65 1
4.36 225.84 1
4.37 238.18 1
4.38 247.7 1
4.39 254.18 1
4.4 275.65 1
4.41 289.21 1
4.42 282.99 1
4.43 257.16 1
4.44 245.55 1
4.45 0.0 1
4.46 0.0 1
4.47 0.0 1
4.48 0.0 1
4.49 0.0 1
