0.01 59.16 1
0.02 59.23 1
0.03 59.31 1
0.04 59.08 1
0.05 59.27 1
0.06 58.97 1
0.07 59.29 1
0.08 59.19 1
0.09 59.43 1
0.1 58.66 1
0.11 58.65 1
0.12 59.16 1
0.13 59.54 1
0.14 58.97 1
0.15 59.0 1
0.16 58.82 1
0.17 58.76 1
0.18 58.92 1
0.19 59.0 1
0.2 59.14 1
0.21 58.64 1
0.22 59.23 1
0.23 59.03 1
0.24 59.2 1
0.25 58.68 1
0.26 59.13 1
0.27 59.19 1
0.28 59.37 1
0.29 58.98 1
0.3 59.16 1
0.31 59.31 1
0.32 59.24 1
0.33 59.18 1
0.34 59.39 1
0.35 59.09 1
0.36 58.91 1
0.37 58.99 1
0.38 58.92 1
0.39 58.91 1
0.4 58.77 1
0.41 59.13 1
0.42 58.7 1
0.43 58.75 1
0.44 58.72 1
0.45 59.26 1
0.46 58.8 1
0.47 59.17 1
0.48 58.76 1
0.49 58.68 1
0.5 58.39 1
0.51 58.6 1
0.52 58.37 1
0.53 58.2 1
0.54 58.47 1
0.55 57.46 1
0.56 58.34 1
0.57 57.69 1
0.58 58.6 1
0.59 58.56 1
0.6 59.15 1
0.61 128.02 1
0.62 131.2 1
0.63 130.68 1
0.64 131.63 1
0.65 133.15 1
0.66 131.83 1
0.67 132.22 1
0.68 132.63 1
0.69 132.63 1
0.7 134.64 1
0.71 133.02 1
0.72 135.07 1
0.73 133.03 1
0.74 131.11 1
0.75 127.98 1
0.76 105.5 1
0.77 105.08 1
0.78 104.58 1
0.79 105.87 1
0.8 105.75 1
0.81 229.1 1
0.82 225.58 1
0.83 221.05 1
0.84 216.7 1
0.85 218.82 1
0.86 223.27 1
0.87 217.77 1
0.88 224.23 1
0.89 214.59 1
0.9 105.88 1
0.91 104.77 1
0.92 105.37 1
0.93 104.91 1
0.94 105.16 1
0.95 104.76 1
0.96 104.87 1
0.97 105.15 1
0.98 104.13 1
0.99 132.79 1
1.0 134.03 1
1.01 134.24 1
1.02 133.13 1
1.03 136.8 1
1.04 132.23 1
1.05 137.18 1
1.06 137.6 1
1.07 135.9 1
1.08 140.1 1
1.09 138.04 1
1.1 133.22 1
1.11 139.68 1
1.12 133.45 1
1.13 133.43 1
1.14 279.06 1
1.15 276.51 1
1.16 276.51 1
1.17 278.96 1
1.18 274.81 1
1.19 276.82 1
1.2 279.11 1
1.21 260.32 1
1.22 271.4 1
1.23 276.5 1
1.24 252.46 1
1.25 266.47 1
1.26 263.24 1
1.27 258.67 1
1.28 276.5 1
1.29 258.5 1
1.3 257.11 1
1.31 269.72 1
1.32 254.21 1
1.33 278.31 1
1.34 280.02 1
1.35 255.99 1
1.36 276.56 1
1.37 280.01 1
1.38 273.16 1
1.39 274.81 1
1.4 275.01 1
1.41 271.43 1
1.42 269.7 1
1.43 265.99 1
1.44 260.3 1
1.45 253.74 1
1.46 249.99 1
1.47 241.64 1
1.48 236.61 1
1.49 236.87 1
1.5 236.84 1
1.51 231.5 1
1.52 233.96 1
1.53 237.85 1
1.54 243.28 1
1.55 244.32 1
1.56 249.54 1
1.57 256.15 1
1.58 253.19 1
1.59 253.66 1
1.6 256.5 1
1.61 132.79 1
1.62 133.55 1
1.63 134.68 1
1.64 138.43 1
1.65 138.74 1
1.66 139.75 1
1.67 140.27 1
1.68 139.78 1
1.69 139.94 1
1.7 139.15 1
1.71 136.75 1
1.72 138.45 1
1.73 139.3 1
1.74 136.55 1
1.75 135.8 1
1.76 134.26 1
1.77 132.62 1
1.78 132.6 1
1.79 254.27 1
1.8 250.81 1
1.81 250.46 1
1.82 242.94 1
1.83 238.84 1
1.84 230.31 1
1.85 233.96 1
1.86 233.58 1
1.87 230.31 1
1.88 229.1 1
1.89 233.28 1
1.9 233.43 1
1.91 230.33 1
1.92 231.51 1
1.93 230.32 1
1.94 233.25 1
1.95 104.32 1
1.96 104.78 1
1.97 105.63 1
1.98 105.69 1
1.99 105.29 1
2.0 105.65 1
2.01 105.21 1
2.02 133.19 1
2.03 134.46 1
2.04 135.91 1
2.05 136.35 1
2.06 136.75 1
2.07 136.32 1
2.08 140.2 1
2.09 136.75 1
2.1 134.68 1
2.11 133.75 1
2.12 131.83 1
2.13 131.05 1
2.14 106.14 1
2.15 106.59 1
2.16 106.04 1
2.17 105.04 1
2.18 104.87 1
2.19 104.53 1
2.2 239.0 1
2.21 237.9 1
2.22 237.72 1
2.23 240.32 1
2.24 238.99 1
2.25 235.73 1
2.26 233.89 1
2.27 241.61 1
2.28 236.87 1
2.29 233.94 1
2.3 234.56 1
2.31 235.18 1
2.32 237.72 1
2.33 257.89 1
2.34 255.68 1
2.35 260.19 1
2.36 261.87 1
2.37 260.18 1
2.38 262.89 1
2.39 269.93 1
2.4 267.87 1
2.41 273.66 1
2.42 276.53 1
2.43 282.14 1
2.44 282.05 1
2.45 282.18 1
2.46 279.29 1
2.47 278.23 1
2.48 276.25 1
2.49 274.75 1
2.5 271.88 1
2.51 274.73 1
2.52 274.74 1
2.53 274.75 1
2.54 276.45 1
2.55 276.47 1
2.56 278.21 1
2.57 278.21 1
2.58 278.22 1
2.59 278.22 1
2.6 278.21 1
2.61 276.46 1
2.62 276.43 1
2.63 274.72 1
2.64 273.04 1
2.65 269.71 1
2.66 263.32 1
2.67 260.23 1
2.68 260.21 1
2.69 257.16 1
2.7 255.68 1
2.71 252.56 1
2.72 249.3 1
2.73 246.69 1
2.74 242.97 1
2.75 242.3 1
2.76 240.32 1
2.77 237.83 1
2.78 238.47 1
2.79 237.73 1
2.8 239.02 1
2.81 235.23 1
2.82 236.57 1
2.83 238.37 1
2.84 237.03 1
2.85 236.36 1
2.86 235.44 1
2.87 237.73 1
2.88 239.01 1
2.89 239.02 1
2.9 234.83 1
2.91 232.72 1
2.92 236.73 1
2.93 237.03 1
2.94 235.92 1
2.95 231.52 1
2.96 234.62 1
2.97 235.98 1
2.98 233.67 1
2.99 232.72 1
3.0 233.64 1
3.01 233.24 1
3.02 235.2 1
3.03 182.65 1
3.04 232.74 1
3.05 235.2 1
3.06 240.28 1
3.07 236.5 1
3.08 233.96 1
3.09 234.79 1
3.1 237.74 1
3.11 239.02 1
3.12 239.31 1
3.13 238.36 1
3.14 240.3 1
3.15 238.33 1
3.16 239.02 1
3.17 242.93 1
3.18 240.33 1
3.19 240.33 1
3.2 238.52 1
3.21 237.73 1
3.22 237.21 1
3.23 237.36 1
3.24 230.33 1
3.25 246.96 1
3.26 237.88 1
3.27 221.17 1
3.28 245.59 1
3.29 239.02 1
3.3 227.95 1
3.31 241.62 1
3.32 240.5 1
3.33 244.31 1
3.34 244.38 1
3.35 245.79 1
3.36 242.97 1
3.37 246.04 1
3.38 247.06 1
3.39 247.04 1
3.4 248.52 1
3.41 246.97 1
3.42 245.67 1
3.43 245.34 1
3.44 244.32 1
3.45 245.67 1
3.46 246.34 1
3.47 244.31 1
3.48 240.83 1
3.49 244.28 1
3.5 245.63 1
3.51 241.62 1
3.52 237.73 1
3.53 232.13 1
3.54 229.1 1
3.55 226.78 1
3.56 107.7 1
3.57 107.18 1
3.58 105.59 1
3.59 104.66 1
3.6 104.38 1
3.61 103.64 1
3.62 103.03 1
3.63 104.77 1
3.64 105.66 1
3.65 106.21 1
3.66 107.36 1
3.67 109.29 1
3.68 223.37 1
3.69 223.05 1
3.7 227.75 1
3.71 227.91 1
3.72 231.5 1
3.73 234.66 1
3.74 232.72 1
3.75 234.89 1
3.76 236.28 1
3.77 232.72 1
3.78 232.72 1
3.79 232.72 1
3.8 231.51 1
3.81 231.51 1
3.82 230.3 1
3.83 232.73 1
3.84 233.94 1
3.85 230.31 1
3.86 231.51 1
3.87 232.72 1
3.88 231.51 1
3.89 231.5 1
3.9 233.82 1
3.91 235.93 1
3.92 236.3 1
3.93 237.03 1
3.94 236.55 1
3.95 236.76 1
3.96 239.01 1
3.97 239.04 1
3.98 239.01 1
3.99 234.68 1
4.0 106.9 1
4.01 105.29 1
4.02 105.88 1
4.03 105.88 1
4.04 105.12 1
4.05 105.05 1
4.06 105.08 1
4.07 105.08 1
4.08 105.27 1
4.09 105.09 1
4.1 105.05 1
4.11 105.13 1
4.12 105.17 1
4.13 105.13 1
4.14 105.17 1
4.15 104.97 1
4.16 105.16 1
4.17 105.12 1
4.18 105.07 1
4.19 104.79 1
4.2 104.99 1
4.21 105.03 1
4.22 105.02 1
4.23 105.04 1
4.24 105.05 1
4.25 105.0 1
4.26 104.92 1
4.27 105.23 1
4.28 105.04 1
4.29 105.05 1
4.3 105.05 1
4.31 105.02 1
4.32 105.01 1
4.33 105.02 1
4.34 105.14 1
4.35 105.23 1
4.36 105.05 1
4.37 105.01 1
4.38 105.09 1
4.39 105.06 1
4.4 105.06 1
4.41 105.2 1
4.42 105.13 1
4.43 105.14 1
4.44 105.05 1
4.45 105.0 1
4.46 105.13 1
4.47 105.21 1
4.48 105.09 1
4.49 104.97 1
4.5 105.71 1
4.51 58.26 1
4.52 59.23 1
4.53 58.45 1
4.54 58.76 1
4.55 58.42 1
4.56 58.83 1
4.57 58.13 1
4.58 58.6 1
4.59 58.68 1
4.6 59.13 1
4.61 58.66 1
4.62 58.84 1
4.63 58.68 1
4.64 58.96 1
4.65 59.46 1
4.66 58.91 1
4.67 59.47 1
4.68 59.17 1
4.69 59.64 1
4.7 59.56 1
4.71 59.23 1
4.72 58.9 1
4.73 58.14 1
4.74 57.89 1
4.75 108.49 1
4.76 106.97 1
4.77 104.3 1
4.78 101.66 1
4.79 107.12 1
4.8 104.29 1
4.81 105.14 1
4.82 105.4 1
4.83 105.23 1
4.84 105.72 1
4.85 105.01 1
4.86 105.03 1
4.87 104.9 1
4.88 104.37 1
4.89 103.88 1
4.9 105.17 1
4.91 104.95 1
4.92 104.31 1
4.93 106.04 1
4.94 103.95 1
4.95 104.02 1
4.96 104.52 1
4.97 104.48 1
4.98 104.95 1
4.99 105.11 1
5.0 105.47 1
5.01 105.26 1
5.02 105.05 1
5.03 104.73 1
5.04 104.41 1
5.05 104.21 1
5.06 104.11 1
5.07 103.85 1
5.08 103.86 1
5.09 103.7 1
5.1 104.15 1
5.11 104.3 1
5.12 104.63 1
5.13 104.93 1
5.14 105.1 1
5.15 105.22 1
5.16 105.18 1
5.17 105.36 1
5.18 105.35 1
5.19 210.48 1
5.2 209.71 1
5.21 209.02 1
5.22 207.53 1
5.23 205.6 1
5.24 199.06 1
5.25 202.79 1
5.26 200.0 1
5.27 210.62 1
5.28 200.0 1
5.29 203.73 1
5.3 192.19 1
5.31 209.86 1
5.32 210.83 1
5.33 210.45 1
5.34 213.55 1
5.35 217.73 1
5.36 225.58 1
5.37 224.82 1
5.38 231.02 1
5.39 229.1 1
5.4 234.51 1
5.41 225.58 1
5.42 236.08 1
5.43 216.71 1
5.44 231.4 1
5.45 230.3 1
5.46 223.31 1
5.47 239.02 1
5.48 225.59 1
5.49 239.26 1
5.5 227.93 1
5.51 241.63 1
5.52 229.11 1
5.53 240.31 1
5.54 231.52 1
5.55 236.45 1
5.56 237.73 1
5.57 241.64 1
5.58 252.72 1
5.59 240.32 1
5.6 239.83 1
5.61 241.01 1
5.62 250.09 1
5.63 229.12 1
5.64 244.32 1
5.65 235.25 1
5.66 244.32 1
5.67 230.32 1
5.68 242.95 1
5.69 231.51 1
5.7 245.67 1
5.71 237.9 1
5.72 245.6 1
5.73 242.97 1
5.74 244.8 1
5.75 245.94 1
5.76 246.92 1
5.77 254.18 1
5.78 254.61 1
5.79 258.2 1
5.8 257.16 1
5.81 261.61 1
5.82 269.56 1
5.83 279.79 1
5.84 271.38 1
5.85 273.47 1
5.86 301.27 1
5.87 274.28 1
5.88 278.23 1
5.89 279.92 1
5.9 263.35 1
5.91 257.71 1
5.92 254.2 1
5.93 247.07 1
5.94 239.07 1
5.95 236.74 1
5.96 235.21 1
5.97 234.8 1
5.98 232.74 1
5.99 238.34 1
6.0 242.97 1
6.01 248.23 1
6.02 254.19 1
6.03 258.67 1
6.04 257.19 1
6.05 268.07 1
6.06 269.55 1
6.07 274.76 1
6.08 281.71 1
6.09 278.25 1
6.1 280.79 1
6.11 284.06 1
6.12 280.04 1
6.13 284.86 1
6.14 283.91 1
6.15 283.67 1
6.16 284.41 1
6.17 282.42 1
6.18 285.89 1
6.19 284.28 1
6.2 287.43 1
6.21 286.18 1
6.22 285.74 1
6.23 286.78 1
6.24 287.91 1
6.25 289.92 1
6.26 288.74 1
6.27 286.71 1
6.28 287.64 1
6.29 284.35 1
6.3 286.32 1
6.31 139.33 1
6.32 105.75 1
6.33 105.25 1
6.34 105.12 1
6.35 105.2 1
6.36 105.62 1
6.37 105.31 1
6.38 105.13 1
6.39 105.37 1
6.4 105.2 1
6.41 105.13 1
6.42 105.39 1
6.43 105.3 1
6.44 105.32 1
6.45 104.88 1
6.46 104.98 1
6.47 131.74 1
6.48 131.2 1
6.49 133.94 1
6.5 136.33 1
6.51 137.17 1
6.52 137.17 1
6.53 137.18 1
6.54 136.75 1
6.55 135.9 1
6.56 134.57 1
6.57 133.24 1
6.58 132.16 1
6.59 131.44 1
6.6 130.28 1
6.61 152.58 1
6.62 187.27 1
6.63 185.69 1
6.64 183.42 1
6.65 180.48 1
6.66 178.55 1
6.67 177.08 1
6.68 175.59 1
6.69 174.58 1
6.7 174.59 1
6.71 174.04 1
6.72 174.67 1
6.73 174.64 1
6.74 175.78 1
6.75 175.72 1
6.76 176.29 1
6.77 176.75 1
6.78 176.05 1
6.79 175.2 1
6.8 174.31 1
6.81 174.6 1
6.82 172.61 1
6.83 174.49 1
6.84 175.87 1
6.85 176.84 1
6.86 178.79 1
6.87 181.18 1
6.88 183.46 1
6.89 185.47 1
6.9 185.69 1
6.91 186.48 1
6.92 186.48 1
6.93 186.48 1
6.94 184.91 1
6.95 181.64 1
6.96 177.58 1
6.97 174.98 1
6.98 166.0 1
6.99 161.24 1
7.0 156.43 1
7.01 152.76 1
7.02 149.97 1
7.03 144.88 1
7.04 144.84 1
7.05 144.36 1
7.06 143.01 1
7.07 141.59 1
7.08 141.15 1
7.09 141.12 1
7.1 142.15 1
7.11 142.39 1
7.12 143.34 1
7.13 143.81 1
7.14 144.22 1
7.15 143.61 1
7.16 144.83 1
7.17 144.28 1
7.18 144.11 1
7.19 145.64 1
7.2 153.85 1
7.21 158.66 1
7.22 161.82 1
7.23 163.62 1
7.24 164.83 1
7.25 165.23 1
7.26 168.97 1
7.27 182.18 1
7.28 178.16 1
7.29 180.83 1
7.3 182.65 1
7.31 182.04 1
7.32 181.28 1
7.33 179.26 1
7.34 354.25 1
7.35 348.65 1
7.36 345.9 1
7.37 345.9 1
7.38 344.8 1
7.39 343.19 1
7.4 343.19 1
7.41 340.55 1
7.42 344.3 1
7.43 343.22 1
7.44 345.91 1
7.45 351.41 1
7.46 351.44 1
7.47 354.31 1
7.48 364.05 1
7.49 367.57 1
7.5 375.26 1
7.51 375.26 1
7.52 373.34 1
7.53 375.28 1
7.54 375.3 1
7.55 375.29 1
7.56 369.76 1
7.57 366.45 1
7.58 357.16 1
7.59 351.51 1
7.6 359.64 1
7.61 357.13 1
7.62 358.24 1
7.63 351.44 1
7.64 348.64 1
7.65 345.94 1
7.66 347.69 1
7.67 343.2 1
7.68 345.92 1
7.69 340.56 1
7.7 348.63 1
7.71 351.42 1
7.72 351.43 1
7.73 354.26 1
7.74 365.75 1
7.75 378.53 1
7.76 386.27 1
7.77 201.59 1
7.78 204.88 1
7.79 206.57 1
7.8 104.32 1
7.81 104.38 1
7.82 104.57 1
7.83 104.48 1
7.84 104.23 1
7.85 104.01 1
7.86 104.13 1
7.87 104.01 1
7.88 104.22 1
7.89 104.03 1
7.9 103.81 1
7.91 103.64 1
7.92 103.64 1
7.93 103.64 1
7.94 103.8 1
7.95 103.93 1
7.96 104.13 1
7.97 104.19 1
7.98 104.23 1
7.99 104.28 1
8.0 104.38 1
8.01 104.5 1
8.02 104.53 1
8.03 104.55 1
8.04 104.6 1
8.05 104.78 1
8.06 105.06 1
8.07 105.25 1
8.08 105.34 1
8.09 105.41 1
8.1 105.83 1
8.11 212.31 1
8.12 422.14 1
8.13 422.09 1
8.14 418.15 1
8.15 422.05 1
8.16 423.14 1
8.17 423.76 1
8.18 422.02 1
8.19 420.47 1
8.2 420.19 1
8.21 420.39 1
8.22 418.08 1
8.23 420.49 1
8.24 418.62 1
8.25 418.01 1
8.26 417.3 1
8.27 417.2 1
8.28 414.14 1
8.29 414.14 1
8.3 416.9 1
8.31 416.66 1
8.32 414.12 1
8.33 415.79 1
8.34 414.14 1
8.35 416.63 1
8.36 414.15 1
8.37 414.17 1
8.38 418.03 1
8.39 414.18 1
8.4 418.03 1
8.41 418.02 1
8.42 414.17 1
8.43 414.16 1
8.44 417.58 1
8.45 414.17 1
8.46 414.17 1
8.47 414.19 1
8.48 414.21 1
8.49 418.03 1
8.5 414.16 1
8.51 414.16 1
8.52 414.14 1
8.53 414.14 1
8.54 414.13 1
8.55 414.11 1
8.56 414.14 1
8.57 414.17 1
8.58 414.19 1
8.59 414.2 1
8.6 414.19 1
8.61 414.17 1
8.62 414.12 1
8.63 410.33 1
8.64 414.09 1
8.65 414.1 1
8.66 410.35 1
8.67 414.11 1
8.68 414.14 1
8.69 414.17 1
8.7 414.18 1
8.71 414.17 1
8.72 414.16 1
8.73 414.11 1
8.74 414.1 1
8.75 414.11 1
8.76 414.11 1
8.77 410.3 1
8.78 413.37 1
8.79 410.25 1
8.8 410.15 1
8.81 406.15 1
8.82 401.31 1
8.83 387.83 1
8.84 207.57 1
8.85 104.25 1
8.86 104.67 1
8.87 104.75 1
8.88 104.94 1
8.89 104.87 1
8.9 104.92 1
8.91 105.09 1
8.92 105.13 1
8.93 105.61 1
8.94 103.95 1
8.95 100.27 1
8.96 104.63 1
8.97 105.46 1
8.98 107.16 1
8.99 165.67 1
9.0 171.94 1
9.01 175.81 1
9.02 181.42 1
9.03 381.71 1
9.04 385.1 1
9.05 386.45 1
9.06 399.16 1
9.07 398.65 1
9.08 401.75 1
9.09 406.7 1
9.1 409.68 1
9.11 413.7 1
9.12 414.11 1
9.13 414.1 1
9.14 414.11 1
9.15 413.12 1
9.16 412.78 1
9.17 412.3 1
9.18 410.06 1
9.19 405.73 1
9.2 401.98 1
9.21 396.31 1
9.22 388.54 1
9.23 381.79 1
9.24 378.52 1
9.25 363.32 1
9.26 354.25 1
9.27 351.42 1
9.28 345.92 1
9.29 341.87 1
9.3 351.22 1
9.31 343.24 1
9.32 345.91 1
9.33 360.72 1
9.34 368.58 1
9.35 375.29 1
9.36 384.18 1
9.37 395.54 1
9.38 403.41 1
9.39 409.66 1
9.4 414.12 1
9.41 418.05 1
9.42 422.04 1
9.43 422.11 1
9.44 422.11 1
9.45 422.16 1
9.46 426.22 1
9.47 422.12 1
9.48 422.06 1
9.49 414.14 1
9.5 410.27 1
9.51 404.73 1
9.52 403.19 1
9.53 393.93 1
9.54 387.19 1
9.55 381.79 1
9.56 375.29 1
9.57 360.05 1
9.58 354.26 1
9.59 348.7 1
9.6 351.45 1
9.61 354.24 1
9.62 348.68 1
9.63 348.64 1
9.64 348.64 1
9.65 358.78 1
9.66 362.72 1
9.67 366.22 1
9.68 372.13 1
9.69 381.75 1
9.7 389.2 1
9.71 397.7 1
9.72 410.28 1
9.73 414.15 1
9.74 422.05 1
9.75 422.17 1
9.76 426.28 1
9.77 434.54 1
9.78 422.23 1
9.79 414.23 1
9.8 414.2 1
9.81 414.1 1
9.82 405.19 1
9.83 398.87 1
9.84 388.65 1
9.85 386.62 1
9.86 188.07 1
9.87 187.27 1
9.88 184.91 1
9.89 183.15 1
9.9 181.66 1
9.91 179.85 1
9.92 178.97 1
9.93 177.63 1
9.94 176.55 1
9.95 177.46 1
9.96 175.64 1
9.97 174.5 1
9.98 175.35 1
9.99 174.65 1
10.0 174.75 1
10.01 174.58 1
10.02 174.4 1
10.03 174.25 1
10.04 175.35 1
10.05 176.75 1
10.06 177.64 1
10.07 179.3 1
10.08 179.96 1
10.09 181.1 1
10.1 183.48 1
10.11 186.48 1
10.12 184.16 1
10.13 104.35 1
10.14 102.92 1
10.15 105.6 1
10.16 104.38 1
10.17 136.61 1
10.18 135.46 1
10.19 136.14 1
10.2 135.9 1
10.21 135.51 1
10.22 137.18 1
10.23 137.18 1
10.24 117.37 1
10.25 109.9 1
10.26 105.63 1
10.27 104.38 1
10.28 105.39 1
10.29 105.21 1
10.3 104.73 1
10.31 104.26 1
10.32 104.38 1
10.33 104.62 1
10.34 103.4 1
10.35 103.73 1
10.36 103.64 1
10.37 103.89 1
10.38 103.88 1
10.39 103.8 1
10.4 104.07 1
10.41 104.63 1
10.42 104.53 1
10.43 105.47 1
10.44 105.82 1
10.45 104.92 1
10.46 105.9 1
10.47 105.72 1
10.48 105.63 1
10.49 106.1 1
10.5 105.3 1
10.51 104.93 1
10.52 105.0 1
10.53 104.92 1
10.54 104.76 1
10.55 104.7 1
10.56 139.33 1
10.57 139.33 1
10.58 138.87 1
10.59 139.77 1
10.6 140.21 1
10.61 139.69 1
10.62 140.22 1
10.63 141.1 1
10.64 140.23 1
10.65 141.11 1
10.66 140.66 1
10.67 139.93 1
10.68 140.66 1
10.69 139.86 1
10.7 139.84 1
10.71 140.65 1
10.72 140.22 1
10.73 140.28 1
10.74 140.23 1
10.75 140.22 1
10.76 140.66 1
10.77 141.11 1
10.78 140.38 1
10.79 140.97 1
10.8 140.99 1
10.81 141.4 1
10.82 142.02 1
10.83 141.11 1
10.84 141.56 1
10.85 141.29 1
10.86 141.01 1
10.87 141.12 1
10.88 140.44 1
10.89 139.78 1
10.9 139.33 1
10.91 133.02 1
10.92 132.62 1
10.93 273.38 1
10.94 275.8 1
10.95 278.22 1
10.96 275.49 1
10.97 274.35 1
10.98 274.04 1
10.99 281.76 1
11.0 278.06 1
11.01 274.13 1
11.02 276.44 1
11.03 281.66 1
11.04 276.82 1
11.05 276.59 1
11.06 278.21 1
11.07 278.19 1
11.08 276.48 1
11.09 278.21 1
11.1 279.96 1
11.11 278.2 1
11.12 279.95 1
11.13 278.23 1
11.14 278.22 1
11.15 279.98 1
11.16 278.48 1
11.17 280.0 1
11.18 280.0 1
11.19 280.6 1
11.2 279.98 1
11.21 279.97 1
11.22 278.22 1
11.23 276.47 1
11.24 271.4 1
11.25 267.98 1
11.26 257.16 1
11.27 249.22 1
11.28 238.09 1
11.29 223.21 1
11.3 104.87 1
11.31 104.5 1
11.32 104.98 1
11.33 105.14 1
11.34 105.37 1
11.35 105.32 1
11.36 105.27 1
11.37 105.2 1
11.38 105.33 1
11.39 106.13 1
11.4 104.63 1
11.41 104.7 1
11.42 105.33 1
11.43 105.64 1
11.44 246.97 1
11.45 281.42 1
11.46 278.5 1
11.47 283.06 1
11.48 274.77 1
11.49 279.16 1
11.5 274.93 1
11.51 264.88 1
11.52 266.47 1
11.53 262.12 1
11.54 259.52 1
11.55 257.14 1
11.56 252.72 1
11.57 249.22 1
11.58 249.82 1
11.59 247.77 1
11.6 249.72 1
11.61 245.66 1
11.62 238.99 1
11.63 244.32 1
11.64 242.95 1
11.65 239.01 1
11.66 242.94 1
11.67 179.59 1
11.68 244.31 1
11.69 245.67 1
11.7 249.26 1
11.71 249.27 1
11.72 256.21 1
11.73 262.75 1
11.74 261.87 1
11.75 214.61 1
11.76 265.83 1
11.77 268.53 1
11.78 271.69 1
11.79 282.7 1
11.8 279.41 1
11.81 278.19 1
11.82 275.36 1
11.83 273.64 1
11.84 267.65 1
11.85 266.49 1
11.86 263.3 1
11.87 259.25 1
11.88 255.97 1
11.89 249.8 1
11.9 247.06 1
11.91 248.29 1
11.92 236.67 1
11.93 244.84 1
11.94 239.31 1
11.95 242.97 1
11.96 230.31 1
11.97 236.2 1
11.98 235.71 1
11.99 241.64 1
12.0 244.31 1
12.01 243.01 1
12.02 247.44 1
12.03 248.94 1
12.04 252.23 1
12.05 258.74 1
12.06 285.31 1
12.07 291.12 1
12.08 294.98 1
12.09 289.94 1
12.1 290.1 1
12.11 273.86 1
12.12 201.84 1
12.13 210.29 1
12.14 204.7 1
12.15 206.59 1
12.16 219.93 1
12.17 230.32 1
12.18 240.35 1
12.19 240.0 1
12.2 241.63 1
12.21 240.6 1
12.22 240.32 1
12.23 240.32 1
12.24 239.9 1
12.25 241.15 1
12.26 241.64 1
12.27 240.76 1
12.28 240.93 1
12.29 240.32 1
12.3 239.57 1
12.31 241.63 1
12.32 238.21 1
12.33 236.74 1
12.34 232.74 1
12.35 234.87 1
12.36 234.66 1
12.37 231.52 1
12.38 234.81 1
12.39 235.55 1
12.4 236.46 1
12.41 236.47 1
12.42 236.31 1
12.43 236.65 1
12.44 238.1 1
12.45 239.4 1
12.46 241.63 1
12.47 242.38 1
12.48 245.6 1
12.49 248.8 1
12.5 251.01 1
12.51 250.62 1
12.52 252.05 1
12.53 250.24 1
12.54 245.77 1
12.55 241.64 1
12.56 230.3 1
12.57 106.66 1
12.58 105.92 1
12.59 104.25 1
12.6 104.51 1
12.61 104.31 1
12.62 104.16 1
12.63 104.63 1
12.64 104.94 1
12.65 105.22 1
12.66 105.08 1
12.67 105.06 1
12.68 105.04 1
12.69 105.17 1
12.7 105.07 1
12.71 105.13 1
12.72 105.22 1
12.73 105.18 1
12.74 105.1 1
12.75 105.16 1
12.76 105.11 1
12.77 105.12 1
12.78 105.06 1
12.79 105.16 1
12.8 105.19 1
12.81 105.18 1
12.82 105.03 1
12.83 105.17 1
12.84 105.08 1
12.85 105.12 1
12.86 105.04 1
