0.01 105.09 1
0.02 105.19 1
0.03 105.06 1
0.04 105.18 1
0.05 105.18 1
0.06 105.33 1
0.07 133.44 1
0.08 151.0 1
0.09 288.32 1
0.1 305.57 1
0.11 325.75 1
0.12 345.92 1
0.13 375.32 1
0.14 389.41 1
0.15 398.43 1
0.16 405.65 1
0.17 410.31 1
0.18 414.23 1
0.19 414.31 1
0.2 414.42 1
0.21 414.41 1
0.22 414.37 1
0.23 414.36 1
0.24 410.45 1
0.25 408.75 1
0.26 403.49 1
0.27 396.68 1
0.28 390.73 1
0.29 381.8 1
0.3 378.51 1
0.31 369.95 1
0.32 363.17 1
0.33 348.69 1
0.34 345.91 1
0.35 348.67 1
0.36 360.06 1
0.37 0.0 1
0.38 105.6 1
0.39 105.16 1
0.4 104.85 1
0.41 104.55 1
0.42 104.79 1
0.43 105.08 1
0.44 105.09 1
0.45 105.39 1
0.46 106.14 1
0.47 215.06 1
0.48 217.89 1
0.49 219.37 1
0.5 434.56 1
0.51 430.39 1
0.52 426.27 1
0.53 426.21 1
0.54 422.1 1
0.55 414.16 1
0.56 414.13 1
0.57 410.28 1
0.58 402.14 1
0.59 391.55 1
0.6 385.12 1
0.61 378.53 1
0.62 370.75 1
0.63 360.99 1
0.64 351.48 1
0.65 348.65 1
0.66 343.22 1
0.67 348.63 1
0.68 342.63 1
0.69 336.25 1
0.7 340.58 1
0.71 215.64 1
0.72 204.66 1
0.73 211.67 1
0.74 218.85 1
0.75 205.63 1
0.76 207.54 1
0.77 209.8 1
0.78 210.83 1
0.79 214.68 1
0.8 215.65 1
0.81 217.77 1
0.82 218.83 1
0.83 217.75 1
0.84 215.62 1
0.85 208.55 1
0.86 205.64 1
0.87 205.62 1
0.88 202.76 1
0.89 202.04 1
0.9 197.31 1
0.91 193.85 1
0.92 191.17 1
0.93 188.07 1
0.94 183.58 1
0.95 180.6 1
0.96 177.43 1
0.97 175.75 1
0.98 174.24 1
0.99 175.69 1
1.0 175.78 1
1.01 176.15 1
1.02 179.6 1
1.03 182.45 1
1.04 184.91 1
1.05 186.48 1
1.06 189.68 1
1.07 192.97 1
1.08 194.69 1
1.09 189.68 1
1.1 181.86 1
1.11 219.23 1
1.12 271.32 1
1.13 273.09 1
1.14 266.47 1
1.15 279.21 1
1.16 279.46 1
1.17 280.27 1
1.18 279.74 1
1.19 280.16 1
1.2 282.32 1
1.21 282.1 1
1.22 281.02 1
1.23 280.25 1
1.24 280.36 1
1.25 277.94 1
1.26 276.31 1
1.27 274.98 1
1.28 274.01 1
1.29 276.44 1
1.3 274.39 1
1.31 274.75 1
1.32 276.44 1
1.33 275.16 1
1.34 278.21 1
1.35 277.32 1
1.36 278.23 1
1.37 276.54 1
1.38 273.07 1
1.39 269.73 1
1.4 271.11 1
1.41 258.67 1
1.42 266.46 1
1.43 281.85 1
1.44 280.29 1
1.45 279.99 1
1.46 281.77 1
1.47 281.14 1
1.48 281.81 1
1.49 281.1 1
1.5 284.01 1
1.51 281.25 1
1.52 278.6 1
1.53 276.45 1
1.54 271.36 1
1.55 269.69 1
1.56 261.75 1
1.57 257.19 1
1.58 254.43 1
1.59 250.94 1
1.6 246.29 1
1.61 244.07 1
1.62 241.64 1
1.63 241.63 1
1.64 242.18 1
1.65 243.78 1
1.66 245.33 1
1.67 248.39 1
1.68 250.82 1
1.69 254.19 1
1.7 260.23 1
1.71 269.88 1
1.72 268.86 1
1.73 257.26 1
1.74 251.31 1
1.75 107.42 1
1.76 105.08 1
1.77 105.16 1
1.78 105.88 1
1.79 59.25 1
1.8 60.87 1
1.81 59.8 1
1.82 61.04 1
1.83 60.7 1
1.84 60.46 1
1.85 60.54 1
1.86 58.76 1
1.87 59.63 1
1.88 58.88 1
1.89 58.86 1
1.9 105.88 1
1.91 105.18 1
1.92 105.01 1
1.93 105.16 1
1.94 105.12 1
1.95 105.12 1
1.96 105.14 1
1.97 105.06 1
1.98 105.24 1
1.99 105.02 1
2.0 105.15 1
2.01 105.13 1
2.02 105.12 1
2.03 105.15 1
2.04 105.1 1
2.05 105.15 1
2.06 105.11 1
2.07 105.1 1
2.08 105.16 1
2.09 105.14 1
2.1 105.03 1
2.11 105.5 1
2.12 105.0 1
2.13 106.65 1
2.14 128.64 1
2.15 129.14 1
2.16 130.97 1
2.17 270.02 1
2.18 291.1 1
2.19 280.17 1
2.2 283.2 1
2.21 284.47 1
2.22 284.82 1
2.23 284.94 1
2.24 283.33 1
2.25 286.03 1
2.26 284.71 1
2.27 284.45 1
2.28 283.04 1
2.29 282.27 1
2.3 281.96 1
2.31 281.2 1
2.32 278.4 1
2.33 276.47 1
2.34 274.73 1
2.35 268.07 1
2.36 258.7 1
2.37 257.18 1
2.38 254.14 1
2.39 246.46 1
2.4 236.46 1
2.41 230.2 1
2.42 228.37 1
2.43 220.99 1
2.44 248.5 1
2.45 254.21 1
2.46 249.87 1
2.47 264.66 1
2.48 279.91 1
2.49 281.07 1
2.5 284.18 1
2.51 290.81 1
2.52 291.1 1
2.53 290.87 1
2.54 291.13 1
2.55 290.32 1
2.56 286.42 1
2.57 280.92 1
2.58 278.19 1
2.59 273.04 1
2.6 268.39 1
2.61 258.69 1
2.62 254.21 1
2.63 247.05 1
2.64 244.25 1
2.65 227.97 1
2.66 229.79 1
2.67 227.84 1
2.68 227.87 1
2.69 228.36 1
2.7 227.92 1
2.71 241.54 1
2.72 242.91 1
2.73 247.06 1
2.74 252.69 1
2.75 258.66 1
2.76 270.17 1
2.77 275.07 1
2.78 278.23 1
2.79 279.98 1
2.8 281.69 1
2.81 282.7 1
2.82 280.29 1
2.83 130.71 1
2.84 132.23 1
2.85 130.75 1
2.86 130.93 1
2.87 123.99 1
2.88 137.61 1
2.89 139.74 1
2.9 139.38 1
2.91 140.33 1
2.92 141.12 1
2.93 139.77 1
2.94 135.92 1
2.95 135.5 1
2.96 135.92 1
2.97 136.33 1
2.98 135.09 1
2.99 135.09 1
3.0 135.5 1
3.01 135.51 1
3.02 136.33 1
3.03 135.92 1
3.04 135.09 1
3.05 135.09 1
3.06 134.68 1
3.07 137.61 1
3.08 124.75 1
3.09 107.71 1
3.1 109.39 1
3.11 103.4 1
3.12 104.87 1
3.13 106.16 1
3.14 111.79 1
3.15 137.81 1
3.16 140.41 1
3.17 142.63 1
3.18 143.26 1
3.19 143.78 1
3.2 141.65 1
3.21 139.33 1
3.22 134.39 1
3.23 136.02 1
3.24 135.08 1
3.25 136.75 1
3.26 134.66 1
3.27 135.94 1
3.28 135.07 1
3.29 103.85 1
3.3 104.9 1
3.31 105.06 1
3.32 104.88 1
3.33 105.24 1
3.34 104.38 1
3.35 104.13 1
3.36 102.79 1
3.37 103.4 1
3.38 103.63 1
3.39 89.92 1
3.4 90.48 1
3.41 91.25 1
3.42 91.1 1
3.43 91.08 1
3.44 90.89 1
3.45 91.13 1
3.46 91.57 1
3.47 103.64 1
3.48 103.57 1
3.49 103.92 1
3.5 104.38 1
3.51 104.58 1
3.52 105.13 1
3.53 104.98 1
3.54 104.89 1
3.55 105.9 1
3.56 104.9 1
3.57 136.26 1
3.58 284.87 1
3.59 279.99 1
3.6 287.42 1
3.61 282.7 1
3.62 285.67 1
3.63 283.36 1
3.64 279.98 1
3.65 278.21 1
3.66 274.73 1
3.67 267.75 1
3.68 260.22 1
3.69 257.17 1
3.7 254.18 1
3.71 250.68 1
3.72 242.13 1
3.73 242.41 1
3.74 241.64 1
3.75 242.26 1
3.76 245.05 1
3.77 246.19 1
3.78 250.44 1
3.79 253.27 1
3.8 255.67 1
3.81 257.17 1
3.82 261.74 1
3.83 258.69 1
3.84 257.24 1
3.85 258.69 1
3.86 210.41 1
3.87 105.37 1
3.88 104.9 1
3.89 105.26 1
3.9 105.13 1
3.91 104.95 1
3.92 105.24 1
3.93 106.13 1
3.94 126.91 1
3.95 127.28 1
3.96 127.29 1
3.97 129.14 1
3.98 128.39 1
3.99 128.39 1
4.0 127.28 1
4.01 126.91 1
4.02 128.39 1
4.03 126.91 1
4.04 127.65 1
4.05 125.93 1
4.06 105.16 1
4.07 105.01 1
4.08 105.24 1
4.09 104.88 1
4.1 105.14 1
4.11 105.05 1
4.12 105.32 1
4.13 104.92 1
4.14 105.14 1
4.15 104.95 1
4.16 105.04 1
4.17 105.01 1
4.18 105.11 1
4.19 105.05 1
4.2 105.09 1
4.21 105.09 1
4.22 104.97 1
4.23 105.25 1
4.24 104.96 1
4.25 105.09 1
4.26 105.13 1
4.27 105.1 1
4.28 105.09 1
4.29 105.05 1
4.3 105.31 1
4.31 104.44 1
4.32 105.29 1
4.33 106.96 1
4.34 104.49 1
4.35 106.33 1
4.36 77.62 1
4.37 77.68 1
4.38 76.83 1
4.39 77.57 1
4.4 77.85 1
4.41 78.37 1
4.42 77.99 1
4.43 77.71 1
4.44 77.18 1
4.45 76.36 1
4.46 75.0 1
4.47 73.84 1
4.48 74.08 1
4.49 74.25 1
4.5 74.27 1
4.51 74.38 1
4.52 74.56 1
4.53 85.54 1
4.54 88.27 1
4.55 81.89 1
4.56 84.73 1
4.57 82.51 1
4.58 85.74 1
4.59 85.81 1
4.6 102.98 1
4.61 105.32 1
4.62 105.37 1
4.63 105.33 1
4.64 104.96 1
4.65 105.4 1
4.66 104.87 1
4.67 105.08 1
4.68 105.02 1
4.69 104.63 1
4.7 104.9 1
4.71 103.32 1
4.72 102.9 1
4.73 101.73 1
4.74 102.23 1
4.75 103.16 1
4.76 102.68 1
4.77 102.13 1
4.78 101.97 1
4.79 100.64 1
4.8 100.91 1
4.81 101.5 1
4.82 102.13 1
4.83 102.29 1
4.84 102.97 1
4.85 103.94 1
4.86 103.64 1
4.87 103.64 1
4.88 103.64 1
4.89 104.2 1
4.9 104.97 1
4.91 105.5 1
4.92 105.35 1
4.93 105.46 1
4.94 105.24 1
4.95 104.82 1
4.96 105.07 1
4.97 105.16 1
4.98 104.93 1
4.99 104.87 1
5.0 105.74 1
5.01 59.34 1
5.02 59.78 1
5.03 59.34 1
5.04 59.28 1
5.05 59.16 1
5.06 59.8 1
5.07 59.09 1
5.08 59.47 1
5.09 59.41 1
5.1 59.66 1
5.11 59.53 1
5.12 59.8 1
5.13 59.42 1
5.14 59.88 1
5.15 59.4 1
5.16 59.55 1
5.17 59.29 1
5.18 60.45 1
5.19 60.62 1
5.2 60.95 1
5.21 59.16 1
5.22 106.64 1
5.23 105.49 1
5.24 105.37 1
5.25 105.05 1
5.26 104.98 1
5.27 104.92 1
5.28 105.32 1
5.29 105.37 1
5.3 105.0 1
5.31 104.69 1
5.32 105.09 1
5.33 105.19 1
5.34 104.97 1
5.35 104.74 1
5.36 102.93 1
5.37 103.5 1
5.38 104.08 1
5.39 104.55 1
5.4 104.39 1
5.41 104.55 1
5.42 104.38 1
5.43 104.27 1
5.44 104.63 1
5.45 105.17 1
5.46 104.38 1
5.47 105.1 1
5.48 105.11 1
5.49 105.08 1
5.5 105.09 1
5.51 105.11 1
5.52 105.06 1
5.53 105.2 1
5.54 105.04 1
5.55 105.16 1
5.56 105.15 1
5.57 105.09 1
5.58 105.13 1
5.59 105.12 1
5.6 105.14 1
5.61 105.15 1
5.62 105.13 1
5.63 105.12 1
5.64 105.12 1
5.65 105.1 1
5.66 105.17 1
5.67 105.1 1
5.68 105.14 1
5.69 105.05 1
5.7 105.2 1
5.71 105.1 1
5.72 105.16 1
5.73 105.05 1
5.74 105.17 1
5.75 105.17 1
5.76 105.08 1
5.77 105.07 1
5.78 105.19 1
5.79 105.07 1
5.8 105.13 1
5.81 105.08 1
5.82 105.11 1
5.83 105.14 1
5.84 105.09 1
5.85 105.09 1
5.86 105.27 1
5.87 105.2 1
5.88 105.11 1
5.89 105.13 1
5.9 105.15 1
5.91 105.17 1
5.92 105.13 1
5.93 105.16 1
5.94 105.11 1
5.95 105.17 1
5.96 105.12 1
5.97 105.15 1
5.98 105.07 1
5.99 105.15 1
6.0 105.55 1
6.01 105.13 1
6.02 105.23 1
6.03 105.55 1
6.04 105.16 1
6.05 105.21 1
6.06 105.08 1
6.07 105.22 1
6.08 105.21 1
6.09 105.28 1
6.1 105.02 1
6.11 105.21 1
6.12 105.1 1
6.13 105.62 1
6.14 245.68 1
6.15 241.94 1
6.16 244.3 1
6.17 241.63 1
6.18 242.96 1
6.19 244.29 1
6.2 242.92 1
6.21 244.26 1
6.22 245.67 1
6.23 244.3 1
6.24 239.0 1
6.25 247.06 1
6.26 230.99 1
6.27 245.67 1
6.28 108.22 1
6.29 106.39 1
6.3 105.12 1
6.31 107.16 1
6.32 106.9 1
6.33 105.38 1
6.34 105.22 1
6.35 105.13 1
6.36 105.16 1
6.37 105.18 1
6.38 105.21 1
6.39 105.13 1
6.4 105.14 1
6.41 105.12 1
6.42 106.9 1
6.43 104.31 1
6.44 104.31 1
6.45 236.91 1
6.46 235.21 1
6.47 235.1 1
6.48 235.04 1
6.49 233.96 1
6.5 233.96 1
6.51 232.73 1
6.52 233.96 1
6.53 233.96 1
6.54 231.51 1
6.55 230.31 1
6.56 231.5 1
6.57 230.29 1
6.58 233.75 1
6.59 238.27 1
6.6 243.57 1
6.61 244.32 1
6.62 251.49 1
6.63 256.35 1
6.64 104.84 1
6.65 106.4 1
6.66 104.63 1
6.67 105.07 1
6.68 105.88 1
6.69 105.12 1
6.7 105.18 1
6.71 105.37 1
6.72 105.25 1
6.73 105.18 1
6.74 105.16 1
6.75 105.9 1
6.76 132.37 1
6.77 132.72 1
6.78 133.59 1
6.79 273.03 1
6.8 275.23 1
6.81 274.55 1
6.82 274.21 1
6.83 277.45 1
6.84 283.34 1
6.85 279.29 1
6.86 281.73 1
6.87 279.84 1
6.88 279.26 1
6.89 278.83 1
6.9 278.52 1
6.91 277.76 1
6.92 276.34 1
6.93 276.48 1
6.94 276.48 1
6.95 277.53 1
6.96 280.0 1
6.97 282.33 1
6.98 287.25 1
6.99 280.3 1
7.0 282.14 1
7.01 139.52 1
7.02 138.59 1
7.03 137.05 1
7.04 138.03 1
7.05 137.21 1
7.06 136.4 1
7.07 138.89 1
7.08 139.82 1
7.09 140.67 1
7.1 141.48 1
7.11 141.0 1
7.12 140.84 1
7.13 141.15 1
7.14 141.44 1
7.15 141.21 1
7.16 139.88 1
7.17 137.82 1
7.18 105.87 1
7.19 104.86 1
7.2 105.15 1
7.21 104.81 1
7.22 103.9 1
7.23 104.82 1
7.24 105.18 1
7.25 104.97 1
7.26 105.14 1
7.27 105.06 1
7.28 105.03 1
7.29 105.14 1
7.3 104.95 1
7.31 105.21 1
7.32 105.35 1
7.33 105.06 1
7.34 105.0 1
7.35 105.15 1
7.36 105.21 1
7.37 104.89 1
7.38 105.19 1
7.39 105.08 1
7.4 105.11 1
7.41 105.14 1
7.42 105.07 1
7.43 105.09 1
7.44 105.09 1
7.45 105.1 1
7.46 105.17 1
7.47 105.03 1
7.48 104.49 1
7.49 104.51 1
7.5 104.55 1
7.51 104.52 1
7.52 104.71 1
7.53 104.71 1
7.54 208.51 1
7.55 210.24 1
7.56 418.13 1
7.57 418.17 1
7.58 422.14 1
7.59 422.1 1
7.6 418.15 1
7.61 418.15 1
7.62 422.1 1
7.63 422.1 1
7.64 422.08 1
7.65 422.06 1
7.66 418.08 1
7.67 414.22 1
7.68 410.44 1
7.69 414.19 1
7.7 414.24 1
7.71 410.41 1
7.72 414.19 1
7.73 418.03 1
7.74 414.2 1
7.75 414.19 1
7.76 414.2 1
7.77 414.2 1
7.78 414.12 1
7.79 410.29 1
7.8 414.17 1
7.81 422.15 1
7.82 430.25 1
7.83 410.5 1
7.84 422.49 1
7.85 438.67 1
7.86 429.9 1
7.87 471.61 1
7.88 462.22 1
7.89 474.54 1
7.9 476.15 1
7.91 474.9 1
7.92 473.3 1
7.93 468.22 1
7.94 470.26 1
7.95 463.47 1
7.96 462.9 1
7.97 462.01 1
7.98 461.91 1
7.99 464.53 1
8.0 466.63 1
8.01 466.34 1
8.02 476.65 1
8.03 471.55 1
8.04 481.66 1
8.05 467.48 1
8.06 476.27 1
8.07 469.19 1
8.08 471.44 1
8.09 465.83 1
8.1 462.56 1
8.11 459.43 1
8.12 454.68 1
8.13 438.86 1
8.14 487.21 1
8.15 481.72 1
8.16 476.72 1
8.17 468.33 1
8.18 479.19 1
8.19 470.44 1
8.2 357.52 1
8.21 348.67 1
8.22 345.92 1
8.23 348.66 1
8.24 348.64 1
8.25 348.44 1
8.26 343.25 1
8.27 345.9 1
8.28 348.62 1
8.29 345.94 1
8.3 345.96 1
8.31 351.44 1
8.32 351.44 1
8.33 351.48 1
8.34 357.11 1
8.35 360.04 1
8.36 366.82 1
8.37 375.27 1
8.38 381.77 1
8.39 388.26 1
8.4 402.34 1
8.41 410.37 1
8.42 414.37 1
8.43 426.29 1
8.44 471.23 1
8.45 471.33 1
8.46 471.43 1
8.47 481.22 1
8.48 467.87 1
8.49 476.13 1
8.5 465.99 1
8.51 434.56 1
8.52 466.72 1
8.53 472.24 1
8.54 498.44 1
8.55 511.65 1
8.56 520.17 1
8.57 515.8 1
8.58 518.13 1
8.59 513.15 1
8.6 513.59 1
8.61 510.54 1
8.62 498.56 1
8.63 485.92 1
8.64 470.64 1
8.65 456.91 1
8.66 465.96 1
8.67 451.56 1
8.68 454.76 1
8.69 461.38 1
8.7 461.73 1
8.71 471.21 1
8.72 471.32 1
8.73 476.48 1
8.74 474.99 1
8.75 481.85 1
8.76 498.57 1
8.77 479.15 1
8.78 476.35 1
8.79 442.67 1
8.8 463.59 1
8.81 470.34 1
8.82 464.33 1
8.83 443.26 1
8.84 481.85 1
8.85 0.0 1
8.86 430.33 1
8.87 427.14 1
8.88 427.75 1
8.89 426.1 1
8.9 422.01 1
8.91 414.2 1
8.92 414.19 1
8.93 419.59 1
8.94 418.05 1
8.95 418.08 1
8.96 418.13 1
8.97 420.74 1
8.98 418.05 1
8.99 414.23 1
9.0 416.81 1
9.01 414.19 1
9.02 417.13 1
9.03 414.19 1
9.04 418.02 1
9.05 418.05 1
9.06 418.04 1
9.07 417.74 1
9.08 414.13 1
9.09 414.12 1
9.1 414.11 1
9.11 410.32 1
9.12 414.13 1
9.13 414.16 1
9.14 419.68 1
9.15 421.07 1
9.16 512.56 1
9.17 477.6 1
9.18 502.24 1
9.19 456.93 1
9.2 422.25 1
9.21 430.37 1
9.22 430.33 1
9.23 418.23 1
9.24 414.29 1
9.25 414.18 1
9.26 414.11 1
9.27 410.25 1
9.28 401.63 1
9.29 393.91 1
9.3 389.52 1
9.31 378.61 1
9.32 372.14 1
9.33 354.34 1
9.34 345.99 1
9.35 345.89 1
9.36 345.9 1
9.37 339.58 1
9.38 339.96 1
9.39 338.56 1
9.4 338.98 1
9.41 338.72 1
9.42 342.56 1
9.43 340.59 1
9.44 345.91 1
9.45 351.44 1
9.46 351.45 1
9.47 354.24 1
9.48 356.35 1
9.49 348.64 1
9.5 340.37 1
9.51 285.87 1
9.52 271.36 1
9.53 274.76 1
9.54 275.97 1
9.55 273.97 1
9.56 266.48 1
9.57 272.31 1
9.58 281.77 1
9.59 280.27 1
9.6 281.15 1
9.61 280.68 1
9.62 279.41 1
9.63 280.56 1
9.64 280.51 1
9.65 277.93 1
9.66 278.48 1
9.67 277.54 1
9.68 276.94 1
9.69 277.27 1
9.7 276.0 1
9.71 277.13 1
9.72 275.18 1
9.73 104.88 1
9.74 105.28 1
9.75 104.99 1
9.76 105.28 1
9.77 105.07 1
9.78 105.24 1
9.79 105.1 1
9.8 105.13 1
9.81 105.18 1
9.82 105.15 1
9.83 105.09 1
9.84 105.24 1
9.85 104.87 1
9.86 105.1 1
9.87 105.11 1
9.88 105.02 1
9.89 105.12 1
9.9 105.11 1
9.91 133.84 1
9.92 134.66 1
9.93 135.6 1
9.94 134.25 1
9.95 134.25 1
9.96 134.25 1
9.97 133.88 1
9.98 133.76 1
9.99 134.58 1
10.0 134.25 1
10.01 134.68 1
10.02 135.49 1
10.03 135.49 1
10.04 134.66 1
10.05 133.19 1
10.06 261.73 1
10.07 255.65 1
10.08 248.86 1
10.09 242.96 1
10.1 236.46 1
10.11 233.15 1
10.12 229.1 1
10.13 229.68 1
10.14 228.96 1
10.15 226.76 1
10.16 230.3 1
10.17 230.31 1
10.18 235.21 1
10.19 241.18 1
10.2 247.81 1
10.21 253.31 1
10.22 255.7 1
10.23 274.0 1
10.24 286.32 1
10.25 139.23 1
10.26 105.0 1
10.27 104.9 1
10.28 105.58 1
10.29 104.87 1
10.3 106.69 1
10.31 76.36 1
10.32 74.88 1
10.33 76.55 1
10.34 76.39 1
10.35 76.11 1
10.36 76.54 1
10.37 76.1 1
10.38 76.89 1
10.39 76.62 1
10.4 74.76 1
10.41 76.89 1
10.42 76.1 1
10.43 76.76 1
10.44 79.11 1
10.45 76.36 1
10.46 80.25 1
10.47 77.85 1
10.48 79.67 1
10.49 77.29 1
10.5 77.44 1
10.51 105.88 1
10.52 105.09 1
10.53 104.78 1
10.54 105.06 1
10.55 105.09 1
10.56 105.1 1
10.57 105.08 1
10.58 105.1 1
10.59 104.84 1
10.6 213.55 1
10.61 233.95 1
10.62 235.2 1
10.63 236.63 1
10.64 238.8 1
10.65 242.25 1
10.66 244.18 1
10.67 245.17 1
10.68 244.32 1
10.69 242.97 1
10.7 238.48 1
10.71 232.75 1
10.72 227.91 1
10.73 220.32 1
10.74 215.63 1
10.75 211.83 1
10.76 206.58 1
10.77 205.62 1
10.78 203.71 1
10.79 203.7 1
10.8 203.72 1
10.81 203.71 1
10.82 204.66 1
10.83 203.7 1
10.84 204.65 1
10.85 203.72 1
10.86 202.76 1
10.87 202.2 1
10.88 201.83 1
10.89 104.13 1
10.9 105.37 1
10.91 104.78 1
10.92 104.95 1
10.93 104.76 1
10.94 104.66 1
10.95 221.89 1
10.96 218.85 1
10.97 239.16 1
10.98 216.06 1
10.99 228.94 1
11.0 219.93 1
11.01 227.91 1
11.02 219.9 1
11.03 219.92 1
11.04 227.9 1
11.05 214.57 1
11.06 224.26 1
11.07 229.16 1
11.08 219.94 1
11.09 231.5 1
11.1 217.78 1
11.11 232.24 1
11.12 223.64 1
11.13 230.3 1
11.14 219.94 1
11.15 105.64 1
11.16 105.09 1
11.17 105.23 1
11.18 105.11 1
11.19 105.15 1
11.2 105.01 1
11.21 105.37 1
11.22 104.94 1
11.23 105.32 1
11.24 105.19 1
11.25 230.87 1
11.26 227.97 1
11.27 232.14 1
11.28 229.91 1
11.29 230.21 1
11.3 230.29 1
11.31 223.82 1
11.32 224.43 1
11.33 228.52 1
11.34 233.57 1
11.35 236.46 1
11.36 244.74 1
11.37 254.19 1
11.38 260.2 1
11.39 269.75 1
11.4 278.23 1
11.41 283.25 1
11.42 281.35 1
11.43 271.37 1
11.44 250.81 1
11.45 108.49 1
11.46 105.42 1
11.47 104.4 1
11.48 105.58 1
11.49 105.21 1
11.5 105.07 1
11.51 105.07 1
11.52 105.13 1
