0.01 273.35 1
0.02 264.88 1
0.03 260.2 1
0.04 269.72 1
0.05 274.74 1
0.06 274.75 1
0.07 278.22 1
0.08 278.22 1
0.09 278.59 1
0.1 279.74 1
0.11 280.6 1
0.12 280.75 1
0.13 279.63 1
0.14 279.97 1
0.15 275.93 1
0.16 274.74 1
0.17 272.94 1
0.18 273.06 1
0.19 274.74 1
0.2 274.76 1
0.21 275.03 1
0.22 276.37 1
0.23 276.99 1
0.24 277.26 1
0.25 278.59 1
0.26 278.48 1
0.27 279.96 1
0.28 279.28 1
0.29 279.06 1
0.3 280.69 1
0.31 281.52 1
0.32 280.0 1
0.33 279.77 1
0.34 278.85 1
0.35 278.59 1
0.36 279.78 1
0.37 104.87 1
0.38 105.1 1
0.39 104.98 1
0.4 104.83 1
0.41 104.94 1
0.42 104.72 1
0.43 104.7 1
0.44 104.68 1
0.45 104.77 1
0.46 104.84 1
0.47 104.8 1
0.48 105.04 1
0.49 105.22 1
0.5 105.52 1
0.51 106.14 1
0.52 106.14 1
0.53 106.14 1
0.54 106.14 1
0.55 106.06 1
0.56 105.67 1
0.57 105.3 1
0.58 104.77 1
0.59 104.38 1
0.6 103.91 1
0.61 104.33 1
0.62 135.09 1
0.63 135.1 1
0.64 134.7 1
0.65 135.09 1
0.66 134.68 1
0.67 135.1 1
0.68 135.5 1
0.69 136.77 1
0.7 138.61 1
0.71 139.99 1
0.72 140.8 1
0.73 141.12 1
0.74 105.25 1
0.75 104.9 1
0.76 105.18 1
0.77 105.45 1
0.78 104.82 1
0.79 105.15 1
0.8 105.11 1
0.81 105.03 1
0.82 105.45 1
0.83 104.97 1
0.84 105.02 1
0.85 105.26 1
0.86 105.13 1
0.87 105.0 1
0.88 105.01 1
0.89 104.37 1
0.9 104.98 1
0.91 105.98 1
0.92 106.4 1
0.93 106.15 1
0.94 106.14 1
0.95 105.01 1
0.96 104.13 1
0.97 101.73 1
0.98 100.21 1
0.99 96.82 1
1.0 94.53 1
1.01 92.36 1
1.02 89.98 1
1.03 87.9 1
1.04 86.98 1
1.05 86.29 1
1.06 84.57 1
1.07 85.94 1
1.08 105.6 1
1.09 104.58 1
1.1 105.23 1
1.11 105.36 1
1.12 105.04 1
1.13 103.9 1
1.14 104.87 1
1.15 105.23 1
1.16 105.11 1
1.17 104.87 1
1.18 105.55 1
1.19 105.22 1
1.2 179.63 1
1.21 177.68 1
1.22 176.16 1
1.23 175.15 1
1.24 173.91 1
1.25 172.61 1
1.26 174.24 1
1.27 175.15 1
1.28 176.84 1
1.29 178.88 1
1.3 180.71 1
1.31 181.66 1
1.32 182.0 1
1.33 179.76 1
1.34 176.75 1
1.35 172.52 1
1.36 164.59 1
1.37 152.83 1
1.38 144.85 1
1.39 143.81 1
1.4 139.86 1
1.41 138.82 1
1.42 139.07 1
1.43 135.9 1
1.44 136.33 1
1.45 136.75 1
1.46 104.24 1
1.47 105.06 1
1.48 105.31 1
1.49 105.04 1
1.5 105.19 1
1.51 105.06 1
1.52 104.95 1
1.53 104.88 1
1.54 111.94 1
1.55 119.69 1
1.56 139.38 1
1.57 142.96 1
1.58 145.33 1
1.59 150.76 1
1.6 159.51 1
1.61 168.01 1
1.62 178.06 1
1.63 184.91 1
1.64 192.16 1
1.65 199.57 1
1.66 203.72 1
1.67 206.59 1
1.68 210.31 1
1.69 209.52 1
1.7 211.64 1
1.71 210.52 1
1.72 209.52 1
1.73 208.51 1
1.74 203.72 1
1.75 202.76 1
1.76 199.49 1
1.77 195.46 1
1.78 192.98 1
1.79 188.05 1
1.8 183.9 1
1.81 179.56 1
1.82 176.21 1
1.83 173.59 1
1.84 168.65 1
1.85 168.97 1
1.86 168.66 1
1.87 170.98 1
1.88 171.27 1
1.89 177.46 1
1.9 180.27 1
1.91 184.87 1
1.92 187.28 1
1.93 193.98 1
1.94 200.21 1
1.95 202.78 1
1.96 205.62 1
1.97 204.69 1
1.98 208.34 1
1.99 205.63 1
2.0 203.73 1
2.01 201.75 1
2.02 198.33 1
2.03 194.52 1
2.04 190.64 1
2.05 185.7 1
2.06 183.17 1
2.07 180.56 1
2.08 178.85 1
2.09 178.57 1
2.1 178.2 1
2.11 176.11 1
2.12 172.61 1
2.13 169.29 1
2.14 176.75 1
2.15 175.57 1
2.16 174.66 1
2.17 173.28 1
2.18 173.18 1
2.19 172.42 1
2.2 172.61 1
2.21 180.1 1
2.22 182.59 1
2.23 356.59 1
2.24 348.62 1
2.25 349.54 1
2.26 343.26 1
2.27 343.26 1
2.28 343.27 1
2.29 340.61 1
2.3 340.57 1
2.31 339.93 1
2.32 339.62 1
2.33 337.98 1
2.34 339.37 1
2.35 340.08 1
2.36 340.57 1
2.37 340.64 1
2.38 345.96 1
2.39 348.68 1
2.4 348.74 1
2.41 360.07 1
2.42 368.85 1
2.43 378.42 1
2.44 385.1 1
2.45 391.57 1
2.46 394.38 1
2.47 401.84 1
2.48 406.17 1
2.49 409.72 1
2.5 410.32 1
2.51 414.09 1
2.52 410.3 1
2.53 414.1 1
2.54 410.34 1
2.55 414.14 1
2.56 414.19 1
2.57 414.18 1
2.58 414.2 1
2.59 0.0 1
2.6 0.0 1
2.61 104.87 1
2.62 104.78 1
2.63 105.0 1
2.64 104.88 1
2.65 105.15 1
2.66 105.12 1
2.67 104.95 1
2.68 101.71 1
2.69 87.28 1
2.7 87.22 1
2.71 86.41 1
2.72 86.08 1
2.73 86.29 1
2.74 86.65 1
2.75 87.11 1
2.76 87.05 1
2.77 87.05 1
2.78 87.09 1
2.79 86.85 1
2.8 87.32 1
2.81 87.76 1
2.82 87.94 1
2.83 88.47 1
2.84 88.91 1
2.85 88.75 1
2.86 87.89 1
2.87 87.41 1
2.88 104.88 1
2.89 105.39 1
2.9 104.91 1
2.91 103.65 1
2.92 135.57 1
2.93 134.34 1
2.94 134.25 1
2.95 133.58 1
2.96 131.05 1
2.97 133.03 1
2.98 131.05 1
2.99 135.41 1
3.0 134.66 1
3.01 135.9 1
3.02 277.59 1
3.03 279.06 1
3.04 279.18 1
3.05 279.03 1
3.06 276.45 1
3.07 275.97 1
3.08 275.05 1
3.09 273.47 1
3.1 274.76 1
3.11 275.48 1
3.12 275.16 1
3.13 275.68 1
3.14 274.88 1
3.15 275.29 1
3.16 274.81 1
3.17 275.52 1
3.18 276.23 1
3.19 277.85 1
3.2 277.12 1
3.21 278.01 1
3.22 278.22 1
3.23 278.31 1
3.24 278.8 1
3.25 279.45 1
3.26 282.56 1
3.27 282.93 1
3.28 280.28 1
3.29 280.84 1
3.3 279.84 1
3.31 279.0 1
3.32 278.43 1
3.33 276.48 1
3.34 274.75 1
3.35 274.1 1
3.36 273.53 1
3.37 276.45 1
3.38 276.49 1
3.39 279.96 1
3.4 278.65 1
3.41 279.98 1
3.42 279.99 1
3.43 278.22 1
3.44 278.19 1
3.45 274.77 1
3.46 276.48 1
3.47 278.22 1
3.48 279.91 1
3.49 281.72 1
3.5 130.63 1
3.51 129.18 1
3.52 105.02 1
3.53 104.95 1
3.54 104.89 1
3.55 104.95 1
3.56 272.02 1
3.57 278.22 1
3.58 281.78 1
3.59 276.03 1
3.6 281.69 1
3.61 281.86 1
3.62 281.58 1
3.63 283.66 1
3.64 281.49 1
3.65 280.31 1
3.66 278.87 1
3.67 276.46 1
3.68 271.38 1
3.69 267.19 1
3.7 258.67 1
3.71 251.21 1
3.72 246.38 1
3.73 244.12 1
3.74 244.69 1
3.75 244.3 1
3.76 241.63 1
3.77 244.28 1
3.78 245.65 1
3.79 247.0 1
3.8 250.33 1
3.81 255.67 1
3.82 279.95 1
3.83 281.72 1
3.84 299.11 1
3.85 305.25 1
3.86 273.04 1
3.87 105.75 1
3.88 105.13 1
3.89 105.19 1
3.9 105.18 1
3.91 104.9 1
3.92 106.13 1
3.93 58.74 1
3.94 59.08 1
3.95 59.11 1
3.96 58.92 1
3.97 59.08 1
3.98 59.16 1
3.99 59.0 1
4.0 59.16 1
4.01 58.84 1
4.02 59.16 1
4.03 59.08 1
4.04 59.24 1
4.05 58.76 1
4.06 59.0 1
4.07 59.0 1
4.08 59.16 1
4.09 106.39 1
4.1 104.63 1
4.11 106.38 1
4.12 104.93 1
4.13 105.18 1
4.14 105.1 1
4.15 105.16 1
4.16 105.04 1
4.17 105.19 1
4.18 105.02 1
4.19 105.1 1
4.2 105.08 1
4.21 105.06 1
4.22 105.39 1
4.23 104.88 1
4.24 226.74 1
4.25 233.84 1
4.26 231.5 1
4.27 233.96 1
4.28 238.88 1
4.29 244.31 1
4.3 246.33 1
4.31 248.08 1
4.32 246.6 1
4.33 244.69 1
4.34 240.32 1
4.35 232.75 1
4.36 232.73 1
4.37 226.74 1
4.38 222.99 1
4.39 222.08 1
4.4 221.2 1
4.41 218.85 1
4.42 218.59 1
4.43 216.97 1
4.44 213.55 1
4.45 105.97 1
4.46 105.39 1
4.47 105.57 1
4.48 104.88 1
4.49 105.8 1
4.5 104.92 1
4.51 105.11 1
4.52 105.09 1
4.53 105.67 1
4.54 106.38 1
4.55 118.71 1
4.56 117.38 1
4.57 120.65 1
4.58 118.07 1
4.59 118.71 1
4.6 118.83 1
4.61 119.75 1
4.62 119.12 1
4.63 120.0 1
4.64 117.94 1
4.65 121.65 1
4.66 116.32 1
4.67 123.21 1
4.68 116.51 1
4.69 121.99 1
4.7 114.7 1
4.71 122.1 1
4.72 112.65 1
4.73 104.82 1
4.74 105.23 1
4.75 105.15 1
4.76 105.18 1
4.77 105.07 1
4.78 105.18 1
4.79 105.14 1
4.8 105.17 1
4.81 105.0 1
4.82 105.14 1
4.83 104.97 1
4.84 106.64 1
4.85 102.45 1
4.86 105.22 1
4.87 105.1 1
4.88 105.02 1
4.89 104.62 1
4.9 240.32 1
4.91 240.31 1
4.92 241.32 1
4.93 244.62 1
4.94 243.85 1
4.95 241.64 1
4.96 239.02 1
4.97 239.02 1
4.98 235.51 1
4.99 236.68 1
5.0 241.04 1
5.01 245.32 1
5.02 250.02 1
5.03 255.57 1
5.04 255.69 1
5.05 264.89 1
5.06 278.23 1
5.07 295.48 1
5.08 310.47 1
5.09 300.99 1
5.1 281.77 1
5.11 281.78 1
5.12 216.69 1
5.13 215.64 1
5.14 218.84 1
5.15 214.28 1
5.16 208.77 1
