0.01 105.1 1
0.02 105.11 1
0.03 105.05 1
0.04 105.38 1
0.05 133.84 1
0.06 132.63 1
0.07 135.36 1
0.08 135.02 1
0.09 135.07 1
0.1 134.47 1
0.11 136.8 1
0.12 137.18 1
0.13 139.64 1
0.14 138.46 1
0.15 135.5 1
0.16 136.75 1
0.17 136.76 1
0.18 137.6 1
0.19 135.92 1
0.2 135.92 1
0.21 138.86 1
0.22 140.62 1
0.23 141.43 1
0.24 142.48 1
0.25 142.44 1
0.26 142.35 1
0.27 142.55 1
0.28 144.36 1
0.29 143.44 1
0.3 143.42 1
0.31 105.63 1
0.32 105.94 1
0.33 105.22 1
0.34 104.82 1
0.35 105.1 1
0.36 104.81 1
0.37 105.21 1
0.38 105.07 1
0.39 105.22 1
0.4 105.34 1
0.41 104.78 1
0.42 104.97 1
0.43 185.7 1
0.44 184.75 1
0.45 182.6 1
0.46 180.61 1
0.47 178.4 1
0.48 177.1 1
0.49 177.46 1
0.5 176.08 1
0.51 176.09 1
0.52 176.75 1
0.53 178.85 1
0.54 181.33 1
0.55 184.03 1
0.56 185.69 1
0.57 185.69 1
0.58 184.91 1
0.59 181.33 1
0.6 177.46 1
0.61 175.05 1
0.62 169.95 1
0.63 169.95 1
0.64 179.89 1
0.65 176.04 1
0.66 134.66 1
0.67 101.97 1
0.68 107.95 1
0.69 104.31 1
0.7 105.23 1
0.71 105.15 1
0.72 105.19 1
0.73 105.04 1
0.74 105.12 1
0.75 105.17 1
0.76 105.63 1
0.77 104.73 1
0.78 104.43 1
0.79 104.13 1
0.8 104.37 1
0.81 104.43 1
0.82 104.62 1
0.83 104.39 1
0.84 104.62 1
0.85 104.63 1
0.86 104.79 1
0.87 104.94 1
0.88 105.22 1
0.89 105.36 1
0.9 105.46 1
0.91 105.43 1
0.92 105.28 1
0.93 104.72 1
0.94 103.37 1
0.95 100.03 1
0.96 105.43 1
0.97 105.05 1
0.98 105.15 1
0.99 105.14 1
1.0 105.0 1
1.01 105.08 1
1.02 105.2 1
1.03 105.15 1
1.04 105.11 1
1.05 105.15 1
1.06 105.15 1
1.07 105.02 1
1.08 105.19 1
1.09 106.34 1
1.1 105.11 1
1.11 104.63 1
1.12 104.87 1
1.13 104.91 1
1.14 104.75 1
1.15 104.53 1
1.16 104.37 1
1.17 104.13 1
1.18 104.62 1
1.19 104.89 1
1.2 106.05 1
1.21 83.29 1
1.22 86.29 1
1.23 102.21 1
1.24 104.05 1
1.25 106.04 1
1.26 108.45 1
1.27 110.97 1
1.28 100.44 1
1.29 101.73 1
1.3 103.0 1
1.31 104.63 1
1.32 105.69 1
1.33 106.14 1
1.34 105.48 1
1.35 105.19 1
1.36 104.8 1
1.37 103.9 1
1.38 102.92 1
1.39 101.97 1
1.4 202.77 1
1.41 200.68 1
1.42 198.38 1
1.43 196.51 1
1.44 194.69 1
1.45 188.87 1
1.46 186.48 1
1.47 183.49 1
1.48 180.59 1
1.49 178.59 1
1.5 177.1 1
1.51 175.72 1
1.52 176.2 1
1.53 177.46 1
1.54 175.51 1
1.55 175.45 1
1.56 176.04 1
1.57 175.36 1
1.58 172.62 1
1.59 174.74 1
1.6 176.04 1
1.61 174.66 1
1.62 177.42 1
1.63 180.57 1
1.64 182.81 1
1.65 184.76 1
1.66 185.25 1
1.67 184.78 1
1.68 182.2 1
1.69 176.29 1
1.7 172.62 1
1.71 135.93 1
1.72 136.32 1
1.73 132.63 1
1.74 130.41 1
1.75 128.76 1
1.76 132.6 1
1.77 135.08 1
1.78 137.18 1
1.79 137.6 1
1.8 138.46 1
1.81 139.32 1
1.82 138.04 1
1.83 138.72 1
1.84 139.76 1
1.85 138.46 1
1.86 138.89 1
1.87 138.89 1
1.88 137.62 1
1.89 139.32 1
1.9 138.79 1
1.91 137.62 1
1.92 138.38 1
1.93 137.62 1
1.94 140.21 1
1.95 140.34 1
1.96 140.67 1
1.97 141.48 1
1.98 143.18 1
1.99 145.69 1
2.0 139.32 1
2.01 134.67 1
2.02 105.55 1
2.03 105.36 1
2.04 104.71 1
2.05 105.31 1
2.06 105.1 1
2.07 105.16 1
2.08 104.93 1
2.09 105.37 1
2.1 105.38 1
2.11 105.5 1
2.12 104.31 1
2.13 104.6 1
2.14 104.63 1
2.15 104.38 1
2.16 204.67 1
2.17 202.77 1
2.18 199.83 1
2.19 196.52 1
2.2 193.84 1
2.21 189.68 1
2.22 185.7 1
2.23 181.44 1
2.24 176.45 1
2.25 175.47 1
2.26 175.29 1
2.27 169.3 1
2.28 173.96 1
2.29 171.94 1
2.3 171.94 1
2.31 178.9 1
2.32 180.95 1
2.33 185.69 1
2.34 189.69 1
2.35 202.77 1
2.36 204.66 1
2.37 204.66 1
2.38 105.21 1
2.39 104.64 1
2.4 104.87 1
2.41 129.52 1
2.42 128.95 1
2.43 128.02 1
2.44 135.3 1
2.45 150.77 1
2.46 281.76 1
2.47 278.37 1
2.48 280.47 1
2.49 280.39 1
2.5 282.18 1
2.51 280.28 1
2.52 281.76 1
2.53 278.23 1
2.54 278.23 1
2.55 277.67 1
2.56 277.99 1
2.57 278.22 1
2.58 279.98 1
2.59 278.27 1
2.6 279.42 1
2.61 280.15 1
2.62 278.53 1
2.63 279.45 1
2.64 279.99 1
2.65 278.37 1
2.66 279.42 1
2.67 279.14 1
2.68 276.97 1
2.69 274.08 1
2.7 260.2 1
2.71 268.11 1
2.72 266.86 1
2.73 268.1 1
2.74 272.71 1
2.75 266.48 1
2.76 275.96 1
2.77 274.77 1
2.78 291.12 1
2.79 269.7 1
2.8 271.13 1
2.81 276.64 1
2.82 278.89 1
2.83 279.25 1
2.84 279.56 1
2.85 280.05 1
2.86 279.54 1
2.87 279.83 1
2.88 279.98 1
2.89 279.16 1
2.9 278.46 1
2.91 278.23 1
2.92 276.68 1
2.93 276.47 1
2.94 274.74 1
2.95 271.37 1
2.96 264.89 1
2.97 258.69 1
2.98 257.15 1
2.99 254.19 1
3.0 254.18 1
3.01 250.32 1
3.02 248.31 1
3.03 248.29 1
3.04 248.22 1
3.05 249.19 1
3.06 247.5 1
3.07 247.68 1
3.08 249.09 1
3.09 251.9 1
3.1 252.48 1
3.11 254.18 1
3.12 255.66 1
3.13 258.68 1
3.14 279.96 1
3.15 283.63 1
3.16 142.95 1
3.17 138.03 1
3.18 108.75 1
3.19 105.58 1
3.2 105.16 1
3.21 105.15 1
3.22 104.89 1
3.23 104.81 1
3.24 105.26 1
3.25 106.9 1
3.26 58.92 1
3.27 58.53 1
3.28 58.98 1
3.29 58.83 1
3.3 58.83 1
3.31 58.56 1
3.32 58.71 1
3.33 59.06 1
3.34 58.81 1
3.35 58.96 1
3.36 58.7 1
3.37 58.9 1
3.38 59.04 1
3.39 59.13 1
3.4 59.55 1
3.41 59.35 1
3.42 59.96 1
3.43 59.4 1
3.44 59.43 1
3.45 58.48 1
3.46 59.05 1
3.47 52.59 1
3.48 52.48 1
3.49 105.36 1
3.5 104.92 1
3.51 105.22 1
3.52 105.13 1
3.53 105.11 1
3.54 105.12 1
3.55 105.16 1
3.56 105.04 1
3.57 105.05 1
3.58 105.33 1
3.59 105.08 1
3.6 105.14 1
3.61 105.09 1
3.62 105.1 1
3.63 105.1 1
3.64 105.15 1
3.65 105.11 1
3.66 105.11 1
3.67 105.08 1
3.68 105.11 1
3.69 105.14 1
3.7 105.07 1
3.71 105.16 1
3.72 105.09 1
3.73 105.13 1
3.74 105.16 1
3.75 105.15 1
3.76 104.97 1
3.77 105.38 1
3.78 103.4 1
3.79 237.73 1
3.8 239.0 1
3.81 235.57 1
3.82 237.73 1
3.83 233.96 1
3.84 232.74 1
3.85 232.73 1
3.86 234.54 1
3.87 235.34 1
3.88 238.51 1
3.89 247.57 1
3.9 257.14 1
3.91 257.19 1
3.92 269.49 1
3.93 276.49 1
3.94 282.36 1
3.95 285.76 1
3.96 288.93 1
3.97 289.56 1
3.98 288.63 1
3.99 286.18 1
4.0 279.52 1
4.01 273.03 1
4.02 257.19 1
4.03 255.66 1
4.04 248.24 1
4.05 244.3 1
4.06 242.95 1
4.07 231.53 1
4.08 233.96 1
4.09 235.84 1
4.1 233.61 1
4.11 244.32 1
4.12 248.1 1
4.13 254.21 1
4.14 264.89 1
4.15 271.42 1
4.16 271.37 1
4.17 275.42 1
4.18 276.93 1
4.19 277.12 1
4.2 278.23 1
4.21 279.09 1
4.22 277.26 1
4.23 275.19 1
4.24 273.05 1
4.25 269.74 1
4.26 263.36 1
4.27 264.89 1
4.28 257.2 1
4.29 251.5 1
4.3 245.66 1
4.31 242.93 1
4.32 240.01 1
4.33 244.24 1
4.34 245.63 1
4.35 248.31 1
4.36 250.73 1
4.37 263.34 1
4.38 285.45 1
4.39 110.1 1
4.4 100.05 1
4.41 101.84 1
4.42 103.68 1
4.43 104.44 1
4.44 104.66 1
4.45 105.39 1
4.46 105.13 1
4.47 105.19 1
4.48 105.1 1
4.49 105.21 1
4.5 104.89 1
4.51 106.39 1
4.52 105.34 1
4.53 104.52 1
4.54 104.58 1
4.55 104.51 1
4.56 104.62 1
4.57 104.18 1
4.58 104.13 1
4.59 103.89 1
4.6 103.4 1
4.61 101.74 1
4.62 100.8 1
4.63 99.92 1
4.64 111.58 1
4.65 110.27 1
4.66 107.96 1
4.67 106.91 1
4.68 105.9 1
4.69 105.73 1
4.7 105.9 1
4.71 106.39 1
4.72 106.65 1
4.73 107.43 1
4.74 110.9 1
4.75 105.27 1
4.76 97.25 1
4.77 99.65 1
4.78 95.89 1
4.79 95.31 1
4.8 104.38 1
4.81 105.4 1
4.82 104.98 1
4.83 105.16 1
4.84 105.64 1
4.85 52.51 1
4.86 52.55 1
4.87 58.78 1
4.88 59.2 1
4.89 58.94 1
4.9 59.16 1
4.91 59.03 1
4.92 59.0 1
4.93 58.92 1
4.94 59.01 1
4.95 58.85 1
4.96 59.04 1
4.97 58.76 1
4.98 59.16 1
4.99 58.53 1
5.0 58.68 1
5.01 58.58 1
5.02 58.96 1
5.03 58.89 1
5.04 58.51 1
5.05 116.8 1
5.06 117.45 1
5.07 105.18 1
5.08 105.3 1
5.09 105.08 1
5.1 105.06 1
5.11 104.97 1
5.12 105.2 1
5.13 105.03 1
5.14 105.06 1
5.15 106.32 1
5.16 202.94 1
5.17 192.13 1
5.18 193.83 1
5.19 196.71 1
5.2 195.59 1
5.21 200.52 1
5.22 199.32 1
5.23 201.04 1
5.24 202.76 1
5.25 201.31 1
5.26 201.83 1
5.27 202.26 1
5.28 201.53 1
5.29 201.29 1
5.3 202.4 1
5.31 202.76 1
5.32 204.65 1
5.33 204.67 1
5.34 206.57 1
5.35 205.62 1
5.36 104.21 1
5.37 104.69 1
5.38 104.93 1
5.39 104.82 1
5.4 104.67 1
5.41 102.94 1
5.42 105.02 1
5.43 104.95 1
5.44 105.14 1
5.45 104.77 1
5.46 104.88 1
5.47 105.11 1
5.48 105.41 1
5.49 107.16 1
5.5 105.74 1
5.51 104.74 1
5.52 104.44 1
5.53 104.63 1
5.54 104.92 1
5.55 105.39 1
5.56 105.71 1
5.57 106.07 1
5.58 106.14 1
5.59 106.65 1
5.6 106.66 1
5.61 106.4 1
5.62 105.82 1
5.63 105.29 1
5.64 104.13 1
5.65 100.02 1
5.66 95.75 1
5.67 91.97 1
5.68 87.42 1
5.69 104.87 1
5.7 105.53 1
5.71 105.49 1
5.72 104.88 1
5.73 105.22 1
5.74 105.24 1
5.75 105.07 1
5.76 105.14 1
5.77 105.24 1
5.78 105.27 1
5.79 105.04 1
5.8 105.0 1
5.81 105.48 1
5.82 103.64 1
5.83 103.83 1
5.84 103.11 1
5.85 103.89 1
5.86 104.62 1
5.87 105.24 1
5.88 105.14 1
5.89 105.5 1
5.9 106.11 1
5.91 106.4 1
5.92 106.66 1
5.93 106.14 1
5.94 209.94 1
5.95 204.65 1
5.96 199.06 1
5.97 192.36 1
5.98 185.71 1
5.99 179.58 1
6.0 176.75 1
6.01 170.62 1
6.02 169.95 1
6.03 169.29 1
6.04 168.65 1
6.05 168.65 1
6.06 171.54 1
6.07 171.27 1
6.08 171.27 1
6.09 176.05 1
6.1 105.38 1
6.11 105.75 1
6.12 106.36 1
6.13 102.52 1
6.14 103.69 1
6.15 104.02 1
6.16 105.1 1
6.17 106.06 1
6.18 106.65 1
6.19 106.91 1
6.2 106.89 1
6.21 106.32 1
6.22 105.39 1
6.23 105.34 1
6.24 105.27 1
6.25 105.23 1
6.26 105.47 1
6.27 105.57 1
6.28 105.75 1
6.29 105.94 1
6.3 106.09 1
6.31 105.62 1
6.32 105.02 1
6.33 104.39 1
6.34 104.38 1
6.35 104.38 1
6.36 104.47 1
6.37 105.03 1
6.38 105.03 1
6.39 104.92 1
6.4 104.57 1
6.41 104.0 1
6.42 103.16 1
6.43 105.42 1
6.44 104.91 1
6.45 104.97 1
6.46 105.04 1
6.47 104.81 1
6.48 104.88 1
6.49 108.75 1
6.5 58.37 1
6.51 58.29 1
6.52 59.02 1
6.53 59.08 1
6.54 58.9 1
6.55 58.76 1
6.56 58.45 1
6.57 58.53 1
6.58 58.61 1
6.59 58.43 1
6.6 57.31 1
6.61 58.13 1
6.62 57.69 1
6.63 58.97 1
6.64 58.41 1
6.65 58.98 1
6.66 58.65 1
6.67 59.11 1
6.68 58.92 1
6.69 52.59 1
6.7 104.88 1
6.71 105.19 1
6.72 105.09 1
6.73 105.09 1
6.74 105.08 1
6.75 105.15 1
6.76 216.68 1
6.77 254.22 1
6.78 234.37 1
6.79 237.72 1
6.8 237.87 1
6.81 240.42 1
6.82 238.42 1
6.83 236.17 1
6.84 236.78 1
6.85 235.2 1
6.86 236.25 1
6.87 237.16 1
6.88 236.24 1
6.89 236.41 1
6.9 235.63 1
6.91 236.85 1
6.92 237.68 1
6.93 241.11 1
6.94 248.43 1
6.95 250.93 1
6.96 260.25 1
6.97 284.79 1
6.98 291.15 1
6.99 291.14 1
7.0 290.87 1
7.01 266.67 1
7.02 187.26 1
7.03 251.29 1
7.04 249.89 1
7.05 247.06 1
7.06 247.06 1
7.07 252.74 1
7.08 252.73 1
7.09 254.18 1
7.1 254.18 1
7.11 267.83 1
7.12 273.05 1
7.13 276.48 1
7.14 279.99 1
7.15 280.26 1
7.16 281.49 1
7.17 280.44 1
7.18 280.76 1
7.19 277.46 1
7.2 266.52 1
7.21 105.51 1
7.22 104.63 1
7.23 105.49 1
7.24 105.01 1
7.25 105.02 1
7.26 105.22 1
7.27 105.14 1
7.28 104.96 1
7.29 105.08 1
7.3 105.07 1
7.31 105.29 1
7.32 105.1 1
7.33 105.14 1
7.34 105.13 1
7.35 105.2 1
7.36 105.1 1
7.37 105.17 1
7.38 105.14 1
7.39 105.06 1
7.4 105.1 1
7.41 105.14 1
7.42 105.08 1
7.43 105.11 1
7.44 105.37 1
7.45 104.87 1
7.46 105.13 1
7.47 105.28 1
7.48 105.33 1
7.49 104.81 1
7.5 193.83 1
7.51 190.5 1
7.52 190.31 1
7.53 188.87 1
7.54 185.69 1
7.55 182.04 1
7.56 180.44 1
7.57 179.22 1
7.58 177.87 1
7.59 175.89 1
7.6 174.84 1
7.61 174.11 1
7.62 170.62 1
7.63 173.07 1
7.64 173.3 1
7.65 175.52 1
7.66 178.42 1
7.67 180.76 1
7.68 183.05 1
7.69 184.91 1
7.7 185.69 1
7.71 184.92 1
7.72 184.14 1
7.73 182.1 1
7.74 178.59 1
7.75 175.94 1
7.76 174.14 1
7.77 171.27 1
7.78 171.27 1
7.79 169.95 1
7.8 144.83 1
7.81 140.22 1
7.82 134.67 1
7.83 105.62 1
7.84 104.15 1
7.85 105.38 1
7.86 104.81 1
7.87 105.29 1
7.88 104.97 1
7.89 105.17 1
7.9 105.19 1
7.91 105.25 1
7.92 105.23 1
7.93 106.93 1
7.94 108.14 1
7.95 108.49 1
7.96 109.02 1
7.97 107.44 1
7.98 106.14 1
7.99 105.66 1
8.0 105.7 1
8.01 105.76 1
8.02 105.82 1
8.03 105.55 1
8.04 105.29 1
8.05 105.41 1
8.06 105.44 1
8.07 105.35 1
8.08 105.32 1
8.09 105.11 1
8.1 104.78 1
8.11 104.79 1
8.12 104.83 1
8.13 104.83 1
8.14 105.08 1
8.15 105.24 1
8.16 105.13 1
8.17 105.1 1
8.18 105.23 1
8.19 105.16 1
8.2 104.91 1
8.21 104.64 1
8.22 104.38 1
8.23 104.38 1
8.24 104.62 1
8.25 104.43 1
8.26 104.58 1
8.27 104.74 1
8.28 104.77 1
8.29 104.77 1
8.3 104.75 1
8.31 104.81 1
8.32 104.8 1
8.33 104.63 1
8.34 104.63 1
8.35 104.7 1
8.36 104.62 1
8.37 104.63 1
8.38 104.6 1
8.39 104.38 1
8.4 104.46 1
8.41 104.43 1
8.42 104.42 1
8.43 104.38 1
8.44 104.27 1
8.45 104.63 1
8.46 104.61 1
8.47 104.72 1
8.48 105.06 1
8.49 104.75 1
8.5 104.83 1
8.51 105.14 1
8.52 215.63 1
8.53 438.45 1
8.54 426.23 1
8.55 430.31 1
8.56 422.23 1
8.57 418.21 1
8.58 418.22 1
8.59 418.19 1
8.6 414.23 1
8.61 414.17 1
8.62 413.57 1
8.63 404.56 1
8.64 394.09 1
8.65 390.8 1
8.66 382.2 1
8.67 372.24 1
8.68 362.97 1
8.69 354.24 1
8.7 354.22 1
8.71 351.43 1
8.72 345.9 1
8.73 345.9 1
8.74 342.61 1
8.75 340.62 1
8.76 345.94 1
8.77 348.12 1
8.78 348.65 1
8.79 351.42 1
8.8 359.75 1
8.81 367.32 1
8.82 372.1 1
8.83 375.31 1
8.84 372.8 1
8.85 369.06 1
8.86 351.5 1
8.87 0.0 1
8.88 0.0 1
8.89 0.0 1
8.9 0.0 1
8.91 0.0 1
8.92 285.18 1
8.93 283.87 1
8.94 285.26 1
8.95 284.14 1
8.96 285.26 1
8.97 283.9 1
8.98 280.21 1
8.99 281.78 1
9.0 282.08 1
9.01 282.24 1
9.02 281.79 1
9.03 279.52 1
9.04 279.92 1
9.05 278.17 1
9.06 278.18 1
9.07 278.2 1
9.08 276.66 1
9.09 278.21 1
9.1 276.46 1
9.11 278.2 1
9.12 278.17 1
9.13 276.52 1
9.14 278.2 1
9.15 279.99 1
9.16 281.41 1
9.17 0.0 1
9.18 0.0 1
9.19 0.0 1
9.2 0.0 1
9.21 0.0 1
9.22 279.97 1
9.23 281.76 1
9.24 281.74 1
9.25 282.44 1
9.26 286.96 1
9.27 287.71 1
9.28 290.61 1
9.29 289.57 1
9.3 289.86 1
9.31 286.99 1
9.32 285.07 1
9.33 280.51 1
9.34 278.56 1
9.35 278.21 1
9.36 268.54 1
9.37 263.3 1
9.38 254.18 1
9.39 252.68 1
9.4 250.21 1
9.41 248.14 1
9.42 250.62 1
9.43 253.11 1
9.44 253.24 1
9.45 257.18 1
9.46 280.39 1
9.47 297.09 1
9.48 296.97 1
9.49 294.99 1
9.5 294.99 1
9.51 300.86 1
9.52 105.31 1
9.53 105.27 1
9.54 105.01 1
9.55 104.96 1
9.56 105.12 1
9.57 106.53 1
9.58 105.47 1
9.59 103.65 1
9.6 107.37 1
9.61 107.24 1
9.62 104.06 1
9.63 106.16 1
9.64 106.88 1
9.65 105.13 1
9.66 104.97 1
9.67 107.04 1
9.68 107.04 1
9.69 247.11 1
9.7 240.34 1
9.71 260.18 1
9.72 251.86 1
9.73 263.29 1
9.74 250.31 1
9.75 261.42 1
9.76 252.22 1
9.77 255.66 1
9.78 261.74 1
9.79 261.73 1
9.8 252.68 1
9.81 258.66 1
9.82 254.19 1
9.83 264.26 1
9.84 263.3 1
9.85 264.84 1
9.86 262.27 1
9.87 268.08 1
9.88 261.75 1
9.89 237.73 1
9.9 229.1 1
9.91 233.89 1
9.92 234.81 1
9.93 235.57 1
9.94 237.19 1
9.95 241.63 1
9.96 244.05 1
9.97 246.72 1
9.98 245.16 1
9.99 241.84 1
10.0 234.06 1
10.01 227.92 1
10.02 222.38 1
10.03 218.85 1
10.04 217.75 1
10.05 213.53 1
10.06 210.35 1
10.07 207.56 1
10.08 209.52 1
10.09 209.98 1
10.1 207.56 1
10.11 206.61 1
10.12 212.51 1
10.13 213.53 1
10.14 212.51 1
10.15 211.35 1
10.16 211.38 1
10.17 213.54 1
10.18 105.27 1
10.19 105.09 1
10.2 105.07 1
10.21 105.04 1
10.22 105.17 1
10.23 105.42 1
10.24 59.02 1
10.25 59.39 1
10.26 59.14 1
10.27 59.04 1
10.28 59.31 1
10.29 59.72 1
10.3 59.23 1
10.31 59.39 1
10.32 59.43 1
10.33 59.42 1
10.34 59.28 1
10.35 59.06 1
10.36 58.7 1
10.37 58.93 1
10.38 58.77 1
10.39 59.21 1
10.4 59.09 1
10.41 59.16 1
10.42 59.03 1
10.43 58.98 1
10.44 58.88 1
10.45 104.63 1
10.46 105.63 1
10.47 105.08 1
10.48 105.02 1
10.49 105.11 1
10.5 105.15 1
10.51 105.19 1
10.52 105.24 1
10.53 112.56 1
10.54 231.74 1
10.55 231.54 1
10.56 231.81 1
10.57 236.01 1
10.58 239.02 1
10.59 239.01 1
10.6 236.38 1
10.61 235.05 1
10.62 235.2 1
10.63 233.43 1
10.64 233.75 1
10.65 236.14 1
10.66 239.0 1
10.67 235.51 1
10.68 237.34 1
10.69 242.7 1
10.7 254.55 1
10.71 264.9 1
10.72 280.95 1
10.73 289.14 1
10.74 278.72 1
10.75 250.9 1
10.76 233.7 1
10.77 105.01 1
10.78 105.91 1
10.79 104.55 1
10.8 105.72 1
10.81 105.19 1
