0.01 105.19 1
0.02 107.29 1
0.03 109.1 1
0.04 108.83 1
0.05 108.56 1
0.06 108.49 1
0.07 110.39 1
0.08 112.09 1
0.09 123.0 1
0.1 127.64 1
0.11 135.51 1
0.12 141.83 1
0.13 133.2 1
0.14 134.66 1
0.15 175.01 1
0.16 188.88 1
0.17 198.93 1
0.18 204.66 1
0.19 204.69 1
0.2 204.68 1
0.21 202.77 1
0.22 196.59 1
0.23 186.48 1
0.24 181.84 1
0.25 175.55 1
0.26 173.76 1
0.27 176.12 1
0.28 178.5 1
0.29 183.83 1
0.3 188.08 1
0.31 196.99 1
0.32 205.62 1
0.33 216.67 1
0.34 225.44 1
0.35 236.44 1
0.36 227.91 1
0.37 284.52 1
0.38 278.51 1
0.39 254.21 1
0.4 251.16 1
0.41 245.6 1
0.42 239.02 1
0.43 235.68 1
0.44 234.7 1
0.45 227.91 1
0.46 231.29 1
0.47 229.1 1
0.48 226.74 1
0.49 224.81 1
0.5 226.75 1
0.51 105.0 1
0.52 104.39 1
0.53 105.87 1
0.54 105.28 1
0.55 105.29 1
0.56 197.3 1
0.57 198.38 1
0.58 196.24 1
0.59 194.7 1
0.6 188.87 1
0.61 184.79 1
0.62 180.94 1
0.63 176.2 1
0.64 171.57 1
0.65 170.14 1
0.66 169.95 1
0.67 173.28 1
0.68 173.96 1
0.69 177.7 1
0.7 178.45 1
0.71 183.57 1
0.72 185.69 1
0.73 191.42 1
0.74 195.06 1
0.75 195.55 1
0.76 191.2 1
0.77 187.28 1
0.78 184.14 1
0.79 179.12 1
0.8 176.04 1
0.81 173.28 1
0.82 171.07 1
0.83 170.6 1
0.84 174.59 1
0.85 174.84 1
0.86 179.35 1
0.87 182.29 1
0.88 184.91 1
0.89 189.68 1
0.9 389.93 1
0.91 391.21 1
0.92 381.81 1
0.93 372.14 1
0.94 345.89 1
0.95 340.55 1
0.96 286.28 1
0.97 293.07 1
0.98 289.48 1
0.99 286.34 1
1.0 281.46 1
1.01 281.11 1
1.02 281.1 1
1.03 281.09 1
1.04 298.99 1
1.05 282.76 1
1.06 289.21 1
1.07 285.44 1
1.08 283.61 1
1.09 285.45 1
1.1 269.71 1
1.11 278.2 1
1.12 134.84 1
1.13 132.23 1
1.14 133.07 1
1.15 137.18 1
1.16 138.46 1
1.17 137.61 1
1.18 141.61 1
1.19 142.69 1
1.2 151.12 1
1.21 178.18 1
1.22 166.72 1
1.23 176.53 1
1.24 184.17 1
1.25 193.84 1
1.26 196.77 1
1.27 197.7 1
1.28 196.34 1
1.29 193.84 1
1.3 186.47 1
1.31 178.89 1
1.32 173.29 1
1.33 173.27 1
1.34 169.95 1
1.35 173.98 1
1.36 174.17 1
1.37 178.37 1
1.38 368.98 1
1.39 375.26 1
1.4 394.31 1
1.41 402.9 1
1.42 408.08 1
1.43 412.55 1
1.44 390.73 1
1.45 366.94 1
1.46 316.11 1
1.47 278.45 1
1.48 274.68 1
1.49 273.06 1
1.5 271.35 1
1.51 271.17 1
1.52 279.99 1
1.53 270.84 1
1.54 276.5 1
1.55 283.94 1
1.56 274.82 1
1.57 289.32 1
1.58 282.94 1
1.59 286.35 1
1.6 285.83 1
1.61 291.1 1
1.62 282.83 1
1.63 288.83 1
1.64 130.23 1
1.65 132.62 1
1.66 152.76 1
1.67 140.16 1
1.68 295.0 1
1.69 283.98 1
1.7 284.5 1
1.71 281.35 1
1.72 283.59 1
1.73 284.37 1
1.74 283.75 1
1.75 285.5 1
1.76 284.57 1
1.77 283.7 1
1.78 280.0 1
1.79 276.46 1
1.8 268.07 1
1.81 252.87 1
1.82 239.92 1
1.83 240.32 1
1.84 225.6 1
1.85 223.37 1
1.86 230.31 1
1.87 226.74 1
1.88 235.21 1
1.89 240.99 1
1.9 247.19 1
1.91 253.06 1
1.92 257.18 1
1.93 133.14 1
1.94 134.24 1
1.95 132.63 1
1.96 133.81 1
1.97 128.02 1
1.98 126.16 1
1.99 250.37 1
2.0 248.28 1
2.01 246.63 1
2.02 244.13 1
2.03 237.15 1
2.04 235.85 1
2.05 235.89 1
2.06 238.1 1
2.07 241.04 1
2.08 241.64 1
2.09 241.67 1
2.1 240.68 1
2.11 238.26 1
2.12 237.74 1
2.13 237.6 1
2.14 237.82 1
2.15 249.87 1
2.16 271.39 1
2.17 261.73 1
2.18 251.92 1
2.19 247.43 1
2.2 240.85 1
2.21 240.29 1
2.22 235.95 1
2.23 230.24 1
2.24 229.68 1
2.25 229.87 1
2.26 227.95 1
2.27 242.91 1
2.28 235.57 1
2.29 240.3 1
2.3 243.02 1
2.31 249.6 1
2.32 251.71 1
2.33 252.67 1
2.34 253.67 1
2.35 256.59 1
2.36 255.18 1
2.37 250.53 1
2.38 245.67 1
2.39 240.31 1
2.4 236.26 1
2.41 232.0 1
2.42 233.02 1
2.43 236.44 1
2.44 242.96 1
2.45 247.26 1
2.46 251.81 1
2.47 258.7 1
2.48 289.52 1
2.49 315.04 1
2.5 320.11 1
2.51 322.63 1
2.52 310.61 1
2.53 271.36 1
2.54 235.18 1
2.55 224.54 1
2.56 220.77 1
2.57 218.86 1
2.58 223.03 1
2.59 225.58 1
2.6 226.75 1
2.61 231.51 1
2.62 230.33 1
2.63 242.44 1
2.64 247.99 1
2.65 250.77 1
2.66 254.19 1
2.67 257.17 1
2.68 260.23 1
2.69 257.17 1
2.7 257.18 1
2.71 254.2 1
2.72 251.31 1
2.73 247.8 1
2.74 246.1 1
2.75 236.06 1
2.76 233.96 1
2.77 240.04 1
2.78 237.75 1
2.79 240.4 1
2.8 242.28 1
2.81 247.88 1
2.82 252.09 1
2.83 250.21 1
2.84 250.68 1
2.85 249.58 1
2.86 243.33 1
2.87 227.9 1
2.88 105.08 1
2.89 105.06 1
2.9 104.98 1
2.91 103.66 1
2.92 104.88 1
2.93 105.63 1
2.94 104.38 1
2.95 104.59 1
2.96 104.5 1
2.97 104.67 1
2.98 105.11 1
2.99 105.74 1
3.0 105.72 1
3.01 105.41 1
3.02 104.7 1
3.03 104.61 1
3.04 104.5 1
3.05 104.17 1
3.06 104.38 1
3.07 104.54 1
3.08 104.82 1
3.09 105.03 1
3.1 105.49 1
3.11 106.26 1
3.12 107.32 1
3.13 109.84 1
3.14 109.84 1
3.15 57.52 1
3.16 58.3 1
3.17 58.38 1
3.18 58.59 1
3.19 58.47 1
3.2 58.86 1
3.21 58.82 1
3.22 58.71 1
3.23 58.44 1
3.24 58.47 1
3.25 58.05 1
3.26 57.6 1
3.27 57.69 1
3.28 57.5 1
3.29 57.88 1
3.3 58.61 1
3.31 118.52 1
3.32 120.0 1
3.33 108.66 1
3.34 104.3 1
3.35 100.8 1
3.36 102.2 1
3.37 103.89 1
3.38 101.26 1
3.39 106.49 1
3.4 103.36 1
3.41 104.88 1
3.42 105.25 1
3.43 105.12 1
3.44 105.68 1
3.45 104.71 1
3.46 127.0 1
3.47 130.31 1
3.48 132.55 1
3.49 135.08 1
3.5 136.75 1
3.51 139.78 1
3.52 141.12 1
3.53 141.88 1
3.54 141.87 1
3.55 141.57 1
3.56 141.56 1
3.57 141.11 1
3.58 140.67 1
3.59 140.67 1
3.6 140.67 1
3.61 141.12 1
3.62 141.11 1
3.63 141.2 1
3.64 142.33 1
3.65 132.21 1
3.66 124.65 1
3.67 106.22 1
3.68 105.48 1
3.69 104.89 1
3.7 105.29 1
3.71 105.08 1
3.72 105.16 1
3.73 105.33 1
3.74 105.22 1
3.75 105.27 1
3.76 105.1 1
3.77 105.27 1
3.78 105.22 1
3.79 105.22 1
3.8 105.11 1
3.81 105.15 1
3.82 105.16 1
3.83 105.13 1
3.84 105.13 1
3.85 105.16 1
3.86 105.14 1
3.87 105.24 1
3.88 105.12 1
3.89 105.55 1
3.9 133.15 1
3.91 133.62 1
3.92 134.66 1
3.93 274.7 1
3.94 274.76 1
3.95 278.18 1
3.96 278.21 1
3.97 278.21 1
3.98 278.23 1
3.99 278.8 1
4.0 280.0 1
4.01 281.24 1
4.02 281.51 1
4.03 281.87 1
4.04 279.53 1
4.05 280.05 1
4.06 273.1 1
4.07 278.61 1
4.08 278.22 1
4.09 276.72 1
4.1 273.05 1
4.11 266.51 1
4.12 268.22 1
4.13 271.38 1
4.14 278.22 1
4.15 285.42 1
4.16 293.14 1
4.17 329.76 1
4.18 351.45 1
4.19 380.31 1
4.2 394.56 1
4.21 398.44 1
4.22 386.04 1
4.23 343.21 1
4.24 276.48 1
4.25 263.31 1
4.26 255.69 1
4.27 255.66 1
4.28 258.68 1
4.29 263.29 1
4.3 267.0 1
4.31 274.72 1
4.32 273.06 1
4.33 276.46 1
4.34 278.22 1
4.35 278.18 1
4.36 274.74 1
4.37 267.52 1
4.38 260.19 1
4.39 254.19 1
4.4 244.29 1
4.41 227.98 1
4.42 222.03 1
4.43 218.99 1
4.44 219.48 1
4.45 219.95 1
4.46 223.9 1
4.47 224.31 1
4.48 241.63 1
4.49 247.71 1
4.5 250.8 1
4.51 255.66 1
4.52 257.18 1
4.53 260.03 1
4.54 257.17 1
4.55 252.59 1
4.56 246.14 1
4.57 236.45 1
4.58 233.62 1
4.59 231.51 1
4.6 227.98 1
4.61 234.01 1
4.62 232.76 1
4.63 236.88 1
4.64 236.3 1
4.65 239.01 1
4.66 237.3 1
4.67 232.74 1
4.68 230.31 1
4.69 234.16 1
4.7 222.13 1
4.71 105.24 1
4.72 104.8 1
4.73 105.21 1
4.74 104.86 1
4.75 104.9 1
4.76 105.3 1
4.77 105.22 1
4.78 104.77 1
4.79 248.48 1
4.8 222.61 1
4.81 214.04 1
4.82 212.51 1
4.83 217.76 1
4.84 229.11 1
4.85 238.98 1
4.86 241.64 1
4.87 246.77 1
4.88 251.51 1
4.89 260.2 1
4.9 265.78 1
4.91 264.07 1
4.92 255.91 1
4.93 245.85 1
4.94 228.03 1
4.95 219.92 1
4.96 216.7 1
4.97 218.75 1
4.98 223.7 1
4.99 226.07 1
5.0 235.58 1
5.01 243.03 1
5.02 252.13 1
5.03 255.69 1
5.04 269.64 1
5.05 274.72 1
5.06 276.41 1
5.07 274.71 1
5.08 274.63 1
5.09 272.92 1
5.1 267.88 1
5.11 261.91 1
5.12 269.66 1
5.13 269.73 1
5.14 276.57 1
5.15 271.47 1
5.16 290.79 1
5.17 291.15 1
5.18 313.84 1
5.19 322.7 1
5.2 336.55 1
5.21 340.57 1
5.22 351.43 1
5.23 357.16 1
5.24 364.49 1
5.25 360.08 1
5.26 351.45 1
5.27 347.37 1
5.28 338.84 1
5.29 326.48 1
5.3 319.23 1
5.31 316.1 1
5.32 318.31 1
5.33 318.76 1
5.34 330.04 1
5.35 335.84 1
5.36 345.93 1
5.37 345.95 1
5.38 357.13 1
5.39 366.33 1
5.4 371.28 1
5.41 378.53 1
5.42 375.3 1
5.43 375.28 1
5.44 185.79 1
5.45 184.17 1
5.46 184.1 1
5.47 105.29 1
5.48 104.95 1
5.49 105.14 1
5.5 105.51 1
5.51 105.33 1
5.52 104.7 1
5.53 105.15 1
5.54 105.14 1
5.55 106.41 1
5.56 104.34 1
5.57 104.71 1
5.58 104.67 1
5.59 104.71 1
5.6 104.89 1
5.61 104.91 1
5.62 104.93 1
5.63 105.07 1
5.64 105.32 1
5.65 105.59 1
5.66 105.78 1
5.67 105.39 1
5.68 104.05 1
5.69 105.13 1
5.7 105.37 1
5.71 105.34 1
5.72 105.44 1
5.73 105.3 1
5.74 105.08 1
5.75 105.07 1
5.76 105.05 1
5.77 105.09 1
5.78 105.24 1
5.79 105.0 1
5.8 105.17 1
5.81 105.16 1
5.82 104.94 1
5.83 105.13 1
5.84 105.04 1
