0.01 105.14 1
0.02 105.26 1
0.03 104.85 1
0.04 0.0 1
0.05 0.0 1
0.06 328.85 1
0.07 328.75 1
0.08 330.8 1
0.09 326.76 1
0.1 329.87 1
0.11 331.39 1
0.12 333.81 1
0.13 337.17 1
0.14 342.08 1
0.15 349.39 1
0.16 355.46 1
0.17 354.27 1
0.18 348.81 1
0.19 348.73 1
0.2 348.64 1
0.21 343.19 1
0.22 337.19 1
0.23 333.57 1
0.24 338.36 1
0.25 343.58 1
0.26 348.35 1
0.27 356.66 1
0.28 366.75 1
0.29 379.38 1
0.3 390.62 1
0.31 402.84 1
0.32 410.27 1
0.33 414.13 1
0.34 410.36 1
0.35 408.63 1
0.36 401.84 1
0.37 396.84 1
0.38 394.48 1
0.39 399.22 1
0.4 403.15 1
0.41 409.51 1
0.42 414.17 1
0.43 422.12 1
0.44 430.43 1
0.45 224.12 1
0.46 454.93 1
0.47 476.32 1
0.48 471.43 1
0.49 476.24 1
0.5 471.6 1
0.51 476.56 1
0.52 467.34 1
0.53 456.9 1
0.54 468.95 1
0.55 466.15 1
0.56 434.54 1
0.57 412.26 1
0.58 407.78 1
0.59 457.05 1
0.6 443.26 1
0.61 412.22 1
0.62 412.71 1
0.63 413.05 1
0.64 416.06 1
0.65 418.04 1
0.66 418.09 1
0.67 419.93 1
0.68 418.05 1
0.69 418.09 1
0.7 418.13 1
0.71 418.22 1
0.72 418.25 1
0.73 418.27 1
0.74 418.22 1
0.75 414.28 1
0.76 414.22 1
0.77 414.17 1
0.78 414.2 1
0.79 414.22 1
0.8 418.07 1
0.81 414.2 1
0.82 414.16 1
0.83 414.11 1
0.84 414.11 1
0.85 414.19 1
0.86 418.09 1
0.87 418.2 1
0.88 430.31 1
0.89 447.3 1
0.9 425.53 1
0.91 422.85 1
0.92 423.88 1
0.93 425.36 1
0.94 438.76 1
0.95 436.03 1
0.96 428.98 1
0.97 438.93 1
0.98 461.71 1
0.99 460.95 1
1.0 447.77 1
1.01 460.35 1
1.02 461.77 1
1.03 457.42 1
1.04 466.58 1
1.05 462.22 1
1.06 461.29 1
1.07 466.63 1
1.08 466.66 1
1.09 464.5 1
1.1 470.01 1
1.11 470.1 1
1.12 471.69 1
1.13 471.62 1
1.14 470.75 1
1.15 465.09 1
1.16 466.66 1
1.17 476.62 1
1.18 481.5 1
1.19 461.68 1
1.2 448.55 1
1.21 221.53 1
1.22 221.94 1
1.23 466.35 1
1.24 476.57 1
1.25 481.68 1
1.26 487.13 1
1.27 492.18 1
1.28 501.08 1
1.29 498.7 1
1.3 501.3 1
1.31 491.91 1
1.32 481.77 1
1.33 476.5 1
1.34 461.55 1
1.35 471.36 1
1.36 481.67 1
1.37 486.97 1
1.38 501.24 1
1.39 525.09 1
1.4 534.6 1
1.41 529.01 1
1.42 505.7 1
1.43 517.34 1
1.44 517.88 1
1.45 497.83 1
1.46 476.63 1
1.47 464.96 1
1.48 471.33 1
1.49 481.69 1
1.5 471.42 1
1.51 471.2 1
1.52 471.23 1
1.53 456.93 1
1.54 453.84 1
1.55 471.25 1
1.56 476.41 1
1.57 471.17 1
1.58 476.07 1
1.59 476.19 1
1.6 471.32 1
1.61 461.58 1
1.62 476.23 1
1.63 481.37 1
1.64 471.23 1
1.65 481.19 1
1.66 481.29 1
1.67 486.91 1
1.68 493.58 1
1.69 496.67 1
1.7 0.0 1
1.71 0.0 1
1.72 509.82 1
1.73 499.04 1
1.74 481.82 1
1.75 426.28 1
1.76 426.27 1
1.77 426.25 1
1.78 426.3 1
1.79 466.39 1
1.8 477.54 1
1.81 501.51 1
1.82 547.37 1
1.83 494.08 1
1.84 554.85 1
1.85 548.13 1
1.86 0.0 1
1.87 105.37 1
1.88 105.59 1
1.89 110.17 1
1.9 111.14 1
1.91 109.88 1
1.92 105.88 1
1.93 105.28 1
1.94 104.81 1
1.95 104.85 1
1.96 105.08 1
1.97 106.91 1
1.98 105.01 1
1.99 105.17 1
2.0 104.42 1
2.01 105.32 1
2.02 105.18 1
2.03 105.09 1
2.04 105.41 1
2.05 0.0 1
2.06 536.21 1
2.07 547.85 1
2.08 570.8 1
2.09 568.04 1
2.1 577.35 1
2.11 576.45 1
2.12 574.6 1
2.13 576.82 1
2.14 568.09 1
2.15 571.6 1
2.16 567.19 1
2.17 554.78 1
2.18 547.95 1
2.19 528.35 1
2.2 522.36 1
2.21 505.66 1
2.22 521.21 1
2.23 481.96 1
2.24 469.45 1
2.25 465.23 1
2.26 476.47 1
2.27 469.89 1
2.28 472.51 1
2.29 476.16 1
2.3 480.1 1
2.31 481.21 1
2.32 484.73 1
2.33 488.44 1
2.34 491.28 1
2.35 503.55 1
2.36 508.14 1
2.37 512.51 1
2.38 513.86 1
2.39 510.59 1
2.4 505.64 1
2.41 497.59 1
2.42 485.91 1
2.43 471.62 1
2.44 457.43 1
2.45 456.84 1
2.46 453.62 1
2.47 456.42 1
2.48 460.19 1
2.49 464.73 1
2.5 457.76 1
2.51 481.82 1
2.52 483.29 1
2.53 484.33 1
2.54 481.72 1
2.55 486.61 1
2.56 463.59 1
2.57 461.68 1
2.58 461.47 1
2.59 455.84 1
2.6 457.83 1
2.61 461.73 1
2.62 463.19 1
2.63 476.55 1
2.64 473.43 1
2.65 481.96 1
2.66 479.21 1
2.67 488.9 1
2.68 492.53 1
2.69 472.49 1
2.7 466.56 1
2.71 456.98 1
2.72 221.42 1
2.73 215.63 1
2.74 207.6 1
2.75 207.75 1
2.76 205.61 1
2.77 205.61 1
2.78 208.31 1
2.79 211.47 1
2.8 210.36 1
2.81 211.98 1
2.82 211.3 1
2.83 206.59 1
2.84 207.53 1
2.85 208.49 1
2.86 207.54 1
2.87 209.51 1
2.88 209.52 1
2.89 418.04 1
2.9 414.09 1
2.91 409.54 1
2.92 405.68 1
2.93 405.49 1
2.94 408.29 1
2.95 414.09 1
2.96 422.08 1
2.97 447.37 1
2.98 466.52 1
2.99 490.04 1
3.0 541.11 1
3.01 534.6 1
3.02 534.57 1
3.03 528.26 1
3.04 487.28 1
3.05 443.21 1
3.06 504.9 1
3.07 463.43 1
3.08 485.11 1
3.09 475.84 1
3.1 418.82 1
3.11 484.99 1
3.12 472.06 1
3.13 493.84 1
3.14 491.39 1
3.15 502.18 1
3.16 478.68 1
3.17 490.69 1
3.18 460.84 1
3.19 482.0 1
3.2 469.02 1
3.21 469.62 1
3.22 492.1 1
3.23 454.44 1
3.24 493.76 1
3.25 473.61 1
3.26 495.93 1
3.27 500.27 1
3.28 497.22 1
3.29 499.57 1
3.3 496.14 1
3.31 481.1 1
3.32 458.4 1
3.33 447.7 1
3.34 450.48 1
3.35 410.42 1
3.36 405.78 1
3.37 461.95 1
3.38 455.72 1
3.39 420.83 1
3.4 424.75 1
3.41 423.17 1
3.42 422.29 1
3.43 422.04 1
3.44 426.48 1
3.45 425.11 1
3.46 424.12 1
3.47 419.01 1
3.48 418.53 1
3.49 414.96 1
3.5 408.83 1
3.51 412.67 1
3.52 487.14 1
3.53 462.79 1
3.54 439.43 1
3.55 466.63 1
3.56 446.76 1
3.57 475.08 1
3.58 460.69 1
3.59 513.24 1
3.6 492.67 1
3.61 486.28 1
3.62 457.37 1
3.63 452.33 1
3.64 462.84 1
3.65 406.43 1
3.66 465.46 1
3.67 470.26 1
3.68 382.95 1
3.69 348.71 1
3.7 345.7 1
3.71 329.94 1
3.72 324.75 1
3.73 324.44 1
3.74 323.82 1
3.75 326.48 1
3.76 331.53 1
3.77 335.42 1
3.78 345.89 1
3.79 348.63 1
3.8 351.47 1
3.81 364.57 1
3.82 369.0 1
3.83 368.51 1
3.84 364.83 1
3.85 351.54 1
3.86 345.96 1
3.87 343.24 1
3.88 343.2 1
3.89 343.22 1
3.9 351.43 1
3.91 372.11 1
3.92 386.77 1
3.93 418.24 1
3.94 486.64 1
3.95 514.93 1
3.96 515.88 1
3.97 515.81 1
3.98 498.59 1
3.99 469.89 1
4.0 471.58 1
4.01 439.22 1
4.02 415.1 1
4.03 411.09 1
4.04 413.1 1
4.05 413.97 1
4.06 418.02 1
4.07 418.07 1
4.08 418.13 1
4.09 422.1 1
4.1 422.09 1
4.11 430.3 1
4.12 431.94 1
4.13 431.59 1
4.14 456.67 1
4.15 428.96 1
4.16 420.12 1
4.17 475.49 1
4.18 503.88 1
4.19 471.65 1
4.2 436.52 1
4.21 409.71 1
4.22 395.51 1
4.23 385.07 1
4.24 369.11 1
4.25 354.9 1
4.26 345.9 1
4.27 345.88 1
4.28 351.4 1
4.29 363.5 1
4.3 390.72 1
4.31 418.18 1
4.32 295.06 1
4.33 471.65 1
4.34 487.11 1
4.35 479.93 1
4.36 481.9 1
4.37 418.06 1
4.38 378.52 1
4.39 361.28 1
4.4 348.66 1
4.41 351.43 1
4.42 348.69 1
4.43 362.97 1
4.44 381.8 1
4.45 385.2 1
4.46 393.64 1
4.47 387.68 1
4.48 375.83 1
4.49 363.73 1
4.5 325.2 1
4.51 281.58 1
4.52 303.01 1
4.53 276.38 1
4.54 276.38 1
4.55 274.62 1
4.56 271.47 1
4.57 274.73 1
4.58 276.46 1
4.59 276.47 1
4.6 276.75 1
4.61 286.86 1
4.62 279.69 1
4.63 273.04 1
4.64 290.44 1
4.65 272.87 1
4.66 105.36 1
4.67 105.55 1
4.68 105.04 1
4.69 105.22 1
4.7 105.12 1
4.71 105.06 1
4.72 105.15 1
4.73 104.65 1
4.74 135.66 1
4.75 266.51 1
4.76 267.62 1
4.77 273.03 1
4.78 276.77 1
4.79 288.93 1
4.8 310.1 1
4.81 335.77 1
4.82 340.42 1
4.83 345.96 1
4.84 351.45 1
4.85 339.33 1
4.86 320.71 1
4.87 279.98 1
4.88 258.66 1
4.89 276.83 1
4.9 272.96 1
4.91 273.05 1
4.92 279.92 1
4.93 276.48 1
4.94 277.36 1
4.95 280.0 1
4.96 280.57 1
4.97 282.17 1
4.98 281.83 1
4.99 280.76 1
5.0 278.6 1
5.01 278.18 1
5.02 273.05 1
5.03 264.81 1
5.04 253.31 1
5.05 242.64 1
5.06 226.75 1
5.07 218.87 1
5.08 222.34 1
5.09 221.37 1
5.1 226.77 1
5.11 233.96 1
5.12 241.63 1
5.13 249.91 1
5.14 255.67 1
5.15 254.2 1
5.16 253.01 1
5.17 248.18 1
5.18 242.96 1
5.19 236.26 1
5.2 227.57 1
5.21 220.48 1
5.22 222.66 1
5.23 219.96 1
5.24 227.88 1
5.25 229.1 1
5.26 236.34 1
5.27 240.37 1
5.28 243.52 1
5.29 244.32 1
5.3 241.64 1
5.31 235.13 1
5.32 229.68 1
5.33 219.96 1
5.34 221.53 1
5.35 221.26 1
5.36 106.28 1
5.37 105.71 1
5.38 104.99 1
5.39 105.47 1
5.4 105.14 1
5.41 105.21 1
5.42 105.05 1
5.43 105.19 1
5.44 104.99 1
5.45 105.29 1
5.46 105.18 1
5.47 105.02 1
5.48 105.31 1
5.49 105.19 1
5.5 105.11 1
5.51 104.81 1
