0.01 225.64 1
0.02 230.32 1
0.03 235.25 1
0.04 242.96 1
0.05 251.35 1
0.06 130.28 1
0.07 104.89 1
0.08 104.36 1
0.09 104.38 1
0.1 105.11 1
0.11 105.63 1
0.12 105.65 1
0.13 105.35 1
0.14 105.09 1
0.15 104.74 1
0.16 105.23 1
0.17 104.66 1
0.18 104.51 1
0.19 104.58 1
0.2 105.0 1
0.21 104.28 1
0.22 104.49 1
0.23 104.62 1
0.24 104.13 1
0.25 104.63 1
0.26 104.51 1
0.27 275.53 1
0.28 273.13 1
0.29 279.68 1
0.3 281.67 1
0.31 276.59 1
0.32 280.7 1
0.33 281.25 1
0.34 277.6 1
0.35 276.52 1
0.36 275.81 1
0.37 263.67 1
0.38 273.08 1
0.39 273.66 1
0.4 270.88 1
0.41 263.39 1
0.42 263.37 1
0.43 267.89 1
0.44 257.18 1
0.45 260.21 1
0.46 255.67 1
0.47 252.42 1
0.48 249.49 1
0.49 246.98 1
0.5 247.01 1
0.51 246.88 1
0.52 246.93 1
0.53 244.24 1
0.54 244.21 1
0.55 244.23 1
0.56 181.11 1
0.57 244.22 1
0.58 244.23 1
0.59 245.64 1
0.6 245.65 1
0.61 246.68 1
0.62 247.02 1
0.63 247.02 1
0.64 247.83 1
0.65 252.18 1
0.66 253.54 1
0.67 255.67 1
0.68 260.2 1
0.69 264.89 1
0.7 132.62 1
0.71 133.28 1
0.72 135.06 1
0.73 131.72 1
0.74 135.49 1
0.75 134.67 1
0.76 134.53 1
0.77 134.25 1
0.78 135.7 1
0.79 134.78 1
0.8 134.21 1
0.81 135.69 1
0.82 134.38 1
0.83 134.84 1
0.84 135.85 1
0.85 135.78 1
0.86 135.45 1
0.87 136.45 1
0.88 136.48 1
0.89 137.59 1
0.9 137.28 1
0.91 135.47 1
0.92 135.42 1
0.93 136.74 1
0.94 137.41 1
0.95 137.85 1
0.96 138.46 1
0.97 139.32 1
0.98 138.46 1
0.99 140.21 1
1.0 141.12 1
1.01 141.12 1
1.02 141.5 1
1.03 141.44 1
1.04 141.22 1
1.05 141.0 1
1.06 140.79 1
1.07 140.92 1
1.08 140.77 1
1.09 140.41 1
1.1 104.9 1
1.11 105.16 1
1.12 104.53 1
1.13 104.72 1
1.14 104.77 1
1.15 104.77 1
1.16 104.49 1
1.17 104.72 1
1.18 104.5 1
1.19 104.58 1
1.2 104.99 1
1.21 104.66 1
1.22 104.6 1
1.23 104.96 1
1.24 104.79 1
1.25 105.14 1
1.26 104.95 1
1.27 104.84 1
1.28 105.1 1
1.29 105.35 1
1.3 105.36 1
1.31 105.26 1
1.32 104.8 1
1.33 104.72 1
1.34 104.77 1
1.35 104.85 1
1.36 105.3 1
1.37 105.88 1
1.38 105.15 1
1.39 105.29 1
1.4 105.32 1
1.41 105.15 1
1.42 104.63 1
1.43 104.42 1
1.44 104.78 1
1.45 104.9 1
1.46 104.49 1
1.47 104.89 1
1.48 104.46 1
1.49 104.92 1
1.5 104.38 1
1.51 104.34 1
1.52 104.62 1
1.53 104.49 1
1.54 104.13 1
1.55 104.21 1
1.56 101.97 1
1.57 105.38 1
1.58 105.16 1
1.59 105.3 1
1.6 104.95 1
1.61 105.3 1
1.62 104.98 1
1.63 105.13 1
1.64 105.15 1
1.65 105.07 1
1.66 105.16 1
1.67 105.34 1
1.68 105.17 1
1.69 105.03 1
1.7 105.13 1
1.71 105.21 1
1.72 104.98 1
1.73 105.27 1
1.74 105.06 1
1.75 105.15 1
1.76 105.14 1
1.77 105.07 1
1.78 105.11 1
1.79 105.13 1
1.8 105.14 1
1.81 105.01 1
1.82 105.15 1
1.83 105.13 1
1.84 105.11 1
1.85 105.23 1
1.86 105.22 1
1.87 105.11 1
1.88 105.25 1
1.89 105.15 1
1.9 105.35 1
1.91 105.45 1
1.92 136.75 1
1.93 279.96 1
1.94 281.96 1
1.95 283.87 1
1.96 285.37 1
1.97 285.72 1
1.98 283.36 1
1.99 283.14 1
2.0 283.65 1
2.01 282.93 1
2.02 282.8 1
2.03 281.52 1
2.04 280.17 1
2.05 278.97 1
2.06 278.35 1
2.07 278.21 1
2.08 278.21 1
2.09 278.22 1
2.1 279.97 1
2.11 278.7 1
2.12 279.99 1
2.13 280.24 1
2.14 281.59 1
2.15 282.55 1
2.16 283.68 1
2.17 283.79 1
2.18 283.18 1
2.19 284.45 1
2.2 285.91 1
2.21 285.21 1
2.22 287.13 1
2.23 288.77 1
2.24 291.14 1
2.25 291.19 1
2.26 282.81 1
2.27 225.58 1
2.28 237.17 1
2.29 243.33 1
2.3 252.72 1
2.31 133.16 1
2.32 135.92 1
2.33 140.22 1
2.34 143.42 1
2.35 144.24 1
2.36 143.09 1
2.37 140.72 1
2.38 138.14 1
2.39 136.33 1
2.4 133.88 1
2.41 131.5 1
2.42 130.67 1
2.43 126.92 1
2.44 106.91 1
2.45 105.31 1
2.46 104.14 1
2.47 102.68 1
2.48 101.18 1
2.49 103.16 1
2.5 105.02 1
2.51 105.07 1
2.52 105.09 1
2.53 104.98 1
2.54 105.42 1
2.55 104.56 1
2.56 105.23 1
2.57 104.93 1
2.58 104.38 1
2.59 104.6 1
2.6 102.85 1
2.61 101.74 1
2.62 202.76 1
2.63 202.31 1
2.64 199.83 1
2.65 197.91 1
2.66 194.07 1
2.67 192.99 1
2.68 191.19 1
2.69 186.48 1
2.7 185.69 1
2.71 184.92 1
2.72 183.0 1
2.73 183.1 1
2.74 182.1 1
2.75 182.43 1
2.76 182.21 1
2.77 182.08 1
2.78 180.87 1
2.79 179.64 1
2.8 179.66 1
2.81 178.93 1
2.82 177.46 1
2.83 176.15 1
2.84 176.2 1
2.85 176.74 1
2.86 175.87 1
2.87 175.92 1
2.88 177.1 1
2.89 178.17 1
2.9 178.49 1
2.91 179.35 1
2.92 180.34 1
2.93 180.76 1
2.94 181.91 1
2.95 183.13 1
2.96 184.16 1
2.97 184.31 1
2.98 184.13 1
2.99 183.84 1
3.0 182.6 1
3.01 180.57 1
3.02 177.61 1
3.03 173.28 1
3.04 169.28 1
3.05 166.0 1
3.06 160.1 1
3.07 156.69 1
3.08 153.62 1
3.09 151.8 1
3.1 293.09 1
3.11 293.12 1
3.12 291.11 1
3.13 291.1 1
3.14 288.24 1
3.15 286.22 1
3.16 287.13 1
3.17 285.02 1
3.18 281.15 1
3.19 283.59 1
3.2 285.45 1
3.21 126.85 1
3.22 129.14 1
3.23 128.39 1
3.24 124.75 1
3.25 126.11 1
3.26 261.73 1
3.27 276.47 1
3.28 278.22 1
3.29 274.75 1
3.3 276.47 1
3.31 278.2 1
3.32 276.63 1
3.33 278.21 1
3.34 276.48 1
3.35 278.2 1
3.36 278.21 1
3.37 278.22 1
3.38 279.98 1
3.39 279.99 1
3.4 278.23 1
3.41 278.21 1
3.42 278.2 1
3.43 278.19 1
3.44 276.61 1
3.45 278.2 1
3.46 276.49 1
3.47 278.21 1
3.48 278.23 1
3.49 279.99 1
3.5 280.18 1
3.51 281.48 1
3.52 281.67 1
3.53 281.82 1
3.54 282.51 1
3.55 285.81 1
3.56 291.09 1
3.57 297.05 1
3.58 311.63 1
3.59 335.22 1
3.6 341.92 1
3.61 354.25 1
3.62 378.5 1
3.63 390.54 1
3.64 414.09 1
3.65 414.14 1
3.66 418.08 1
3.67 418.1 1
3.68 422.03 1
3.69 418.08 1
3.7 414.16 1
3.71 414.14 1
3.72 414.1 1
3.73 410.29 1
3.74 412.2 1
3.75 410.24 1
3.76 409.7 1
3.77 406.88 1
3.78 403.43 1
3.79 398.93 1
3.8 392.02 1
3.81 389.6 1
3.82 379.13 1
3.83 378.53 1
3.84 375.3 1
3.85 368.36 1
3.86 179.36 1
3.87 176.53 1
3.88 176.38 1
3.89 174.67 1
3.9 173.57 1
3.91 169.97 1
3.92 171.26 1
3.93 170.6 1
3.94 170.2 1
3.95 169.3 1
3.96 169.44 1
3.97 170.12 1
3.98 170.61 1
3.99 172.26 1
4.0 173.64 1
4.01 174.96 1
4.02 175.39 1
4.03 175.92 1
4.04 177.61 1
4.05 179.31 1
4.06 179.59 1
4.07 179.31 1
4.08 179.25 1
4.09 178.81 1
4.1 178.2 1
4.11 178.53 1
4.12 178.3 1
4.13 178.17 1
4.14 354.22 1
4.15 353.68 1
4.16 348.68 1
4.17 348.65 1
4.18 348.64 1
4.19 351.31 1
4.2 348.67 1
4.21 345.95 1
4.22 351.42 1
4.23 353.97 1
4.24 356.02 1
4.25 356.72 1
4.26 354.33 1
4.27 362.32 1
4.28 363.22 1
4.29 364.21 1
4.3 363.92 1
4.31 361.71 1
4.32 357.13 1
4.33 354.26 1
4.34 348.67 1
4.35 345.88 1
4.36 343.37 1
4.37 340.55 1
4.38 342.85 1
4.39 341.46 1
4.4 345.89 1
4.41 348.63 1
4.42 351.41 1
4.43 348.7 1
4.44 351.49 1
4.45 357.11 1
4.46 354.24 1
4.47 351.41 1
4.48 343.22 1
4.49 345.92 1
4.5 360.35 1
4.51 0.0 1
4.52 0.0 1
4.53 0.0 1
4.54 0.0 1
4.55 0.0 1
4.56 0.0 1
4.57 0.0 1
4.58 0.0 1
4.59 421.41 1
4.6 418.13 1
4.61 418.16 1
4.62 414.31 1
4.63 418.25 1
4.64 418.29 1
4.65 422.2 1
4.66 422.21 1
4.67 422.17 1
4.68 422.08 1
4.69 414.31 1
4.7 414.28 1
4.71 414.28 1
4.72 418.08 1
4.73 418.1 1
4.74 418.14 1
4.75 414.29 1
4.76 414.27 1
4.77 414.25 1
4.78 418.04 1
4.79 414.0 1
4.8 408.9 1
4.81 404.81 1
4.82 397.61 1
4.83 393.12 1
4.84 386.6 1
4.85 382.57 1
4.86 385.11 1
4.87 378.55 1
4.88 378.49 1
4.89 378.47 1
4.9 372.13 1
4.91 369.13 1
4.92 365.94 1
4.93 360.14 1
4.94 362.97 1
4.95 357.14 1
4.96 354.33 1
4.97 357.43 1
4.98 355.82 1
4.99 348.85 1
5.0 351.51 1
5.01 360.04 1
5.02 362.97 1
5.03 375.27 1
5.04 381.78 1
5.05 386.59 1
5.06 393.14 1
5.07 399.89 1
5.08 406.01 1
5.09 410.23 1
5.1 410.32 1
5.11 414.16 1
5.12 414.23 1
5.13 414.24 1
5.14 414.28 1
5.15 414.22 1
5.16 418.08 1
5.17 418.08 1
5.18 418.07 1
5.19 207.55 1
5.2 204.64 1
5.21 202.76 1
5.22 105.29 1
5.23 104.89 1
5.24 104.3 1
5.25 105.93 1
5.26 105.27 1
5.27 105.12 1
5.28 105.32 1
5.29 105.39 1
5.3 104.96 1
5.31 177.91 1
5.32 176.84 1
5.33 176.75 1
5.34 178.39 1
5.35 178.51 1
5.36 179.21 1
5.37 179.9 1
5.38 179.48 1
5.39 178.86 1
5.4 178.9 1
5.41 178.7 1
5.42 178.47 1
5.43 178.75 1
5.44 178.5 1
5.45 177.17 1
5.46 176.75 1
5.47 176.75 1
5.48 176.75 1
5.49 175.21 1
5.5 174.48 1
5.51 174.99 1
5.52 174.62 1
5.53 174.49 1
5.54 175.34 1
5.55 174.61 1
5.56 173.29 1
5.57 174.52 1
5.58 174.86 1
5.59 174.38 1
5.6 174.84 1
5.61 174.65 1
5.62 174.57 1
5.63 175.12 1
5.64 175.04 1
5.65 174.36 1
5.66 175.26 1
5.67 175.32 1
5.68 175.24 1
5.69 174.85 1
5.7 174.79 1
5.71 173.97 1
5.72 172.62 1
5.73 173.68 1
5.74 172.62 1
5.75 173.24 1
5.76 174.01 1
5.77 174.01 1
5.78 175.01 1
5.79 175.34 1
5.8 175.78 1
5.81 176.04 1
5.82 175.69 1
5.83 138.64 1
5.84 136.75 1
5.85 134.62 1
5.86 134.38 1
5.87 134.56 1
5.88 134.25 1
5.89 133.85 1
5.9 133.85 1
5.91 105.18 1
5.92 105.35 1
5.93 105.19 1
5.94 105.28 1
5.95 105.11 1
5.96 103.9 1
5.97 104.87 1
5.98 104.29 1
5.99 104.62 1
6.0 104.87 1
6.01 104.9 1
6.02 136.77 1
6.03 137.19 1
6.04 276.48 1
6.05 275.02 1
6.06 274.73 1
6.07 273.66 1
6.08 274.76 1
6.09 273.24 1
6.1 274.72 1
6.11 278.12 1
6.12 278.18 1
6.13 278.2 1
6.14 278.23 1
6.15 279.96 1
6.16 278.48 1
6.17 278.97 1
6.18 280.58 1
6.19 280.82 1
6.2 281.78 1
6.21 282.4 1
6.22 281.61 1
6.23 280.28 1
6.24 280.7 1
6.25 279.99 1
6.26 278.41 1
6.27 279.96 1
6.28 278.2 1
6.29 278.19 1
6.3 279.91 1
6.31 278.19 1
6.32 278.22 1
6.33 278.17 1
6.34 278.18 1
6.35 278.19 1
6.36 276.49 1
6.37 278.2 1
6.38 276.47 1
6.39 274.94 1
6.4 274.9 1
6.41 276.46 1
6.42 276.46 1
6.43 276.88 1
6.44 278.21 1
6.45 280.0 1
6.46 279.97 1
6.47 279.99 1
6.48 279.98 1
6.49 278.22 1
6.5 277.49 1
6.51 278.22 1
6.52 277.15 1
6.53 276.57 1
6.54 276.47 1
6.55 276.47 1
6.56 275.89 1
6.57 276.47 1
6.58 275.58 1
6.59 276.44 1
6.6 276.84 1
6.61 278.18 1
6.62 279.0 1
6.63 279.96 1
6.64 281.7 1
6.65 281.43 1
6.66 282.0 1
6.67 282.4 1
6.68 281.85 1
6.69 281.06 1
6.7 279.2 1
6.71 278.78 1
6.72 277.55 1
6.73 277.42 1
6.74 279.94 1
6.75 278.22 1
6.76 278.22 1
6.77 281.72 1
6.78 281.7 1
6.79 279.97 1
6.8 281.71 1
6.81 279.95 1
6.82 279.97 1
6.83 279.87 1
6.84 281.69 1
6.85 281.59 1
6.86 281.68 1
6.87 283.43 1
6.88 281.68 1
6.89 281.73 1
6.9 281.72 1
6.91 281.33 1
6.92 281.28 1
6.93 280.85 1
6.94 281.77 1
6.95 280.0 1
6.96 279.94 1
6.97 278.2 1
6.98 278.2 1
6.99 277.09 1
7.0 280.46 1
7.01 285.19 1
7.02 291.15 1
7.03 0.0 1
7.04 0.0 1
7.05 0.0 1
7.06 0.0 1
7.07 0.0 1
7.08 0.0 1
7.09 0.0 1
7.1 0.0 1
7.11 0.0 1
7.12 0.0 1
7.13 0.0 1
7.14 0.0 1
7.15 266.46 1
7.16 270.01 1
7.17 274.86 1
7.18 278.22 1
7.19 280.14 1
7.2 281.88 1
7.21 280.58 1
7.22 280.88 1
7.23 281.85 1
7.24 281.49 1
7.25 280.54 1
7.26 281.08 1
7.27 281.79 1
7.28 282.49 1
7.29 281.13 1
7.3 279.67 1
7.31 274.76 1
7.32 273.05 1
7.33 269.81 1
7.34 267.8 1
7.35 263.32 1
7.36 260.21 1
7.37 258.65 1
7.38 254.19 1
7.39 253.08 1
7.4 250.0 1
7.41 250.67 1
7.42 248.3 1
7.43 248.97 1
7.44 253.37 1
7.45 253.36 1
7.46 254.13 1
7.47 254.18 1
7.48 253.09 1
7.49 252.94 1
7.5 252.45 1
7.51 252.04 1
7.52 251.39 1
7.53 253.11 1
7.54 254.11 1
7.55 254.18 1
7.56 255.66 1
7.57 257.17 1
7.58 260.22 1
7.59 287.15 1
7.6 291.16 1
7.61 303.11 1
7.62 305.17 1
7.63 0.0 1
7.64 0.0 1
7.65 0.0 1
7.66 0.0 1
7.67 0.0 1
7.68 0.0 1
7.69 0.0 1
7.7 0.0 1
7.71 55.34 1
7.72 56.65 1
7.73 57.76 1
7.74 55.86 1
7.75 58.98 1
7.76 58.84 1
7.77 58.84 1
7.78 58.68 1
7.79 58.81 1
7.8 58.98 1
7.81 59.23 1
7.82 59.18 1
7.83 58.6 1
7.84 59.28 1
7.85 59.39 1
7.86 59.2 1
7.87 59.15 1
7.88 59.13 1
7.89 59.16 1
7.9 59.01 1
7.91 58.85 1
7.92 58.88 1
7.93 58.48 1
7.94 59.0 1
7.95 58.75 1
7.96 59.03 1
7.97 58.11 1
7.98 58.71 1
7.99 57.31 1
8.0 58.99 1
8.01 59.02 1
8.02 59.3 1
8.03 59.01 1
8.04 58.75 1
8.05 105.37 1
8.06 105.29 1
8.07 105.28 1
8.08 105.04 1
8.09 105.17 1
8.1 105.17 1
8.11 104.97 1
8.12 105.33 1
8.13 104.97 1
8.14 105.15 1
8.15 105.11 1
8.16 105.15 1
8.17 105.0 1
8.18 105.14 1
8.19 105.16 1
8.2 105.06 1
8.21 105.17 1
8.22 105.06 1
8.23 105.13 1
8.24 105.15 1
8.25 105.09 1
8.26 105.13 1
8.27 105.16 1
8.28 105.09 1
8.29 105.09 1
8.3 105.11 1
8.31 105.19 1
8.32 105.04 1
8.33 105.34 1
8.34 106.34 1
8.35 249.16 1
8.36 248.57 1
8.37 241.64 1
8.38 234.97 1
8.39 226.42 1
8.4 222.84 1
8.41 223.48 1
8.42 223.09 1
8.43 227.78 1
8.44 225.61 1
8.45 226.78 1
8.46 227.94 1
8.47 229.14 1
8.48 234.41 1
8.49 239.0 1
8.5 241.59 1
8.51 242.97 1
8.52 244.29 1
8.53 245.66 1
8.54 246.9 1
8.55 247.14 1
8.56 247.0 1
8.57 246.64 1
8.58 246.49 1
8.59 245.66 1
8.6 242.95 1
8.61 238.99 1
8.62 235.67 1
8.63 231.52 1
8.64 232.72 1
8.65 227.95 1
8.66 226.76 1
8.67 226.77 1
8.68 225.8 1
8.69 223.98 1
8.7 222.51 1
8.71 221.54 1
8.72 221.85 1
8.73 219.94 1
8.74 219.34 1
8.75 218.85 1
8.76 217.75 1
8.77 216.66 1
8.78 212.51 1
8.79 207.56 1
8.8 206.6 1
8.81 208.52 1
8.82 206.57 1
8.83 205.62 1
8.84 203.7 1
8.85 202.77 1
8.86 202.76 1
8.87 201.35 1
8.88 202.69 1
8.89 102.26 1
8.9 103.04 1
8.91 103.64 1
8.92 101.73 1
8.93 102.21 1
8.94 104.16 1
8.95 104.73 1
8.96 104.38 1
8.97 105.06 1
8.98 104.99 1
8.99 105.16 1
9.0 105.07 1
9.01 105.36 1
9.02 105.25 1
9.03 105.36 1
9.04 105.64 1
9.05 105.51 1
9.06 104.97 1
9.07 105.39 1
9.08 105.38 1
9.09 105.09 1
9.1 105.39 1
9.11 105.33 1
9.12 105.21 1
9.13 105.26 1
9.14 105.53 1
9.15 105.36 1
9.16 105.19 1
9.17 105.25 1
9.18 105.16 1
9.19 105.18 1
9.2 106.13 1
9.21 59.21 1
9.22 59.08 1
9.23 59.08 1
9.24 58.84 1
9.25 59.06 1
9.26 58.61 1
9.27 58.61 1
9.28 58.61 1
9.29 58.86 1
9.3 59.02 1
9.31 59.04 1
9.32 58.92 1
9.33 59.09 1
9.34 58.92 1
9.35 59.07 1
9.36 58.56 1
9.37 59.16 1
9.38 106.39 1
9.39 104.83 1
9.4 105.63 1
9.41 105.46 1
9.42 104.72 1
9.43 105.38 1
9.44 105.03 1
9.45 105.14 1
9.46 105.12 1
9.47 105.05 1
9.48 105.17 1
9.49 104.97 1
9.5 105.23 1
9.51 105.0 1
9.52 105.26 1
9.53 105.05 1
9.54 105.06 1
9.55 105.05 1
9.56 105.28 1
9.57 105.38 1
9.58 105.12 1
9.59 105.88 1
9.6 105.39 1
9.61 238.48 1
9.62 246.93 1
9.63 241.28 1
9.64 226.76 1
9.65 247.01 1
9.66 241.63 1
9.67 241.63 1
9.68 241.64 1
9.69 239.58 1
9.7 237.72 1
9.71 232.73 1
9.72 233.12 1
9.73 233.95 1
9.74 231.52 1
9.75 231.52 1
9.76 231.54 1
9.77 233.95 1
9.78 235.2 1
9.79 236.92 1
9.8 237.72 1
9.81 237.52 1
9.82 237.74 1
9.83 237.86 1
9.84 239.01 1
9.85 237.9 1
9.86 239.01 1
9.87 238.02 1
9.88 237.71 1
9.89 232.73 1
9.9 232.72 1
9.91 233.96 1
9.92 236.23 1
9.93 242.92 1
9.94 245.46 1
9.95 253.47 1
9.96 257.17 1
9.97 267.75 1
9.98 276.48 1
9.99 283.65 1
10.0 287.93 1
10.01 293.11 1
10.02 291.16 1
10.03 291.21 1
10.04 291.12 1
10.05 286.65 1
10.06 278.16 1
10.07 270.51 1
10.08 255.68 1
10.09 244.31 1
10.1 224.43 1
10.11 105.58 1
10.12 105.44 1
10.13 105.04 1
10.14 105.75 1
10.15 105.14 1
10.16 105.36 1
10.17 105.98 1
10.18 105.15 1
10.19 106.98 1
10.2 126.54 1
10.21 126.91 1
10.22 127.64 1
