0.01 236.4 1
0.02 235.4 1
0.03 235.32 1
0.04 234.77 1
0.05 231.52 1
0.06 231.51 1
0.07 232.67 1
0.08 230.31 1
0.09 231.51 1
0.1 230.3 1
0.11 231.5 1
0.12 233.53 1
0.13 231.52 1
0.14 233.17 1
0.15 233.61 1
0.16 230.31 1
0.17 230.3 1
0.18 232.51 1
0.19 231.51 1
0.2 230.29 1
0.21 233.38 1
0.22 232.73 1
0.23 229.11 1
0.24 231.51 1
0.25 232.64 1
0.26 230.3 1
0.27 234.08 1
0.28 234.47 1
0.29 231.51 1
0.3 234.61 1
0.31 235.37 1
0.32 233.96 1
0.33 234.59 1
0.34 236.99 1
0.35 237.7 1
0.36 237.72 1
0.37 235.2 1
0.38 234.93 1
0.39 236.06 1
0.4 238.49 1
0.41 225.59 1
0.42 107.73 1
0.43 104.74 1
0.44 104.68 1
0.45 104.59 1
0.46 105.01 1
0.47 105.2 1
0.48 104.89 1
0.49 105.0 1
0.5 105.05 1
0.51 105.13 1
0.52 105.17 1
0.53 105.09 1
0.54 104.76 1
0.55 217.8 1
0.56 229.1 1
0.57 236.62 1
0.58 232.73 1
0.59 230.3 1
0.6 233.44 1
0.61 233.96 1
0.62 231.5 1
0.63 233.89 1
0.64 233.82 1
0.65 232.68 1
0.66 233.24 1
0.67 234.26 1
0.68 230.3 1
0.69 231.5 1
0.7 231.5 1
0.71 229.1 1
0.72 231.4 1
0.73 232.72 1
0.74 230.31 1
0.75 232.72 1
0.76 235.54 1
0.77 232.73 1
0.78 232.73 1
0.79 235.09 1
0.8 235.42 1
0.81 234.87 1
0.82 234.69 1
0.83 234.99 1
0.84 236.45 1
0.85 235.67 1
0.86 235.25 1
0.87 235.89 1
0.88 236.44 1
0.89 236.61 1
0.9 237.21 1
0.91 237.34 1
0.92 236.56 1
0.93 233.96 1
0.94 232.73 1
0.95 234.53 1
0.96 233.28 1
0.97 231.51 1
0.98 232.73 1
0.99 236.97 1
1.0 238.44 1
1.01 242.97 1
1.02 246.1 1
1.03 255.69 1
1.04 255.66 1
1.05 263.35 1
1.06 273.05 1
1.07 274.97 1
1.08 276.17 1
1.09 280.15 1
1.1 278.5 1
1.11 278.65 1
1.12 276.45 1
1.13 266.51 1
1.14 260.21 1
1.15 254.17 1
1.16 247.32 1
1.17 243.5 1
1.18 241.62 1
1.19 237.73 1
1.2 235.21 1
1.21 232.73 1
1.22 231.5 1
1.23 230.31 1
1.24 229.11 1
1.25 230.29 1
1.26 230.3 1
1.27 229.11 1
1.28 231.51 1
1.29 234.11 1
1.3 236.62 1
1.31 237.6 1
1.32 239.32 1
1.33 224.93 1
1.34 104.63 1
1.35 105.0 1
1.36 105.13 1
1.37 105.15 1
1.38 106.38 1
1.39 140.67 1
1.4 142.42 1
1.41 141.16 1
1.42 144.37 1
1.43 144.39 1
1.44 140.21 1
1.45 143.93 1
1.46 142.96 1
1.47 141.22 1
1.48 138.83 1
1.49 138.03 1
1.5 136.11 1
1.51 134.16 1
1.52 137.19 1
1.53 134.69 1
1.54 135.81 1
1.55 133.43 1
1.56 132.63 1
1.57 132.22 1
1.58 135.13 1
1.59 133.21 1
1.6 131.63 1
1.61 120.11 1
1.62 130.91 1
1.63 129.13 1
1.64 129.13 1
1.65 133.45 1
1.66 131.43 1
1.67 133.26 1
1.68 135.07 1
1.69 135.06 1
1.7 134.73 1
1.71 136.03 1
1.72 143.88 1
1.73 138.02 1
1.74 135.82 1
1.75 135.48 1
1.76 105.72 1
1.77 106.38 1
1.78 105.03 1
1.79 105.04 1
1.8 105.63 1
1.81 105.39 1
1.82 105.47 1
1.83 104.96 1
1.84 105.39 1
1.85 105.93 1
1.86 58.51 1
1.87 58.76 1
1.88 58.29 1
1.89 58.44 1
1.9 58.72 1
1.91 58.86 1
1.92 58.89 1
1.93 58.92 1
1.94 58.76 1
1.95 58.94 1
1.96 58.76 1
1.97 58.62 1
1.98 58.45 1
1.99 58.37 1
2.0 58.3 1
2.01 58.36 1
2.02 58.51 1
2.03 58.74 1
2.04 58.62 1
2.05 58.78 1
2.06 58.73 1
2.07 58.71 1
2.08 58.7 1
2.09 58.85 1
2.1 58.92 1
2.11 59.02 1
2.12 59.0 1
2.13 59.08 1
2.14 58.6 1
2.15 58.89 1
2.16 58.86 1
2.17 58.69 1
2.18 58.76 1
2.19 58.45 1
2.2 117.7 1
2.21 105.37 1
2.22 104.96 1
2.23 105.12 1
2.24 104.14 1
2.25 105.13 1
2.26 104.63 1
2.27 105.06 1
2.28 104.63 1
2.29 105.03 1
2.3 104.79 1
2.31 104.57 1
2.32 104.61 1
2.33 104.56 1
2.34 104.52 1
2.35 104.61 1
2.36 104.84 1
2.37 104.92 1
2.38 104.99 1
2.39 104.95 1
2.4 104.97 1
2.41 105.04 1
2.42 105.03 1
2.43 105.03 1
2.44 104.94 1
2.45 105.01 1
2.46 104.98 1
2.47 104.95 1
2.48 104.94 1
2.49 104.97 1
2.5 105.03 1
2.51 105.13 1
2.52 105.12 1
2.53 105.16 1
2.54 105.08 1
2.55 105.07 1
2.56 105.02 1
2.57 105.0 1
2.58 105.01 1
2.59 105.03 1
2.6 104.95 1
2.61 105.05 1
2.62 105.02 1
2.63 105.04 1
2.64 105.01 1
2.65 105.03 1
2.66 104.99 1
2.67 105.0 1
2.68 104.97 1
2.69 104.93 1
2.7 104.97 1
2.71 105.01 1
2.72 104.97 1
2.73 104.98 1
2.74 105.02 1
2.75 104.95 1
2.76 104.93 1
2.77 104.93 1
2.78 104.9 1
2.79 104.92 1
2.8 104.94 1
2.81 104.98 1
2.82 104.91 1
2.83 104.83 1
2.84 104.88 1
2.85 104.79 1
2.86 105.08 1
2.87 105.03 1
2.88 105.17 1
2.89 105.11 1
2.9 105.11 1
2.91 105.14 1
2.92 105.09 1
2.93 105.11 1
2.94 105.14 1
2.95 105.11 1
2.96 105.11 1
2.97 105.09 1
2.98 105.11 1
2.99 105.16 1
3.0 105.05 1
3.01 105.12 1
3.02 105.1 1
3.03 105.13 1
3.04 105.07 1
3.05 105.1 1
3.06 105.04 1
3.07 105.05 1
3.08 105.03 1
3.09 105.09 1
3.1 105.05 1
3.11 104.94 1
3.12 104.94 1
3.13 105.05 1
3.14 105.0 1
3.15 104.52 1
3.16 104.86 1
3.17 104.99 1
3.18 104.86 1
3.19 104.91 1
3.2 105.02 1
3.21 104.95 1
3.22 104.92 1
3.23 104.88 1
3.24 104.86 1
3.25 104.71 1
3.26 104.77 1
3.27 104.71 1
3.28 104.8 1
3.29 104.92 1
3.3 104.88 1
3.31 104.83 1
3.32 104.93 1
3.33 105.04 1
3.34 104.99 1
3.35 104.85 1
3.36 104.88 1
3.37 104.86 1
3.38 104.6 1
3.39 104.51 1
3.4 104.42 1
3.41 104.56 1
3.42 104.47 1
3.43 104.43 1
3.44 104.85 1
3.45 104.82 1
3.46 104.79 1
3.47 104.74 1
3.48 104.55 1
3.49 104.58 1
3.5 104.66 1
3.51 104.64 1
3.52 104.49 1
3.53 104.38 1
3.54 104.13 1
3.55 104.17 1
3.56 104.08 1
3.57 104.18 1
3.58 104.35 1
3.59 104.71 1
3.6 105.29 1
3.61 105.92 1
3.62 106.77 1
3.63 110.67 1
3.64 223.04 1
3.65 230.13 1
3.66 238.99 1
3.67 235.57 1
3.68 237.72 1
3.69 236.43 1
3.7 250.81 1
3.71 251.82 1
3.72 252.98 1
3.73 258.68 1
3.74 249.68 1
3.75 240.33 1
3.76 233.96 1
3.77 237.73 1
3.78 241.72 1
3.79 227.91 1
3.8 232.22 1
3.81 226.75 1
3.82 227.91 1
3.83 232.4 1
3.84 226.74 1
3.85 232.87 1
3.86 230.29 1
3.87 227.91 1
3.88 233.97 1
3.89 235.2 1
3.9 237.59 1
3.91 126.19 1
3.92 131.84 1
3.93 135.46 1
3.94 135.9 1
3.95 137.6 1
3.96 141.58 1
3.97 106.06 1
3.98 108.22 1
3.99 104.41 1
4.0 104.37 1
4.01 103.64 1
4.02 104.52 1
4.03 104.42 1
4.04 104.94 1
4.05 104.69 1
4.06 105.19 1
4.07 105.01 1
4.08 105.1 1
4.09 105.24 1
4.1 105.1 1
4.11 105.07 1
4.12 104.96 1
4.13 105.11 1
4.14 105.16 1
4.15 105.18 1
4.16 105.2 1
4.17 105.21 1
4.18 105.04 1
4.19 105.14 1
4.2 105.04 1
4.21 104.87 1
4.22 104.73 1
4.23 104.8 1
4.24 104.89 1
4.25 104.87 1
4.26 104.97 1
4.27 105.16 1
4.28 104.98 1
4.29 105.08 1
4.3 104.88 1
4.31 104.77 1
4.32 104.79 1
4.33 104.52 1
4.34 104.5 1
4.35 104.61 1
4.36 104.62 1
4.37 104.28 1
4.38 104.33 1
4.39 104.27 1
4.4 104.22 1
4.41 104.09 1
4.42 104.27 1
4.43 104.56 1
4.44 104.91 1
4.45 104.8 1
4.46 104.55 1
4.47 104.43 1
4.48 104.23 1
4.49 104.12 1
4.5 104.13 1
4.51 104.12 1
4.52 104.26 1
4.53 103.94 1
4.54 103.9 1
4.55 103.92 1
4.56 103.89 1
4.57 104.13 1
4.58 103.98 1
4.59 104.38 1
4.6 104.65 1
4.61 104.82 1
4.62 105.21 1
4.63 105.23 1
4.64 105.6 1
4.65 105.65 1
4.66 105.34 1
4.67 105.2 1
4.68 105.1 1
4.69 104.52 1
4.7 104.13 1
4.71 102.86 1
4.72 100.61 1
4.73 98.33 1
4.74 105.46 1
4.75 102.45 1
4.76 104.81 1
4.77 104.81 1
4.78 105.24 1
4.79 105.05 1
4.8 104.95 1
4.81 105.01 1
4.82 105.14 1
4.83 104.99 1
4.84 105.22 1
4.85 104.91 1
4.86 104.88 1
4.87 100.87 1
4.88 103.04 1
4.89 103.54 1
4.9 104.52 1
4.91 104.91 1
4.92 105.51 1
4.93 106.13 1
4.94 106.44 1
4.95 106.31 1
4.96 105.83 1
4.97 105.12 1
4.98 103.57 1
4.99 100.85 1
5.0 99.9 1
5.01 110.75 1
5.02 109.88 1
5.03 108.26 1
5.04 106.9 1
5.05 104.84 1
5.06 89.72 1
5.07 87.94 1
5.08 87.06 1
5.09 86.92 1
5.1 86.3 1
5.11 86.05 1
5.12 86.05 1
5.13 85.9 1
5.14 86.38 1
5.15 86.28 1
5.16 85.62 1
5.17 85.88 1
5.18 85.22 1
5.19 85.71 1
5.2 85.81 1
5.21 85.96 1
5.22 86.5 1
5.23 86.09 1
5.24 87.34 1
5.25 87.15 1
5.26 87.08 1
5.27 87.77 1
5.28 88.29 1
5.29 103.79 1
5.3 103.93 1
5.31 104.33 1
5.32 104.9 1
5.33 105.1 1
5.34 104.86 1
5.35 104.85 1
5.36 105.15 1
5.37 104.47 1
5.38 103.89 1
5.39 88.11 1
5.4 87.35 1
5.41 86.38 1
5.42 105.43 1
5.43 104.84 1
5.44 106.39 1
5.45 105.81 1
5.46 105.46 1
5.47 104.95 1
5.48 105.09 1
5.49 105.1 1
5.5 104.75 1
5.51 105.05 1
5.52 105.19 1
5.53 105.02 1
5.54 105.2 1
5.55 104.75 1
5.56 105.18 1
5.57 105.16 1
5.58 104.97 1
5.59 105.12 1
5.6 105.15 1
5.61 104.97 1
5.62 104.96 1
5.63 105.49 1
5.64 104.77 1
5.65 105.13 1
5.66 104.97 1
5.67 104.76 1
5.68 105.3 1
5.69 104.98 1
5.7 104.93 1
5.71 105.45 1
5.72 104.43 1
5.73 105.09 1
5.74 104.9 1
5.75 104.56 1
5.76 105.39 1
5.77 105.33 1
5.78 104.94 1
5.79 105.55 1
5.8 105.08 1
5.81 105.32 1
5.82 104.99 1
5.83 105.18 1
5.84 97.03 1
5.85 100.09 1
5.86 103.4 1
5.87 103.85 1
5.88 104.28 1
5.89 103.16 1
5.9 102.2 1
5.91 101.11 1
5.92 101.25 1
5.93 100.68 1
5.94 99.99 1
5.95 100.93 1
5.96 99.78 1
5.97 100.66 1
5.98 196.61 1
5.99 197.32 1
6.0 196.7 1
6.01 193.02 1
6.02 194.72 1
6.03 189.69 1
6.04 188.09 1
6.05 185.71 1
6.06 184.14 1
6.07 182.96 1
6.08 180.14 1
6.09 88.47 1
6.1 87.89 1
6.11 87.16 1
6.12 87.59 1
6.13 86.94 1
6.14 86.77 1
6.15 87.03 1
6.16 87.36 1
6.17 87.43 1
6.18 88.11 1
6.19 104.26 1
6.2 104.88 1
6.21 105.3 1
6.22 106.21 1
6.23 103.89 1
6.24 104.95 1
6.25 104.51 1
6.26 104.35 1
6.27 104.09 1
6.28 106.14 1
6.29 105.19 1
6.3 105.39 1
6.31 105.07 1
6.32 104.01 1
6.33 88.11 1
6.34 88.11 1
6.35 87.26 1
6.36 87.59 1
6.37 87.1 1
6.38 86.66 1
6.39 86.42 1
6.4 86.26 1
6.41 105.5 1
6.42 104.91 1
6.43 105.13 1
6.44 105.15 1
6.45 105.28 1
6.46 104.99 1
6.47 105.11 1
6.48 105.06 1
6.49 105.04 1
6.5 105.15 1
6.51 105.1 1
6.52 105.06 1
6.53 105.14 1
6.54 105.16 1
6.55 105.04 1
6.56 105.16 1
6.57 104.91 1
6.58 105.17 1
6.59 105.04 1
6.6 105.29 1
6.61 105.11 1
6.62 105.09 1
6.63 105.1 1
6.64 105.17 1
6.65 105.06 1
6.66 105.02 1
6.67 105.23 1
6.68 105.21 1
6.69 105.06 1
6.7 105.16 1
6.71 105.01 1
6.72 105.05 1
6.73 105.04 1
6.74 104.91 1
6.75 105.19 1
6.76 104.95 1
6.77 105.13 1
6.78 105.21 1
6.79 105.0 1
6.8 105.28 1
6.81 104.92 1
6.82 105.58 1
6.83 85.38 1
6.84 85.06 1
6.85 86.21 1
6.86 84.9 1
6.87 84.96 1
6.88 84.25 1
6.89 84.41 1
6.9 84.48 1
6.91 85.32 1
6.92 86.21 1
6.93 87.41 1
6.94 87.42 1
6.95 87.51 1
6.96 87.94 1
6.97 87.94 1
6.98 89.13 1
6.99 88.12 1
7.0 88.62 1
7.01 87.59 1
7.02 87.59 1
7.03 87.63 1
7.04 87.26 1
7.05 87.6 1
7.06 87.28 1
7.07 86.38 1
7.08 94.53 1
7.09 104.52 1
7.1 104.13 1
7.11 106.37 1
7.12 104.73 1
7.13 104.9 1
7.14 105.38 1
7.15 105.39 1
7.16 105.05 1
7.17 104.95 1
7.18 105.11 1
7.19 105.58 1
7.2 105.47 1
7.21 105.29 1
7.22 105.18 1
7.23 105.27 1
7.24 104.66 1
7.25 105.3 1
7.26 105.0 1
7.27 104.97 1
7.28 105.22 1
7.29 105.39 1
7.3 104.5 1
7.31 103.72 1
7.32 104.02 1
7.33 103.89 1
7.34 103.58 1
7.35 103.83 1
7.36 103.85 1
7.37 104.14 1
7.38 104.23 1
7.39 104.63 1
7.4 106.36 1
7.41 105.43 1
7.42 104.98 1
7.43 104.45 1
7.44 89.23 1
7.45 87.55 1
7.46 86.47 1
7.47 86.39 1
7.48 85.38 1
7.49 85.88 1
7.5 86.21 1
7.51 86.49 1
7.52 87.17 1
7.53 87.31 1
7.54 86.93 1
7.55 87.1 1
7.56 87.13 1
7.57 86.71 1
7.58 86.72 1
7.59 86.9 1
7.6 87.0 1
7.61 87.17 1
7.62 87.18 1
7.63 87.59 1
7.64 87.94 1
7.65 89.12 1
7.66 104.67 1
7.67 105.34 1
7.68 107.69 1
7.69 101.49 1
7.7 101.03 1
7.71 103.07 1
7.72 102.46 1
7.73 102.66 1
7.74 103.77 1
7.75 103.89 1
7.76 103.89 1
7.77 103.82 1
7.78 103.89 1
7.79 103.64 1
7.8 103.88 1
7.81 103.22 1
7.82 103.16 1
7.83 102.92 1
7.84 103.08 1
7.85 103.64 1
7.86 103.88 1
7.87 103.89 1
7.88 103.89 1
7.89 104.04 1
7.9 104.23 1
7.91 104.32 1
7.92 104.24 1
7.93 104.11 1
7.94 104.25 1
7.95 104.2 1
7.96 104.58 1
7.97 104.73 1
7.98 105.07 1
7.99 104.76 1
8.0 104.85 1
8.01 105.37 1
8.02 105.16 1
8.03 104.63 1
8.04 104.58 1
8.05 104.95 1
8.06 105.7 1
8.07 106.01 1
8.08 106.65 1
8.09 106.54 1
8.1 105.79 1
8.11 105.45 1
8.12 105.49 1
8.13 105.27 1
8.14 105.14 1
8.15 104.91 1
8.16 104.82 1
8.17 104.92 1
8.18 104.7 1
8.19 104.66 1
8.2 104.38 1
8.21 104.11 1
8.22 104.13 1
8.23 104.13 1
8.24 104.13 1
8.25 104.13 1
8.26 104.37 1
8.27 104.81 1
8.28 105.02 1
8.29 105.42 1
8.3 105.4 1
8.31 105.47 1
8.32 105.36 1
8.33 104.98 1
8.34 104.46 1
8.35 104.13 1
8.36 102.21 1
8.37 101.27 1
8.38 99.49 1
8.39 96.82 1
8.4 106.41 1
8.41 104.61 1
8.42 87.76 1
8.43 86.97 1
8.44 86.74 1
8.45 86.71 1
8.46 87.03 1
8.47 87.41 1
8.48 87.59 1
8.49 87.59 1
8.5 87.94 1
8.51 88.12 1
8.52 102.92 1
8.53 104.71 1
8.54 105.56 1
8.55 106.07 1
8.56 108.96 1
8.57 100.42 1
8.58 102.1 1
8.59 103.78 1
8.6 104.51 1
8.61 105.0 1
8.62 105.43 1
8.63 105.84 1
8.64 105.85 1
8.65 106.07 1
8.66 105.7 1
8.67 105.15 1
8.68 104.13 1
8.69 102.38 1
8.7 100.99 1
8.71 99.43 1
8.72 110.78 1
8.73 109.42 1
8.74 106.13 1
8.75 103.89 1
8.76 87.76 1
8.77 87.12 1
8.78 86.57 1
8.79 85.88 1
8.8 85.71 1
8.81 85.1 1
8.82 85.26 1
8.83 85.38 1
8.84 85.54 1
8.85 86.21 1
8.86 86.38 1
8.87 86.6 1
8.88 87.31 1
8.89 87.88 1
8.9 102.68 1
8.91 105.92 1
8.92 104.15 1
8.93 107.17 1
8.94 102.2 1
8.95 103.62 1
8.96 103.94 1
8.97 104.66 1
8.98 105.19 1
8.99 105.51 1
9.0 105.6 1
9.01 105.38 1
9.02 104.95 1
9.03 104.73 1
9.04 104.47 1
9.05 104.13 1
9.06 103.53 1
9.07 102.71 1
9.08 101.97 1
9.09 101.97 1
9.1 102.72 1
9.11 102.79 1
9.12 103.04 1
9.13 103.4 1
9.14 103.89 1
9.15 103.95 1
9.16 104.33 1
9.17 104.53 1
9.18 104.41 1
9.19 103.77 1
9.2 103.63 1
9.21 105.08 1
9.22 104.69 1
9.23 104.95 1
9.24 105.11 1
9.25 105.05 1
9.26 105.19 1
9.27 104.83 1
9.28 105.01 1
9.29 104.63 1
9.3 103.89 1
9.31 104.63 1
9.32 104.88 1
9.33 104.87 1
9.34 104.81 1
9.35 104.77 1
9.36 104.79 1
9.37 104.88 1
9.38 104.88 1
9.39 105.14 1
9.4 105.08 1
9.41 105.15 1
9.42 105.23 1
9.43 105.22 1
9.44 105.19 1
9.45 105.1 1
9.46 105.12 1
9.47 105.09 1
9.48 105.03 1
9.49 105.06 1
9.5 105.01 1
9.51 105.0 1
9.52 105.06 1
9.53 104.92 1
9.54 104.63 1
9.55 103.9 1
9.56 104.63 1
9.57 104.39 1
9.58 105.62 1
9.59 105.13 1
9.6 105.05 1
9.61 105.14 1
9.62 105.08 1
9.63 105.16 1
9.64 105.04 1
9.65 104.89 1
9.66 105.03 1
9.67 105.03 1
9.68 105.18 1
9.69 105.04 1
9.7 105.22 1
9.71 105.26 1
9.72 104.99 1
9.73 105.0 1
9.74 105.09 1
9.75 104.9 1
9.76 104.38 1
9.77 104.63 1
9.78 104.85 1
9.79 104.94 1
9.8 104.76 1
9.81 104.79 1
9.82 104.98 1
9.83 104.98 1
9.84 105.06 1
9.85 104.91 1
9.86 104.92 1
9.87 104.71 1
9.88 104.81 1
9.89 104.83 1
9.9 104.73 1
9.91 104.64 1
9.92 104.66 1
9.93 104.72 1
9.94 104.76 1
9.95 104.87 1
9.96 104.89 1
9.97 104.84 1
9.98 104.83 1
9.99 104.74 1
10.0 104.57 1
10.01 104.63 1
10.02 104.79 1
10.03 104.93 1
10.04 105.07 1
10.05 104.87 1
10.06 104.63 1
10.07 104.88 1
10.08 104.96 1
10.09 105.05 1
10.1 105.01 1
10.11 105.09 1
10.12 105.23 1
10.13 105.11 1
10.14 105.23 1
10.15 105.88 1
10.16 106.13 1
10.17 105.21 1
10.18 107.16 1
10.19 232.11 1
10.2 252.75 1
10.21 233.94 1
10.22 232.14 1
10.23 231.09 1
10.24 235.19 1
10.25 231.51 1
10.26 230.31 1
10.27 239.0 1
10.28 226.75 1
10.29 240.31 1
10.3 231.5 1
10.31 234.05 1
10.32 233.62 1
10.33 235.22 1
10.34 235.58 1
10.35 233.94 1
10.36 236.46 1
10.37 235.2 1
10.38 234.88 1
10.39 235.19 1
10.4 232.84 1
10.41 105.38 1
10.42 105.62 1
10.43 106.65 1
10.44 105.14 1
10.45 105.41 1
10.46 106.13 1
10.47 58.48 1
10.48 58.45 1
10.49 58.76 1
10.5 58.37 1
10.51 58.6 1
10.52 58.53 1
10.53 58.81 1
10.54 58.62 1
10.55 58.65 1
10.56 58.51 1
10.57 59.08 1
10.58 58.41 1
10.59 58.68 1
10.6 58.53 1
10.61 58.76 1
10.62 58.17 1
10.63 58.46 1
10.64 58.52 1
10.65 58.53 1
10.66 58.13 1
10.67 58.7 1
10.68 58.06 1
10.69 58.53 1
10.7 58.12 1
10.71 58.29 1
10.72 58.76 1
10.73 58.68 1
10.74 59.5 1
10.75 58.6 1
10.76 59.52 1
10.77 58.76 1
10.78 59.59 1
10.79 59.16 1
10.8 60.58 1
10.81 58.82 1
10.82 57.99 1
10.83 58.04 1
10.84 57.76 1
10.85 56.9 1
10.86 57.86 1
10.87 57.61 1
10.88 58.14 1
10.89 58.49 1
10.9 59.23 1
10.91 58.76 1
10.92 52.28 1
10.93 52.53 1
10.94 52.59 1
10.95 52.59 1
10.96 52.91 1
10.97 53.16 1
10.98 136.03 1
10.99 134.67 1
11.0 136.33 1
11.01 135.92 1
11.02 132.22 1
11.03 137.0 1
11.04 130.42 1
11.05 136.19 1
11.06 272.39 1
11.07 271.86 1
11.08 276.35 1
11.09 273.6 1
11.1 276.36 1
11.11 273.13 1
11.12 271.47 1
11.13 273.02 1
11.14 270.88 1
11.15 268.56 1
11.16 258.97 1
11.17 259.76 1
11.18 255.67 1
11.19 250.73 1
11.2 247.03 1
11.21 247.03 1
11.22 247.58 1
11.23 255.32 1
11.24 251.5 1
11.25 254.19 1
11.26 251.51 1
11.27 255.65 1
11.28 258.68 1
11.29 261.72 1
11.3 259.91 1
11.31 264.87 1
11.32 263.48 1
11.33 260.17 1
11.34 260.94 1
11.35 259.38 1
11.36 266.44 1
11.37 264.56 1
11.38 263.28 1
11.39 268.08 1
11.4 262.02 1
11.41 258.64 1
11.42 276.49 1
11.43 268.1 1
11.44 277.53 1
11.45 276.28 1
11.46 268.1 1
11.47 279.29 1
11.48 278.03 1
11.49 276.51 1
11.5 281.71 1
11.51 274.8 1
11.52 278.26 1
11.53 278.26 1
11.54 279.58 1
11.55 141.13 1
11.56 139.78 1
11.57 141.86 1
11.58 136.53 1
11.59 141.01 1
11.6 140.61 1
11.61 135.48 1
11.62 141.56 1
11.63 139.34 1
11.64 134.85 1
11.65 134.81 1
11.66 135.6 1
11.67 136.32 1
11.68 135.27 1
11.69 138.02 1
11.7 134.48 1
11.71 138.46 1
11.72 139.33 1
11.73 139.18 1
11.74 139.33 1
11.75 139.33 1
11.76 138.33 1
11.77 138.24 1
11.78 138.09 1
11.79 139.76 1
11.8 138.26 1
11.81 137.6 1
11.82 138.41 1
11.83 137.18 1
11.84 138.75 1
11.85 139.33 1
11.86 138.48 1
11.87 139.62 1
11.88 140.16 1
11.89 138.91 1
11.9 141.12 1
11.91 141.41 1
11.92 139.35 1
11.93 140.36 1
11.94 138.76 1
11.95 137.55 1
11.96 135.93 1
11.97 134.17 1
11.98 132.6 1
11.99 105.78 1
12.0 105.14 1
12.01 105.32 1
12.02 104.59 1
12.03 58.92 1
12.04 59.09 1
12.05 58.85 1
12.06 58.62 1
12.07 59.02 1
12.08 59.26 1
12.09 59.8 1
12.1 127.97 1
12.11 130.66 1
12.12 129.5 1
12.13 132.63 1
12.14 133.44 1
12.15 135.5 1
12.16 135.5 1
12.17 133.27 1
12.18 133.16 1
12.19 133.42 1
12.2 132.93 1
12.21 134.67 1
12.22 133.86 1
12.23 132.73 1
12.24 131.44 1
12.25 105.83 1
12.26 106.07 1
12.27 105.58 1
12.28 105.21 1
12.29 105.85 1
12.3 105.47 1
12.31 105.27 1
12.32 106.2 1
12.33 104.94 1
12.34 105.14 1
12.35 106.13 1
12.36 104.93 1
12.37 105.5 1
12.38 105.39 1
12.39 105.51 1
12.4 105.63 1
12.41 107.17 1
12.42 58.16 1
12.43 58.31 1
12.44 59.01 1
12.45 58.09 1
12.46 58.0 1
12.47 57.91 1
12.48 57.61 1
12.49 57.61 1
12.5 58.22 1
12.51 58.29 1
12.52 59.55 1
12.53 59.7 1
12.54 59.55 1
12.55 59.13 1
12.56 59.1 1
12.57 59.58 1
12.58 59.32 1
12.59 59.44 1
12.6 59.16 1
12.61 58.92 1
12.62 58.82 1
12.63 58.63 1
12.64 58.83 1
12.65 58.56 1
12.66 58.37 1
12.67 58.41 1
12.68 58.3 1
12.69 58.3 1
12.7 58.24 1
12.71 58.29 1
12.72 58.14 1
12.73 58.39 1
12.74 58.5 1
12.75 58.52 1
12.76 58.45 1
12.77 58.7 1
12.78 58.75 1
12.79 58.67 1
12.8 58.53 1
12.81 59.08 1
12.82 58.92 1
12.83 59.08 1
12.84 59.0 1
12.85 59.4 1
12.86 59.16 1
12.87 59.24 1
12.88 59.24 1
12.89 104.88 1
12.9 105.13 1
12.91 106.13 1
12.92 105.37 1
12.93 104.99 1
12.94 105.62 1
12.95 105.35 1
12.96 105.24 1
12.97 105.05 1
12.98 105.37 1
12.99 105.04 1
13.0 104.84 1
13.01 105.42 1
13.02 104.97 1
13.03 104.81 1
13.04 104.92 1
13.05 110.66 1
13.06 117.64 1
13.07 106.12 1
13.08 106.64 1
13.09 105.88 1
13.1 105.62 1
13.11 105.42 1
13.12 105.08 1
13.13 105.28 1
13.14 105.2 1
13.15 105.26 1
13.16 105.22 1
13.17 105.15 1
13.18 105.0 1
13.19 104.9 1
13.2 104.88 1
13.21 104.94 1
13.22 104.8 1
13.23 104.85 1
13.24 104.91 1
13.25 104.91 1
13.26 105.08 1
13.27 105.11 1
13.28 105.13 1
13.29 104.88 1
13.3 105.29 1
13.31 105.43 1
13.32 105.35 1
13.33 104.94 1
