0.01 104.6 1
0.02 105.63 1
0.03 105.78 1
0.04 212.45 1
0.05 220.12 1
0.06 227.45 1
0.07 230.96 1
0.08 220.83 1
0.09 241.42 1
0.1 244.16 1
0.11 251.3 1
0.12 226.73 1
0.13 244.32 1
0.14 222.91 1
0.15 227.49 1
0.16 235.12 1
0.17 218.84 1
0.18 244.36 1
0.19 222.03 1
0.2 264.89 1
0.21 276.47 1
0.22 285.11 1
0.23 291.1 1
0.24 299.04 1
0.25 291.11 1
0.26 276.53 1
0.27 255.66 1
0.28 247.22 1
0.29 247.06 1
0.3 250.05 1
0.31 260.18 1
0.32 275.08 1
0.33 278.22 1
0.34 280.23 1
0.35 275.39 1
0.36 266.25 1
0.37 266.5 1
0.38 274.76 1
0.39 275.09 1
0.4 277.67 1
0.41 277.65 1
0.42 277.39 1
0.43 277.86 1
0.44 278.23 1
0.45 278.44 1
0.46 278.23 1
0.47 278.23 1
0.48 278.9 1
0.49 279.34 1
0.5 279.5 1
0.51 134.25 1
0.52 104.88 1
0.53 105.2 1
0.54 105.14 1
0.55 105.16 1
0.56 105.48 1
0.57 118.64 1
0.58 283.16 1
0.59 282.48 1
0.6 282.35 1
0.61 284.08 1
0.62 283.98 1
0.63 281.74 1
0.64 279.97 1
0.65 278.9 1
0.66 276.47 1
0.67 269.72 1
0.68 257.18 1
0.69 248.04 1
0.7 241.6 1
0.71 223.39 1
0.72 217.76 1
0.73 218.84 1
0.74 224.62 1
0.75 225.58 1
0.76 233.36 1
0.77 244.14 1
0.78 251.39 1
0.79 273.11 1
0.8 261.75 1
0.81 247.97 1
0.82 231.25 1
0.83 106.14 1
0.84 105.27 1
0.85 105.54 1
0.86 104.89 1
0.87 104.88 1
0.88 105.63 1
0.89 106.15 1
0.9 130.28 1
0.91 131.05 1
0.92 134.07 1
0.93 135.49 1
0.94 135.5 1
0.95 137.2 1
0.96 139.31 1
0.97 138.05 1
0.98 138.69 1
0.99 138.03 1
1.0 138.03 1
1.01 105.37 1
1.02 105.03 1
1.03 105.04 1
1.04 104.88 1
1.05 105.04 1
1.06 105.11 1
1.07 0.0 1
1.08 342.32 1
1.09 345.89 1
1.1 348.62 1
1.11 354.25 1
1.12 359.78 1
1.13 363.08 1
1.14 357.15 1
1.15 351.46 1
1.16 344.39 1
1.17 322.05 1
1.18 281.72 1
1.19 258.69 1
1.2 261.62 1
1.21 261.73 1
1.22 254.21 1
1.23 287.92 1
1.24 274.74 1
1.25 273.05 1
1.26 274.74 1
1.27 278.2 1
1.28 278.86 1
1.29 279.98 1
1.3 279.98 1
1.31 278.23 1
1.32 278.23 1
1.33 280.48 1
1.34 281.5 1
1.35 281.76 1
1.36 273.08 1
1.37 274.75 1
1.38 0.0 1
1.39 0.0 1
1.4 0.0 1
1.41 348.63 1
1.42 355.65 1
1.43 358.26 1
1.44 359.48 1
1.45 357.13 1
1.46 359.44 1
1.47 351.47 1
1.48 348.66 1
1.49 348.66 1
1.5 343.22 1
1.51 343.2 1
1.52 369.8 1
1.53 0.0 1
1.54 0.0 1
1.55 102.45 1
1.56 103.67 1
1.57 105.61 1
1.58 104.44 1
1.59 105.11 1
1.6 105.53 1
1.61 103.0 1
1.62 103.88 1
1.63 104.62 1
1.64 104.13 1
1.65 103.88 1
1.66 103.64 1
1.67 103.64 1
1.68 104.12 1
1.69 104.12 1
1.7 103.63 1
1.71 100.96 1
1.72 103.76 1
1.73 104.62 1
1.74 104.38 1
1.75 104.37 1
1.76 104.38 1
1.77 104.52 1
1.78 104.46 1
1.79 105.24 1
1.8 104.96 1
1.81 105.01 1
1.82 105.11 1
1.83 105.03 1
1.84 104.93 1
1.85 105.1 1
1.86 105.11 1
1.87 105.02 1
1.88 105.01 1
1.89 105.03 1
1.9 105.07 1
1.91 105.23 1
1.92 105.03 1
1.93 105.15 1
1.94 105.14 1
1.95 105.11 1
1.96 105.14 1
1.97 105.51 1
1.98 105.01 1
1.99 0.0 1
2.0 464.99 1
2.01 464.26 1
2.02 462.79 1
2.03 467.07 1
2.04 471.42 1
2.05 468.67 1
2.06 481.41 1
2.07 470.32 1
2.08 471.7 1
2.09 470.0 1
2.1 471.63 1
2.11 468.3 1
2.12 465.83 1
2.13 458.15 1
2.14 447.76 1
2.15 469.18 1
2.16 497.98 1
2.17 456.25 1
2.18 463.88 1
2.19 471.4 1
2.2 480.25 1
2.21 486.96 1
2.22 487.13 1
2.23 487.19 1
2.24 487.24 1
2.25 487.94 1
2.26 487.79 1
2.27 486.4 1
2.28 487.23 1
2.29 477.64 1
2.3 447.73 1
2.31 483.12 1
2.32 489.23 1
2.33 463.13 1
2.34 480.94 1
2.35 422.0 1
2.36 418.03 1
2.37 421.82 1
2.38 418.11 1
2.39 418.14 1
2.4 418.15 1
2.41 418.14 1
2.42 414.27 1
2.43 414.24 1
2.44 414.22 1
2.45 414.2 1
2.46 414.17 1
2.47 414.2 1
2.48 414.23 1
2.49 422.92 1
2.5 422.25 1
2.51 461.74 1
2.52 443.51 1
2.53 461.55 1
2.54 463.85 1
2.55 471.52 1
2.56 476.03 1
2.57 480.45 1
2.58 480.57 1
2.59 477.45 1
2.6 476.46 1
2.61 469.61 1
2.62 464.12 1
2.63 447.75 1
2.64 435.31 1
2.65 441.62 1
2.66 456.99 1
2.67 458.94 1
2.68 462.6 1
2.69 476.41 1
2.7 470.03 1
2.71 481.74 1
2.72 476.55 1
2.73 481.66 1
2.74 476.64 1
2.75 481.9 1
2.76 490.48 1
2.77 491.39 1
2.78 504.08 1
2.79 457.33 1
2.8 492.84 1
2.81 492.83 1
2.82 471.83 1
2.83 457.06 1
2.84 461.72 1
2.85 446.02 1
2.86 430.38 1
2.87 426.31 1
2.88 430.48 1
2.89 466.4 1
2.9 476.72 1
2.91 511.37 1
2.92 562.4 1
2.93 569.22 1
2.94 576.44 1
2.95 553.96 1
2.96 521.91 1
2.97 498.2 1
2.98 513.0 1
2.99 459.31 1
3.0 521.66 1
3.01 444.16 1
3.02 456.02 1
3.03 461.65 1
3.04 465.68 1
3.05 481.29 1
3.06 472.65 1
3.07 486.93 1
3.08 476.75 1
3.09 481.75 1
3.1 481.9 1
3.11 477.11 1
3.12 481.7 1
3.13 470.97 1
3.14 471.43 1
3.15 466.66 1
3.16 461.23 1
3.17 466.41 1
3.18 466.44 1
3.19 468.7 1
3.2 469.72 1
3.21 469.13 1
3.22 468.34 1
3.23 476.27 1
3.24 469.56 1
3.25 476.32 1
3.26 470.01 1
3.27 481.5 1
3.28 466.73 1
3.29 458.99 1
3.3 459.97 1
3.31 474.54 1
3.32 443.33 1
3.33 515.81 1
3.34 515.92 1
3.35 515.79 1
3.36 531.1 1
3.37 561.52 1
3.38 575.29 1
3.39 569.79 1
3.4 572.08 1
3.41 561.86 1
3.42 565.97 1
3.43 561.82 1
3.44 559.26 1
3.45 551.27 1
3.46 517.32 1
3.47 528.23 1
3.48 509.86 1
3.49 491.92 1
3.5 487.19 1
3.51 481.76 1
3.52 481.55 1
3.53 481.66 1
3.54 476.53 1
3.55 481.9 1
3.56 494.37 1
3.57 493.37 1
3.58 516.07 1
3.59 516.39 1
3.6 541.43 1
3.61 576.39 1
3.62 583.39 1
3.63 583.49 1
3.64 586.43 1
3.65 561.87 1
3.66 583.61 1
3.67 531.18 1
3.68 521.32 1
3.69 481.84 1
3.7 476.21 1
3.71 466.63 1
3.72 471.55 1
3.73 476.73 1
3.74 482.65 1
3.75 500.26 1
3.76 498.03 1
3.77 487.66 1
3.78 487.28 1
3.79 467.52 1
3.8 450.37 1
3.81 487.46 1
3.82 479.14 1
3.83 430.47 1
3.84 0.0 1
3.85 133.96 1
3.86 135.49 1
3.87 137.18 1
3.88 136.76 1
3.89 136.75 1
3.9 136.75 1
3.91 137.18 1
3.92 137.6 1
3.93 137.6 1
3.94 136.33 1
3.95 135.49 1
3.96 134.59 1
3.97 133.84 1
3.98 133.84 1
3.99 133.87 1
4.0 134.42 1
4.01 133.37 1
4.02 131.29 1
4.03 129.9 1
4.04 129.34 1
4.05 131.3 1
4.06 135.08 1
4.07 135.49 1
4.08 137.6 1
4.09 139.15 1
4.1 138.23 1
4.11 138.01 1
4.12 138.9 1
4.13 135.08 1
4.14 133.26 1
4.15 134.26 1
4.16 135.07 1
4.17 135.07 1
4.18 136.8 1
4.19 136.99 1
4.2 180.88 1
4.21 183.4 1
4.22 396.75 1
4.23 446.85 1
4.24 453.91 1
4.25 481.82 1
4.26 467.07 1
4.27 467.44 1
4.28 471.52 1
4.29 494.87 1
4.3 481.91 1
4.31 487.29 1
4.32 466.66 1
4.33 494.8 1
4.34 447.74 1
4.35 430.3 1
4.36 422.1 1
4.37 422.12 1
4.38 418.18 1
4.39 422.21 1
4.4 222.95 1
4.41 461.69 1
4.42 461.65 1
4.43 487.02 1
4.44 523.44 1
4.45 522.12 1
4.46 524.34 1
4.47 521.61 1
4.48 481.61 1
4.49 422.18 1
4.5 410.27 1
4.51 410.26 1
4.52 414.1 1
4.53 414.17 1
4.54 414.19 1
4.55 414.2 1
4.56 414.2 1
4.57 414.19 1
4.58 414.17 1
4.59 414.16 1
4.6 414.15 1
4.61 0.0 1
4.62 0.0 1
4.63 0.0 1
4.64 0.0 1
4.65 0.0 1
4.66 351.41 1
4.67 348.15 1
4.68 348.63 1
4.69 344.99 1
4.7 345.17 1
4.71 351.4 1
4.72 354.24 1
4.73 360.03 1
4.74 365.94 1
4.75 357.11 1
4.76 348.68 1
4.77 340.2 1
4.78 313.85 1
4.79 264.86 1
4.8 266.4 1
4.81 261.18 1
4.82 254.19 1
4.83 258.69 1
4.84 263.32 1
4.85 273.01 1
4.86 272.84 1
4.87 275.93 1
4.88 278.22 1
4.89 275.9 1
4.9 273.01 1
4.91 257.22 1
4.92 255.67 1
4.93 214.57 1
4.94 105.22 1
4.95 105.17 1
4.96 105.88 1
4.97 110.8 1
4.98 113.23 1
4.99 115.47 1
5.0 116.48 1
5.01 118.63 1
5.02 121.32 1
5.03 126.91 1
5.04 128.39 1
5.05 130.28 1
5.06 130.02 1
5.07 127.29 1
5.08 126.16 1
5.09 124.64 1
5.1 77.76 1
5.11 77.71 1
5.12 77.3 1
5.13 89.64 1
5.14 89.37 1
5.15 89.58 1
5.16 90.58 1
5.17 126.18 1
5.18 126.18 1
5.19 126.69 1
5.2 125.5 1
5.21 123.88 1
5.22 126.28 1
5.23 120.9 1
5.24 105.32 1
5.25 106.05 1
5.26 104.64 1
5.27 105.01 1
5.28 105.01 1
5.29 105.27 1
5.3 105.24 1
5.31 104.67 1
5.32 104.34 1
5.33 103.25 1
5.34 103.05 1
5.35 102.44 1
5.36 102.92 1
5.37 102.68 1
5.38 104.09 1
5.39 105.22 1
5.4 105.09 1
