0.01 105.07 1
0.02 105.04 1
0.03 105.07 1
0.04 105.13 1
0.05 0.0 1
0.06 354.19 1
0.07 337.79 1
0.08 344.75 1
0.09 345.9 1
0.1 345.9 1
0.11 345.89 1
0.12 345.8 1
0.13 343.96 1
0.14 342.47 1
0.15 340.2 1
0.16 339.01 1
0.17 338.28 1
0.18 339.36 1
0.19 339.08 1
0.2 339.7 1
0.21 339.69 1
0.22 341.41 1
0.23 340.59 1
0.24 346.9 1
0.25 350.21 1
0.26 351.45 1
0.27 354.28 1
0.28 364.68 1
0.29 369.31 1
0.3 378.53 1
0.31 381.81 1
0.32 385.15 1
0.33 387.75 1
0.34 388.53 1
0.35 383.72 1
0.36 379.04 1
0.37 372.62 1
0.38 367.75 1
0.39 361.53 1
0.4 348.83 1
0.41 351.56 1
0.42 348.68 1
0.43 350.56 1
0.44 353.8 1
0.45 346.05 1
0.46 346.02 1
0.47 358.79 1
0.48 362.36 1
0.49 372.08 1
0.5 375.8 1
0.51 385.64 1
0.52 399.73 1
0.53 408.13 1
0.54 410.31 1
0.55 414.18 1
0.56 418.08 1
0.57 418.15 1
0.58 418.16 1
0.59 414.29 1
0.6 414.29 1
0.61 414.32 1
0.62 418.14 1
0.63 418.14 1
0.64 418.12 1
0.65 418.12 1
0.66 414.25 1
0.67 414.19 1
0.68 414.2 1
0.69 414.12 1
0.7 410.33 1
0.71 412.85 1
0.72 410.28 1
0.73 410.31 1
0.74 414.23 1
0.75 418.19 1
0.76 426.2 1
0.77 431.06 1
0.78 451.27 1
0.79 421.48 1
0.8 421.82 1
0.81 438.11 1
0.82 456.99 1
0.83 457.13 1
0.84 483.97 1
0.85 489.24 1
0.86 491.28 1
0.87 489.83 1
0.88 483.91 1
0.89 481.8 1
0.9 476.5 1
0.91 481.59 1
0.92 476.35 1
0.93 481.4 1
0.94 476.38 1
0.95 476.46 1
0.96 476.43 1
0.97 471.34 1
0.98 476.32 1
0.99 476.36 1
1.0 476.31 1
1.01 476.37 1
1.02 476.43 1
1.03 481.49 1
1.04 481.48 1
1.05 481.48 1
1.06 481.47 1
1.07 481.42 1
1.08 481.56 1
1.09 466.52 1
1.1 426.17 1
1.11 463.51 1
1.12 443.26 1
1.13 426.23 1
1.14 434.59 1
1.15 453.1 1
1.16 486.97 1
1.17 332.6 1
1.18 422.08 1
1.19 447.72 1
1.2 417.05 1
1.21 416.94 1
1.22 417.3 1
1.23 417.21 1
1.24 416.81 1
1.25 418.05 1
1.26 418.1 1
1.27 414.26 1
1.28 418.04 1
1.29 417.86 1
1.3 414.14 1
1.31 414.13 1
1.32 414.11 1
1.33 414.13 1
1.34 414.1 1
1.35 410.31 1
1.36 410.32 1
1.37 410.33 1
1.38 414.12 1
1.39 414.13 1
1.4 414.18 1
1.41 414.2 1
1.42 414.19 1
1.43 417.75 1
1.44 414.16 1
1.45 414.16 1
1.46 414.16 1
1.47 414.15 1
1.48 414.18 1
1.49 410.43 1
1.5 414.25 1
1.51 418.08 1
1.52 414.24 1
1.53 414.25 1
1.54 414.23 1
1.55 414.18 1
1.56 414.17 1
1.57 414.15 1
1.58 410.39 1
1.59 410.4 1
1.6 414.13 1
1.61 410.41 1
1.62 414.16 1
1.63 414.18 1
1.64 414.19 1
1.65 414.18 1
1.66 414.15 1
1.67 414.15 1
1.68 414.19 1
1.69 414.18 1
1.7 414.2 1
1.71 414.22 1
1.72 414.26 1
1.73 414.29 1
1.74 418.08 1
1.75 414.3 1
1.76 414.29 1
1.77 414.26 1
1.78 418.06 1
1.79 414.19 1
1.8 410.34 1
1.81 410.33 1
1.82 410.3 1
1.83 410.23 1
1.84 408.19 1
1.85 410.24 1
1.86 410.39 1
1.87 414.2 1
1.88 410.28 1
1.89 399.46 1
1.9 408.08 1
1.91 0.0 1
1.92 0.0 1
1.93 0.0 1
1.94 410.26 1
1.95 418.6 1
1.96 434.5 1
1.97 461.69 1
1.98 465.62 1
1.99 475.91 1
2.0 469.57 1
2.01 469.88 1
2.02 469.2 1
2.03 467.87 1
2.04 469.29 1
2.05 471.5 1
2.06 467.73 1
2.07 471.47 1
2.08 466.91 1
2.09 471.56 1
2.1 471.58 1
2.11 476.58 1
2.12 470.67 1
2.13 476.46 1
2.14 468.72 1
2.15 476.37 1
2.16 471.49 1
2.17 467.96 1
2.18 471.59 1
2.19 468.14 1
2.2 471.5 1
2.21 461.99 1
2.22 453.9 1
2.23 451.96 1
2.24 451.24 1
2.25 450.0 1
2.26 446.77 1
2.27 453.23 1
2.28 504.02 1
2.29 554.35 1
2.3 476.52 1
2.31 466.24 1
2.32 471.29 1
2.33 476.47 1
2.34 471.3 1
2.35 471.19 1
2.36 476.2 1
2.37 471.0 1
2.38 481.17 1
2.39 471.28 1
2.4 481.35 1
2.41 476.27 1
2.42 476.19 1
2.43 476.24 1
2.44 476.15 1
2.45 471.29 1
2.46 481.16 1
2.47 471.26 1
2.48 476.14 1
2.49 476.13 1
2.5 481.41 1
2.51 481.5 1
2.52 481.87 1
2.53 490.19 1
2.54 503.14 1
2.55 520.55 1
2.56 533.71 1
2.57 528.76 1
2.58 529.45 1
2.59 529.23 1
2.6 0.0 1
2.61 517.3 1
2.62 516.73 1
2.63 521.3 1
2.64 513.42 1
2.65 503.42 1
2.66 497.14 1
2.67 492.66 1
2.68 488.67 1
2.69 481.96 1
2.7 481.57 1
2.71 481.79 1
2.72 481.7 1
2.73 481.76 1
2.74 481.77 1
2.75 479.34 1
2.76 484.37 1
2.77 490.48 1
2.78 498.42 1
2.79 507.4 1
2.8 509.93 1
2.81 515.9 1
2.82 522.55 1
2.83 537.35 1
2.84 528.37 1
2.85 547.14 1
2.86 273.84 1
2.87 136.73 1
2.88 273.36 1
2.89 273.37 1
2.9 273.88 1
2.91 281.48 1
2.92 276.81 1
2.93 276.97 1
2.94 279.91 1
2.95 276.89 1
2.96 266.59 1
2.97 263.33 1
2.98 271.48 1
2.99 268.09 1
3.0 269.75 1
3.01 105.72 1
3.02 105.55 1
3.03 104.78 1
3.04 105.23 1
3.05 106.02 1
3.06 103.99 1
3.07 105.48 1
3.08 106.31 1
3.09 105.11 1
3.1 104.53 1
3.11 105.46 1
3.12 104.87 1
3.13 104.99 1
3.14 105.32 1
3.15 105.09 1
3.16 105.01 1
3.17 105.04 1
3.18 105.21 1
3.19 105.14 1
3.2 106.31 1
3.21 103.64 1
3.22 105.14 1
3.23 105.05 1
3.24 105.15 1
3.25 105.29 1
3.26 217.8 1
3.27 219.39 1
3.28 219.8 1
3.29 220.09 1
3.3 220.6 1
3.31 221.54 1
3.32 222.97 1
3.33 223.95 1
3.34 450.87 1
3.35 447.9 1
3.36 452.64 1
3.37 461.61 1
3.38 466.46 1
3.39 471.31 1
3.4 466.38 1
3.41 456.98 1
3.42 461.62 1
3.43 466.45 1
3.44 476.37 1
3.45 471.4 1
3.46 476.49 1
3.47 476.38 1
3.48 466.47 1
3.49 461.7 1
3.5 466.45 1
3.51 466.5 1
3.52 466.5 1
3.53 466.48 1
3.54 476.41 1
3.55 466.49 1
3.56 471.4 1
3.57 476.37 1
3.58 466.48 1
3.59 476.25 1
3.6 461.74 1
3.61 461.67 1
3.62 476.33 1
3.63 466.45 1
3.64 461.66 1
3.65 466.43 1
3.66 471.41 1
3.67 471.36 1
3.68 476.37 1
3.69 471.32 1
3.7 476.24 1
3.71 466.46 1
3.72 481.39 1
3.73 466.46 1
3.74 481.4 1
3.75 471.41 1
3.76 476.39 1
3.77 471.35 1
3.78 471.27 1
3.79 481.25 1
3.8 471.27 1
3.81 459.11 1
3.82 476.19 1
3.83 476.21 1
3.84 481.37 1
3.85 481.85 1
3.86 496.39 1
3.87 515.97 1
3.88 534.19 1
3.89 534.22 1
3.9 0.0 1
3.91 548.17 1
3.92 541.37 1
3.93 541.27 1
3.94 528.58 1
3.95 522.27 1
3.96 515.97 1
3.97 509.66 1
3.98 503.41 1
3.99 495.46 1
4.0 486.89 1
4.01 487.19 1
4.02 476.51 1
4.03 481.69 1
4.04 481.59 1
4.05 481.61 1
4.06 481.59 1
4.07 481.65 1
4.08 481.67 1
4.09 481.78 1
4.1 487.2 1
4.11 492.34 1
4.12 505.66 1
4.13 504.27 1
4.14 512.61 1
4.15 522.05 1
4.16 534.63 1
4.17 544.46 1
4.18 541.42 1
4.19 541.71 1
4.2 541.55 1
4.21 550.04 1
4.22 541.41 1
4.23 535.17 1
4.24 535.21 1
4.25 535.09 1
4.26 547.85 1
4.27 550.13 1
4.28 548.14 1
4.29 553.2 1
4.3 548.18 1
4.31 541.5 1
4.32 541.29 1
4.33 528.43 1
4.34 528.7 1
4.35 541.42 1
4.36 528.41 1
4.37 528.29 1
4.38 0.0 1
4.39 0.0 1
4.4 0.0 1
4.41 0.0 1
4.42 0.0 1
4.43 0.0 1
4.44 0.0 1
4.45 0.0 1
4.46 528.18 1
4.47 537.02 1
4.48 541.24 1
4.49 558.88 1
4.5 560.87 1
4.51 561.84 1
4.52 565.82 1
4.53 564.76 1
4.54 563.45 1
4.55 560.86 1
4.56 557.5 1
4.57 554.99 1
4.58 541.5 1
4.59 541.49 1
4.6 550.35 1
4.61 549.78 1
4.62 547.92 1
4.63 547.87 1
4.64 550.83 1
4.65 553.13 1
4.66 541.37 1
4.67 541.32 1
4.68 548.03 1
4.69 549.38 1
4.7 549.46 1
4.71 547.88 1
4.72 547.89 1
4.73 547.93 1
4.74 547.89 1
4.75 547.87 1
4.76 548.1 1
4.77 547.9 1
4.78 547.85 1
4.79 547.89 1
4.8 549.15 1
4.81 547.87 1
4.82 546.24 1
4.83 534.85 1
4.84 546.53 1
4.85 545.29 1
4.86 528.58 1
4.87 522.63 1
4.88 522.2 1
4.89 521.99 1
4.9 513.8 1
4.91 505.17 1
4.92 491.43 1
4.93 487.05 1
4.94 487.0 1
4.95 476.0 1
4.96 481.39 1
4.97 471.99 1
4.98 486.57 1
4.99 469.25 1
5.0 481.46 1
5.01 466.97 1
5.02 481.51 1
5.03 471.39 1
5.04 466.65 1
5.05 471.45 1
5.06 468.02 1
5.07 468.53 1
5.08 471.34 1
5.09 466.66 1
5.1 466.48 1
5.11 466.59 1
5.12 466.61 1
5.13 462.59 1
5.14 461.85 1
5.15 466.58 1
5.16 463.61 1
5.17 466.66 1
5.18 468.78 1
5.19 471.75 1
5.2 478.27 1
5.21 487.18 1
5.22 487.92 1
5.23 490.69 1
5.24 487.54 1
5.25 484.62 1
5.26 482.46 1
5.27 0.0 1
5.28 477.53 1
5.29 476.52 1
5.3 473.99 1
5.31 470.62 1
5.32 471.53 1
5.33 468.94 1
5.34 468.35 1
5.35 476.35 1
5.36 466.55 1
5.37 476.43 1
5.38 467.22 1
5.39 476.44 1
5.4 469.91 1
5.41 476.42 1
5.42 471.9 1
5.43 476.67 1
5.44 478.76 1
5.45 483.78 1
5.46 488.75 1
5.47 489.55 1
5.48 493.69 1
5.49 493.55 1
5.5 488.66 1
5.51 484.69 1
5.52 482.67 1
5.53 476.13 1
5.54 469.57 1
5.55 464.16 1
5.56 457.69 1
5.57 455.28 1
5.58 456.23 1
5.59 457.61 1
5.6 457.32 1
5.61 461.64 1
5.62 459.6 1
5.63 461.89 1
5.64 466.42 1
5.65 462.63 1
5.66 462.58 1
5.67 463.53 1
5.68 464.85 1
5.69 465.75 1
5.7 471.38 1
5.71 468.72 1
5.72 469.62 1
5.73 471.35 1
5.74 467.8 1
5.75 471.39 1
5.76 471.51 1
5.77 476.38 1
5.78 476.19 1
5.79 476.19 1
5.8 471.44 1
5.81 481.23 1
5.82 471.37 1
5.83 486.57 1
5.84 470.88 1
5.85 471.53 1
5.86 467.38 1
5.87 463.83 1
5.88 455.73 1
5.89 454.88 1
5.9 438.82 1
5.91 425.84 1
5.92 206.89 1
5.93 209.5 1
5.94 204.65 1
5.95 206.18 1
5.96 206.19 1
5.97 207.53 1
5.98 208.64 1
5.99 208.52 1
6.0 208.67 1
6.01 209.06 1
6.02 208.56 1
6.03 208.31 1
6.04 208.51 1
6.05 208.48 1
6.06 207.34 1
6.07 206.74 1
6.08 104.63 1
6.09 105.2 1
6.1 104.79 1
6.11 105.18 1
6.12 104.97 1
6.13 105.14 1
6.14 105.13 1
6.15 105.08 1
6.16 104.98 1
6.17 105.07 1
6.18 105.18 1
6.19 104.91 1
6.2 105.14 1
6.21 105.07 1
6.22 105.0 1
6.23 105.02 1
6.24 105.3 1
6.25 105.03 1
6.26 105.34 1
6.27 105.15 1
6.28 105.05 1
6.29 105.12 1
6.3 105.07 1
6.31 105.21 1
6.32 105.12 1
6.33 105.23 1
6.34 105.09 1
6.35 105.16 1
6.36 105.12 1
6.37 126.91 1
6.38 131.83 1
6.39 128.76 1
6.4 132.63 1
6.41 0.0 1
6.42 413.22 1
6.43 413.49 1
6.44 412.6 1
6.45 410.24 1
6.46 411.85 1
6.47 414.1 1
6.48 414.12 1
6.49 410.29 1
6.5 410.26 1
6.51 410.24 1
6.52 410.23 1
6.53 410.24 1
6.54 410.26 1
6.55 410.27 1
6.56 410.26 1
6.57 410.29 1
6.58 414.12 1
6.59 414.17 1
6.6 414.21 1
6.61 418.08 1
6.62 418.06 1
6.63 414.17 1
6.64 414.14 1
6.65 414.14 1
6.66 414.15 1
6.67 414.17 1
6.68 414.19 1
6.69 414.15 1
6.7 414.17 1
6.71 414.19 1
6.72 414.23 1
6.73 414.26 1
6.74 418.1 1
6.75 418.1 1
6.76 414.3 1
6.77 414.31 1
6.78 414.33 1
6.79 418.26 1
6.8 422.25 1
6.81 434.65 1
6.82 223.67 1
6.83 455.74 1
6.84 462.84 1
6.85 488.28 1
6.86 497.81 1
6.87 497.55 1
6.88 494.79 1
6.89 491.86 1
6.9 487.16 1
6.91 472.25 1
6.92 471.34 1
6.93 462.02 1
6.94 466.5 1
6.95 466.35 1
6.96 460.98 1
6.97 471.3 1
6.98 461.28 1
6.99 471.22 1
7.0 466.45 1
7.01 463.65 1
7.02 471.33 1
7.03 465.4 1
7.04 476.36 1
7.05 472.85 1
7.06 481.66 1
7.07 479.91 1
7.08 484.47 1
7.09 490.87 1
7.1 503.51 1
7.11 506.4 1
7.12 498.37 1
7.13 493.07 1
7.14 487.16 1
7.15 476.72 1
7.16 476.4 1
7.17 467.77 1
7.18 481.8 1
7.19 467.32 1
7.2 471.37 1
7.21 471.35 1
7.22 464.91 1
7.23 476.49 1
7.24 466.53 1
7.25 481.76 1
7.26 466.54 1
7.27 471.2 1
7.28 471.47 1
7.29 476.39 1
7.3 471.38 1
7.31 471.37 1
7.32 471.08 1
7.33 466.51 1
7.34 476.17 1
7.35 471.43 1
7.36 487.0 1
7.37 476.33 1
7.38 481.49 1
7.39 469.67 1
7.4 481.31 1
7.41 468.42 1
7.42 486.45 1
7.43 462.66 1
7.44 453.34 1
7.45 443.3 1
7.46 476.64 1
7.47 456.88 1
7.48 430.25 1
7.49 422.04 1
7.5 463.72 1
7.51 413.91 1
7.52 401.5 1
7.53 405.45 1
7.54 410.23 1
7.55 410.99 1
7.56 410.27 1
7.57 410.29 1
7.58 414.12 1
7.59 414.13 1
7.6 414.12 1
7.61 414.09 1
7.62 410.29 1
7.63 410.28 1
7.64 410.29 1
7.65 414.1 1
7.66 414.14 1
7.67 414.14 1
7.68 410.35 1
7.69 414.1 1
7.7 410.33 1
7.71 414.14 1
7.72 414.17 1
7.73 414.17 1
7.74 414.15 1
7.75 414.14 1
7.76 414.12 1
7.77 414.11 1
7.78 410.31 1
7.79 413.72 1
7.8 410.3 1
7.81 414.13 1
7.82 414.19 1
7.83 422.1 1
7.84 430.27 1
7.85 436.47 1
7.86 430.45 1
7.87 453.76 1
7.88 464.49 1
7.89 462.38 1
7.9 483.77 1
7.91 468.3 1
7.92 481.95 1
7.93 471.19 1
7.94 476.7 1
7.95 471.63 1
7.96 472.0 1
7.97 467.4 1
7.98 471.53 1
7.99 471.59 1
8.0 466.53 1
8.01 460.48 1
8.02 466.57 1
8.03 466.5 1
8.04 461.75 1
8.05 461.78 1
8.06 459.54 1
8.07 476.63 1
8.08 465.49 1
8.09 467.56 1
8.1 473.41 1
8.11 458.63 1
8.12 469.49 1
8.13 461.76 1
8.14 461.67 1
8.15 481.94 1
8.16 476.6 1
8.17 487.23 1
8.18 481.89 1
8.19 491.2 1
8.2 499.46 1
8.21 459.61 1
8.22 471.57 1
8.23 460.21 1
8.24 466.54 1
8.25 471.41 1
8.26 460.23 1
8.27 476.51 1
8.28 461.71 1
8.29 459.07 1
8.3 476.52 1
8.31 466.51 1
8.32 457.47 1
8.33 471.45 1
8.34 471.48 1
8.35 471.43 1
8.36 471.47 1
8.37 462.9 1
8.38 466.62 1
8.39 471.54 1
8.4 466.61 1
8.41 471.49 1
8.42 466.45 1
8.43 452.98 1
8.44 452.04 1
8.45 426.28 1
8.46 411.41 1
8.47 413.91 1
8.48 387.15 1
8.49 181.32 1
8.5 173.28 1
8.51 169.81 1
8.52 166.08 1
8.53 168.66 1
8.54 165.47 1
8.55 170.61 1
8.56 175.61 1
8.57 178.89 1
8.58 181.92 1
8.59 186.49 1
8.6 192.41 1
8.61 388.98 1
8.62 410.23 1
8.63 407.63 1
8.64 410.4 1
8.65 422.03 1
8.66 422.1 1
8.67 418.2 1
8.68 414.28 1
8.69 414.19 1
8.7 413.26 1
8.71 410.25 1
8.72 402.64 1
8.73 402.0 1
8.74 390.67 1
8.75 385.14 1
8.76 378.48 1
8.77 375.2 1
8.78 363.03 1
8.79 343.58 1
8.8 356.28 1
8.81 353.39 1
8.82 340.83 1
8.83 343.35 1
8.84 343.36 1
8.85 348.59 1
8.86 338.09 1
8.87 348.67 1
8.88 357.18 1
8.89 378.39 1
8.9 381.8 1
8.91 398.25 1
8.92 418.15 1
8.93 0.0 1
8.94 498.52 1
8.95 507.8 1
8.96 513.75 1
8.97 507.24 1
8.98 496.64 1
8.99 481.94 1
9.0 471.34 1
9.01 447.74 1
9.02 410.28 1
9.03 414.09 1
9.04 410.96 1
9.05 412.55 1
9.06 414.18 1
9.07 422.95 1
9.08 418.08 1
9.09 414.24 1
9.1 418.03 1
9.11 417.69 1
9.12 414.14 1
9.13 414.14 1
9.14 414.11 1
9.15 410.33 1
9.16 414.13 1
9.17 414.15 1
9.18 414.14 1
9.19 208.53 1
9.2 104.83 1
9.21 104.86 1
9.22 104.91 1
9.23 104.78 1
9.24 104.66 1
9.25 104.8 1
9.26 104.82 1
9.27 104.97 1
9.28 104.76 1
9.29 104.38 1
9.3 104.38 1
9.31 127.82 1
9.32 129.23 1
9.33 104.93 1
9.34 104.95 1
9.35 106.51 1
9.36 102.92 1
9.37 103.88 1
9.38 103.63 1
9.39 104.12 1
9.4 104.12 1
9.41 103.36 1
9.42 104.12 1
9.43 103.39 1
9.44 103.62 1
9.45 102.9 1
9.46 103.86 1
9.47 104.12 1
9.48 104.12 1
9.49 104.13 1
9.5 104.62 1
9.51 104.54 1
9.52 104.71 1
9.53 104.74 1
9.54 104.74 1
9.55 104.66 1
9.56 104.74 1
9.57 104.9 1
9.58 105.01 1
9.59 104.95 1
9.6 104.81 1
9.61 104.48 1
9.62 205.63 1
9.63 203.72 1
9.64 201.2 1
9.65 198.76 1
9.66 196.89 1
9.67 188.08 1
9.68 184.91 1
9.69 180.65 1
9.7 177.78 1
9.71 177.46 1
9.72 179.53 1
9.73 178.03 1
9.74 180.85 1
9.75 248.76 1
9.76 252.19 1
9.77 255.67 1
9.78 266.47 1
9.79 271.3 1
9.8 275.71 1
9.81 277.59 1
9.82 281.38 1
9.83 279.15 1
9.84 277.58 1
9.85 277.51 1
9.86 276.31 1
9.87 273.59 1
9.88 271.92 1
9.89 263.3 1
9.9 261.76 1
9.91 255.66 1
9.92 252.63 1
9.93 247.84 1
9.94 183.38 1
9.95 181.74 1
9.96 179.06 1
9.97 180.47 1
9.98 178.78 1
9.99 176.99 1
10.0 176.29 1
10.01 175.26 1
10.02 175.54 1
10.03 174.73 1
10.04 172.61 1
10.05 172.46 1
10.06 173.5 1
10.07 172.98 1
10.08 172.43 1
10.09 171.27 1
10.1 170.61 1
10.11 171.69 1
10.12 172.42 1
10.13 173.78 1
10.14 174.83 1
10.15 176.27 1
10.16 178.42 1
10.17 181.59 1
10.18 182.34 1
10.19 184.14 1
10.2 184.91 1
10.21 184.91 1
10.22 184.14 1
10.23 181.15 1
10.24 178.46 1
10.25 177.45 1
10.26 171.0 1
10.27 164.49 1
10.28 155.59 1
10.29 149.74 1
10.3 144.37 1
10.31 141.76 1
10.32 136.76 1
10.33 136.75 1
10.34 135.08 1
10.35 134.66 1
10.36 134.41 1
10.37 134.26 1
10.38 134.15 1
10.39 134.1 1
10.4 134.23 1
10.41 134.66 1
10.42 134.66 1
10.43 135.08 1
10.44 136.75 1
10.45 138.58 1
10.46 139.32 1
10.47 138.04 1
10.48 137.18 1
10.49 138.05 1
10.5 138.75 1
10.51 137.6 1
10.52 136.74 1
10.53 105.22 1
10.54 105.01 1
10.55 105.26 1
10.56 105.14 1
10.57 104.83 1
10.58 105.25 1
10.59 105.27 1
10.6 105.0 1
10.61 105.11 1
10.62 105.3 1
10.63 104.14 1
10.64 136.3 1
10.65 135.08 1
10.66 134.66 1
10.67 137.01 1
10.68 135.48 1
10.69 138.23 1
10.7 136.6 1
10.71 137.36 1
10.72 171.93 1
10.73 171.93 1
10.74 171.94 1
10.75 171.91 1
10.76 173.39 1
10.77 173.16 1
10.78 173.28 1
10.79 174.56 1
10.8 174.17 1
10.81 175.52 1
10.82 177.11 1
10.83 178.96 1
10.84 177.74 1
10.85 175.63 1
10.86 173.88 1
10.87 171.27 1
10.88 166.2 1
10.89 155.59 1
10.9 135.22 1
10.91 134.67 1
10.92 135.91 1
10.93 133.25 1
10.94 135.07 1
10.95 131.35 1
10.96 133.97 1
10.97 270.86 1
10.98 272.68 1
10.99 276.43 1
11.0 277.29 1
11.01 278.23 1
11.02 280.0 1
11.03 279.5 1
11.04 278.23 1
11.05 278.2 1
11.06 276.48 1
11.07 276.47 1
11.08 276.47 1
11.09 276.45 1
11.1 274.72 1
11.11 274.72 1
11.12 274.75 1
11.13 278.21 1
11.14 282.07 1
11.15 287.9 1
11.16 293.07 1
11.17 293.03 1
11.18 325.42 1
11.19 348.65 1
11.2 359.74 1
11.21 345.89 1
11.22 301.06 1
11.23 266.66 1
11.24 258.68 1
11.25 261.74 1
11.26 260.2 1
11.27 268.28 1
11.28 273.03 1
11.29 274.74 1
11.3 278.21 1
11.31 278.23 1
11.32 278.38 1
11.33 280.0 1
11.34 279.98 1
11.35 278.49 1
11.36 278.22 1
11.37 276.49 1
11.38 276.45 1
11.39 266.5 1
11.4 261.78 1
11.41 260.21 1
11.42 257.15 1
11.43 252.04 1
11.44 249.2 1
11.45 245.69 1
11.46 245.66 1
11.47 243.8 1
11.48 241.84 1
11.49 241.62 1
11.5 244.26 1
11.51 244.26 1
11.52 242.95 1
11.53 244.28 1
11.54 244.29 1
11.55 242.08 1
11.56 244.28 1
11.57 246.14 1
11.58 250.35 1
11.59 252.66 1
11.6 268.1 1
11.61 282.3 1
11.62 280.35 1
11.63 281.16 1
11.64 272.41 1
11.65 242.97 1
11.66 230.29 1
11.67 227.91 1
11.68 226.75 1
11.69 228.54 1
11.7 230.18 1
11.71 232.67 1
11.72 233.95 1
11.73 235.83 1
11.74 235.45 1
11.75 237.71 1
11.76 237.21 1
11.77 236.48 1
11.78 237.01 1
11.79 236.46 1
11.8 235.2 1
11.81 232.73 1
11.82 232.68 1
11.83 229.15 1
11.84 229.14 1
11.85 233.32 1
11.86 232.06 1
11.87 230.33 1
11.88 233.22 1
11.89 232.73 1
11.9 232.57 1
11.91 233.43 1
11.92 237.7 1
11.93 233.43 1
11.94 232.78 1
11.95 238.98 1
11.96 234.67 1
11.97 234.89 1
11.98 236.78 1
11.99 237.73 1
12.0 239.76 1
12.01 242.97 1
12.02 244.13 1
12.03 248.92 1
12.04 249.98 1
12.05 251.24 1
12.06 250.0 1
12.07 249.3 1
12.08 247.08 1
12.09 243.36 1
12.1 238.14 1
12.11 230.31 1
12.12 232.03 1
12.13 225.12 1
12.14 224.09 1
12.15 217.76 1
12.16 217.77 1
12.17 104.85 1
12.18 104.88 1
12.19 105.15 1
12.2 105.04 1
12.21 106.05 1
12.22 106.04 1
12.23 106.14 1
12.24 106.12 1
12.25 106.06 1
12.26 105.79 1
12.27 105.43 1
12.28 105.19 1
12.29 104.44 1
12.3 104.81 1
12.31 105.02 1
12.32 104.33 1
12.33 102.68 1
12.34 105.2 1
