0.01 157.22 1
0.02 159.92 1
0.03 167.25 1
0.04 171.27 1
0.05 175.79 1
0.06 179.68 1
0.07 195.55 1
0.08 188.09 1
0.09 184.93 1
0.1 184.15 1
0.11 174.66 1
0.12 171.94 1
0.13 170.6 1
0.14 171.27 1
0.15 172.61 1
0.16 174.79 1
0.17 180.1 1
0.18 378.53 1
0.19 395.88 1
0.2 461.61 1
0.21 487.22 1
0.22 495.99 1
0.23 487.29 1
0.24 481.06 1
0.25 466.72 1
0.26 0.0 1
0.27 0.0 1
0.28 0.0 1
0.29 341.19 1
0.3 343.4 1
0.31 336.8 1
0.32 344.19 1
0.33 351.43 1
0.34 354.3 1
0.35 366.94 1
0.36 372.26 1
0.37 375.3 1
0.38 362.92 1
0.39 343.21 1
0.4 319.45 1
0.41 289.18 1
0.42 289.14 1
0.43 270.83 1
0.44 270.39 1
0.45 261.84 1
0.46 278.19 1
0.47 277.08 1
0.48 279.53 1
0.49 281.08 1
0.5 280.65 1
0.51 279.93 1
0.52 278.19 1
0.53 270.96 1
0.54 250.89 1
0.55 233.97 1
0.56 214.6 1
0.57 209.5 1
0.58 213.66 1
0.59 216.63 1
0.6 215.65 1
0.61 219.16 1
0.62 220.27 1
0.63 227.91 1
0.64 234.78 1
0.65 240.52 1
0.66 245.36 1
0.67 240.85 1
0.68 236.35 1
0.69 224.78 1
0.7 104.63 1
0.71 105.23 1
0.72 104.96 1
0.73 105.12 1
0.74 109.83 1
0.75 220.53 1
0.76 219.62 1
0.77 222.76 1
0.78 235.94 1
0.79 235.2 1
0.8 233.67 1
0.81 235.33 1
0.82 233.94 1
0.83 231.19 1
0.84 226.61 1
0.85 214.6 1
0.86 213.55 1
0.87 209.49 1
0.88 213.54 1
0.89 235.2 1
0.9 230.03 1
0.91 226.3 1
0.92 225.36 1
0.93 231.48 1
0.94 237.72 1
0.95 240.98 1
0.96 239.52 1
0.97 231.52 1
0.98 229.49 1
0.99 105.88 1
1.0 106.39 1
1.01 105.42 1
1.02 105.04 1
1.03 105.13 1
1.04 105.83 1
1.05 125.03 1
1.06 126.55 1
1.07 130.09 1
1.08 132.52 1
1.09 276.45 1
1.1 279.95 1
1.11 284.4 1
1.12 283.77 1
1.13 286.02 1
1.14 285.65 1
1.15 290.74 1
1.16 0.0 1
1.17 0.0 1
1.18 0.0 1
1.19 0.0 1
1.2 299.48 1
1.21 284.04 1
1.22 289.78 1
1.23 293.13 1
1.24 316.08 1
1.25 324.8 1
1.26 348.7 1
1.27 375.28 1
1.28 390.78 1
1.29 412.31 1
1.3 388.53 1
1.31 371.14 1
1.32 291.09 1
1.33 280.02 1
1.34 280.01 1
1.35 293.08 1
1.36 267.74 1
1.37 274.73 1
1.38 277.89 1
1.39 281.36 1
1.4 284.63 1
1.41 288.21 1
1.42 288.07 1
1.43 283.86 1
1.44 275.2 1
1.45 267.8 1
1.46 106.14 1
1.47 105.28 1
1.48 105.92 1
1.49 104.53 1
1.5 105.74 1
1.51 107.56 1
1.52 226.13 1
1.53 231.9 1
1.54 236.29 1
1.55 241.63 1
1.56 244.29 1
1.57 247.25 1
1.58 247.06 1
1.59 247.04 1
1.6 240.31 1
1.61 239.03 1
1.62 271.67 1
1.63 254.19 1
1.64 249.87 1
1.65 241.08 1
1.66 234.06 1
1.67 244.47 1
1.68 225.26 1
1.69 254.18 1
1.7 243.4 1
1.71 247.05 1
1.72 257.15 1
1.73 253.09 1
1.74 250.31 1
1.75 235.61 1
1.76 110.11 1
1.77 105.7 1
1.78 104.99 1
1.79 105.16 1
1.8 105.18 1
1.81 108.21 1
1.82 236.74 1
1.83 242.94 1
1.84 242.97 1
1.85 245.12 1
1.86 246.74 1
1.87 246.34 1
1.88 244.39 1
1.89 242.97 1
1.9 224.16 1
1.91 208.53 1
1.92 105.62 1
1.93 105.29 1
1.94 105.16 1
1.95 209.52 1
1.96 198.13 1
1.97 201.84 1
1.98 198.36 1
1.99 198.2 1
2.0 199.84 1
2.01 203.63 1
2.02 204.67 1
2.03 210.55 1
2.04 211.45 1
2.05 212.06 1
2.06 205.62 1
2.07 202.77 1
2.08 105.05 1
2.09 104.92 1
2.1 105.48 1
2.11 104.92 1
2.12 104.1 1
2.13 104.42 1
2.14 105.23 1
2.15 106.1 1
2.16 80.67 1
2.17 82.05 1
2.18 82.28 1
2.19 81.29 1
2.2 74.56 1
2.21 81.89 1
2.22 105.24 1
2.23 105.23 1
2.24 105.07 1
2.25 104.75 1
2.26 103.16 1
2.27 103.65 1
2.28 102.39 1
2.29 100.22 1
2.3 101.04 1
2.31 101.73 1
2.32 103.07 1
2.33 104.72 1
2.34 105.38 1
2.35 105.89 1
2.36 105.51 1
2.37 104.6 1
2.38 101.25 1
2.39 105.04 1
2.4 104.93 1
2.41 105.04 1
2.42 105.82 1
2.43 105.57 1
2.44 105.62 1
2.45 224.05 1
2.46 225.29 1
2.47 213.55 1
2.48 224.89 1
2.49 233.95 1
2.5 242.04 1
2.51 255.66 1
2.52 241.11 1
2.53 254.18 1
2.54 225.57 1
2.55 210.97 1
2.56 252.7 1
2.57 248.38 1
2.58 244.3 1
2.59 244.31 1
2.6 253.08 1
2.61 258.71 1
2.62 281.52 1
2.63 284.95 1
2.64 261.74 1
2.65 241.63 1
2.66 274.76 1
2.67 266.28 1
2.68 254.24 1
2.69 260.2 1
2.7 260.2 1
2.71 253.75 1
2.72 267.75 1
2.73 276.47 1
2.74 280.83 1
2.75 285.05 1
2.76 291.1 1
2.77 291.16 1
2.78 291.19 1
2.79 293.17 1
2.8 291.17 1
2.81 291.12 1
2.82 293.05 1
2.83 287.66 1
2.84 291.22 1
2.85 289.2 1
2.86 310.9 1
2.87 335.46 1
2.88 336.69 1
2.89 345.9 1
2.9 351.44 1
2.91 360.01 1
2.92 365.12 1
2.93 367.89 1
2.94 392.07 1
2.95 379.93 1
2.96 375.27 1
2.97 0.0 1
2.98 0.0 1
2.99 0.0 1
3.0 414.01 1
3.01 406.93 1
3.02 411.9 1
3.03 415.41 1
3.04 414.09 1
3.05 410.31 1
3.06 414.14 1
3.07 414.14 1
3.08 414.16 1
3.09 414.15 1
3.1 418.06 1
3.11 422.03 1
3.12 425.15 1
3.13 431.43 1
3.14 430.27 1
3.15 487.32 1
3.16 466.64 1
3.17 471.65 1
3.18 490.37 1
3.19 506.79 1
3.2 512.85 1
3.21 512.01 1
3.22 521.2 1
3.23 492.58 1
3.24 470.64 1
3.25 466.64 1
3.26 487.74 1
3.27 497.28 1
3.28 476.53 1
3.29 452.36 1
3.3 418.02 1
3.31 414.09 1
3.32 414.11 1
3.33 414.28 1
3.34 426.32 1
3.35 471.23 1
3.36 481.92 1
3.37 516.59 1
3.38 487.19 1
3.39 504.89 1
3.4 526.5 1
3.41 512.2 1
3.42 492.94 1
3.43 481.94 1
3.44 476.58 1
3.45 456.92 1
3.46 450.2 1
3.47 456.83 1
3.48 471.45 1
3.49 425.53 1
3.5 500.35 1
3.51 515.99 1
3.52 518.85 1
3.53 512.31 1
3.54 500.95 1
3.55 484.06 1
3.56 461.87 1
3.57 471.19 1
3.58 476.56 1
3.59 460.24 1
3.6 447.73 1
3.61 430.3 1
3.62 425.43 1
3.63 422.06 1
3.64 422.09 1
3.65 422.11 1
3.66 426.14 1
3.67 426.16 1
3.68 422.13 1
3.69 426.16 1
3.7 426.63 1
3.71 430.27 1
3.72 352.89 1
3.73 360.02 1
3.74 351.42 1
3.75 340.6 1
3.76 338.1 1
3.77 346.1 1
3.78 345.92 1
3.79 362.52 1
3.8 377.0 1
3.81 381.81 1
3.82 370.4 1
3.83 359.94 1
3.84 340.65 1
3.85 281.84 1
3.86 281.78 1
3.87 268.13 1
3.88 263.3 1
3.89 277.26 1
3.9 282.41 1
3.91 282.61 1
3.92 284.37 1
3.93 283.43 1
3.94 281.16 1
3.95 276.11 1
3.96 271.36 1
3.97 239.0 1
3.98 219.92 1
3.99 218.83 1
4.0 212.51 1
4.01 208.85 1
4.02 208.51 1
4.03 211.74 1
4.04 216.95 1
4.05 225.9 1
4.06 236.67 1
4.07 240.67 1
4.08 243.69 1
4.09 244.29 1
4.1 242.89 1
4.11 241.59 1
4.12 226.33 1
4.13 220.33 1
4.14 208.51 1
4.15 211.59 1
4.16 208.47 1
4.17 210.76 1
4.18 213.4 1
4.19 222.37 1
4.2 245.65 1
4.21 223.31 1
4.22 226.77 1
4.23 227.02 1
4.24 119.35 1
4.25 105.87 1
4.26 105.41 1
4.27 104.93 1
4.28 105.09 1
4.29 104.38 1
4.3 104.02 1
4.31 104.89 1
4.32 105.41 1
4.33 103.29 1
4.34 103.88 1
4.35 104.71 1
4.36 105.35 1
4.37 105.72 1
4.38 105.72 1
4.39 105.65 1
4.4 104.86 1
4.41 104.12 1
4.42 103.96 1
4.43 104.91 1
4.44 104.95 1
4.45 105.34 1
4.46 229.79 1
4.47 225.36 1
4.48 231.5 1
4.49 232.1 1
4.5 245.78 1
4.51 225.79 1
4.52 214.55 1
4.53 225.55 1
4.54 216.69 1
4.55 222.16 1
4.56 219.94 1
4.57 216.7 1
4.58 248.2 1
4.59 241.58 1
4.6 255.67 1
4.61 267.46 1
4.62 291.15 1
4.63 297.05 1
4.64 302.42 1
4.65 284.57 1
4.66 247.11 1
4.67 218.8 1
4.68 206.19 1
4.69 227.74 1
4.7 269.84 1
4.71 277.25 1
