0.01 95.51 1
0.02 96.4 1
0.03 96.4 1
0.04 97.16 1
0.05 100.16 1
0.06 101.22 1
0.07 103.16 1
0.08 105.02 1
0.09 106.4 1
0.1 218.86 1
0.11 222.58 1
0.12 229.12 1
0.13 234.45 1
0.14 239.09 1
0.15 245.63 1
0.16 248.66 1
0.17 253.67 1
0.18 254.12 1
0.19 254.18 1
0.2 254.18 1
0.21 254.18 1
0.22 253.33 1
0.23 252.85 1
0.24 249.27 1
0.25 245.98 1
0.26 245.67 1
0.27 243.86 1
0.28 242.95 1
0.29 235.13 1
0.3 231.51 1
0.31 228.85 1
0.32 227.93 1
0.33 224.53 1
0.34 224.55 1
0.35 219.93 1
0.36 219.22 1
0.37 217.77 1
0.38 216.69 1
0.39 216.68 1
0.4 212.52 1
0.41 205.64 1
0.42 206.59 1
0.43 205.62 1
0.44 204.65 1
0.45 203.72 1
0.46 203.7 1
0.47 203.71 1
0.48 203.71 1
0.49 102.93 1
0.5 103.94 1
0.51 104.68 1
0.52 105.01 1
0.53 104.95 1
0.54 105.14 1
0.55 105.11 1
0.56 105.16 1
0.57 105.23 1
0.58 105.09 1
0.59 105.17 1
0.6 105.12 1
0.61 105.1 1
0.62 105.1 1
0.63 105.16 1
0.64 105.12 1
0.65 105.11 1
0.66 105.12 1
0.67 105.12 1
0.68 105.11 1
0.69 105.12 1
0.7 105.15 1
0.71 105.12 1
0.72 105.13 1
0.73 105.14 1
0.74 105.17 1
0.75 105.11 1
0.76 105.13 1
0.77 105.17 1
0.78 105.1 1
0.79 105.09 1
0.8 105.12 1
0.81 105.13 1
0.82 105.11 1
0.83 105.12 1
0.84 105.12 1
0.85 105.1 1
0.86 105.15 1
0.87 105.08 1
0.88 105.12 1
0.89 105.1 1
0.9 105.09 1
0.91 105.13 1
0.92 105.1 1
0.93 105.11 1
0.94 105.13 1
0.95 105.08 1
0.96 105.11 1
0.97 105.12 1
0.98 105.1 1
0.99 105.02 1
1.0 105.1 1
1.01 105.12 1
1.02 105.05 1
1.03 105.08 1
1.04 105.01 1
1.05 105.13 1
1.06 105.0 1
1.07 0.0 1
1.08 385.15 1
1.09 361.7 1
1.1 354.24 1
1.11 354.25 1
1.12 356.99 1
1.13 360.01 1
1.14 363.95 1
1.15 366.75 1
1.16 368.98 1
1.17 365.45 1
1.18 364.57 1
1.19 362.84 1
1.2 360.06 1
1.21 357.17 1
1.22 360.21 1
1.23 360.02 1
1.24 362.95 1
1.25 365.05 1
1.26 364.93 1
1.27 366.77 1
1.28 372.09 1
1.29 375.27 1
1.3 378.5 1
1.31 381.78 1
1.32 385.76 1
1.33 391.65 1
1.34 396.11 1
1.35 402.41 1
1.36 407.05 1
1.37 410.26 1
1.38 414.11 1
1.39 414.18 1
1.4 418.09 1
1.41 414.23 1
1.42 414.22 1
1.43 414.18 1
1.44 414.2 1
1.45 414.17 1
1.46 414.19 1
1.47 414.22 1
1.48 414.2 1
1.49 414.23 1
1.5 414.25 1
1.51 418.09 1
1.52 418.08 1
1.53 414.22 1
1.54 414.21 1
1.55 414.22 1
1.56 414.21 1
1.57 414.19 1
1.58 414.2 1
1.59 414.23 1
1.6 414.21 1
1.61 414.22 1
1.62 414.25 1
1.63 414.28 1
1.64 418.1 1
1.65 410.3 1
1.66 0.0 1
1.67 0.0 1
1.68 104.97 1
1.69 105.06 1
1.7 105.29 1
1.71 105.02 1
1.72 105.17 1
1.73 0.0 1
1.74 0.0 1
1.75 416.03 1
1.76 421.9 1
1.77 422.05 1
1.78 418.12 1
1.79 414.17 1
1.8 414.13 1
1.81 414.14 1
1.82 414.13 1
1.83 414.18 1
1.84 410.44 1
1.85 414.24 1
1.86 414.24 1
1.87 414.22 1
1.88 414.2 1
1.89 414.14 1
1.9 414.15 1
1.91 414.18 1
1.92 414.17 1
1.93 414.13 1
1.94 414.09 1
1.95 410.31 1
1.96 414.09 1
1.97 410.38 1
1.98 418.15 1
1.99 426.23 1
2.0 435.18 1
2.01 420.03 1
2.02 418.18 1
2.03 425.12 1
2.04 426.11 1
2.05 499.99 1
2.06 477.64 1
2.07 498.36 1
2.08 510.77 1
2.09 507.63 1
2.1 498.44 1
2.11 500.69 1
2.12 498.69 1
2.13 489.02 1
2.14 486.14 1
2.15 483.68 1
2.16 487.07 1
2.17 486.97 1
2.18 508.56 1
2.19 503.72 1
2.2 487.4 1
2.21 481.92 1
2.22 481.53 1
2.23 472.37 1
2.24 481.66 1
2.25 475.89 1
2.26 486.68 1
2.27 482.16 1
2.28 482.88 1
2.29 481.63 1
2.3 476.72 1
2.31 465.86 1
2.32 463.66 1
2.33 463.73 1
2.34 463.3 1
2.35 460.9 1
2.36 458.9 1
2.37 483.32 1
2.38 492.75 1
2.39 448.11 1
2.4 489.29 1
2.41 506.09 1
2.42 499.77 1
2.43 492.56 1
2.44 487.19 1
2.45 484.32 1
2.46 487.38 1
2.47 488.77 1
2.48 490.61 1
2.49 487.68 1
2.5 487.16 1
2.51 486.76 1
2.52 476.18 1
2.53 471.1 1
2.54 476.21 1
2.55 475.82 1
2.56 466.21 1
2.57 476.07 1
2.58 481.38 1
2.59 486.92 1
2.6 487.52 1
2.61 495.46 1
2.62 511.69 1
2.63 515.87 1
2.64 510.67 1
2.65 509.8 1
2.66 505.32 1
2.67 504.53 1
2.68 411.17 1
2.69 471.49 1
2.7 501.56 1
2.71 499.57 1
2.72 507.6 1
2.73 504.07 1
2.74 449.79 1
2.75 416.19 1
2.76 422.04 1
2.77 418.05 1
2.78 414.1 1
2.79 413.19 1
2.8 410.27 1
2.81 410.3 1
2.82 410.35 1
2.83 410.4 1
2.84 414.18 1
2.85 410.51 1
2.86 414.2 1
2.87 410.41 1
2.88 410.27 1
2.89 410.31 1
2.9 413.74 1
2.91 414.11 1
2.92 414.16 1
2.93 414.2 1
2.94 414.19 1
2.95 414.17 1
2.96 414.14 1
2.97 414.12 1
2.98 414.16 1
2.99 414.25 1
3.0 418.24 1
3.01 414.16 1
3.02 414.15 1
3.03 420.55 1
3.04 418.05 1
3.05 419.09 1
3.06 431.32 1
3.07 447.95 1
3.08 468.21 1
3.09 464.81 1
3.1 481.52 1
3.11 475.98 1
3.12 485.11 1
3.13 473.02 1
3.14 480.02 1
3.15 475.47 1
3.16 472.99 1
3.17 472.72 1
3.18 471.7 1
3.19 473.79 1
3.2 467.4 1
3.21 474.82 1
3.22 468.19 1
3.23 478.53 1
3.24 469.07 1
3.25 476.75 1
3.26 467.26 1
3.27 474.14 1
3.28 467.6 1
3.29 472.19 1
3.3 472.63 1
3.31 476.74 1
3.32 475.52 1
3.33 473.49 1
3.34 470.55 1
3.35 466.61 1
3.36 464.05 1
3.37 463.05 1
3.38 462.12 1
3.39 466.49 1
3.4 460.06 1
3.41 459.59 1
3.42 461.76 1
3.43 455.13 1
3.44 225.58 1
3.45 101.96 1
3.46 105.98 1
3.47 105.84 1
3.48 106.64 1
3.49 106.03 1
3.5 104.95 1
3.51 105.06 1
3.52 105.47 1
3.53 105.38 1
3.54 105.19 1
3.55 104.83 1
3.56 105.29 1
3.57 105.13 1
3.58 105.23 1
3.59 104.9 1
3.6 105.22 1
3.61 104.95 1
3.62 105.26 1
3.63 105.13 1
3.64 105.04 1
3.65 105.06 1
3.66 105.53 1
3.67 105.1 1
3.68 105.16 1
3.69 105.19 1
3.7 105.08 1
3.71 105.27 1
3.72 105.07 1
3.73 105.38 1
3.74 105.04 1
3.75 105.11 1
3.76 105.48 1
3.77 105.05 1
3.78 105.19 1
3.79 103.65 1
3.8 105.26 1
3.81 106.16 1
3.82 105.62 1
3.83 165.86 1
3.84 167.34 1
3.85 169.96 1
3.86 172.35 1
3.87 175.31 1
3.88 175.36 1
3.89 181.58 1
3.9 184.19 1
3.91 193.75 1
3.92 396.1 1
3.93 412.42 1
3.94 426.24 1
3.95 426.55 1
3.96 449.59 1
3.97 466.36 1
3.98 461.73 1
3.99 463.05 1
4.0 471.45 1
4.01 465.65 1
4.02 466.53 1
4.03 463.74 1
4.04 459.41 1
4.05 455.62 1
4.06 459.44 1
4.07 462.36 1
4.08 466.0 1
4.09 487.24 1
4.1 476.64 1
4.11 498.24 1
4.12 487.1 1
4.13 495.45 1
4.14 481.71 1
4.15 523.22 1
4.16 430.35 1
4.17 422.02 1
4.18 409.69 1
4.19 408.31 1
4.2 409.39 1
4.21 409.3 1
4.22 409.44 1
4.23 409.73 1
4.24 410.02 1
4.25 411.1 1
4.26 411.41 1
4.27 410.78 1
4.28 410.43 1
4.29 409.54 1
4.3 409.11 1
4.31 409.68 1
4.32 410.19 1
4.33 410.3 1
4.34 410.72 1
4.35 410.29 1
4.36 410.26 1
4.37 409.7 1
4.38 407.28 1
4.39 409.67 1
4.4 410.06 1
4.41 412.24 1
4.42 515.91 1
4.43 418.09 1
4.44 434.5 1
4.45 476.64 1
4.46 471.61 1
4.47 425.27 1
4.48 425.88 1
4.49 422.05 1
4.5 418.09 1
4.51 414.21 1
4.52 414.19 1
4.53 418.04 1
4.54 414.19 1
4.55 414.18 1
4.56 414.19 1
4.57 414.15 1
4.58 410.25 1
4.59 405.0 1
4.6 394.34 1
4.61 391.4 1
4.62 385.13 1
4.63 373.1 1
4.64 364.72 1
4.65 348.78 1
4.66 348.65 1
4.67 348.66 1
4.68 348.66 1
4.69 345.93 1
4.7 340.62 1
4.71 350.46 1
4.72 345.9 1
4.73 343.22 1
4.74 338.89 1
4.75 0.0 1
4.76 0.0 1
4.77 0.0 1
4.78 0.0 1
4.79 0.0 1
4.8 0.0 1
4.81 356.06 1
4.82 351.46 1
4.83 351.47 1
4.84 348.66 1
4.85 348.69 1
4.86 351.41 1
4.87 351.4 1
4.88 348.68 1
4.89 348.69 1
4.9 351.47 1
4.91 354.08 1
4.92 351.4 1
4.93 345.94 1
4.94 340.56 1
4.95 332.46 1
4.96 323.06 1
4.97 318.26 1
4.98 299.1 1
4.99 291.14 1
5.0 287.07 1
5.01 285.97 1
5.02 280.1 1
5.03 278.23 1
5.04 275.74 1
5.05 275.41 1
5.06 278.22 1
5.07 276.67 1
5.08 105.0 1
5.09 104.88 1
5.1 104.62 1
5.11 105.04 1
5.12 105.64 1
5.13 104.69 1
5.14 105.15 1
5.15 105.04 1
5.16 105.49 1
5.17 130.67 1
5.18 133.76 1
5.19 135.92 1
5.2 140.65 1
5.21 141.63 1
5.22 142.68 1
5.23 142.26 1
5.24 141.88 1
5.25 141.11 1
5.26 139.78 1
5.27 135.08 1
5.28 133.04 1
5.29 130.66 1
5.3 126.91 1
5.31 124.83 1
5.32 123.01 1
5.33 120.33 1
5.34 118.71 1
5.35 117.67 1
5.36 116.83 1
5.37 115.9 1
5.38 112.12 1
5.39 111.69 1
5.4 114.11 1
5.41 102.68 1
5.42 104.22 1
5.43 105.46 1
5.44 105.12 1
5.45 106.27 1
5.46 105.11 1
5.47 104.41 1
5.48 105.45 1
5.49 104.7 1
5.5 104.13 1
5.51 110.88 1
5.52 102.25 1
5.53 101.74 1
5.54 102.44 1
5.55 102.09 1
5.56 102.2 1
5.57 101.97 1
5.58 102.33 1
5.59 102.91 1
5.6 103.39 1
5.61 103.64 1
5.62 103.88 1
5.63 103.89 1
5.64 104.12 1
5.65 103.88 1
5.66 104.12 1
5.67 103.88 1
5.68 104.13 1
5.69 104.13 1
5.7 104.13 1
5.71 104.13 1
5.72 104.38 1
5.73 104.44 1
5.74 104.38 1
5.75 103.89 1
5.76 104.37 1
5.77 104.13 1
5.78 104.38 1
5.79 104.38 1
5.8 104.13 1
5.81 104.13 1
5.82 104.38 1
5.83 104.62 1
5.84 104.38 1
5.85 104.13 1
5.86 104.38 1
5.87 104.5 1
5.88 104.81 1
5.89 104.93 1
5.9 104.59 1
5.91 104.13 1
5.92 103.11 1
5.93 103.65 1
5.94 106.65 1
5.95 103.9 1
5.96 104.59 1
5.97 104.97 1
5.98 104.93 1
5.99 104.83 1
6.0 104.9 1
6.01 104.94 1
6.02 105.04 1
6.03 104.93 1
6.04 104.96 1
6.05 105.12 1
6.06 105.09 1
6.07 104.99 1
6.08 105.03 1
6.09 105.08 1
6.1 105.32 1
6.11 104.92 1
6.12 105.03 1
6.13 105.24 1
6.14 105.03 1
6.15 105.0 1
6.16 105.19 1
6.17 105.09 1
6.18 105.06 1
6.19 105.09 1
6.2 105.09 1
6.21 105.06 1
6.22 105.14 1
6.23 105.03 1
6.24 105.13 1
6.25 105.08 1
6.26 105.1 1
6.27 104.99 1
6.28 105.2 1
6.29 105.02 1
6.3 105.11 1
6.31 105.08 1
6.32 105.14 1
6.33 105.11 1
6.34 105.06 1
6.35 105.08 1
6.36 105.08 1
6.37 105.1 1
6.38 105.15 1
6.39 105.05 1
6.4 105.09 1
6.41 105.18 1
6.42 105.08 1
6.43 105.15 1
6.44 105.0 1
6.45 105.13 1
6.46 105.11 1
6.47 105.11 1
6.48 105.06 1
6.49 105.15 1
6.5 105.08 1
6.51 105.05 1
6.52 104.78 1
6.53 105.22 1
6.54 105.37 1
6.55 314.32 1
6.56 320.71 1
6.57 320.67 1
6.58 324.45 1
6.59 329.77 1
6.6 334.68 1
6.61 340.17 1
6.62 339.7 1
6.63 340.59 1
6.64 340.6 1
6.65 340.55 1
6.66 340.56 1
6.67 341.01 1
6.68 339.51 1
6.69 337.44 1
6.7 337.46 1
6.71 343.2 1
6.72 343.29 1
6.73 345.99 1
6.74 360.02 1
6.75 375.28 1
6.76 385.13 1
6.77 395.3 1
6.78 407.67 1
6.79 412.84 1
6.8 414.13 1
6.81 410.3 1
6.82 410.31 1
6.83 414.15 1
6.84 419.74 1
6.85 417.14 1
6.86 415.31 1
6.87 413.95 1
6.88 541.3 1
6.89 504.06 1
6.9 422.05 1
6.91 414.36 1
6.92 418.28 1
6.93 418.22 1
6.94 414.31 1
6.95 414.27 1
6.96 418.13 1
6.97 422.03 1
6.98 422.05 1
6.99 418.14 1
7.0 414.26 1
7.01 414.16 1
7.02 412.82 1
7.03 407.03 1
7.04 399.31 1
7.05 386.08 1
7.06 378.51 1
7.07 362.96 1
7.08 348.65 1
7.09 340.56 1
7.1 335.76 1
7.11 334.36 1
7.12 340.52 1
7.13 343.2 1
7.14 351.42 1
7.15 357.1 1
7.16 360.76 1
7.17 366.8 1
7.18 390.02 1
7.19 359.99 1
7.2 388.3 1
7.21 391.9 1
7.22 422.03 1
7.23 424.55 1
7.24 418.11 1
7.25 417.52 1
7.26 414.45 1
7.27 406.21 1
7.28 398.9 1
7.29 385.07 1
7.3 375.32 1
7.31 366.03 1
7.32 357.14 1
7.33 351.43 1
7.34 345.93 1
7.35 342.91 1
7.36 343.23 1
7.37 340.56 1
7.38 346.6 1
7.39 343.26 1
7.4 345.93 1
7.41 357.15 1
7.42 375.3 1
7.43 390.79 1
7.44 411.39 1
7.45 426.29 1
7.46 466.2 1
7.47 476.57 1
7.48 508.42 1
7.49 517.37 1
7.5 517.44 1
7.51 552.08 1
7.52 486.8 1
7.53 512.6 1
7.54 530.28 1
7.55 519.46 1
7.56 515.8 1
7.57 492.51 1
7.58 418.64 1
7.59 422.07 1
7.6 424.25 1
7.61 414.23 1
7.62 414.17 1
7.63 414.17 1
7.64 414.16 1
7.65 414.17 1
7.66 414.16 1
7.67 414.14 1
7.68 416.55 1
7.69 414.13 1
7.7 414.15 1
7.71 414.15 1
7.72 414.15 1
7.73 414.18 1
7.74 414.19 1
7.75 414.14 1
7.76 410.31 1
7.77 413.46 1
7.78 410.29 1
7.79 410.26 1
7.8 410.26 1
7.81 406.36 1
7.82 430.48 1
7.83 414.18 1
7.84 430.18 1
7.85 456.94 1
7.86 476.74 1
7.87 476.67 1
7.88 487.22 1
7.89 348.62 1
7.9 345.89 1
7.91 345.88 1
7.92 340.54 1
7.93 336.84 1
7.94 336.98 1
7.95 336.24 1
7.96 337.29 1
7.97 338.69 1
7.98 337.89 1
7.99 339.77 1
8.0 339.1 1
8.01 339.75 1
8.02 343.21 1
8.03 348.64 1
8.04 354.24 1
8.05 351.46 1
8.06 357.14 1
8.07 366.02 1
8.08 372.13 1
8.09 375.29 1
8.1 375.87 1
8.11 372.65 1
8.12 370.15 1
8.13 364.6 1
8.14 359.53 1
8.15 357.09 1
8.16 354.27 1
8.17 348.25 1
8.18 345.93 1
8.19 343.27 1
8.2 345.9 1
8.21 347.99 1
8.22 345.94 1
8.23 345.89 1
8.24 348.53 1
8.25 345.91 1
8.26 343.25 1
8.27 348.5 1
8.28 345.94 1
8.29 348.66 1
8.3 354.25 1
8.31 363.97 1
8.32 370.69 1
8.33 378.5 1
8.34 378.54 1
8.35 381.8 1
8.36 381.81 1
8.37 381.81 1
8.38 379.24 1
8.39 375.38 1
8.4 372.13 1
8.41 366.77 1
8.42 357.16 1
8.43 354.26 1
8.44 351.44 1
8.45 353.44 1
8.46 351.4 1
8.47 345.93 1
8.48 345.9 1
8.49 345.89 1
8.5 340.54 1
8.51 334.31 1
8.52 339.05 1
8.53 141.37 1
8.54 137.65 1
8.55 134.3 1
8.56 130.28 1
8.57 131.68 1
8.58 131.82 1
8.59 135.5 1
8.6 131.87 1
8.61 134.66 1
8.62 137.17 1
8.63 140.22 1
8.64 141.12 1
8.65 141.11 1
8.66 140.65 1
8.67 140.21 1
8.68 139.03 1
8.69 138.46 1
8.7 137.62 1
8.71 137.81 1
8.72 136.34 1
8.73 135.49 1
8.74 134.11 1
8.75 132.64 1
8.76 129.69 1
8.77 127.94 1
8.78 124.53 1
8.79 120.85 1
8.8 118.45 1
8.81 116.06 1
8.82 115.9 1
8.83 113.23 1
8.84 112.22 1
8.85 109.66 1
8.86 105.34 1
8.87 104.88 1
8.88 104.88 1
8.89 104.63 1
8.9 105.13 1
8.91 105.32 1
8.92 104.76 1
8.93 104.85 1
8.94 104.92 1
8.95 106.14 1
8.96 106.54 1
8.97 106.65 1
8.98 106.4 1
8.99 106.14 1
9.0 105.78 1
9.01 105.6 1
9.02 211.12 1
9.03 208.55 1
9.04 207.56 1
9.05 205.63 1
9.06 203.73 1
9.07 202.76 1
9.08 200.42 1
9.09 195.61 1
9.1 190.96 1
9.11 186.48 1
9.12 183.12 1
9.13 178.9 1
9.14 176.05 1
9.15 174.97 1
9.16 173.28 1
9.17 171.27 1
9.18 170.6 1
9.19 171.26 1
9.2 176.01 1
9.21 171.95 1
9.22 175.84 1
9.23 178.67 1
9.24 177.46 1
9.25 178.18 1
9.26 187.03 1
9.27 174.55 1
9.28 195.75 1
9.29 194.7 1
9.3 193.2 1
9.31 192.16 1
9.32 188.88 1
9.33 186.48 1
9.34 184.91 1
9.35 182.27 1
9.36 180.81 1
9.37 179.64 1
9.38 177.46 1
9.39 176.08 1
9.4 175.6 1
9.41 174.89 1
9.42 174.88 1
9.43 174.89 1
9.44 174.55 1
9.45 174.16 1
9.46 172.61 1
9.47 173.99 1
9.48 173.78 1
9.49 174.39 1
9.5 174.74 1
9.51 175.32 1
9.52 176.92 1
9.53 178.27 1
9.54 179.63 1
9.55 181.32 1
9.56 181.98 1
9.57 182.67 1
9.58 183.54 1
9.59 182.21 1
9.6 181.36 1
9.61 179.04 1
9.62 175.26 1
9.63 171.27 1
9.64 164.58 1
9.65 158.92 1
9.66 150.45 1
9.67 144.37 1
9.68 142.68 1
9.69 140.21 1
9.7 139.33 1
9.71 137.88 1
9.72 137.34 1
9.73 137.51 1
9.74 135.92 1
9.75 135.94 1
9.76 135.51 1
9.77 135.51 1
9.78 135.09 1
9.79 134.67 1
9.8 135.08 1
9.81 135.07 1
9.82 134.89 1
9.83 135.09 1
9.84 135.09 1
9.85 135.49 1
9.86 135.5 1
9.87 136.33 1
9.88 137.41 1
9.89 137.54 1
9.9 136.73 1
9.91 135.59 1
9.92 136.16 1
9.93 134.92 1
9.94 134.79 1
9.95 136.21 1
9.96 142.49 1
9.97 144.83 1
9.98 144.13 1
9.99 145.19 1
10.0 141.41 1
10.01 141.57 1
10.02 140.75 1
10.03 140.21 1
10.04 139.33 1
10.05 136.76 1
10.06 135.49 1
10.07 133.71 1
10.08 131.84 1
10.09 128.6 1
10.1 126.15 1
10.11 124.09 1
10.12 121.67 1
10.13 121.32 1
10.14 121.99 1
10.15 122.31 1
10.16 124.48 1
10.17 126.54 1
10.18 130.66 1
10.19 142.11 1
10.2 147.74 1
10.21 153.86 1
10.22 155.81 1
10.23 151.91 1
10.24 144.3 1
10.25 116.27 1
10.26 104.63 1
10.27 105.04 1
10.28 104.78 1
10.29 105.88 1
10.3 59.03 1
10.31 59.31 1
10.32 58.33 1
10.33 59.12 1
10.34 58.78 1
10.35 59.05 1
10.36 58.6 1
10.37 58.45 1
10.38 58.37 1
10.39 58.34 1
10.4 57.85 1
10.41 58.55 1
10.42 57.9 1
10.43 58.06 1
10.44 58.26 1
10.45 58.53 1
10.46 59.04 1
10.47 59.05 1
10.48 59.11 1
10.49 58.48 1
10.5 104.81 1
10.51 105.12 1
10.52 105.21 1
10.53 105.02 1
10.54 105.49 1
10.55 105.02 1
10.56 105.15 1
10.57 105.07 1
10.58 105.06 1
10.59 105.1 1
10.6 105.97 1
10.61 105.75 1
10.62 105.06 1
10.63 104.37 1
10.64 104.22 1
10.65 104.79 1
10.66 105.06 1
10.67 104.84 1
10.68 104.69 1
10.69 104.79 1
10.7 105.12 1
10.71 105.16 1
10.72 105.09 1
10.73 105.14 1
10.74 105.05 1
10.75 105.08 1
10.76 105.14 1
10.77 105.19 1
10.78 105.12 1
10.79 105.15 1
10.8 105.1 1
10.81 105.15 1
10.82 105.15 1
10.83 105.16 1
10.84 105.13 1
10.85 105.16 1
10.86 105.21 1
10.87 105.17 1
10.88 105.11 1
10.89 105.19 1
10.9 105.13 1
10.91 105.14 1
10.92 105.14 1
