0.01 105.6 1
0.02 105.61 1
0.03 104.38 1
0.04 104.64 1
0.05 104.99 1
0.06 104.92 1
0.07 108.25 1
0.08 58.65 1
0.09 58.3 1
0.1 58.53 1
0.11 58.37 1
0.12 58.62 1
0.13 58.34 1
0.14 58.45 1
0.15 58.22 1
0.16 57.81 1
0.17 57.61 1
0.18 57.84 1
0.19 57.39 1
0.2 57.46 1
0.21 57.93 1
0.22 58.3 1
0.23 58.59 1
0.24 58.89 1
0.25 59.09 1
0.26 59.08 1
0.27 59.02 1
0.28 58.7 1
0.29 58.79 1
0.3 58.52 1
0.31 52.54 1
0.32 105.66 1
0.33 105.11 1
0.34 105.2 1
0.35 105.21 1
0.36 105.14 1
0.37 105.16 1
0.38 105.24 1
0.39 105.32 1
0.4 104.88 1
0.41 222.15 1
0.42 251.28 1
0.43 239.67 1
0.44 239.23 1
0.45 235.96 1
0.46 236.33 1
0.47 235.79 1
0.48 236.42 1
0.49 235.42 1
0.5 233.97 1
0.51 235.69 1
0.52 236.17 1
0.53 235.05 1
0.54 233.21 1
0.55 232.72 1
0.56 230.3 1
0.57 229.11 1
0.58 235.08 1
0.59 232.73 1
0.6 237.14 1
0.61 244.31 1
0.62 251.39 1
0.63 260.22 1
0.64 280.84 1
0.65 282.65 1
0.66 291.13 1
0.67 132.22 1
0.68 105.09 1
0.69 105.74 1
0.7 105.38 1
0.71 105.08 1
0.72 105.02 1
0.73 105.24 1
0.74 105.2 1
0.75 105.63 1
0.76 105.88 1
0.77 104.93 1
0.78 105.94 1
0.79 103.8 1
0.8 103.94 1
0.81 104.51 1
0.82 105.0 1
0.83 104.96 1
0.84 105.34 1
0.85 105.19 1
0.86 105.14 1
0.87 105.18 1
0.88 105.42 1
0.89 105.47 1
0.9 105.69 1
0.91 105.08 1
0.92 105.02 1
0.93 105.03 1
0.94 104.55 1
0.95 103.89 1
0.96 103.3 1
0.97 103.64 1
0.98 103.88 1
0.99 103.88 1
1.0 103.64 1
1.01 103.88 1
1.02 103.64 1
1.03 103.64 1
1.04 103.88 1
1.05 104.38 1
1.06 105.38 1
1.07 105.45 1
1.08 104.61 1
1.09 104.97 1
1.1 104.55 1
1.11 104.8 1
1.12 105.2 1
1.13 105.02 1
1.14 105.23 1
1.15 139.33 1
1.16 285.08 1
1.17 294.99 1
1.18 285.1 1
1.19 286.86 1
1.2 285.65 1
1.21 286.77 1
1.22 284.82 1
1.23 282.66 1
1.24 281.33 1
1.25 280.27 1
1.26 279.98 1
1.27 276.58 1
1.28 278.19 1
1.29 276.48 1
1.3 276.45 1
1.31 274.74 1
1.32 274.73 1
1.33 276.44 1
1.34 276.46 1
1.35 278.2 1
1.36 278.22 1
1.37 278.23 1
1.38 279.97 1
1.39 278.75 1
1.4 278.64 1
1.41 278.23 1
1.42 278.19 1
1.43 276.45 1
1.44 273.04 1
1.45 268.8 1
1.46 260.21 1
1.47 253.93 1
1.48 242.93 1
1.49 226.79 1
1.5 215.6 1
1.51 214.56 1
1.52 213.52 1
1.53 216.66 1
1.54 220.61 1
1.55 223.76 1
1.56 229.15 1
1.57 233.97 1
1.58 240.7 1
1.59 247.0 1
1.6 250.25 1
1.61 255.66 1
1.62 261.63 1
1.63 269.32 1
1.64 274.72 1
1.65 274.75 1
1.66 278.19 1
1.67 276.48 1
1.68 278.6 1
1.69 280.0 1
1.7 281.03 1
1.71 280.62 1
1.72 280.55 1
1.73 281.15 1
1.74 280.6 1
1.75 280.9 1
1.76 279.79 1
1.77 278.71 1
1.78 278.22 1
1.79 274.72 1
1.8 269.71 1
1.81 261.73 1
1.82 254.19 1
1.83 240.3 1
1.84 216.69 1
1.85 214.58 1
1.86 105.05 1
1.87 105.98 1
1.88 105.0 1
1.89 105.43 1
1.9 105.87 1
1.91 104.93 1
1.92 106.37 1
1.93 127.27 1
1.94 129.26 1
1.95 133.66 1
1.96 274.74 1
1.97 276.47 1
1.98 278.32 1
1.99 278.21 1
2.0 278.87 1
2.01 281.73 1
2.02 280.53 1
2.03 279.05 1
2.04 281.03 1
2.05 281.94 1
2.06 282.77 1
2.07 283.22 1
2.08 283.62 1
2.09 283.47 1
2.1 282.63 1
2.11 282.16 1
2.12 281.6 1
2.13 280.72 1
2.14 279.76 1
2.15 279.3 1
2.16 280.03 1
2.17 278.82 1
2.18 278.21 1
2.19 278.23 1
2.2 281.95 1
2.21 105.36 1
2.22 104.93 1
2.23 105.02 1
2.24 104.72 1
2.25 105.31 1
2.26 104.67 1
2.27 105.21 1
2.28 105.33 1
2.29 104.71 1
2.3 104.38 1
2.31 105.17 1
2.32 106.14 1
2.33 106.4 1
2.34 106.4 1
2.35 106.4 1
2.36 105.7 1
2.37 104.38 1
2.38 204.66 1
2.39 201.99 1
2.4 199.78 1
2.41 196.44 1
2.42 193.07 1
2.43 191.84 1
2.44 188.08 1
2.45 184.91 1
2.46 182.46 1
2.47 179.41 1
2.48 176.57 1
2.49 175.67 1
2.5 173.28 1
2.51 172.18 1
2.52 171.27 1
2.53 171.93 1
2.54 171.27 1
2.55 171.8 1
2.56 171.27 1
2.57 171.26 1
2.58 170.6 1
2.59 168.07 1
2.6 164.03 1
2.61 170.6 1
2.62 172.48 1
2.63 169.96 1
2.64 176.03 1
2.65 0.0 1
2.66 375.29 1
2.67 375.31 1
2.68 378.48 1
2.69 378.49 1
2.7 375.3 1
2.71 372.14 1
2.72 367.48 1
2.73 359.68 1
2.74 351.39 1
2.75 339.8 1
2.76 324.69 1
2.77 310.0 1
2.78 295.17 1
2.79 289.82 1
2.8 289.76 1
2.81 288.14 1
2.82 142.74 1
2.83 142.16 1
2.84 140.72 1
2.85 139.77 1
2.86 143.09 1
2.87 105.87 1
2.88 105.53 1
2.89 105.14 1
2.9 105.05 1
2.91 105.16 1
2.92 105.19 1
2.93 105.09 1
2.94 104.93 1
2.95 105.22 1
2.96 105.01 1
2.97 105.23 1
2.98 105.07 1
2.99 105.22 1
3.0 105.2 1
3.01 105.13 1
3.02 105.11 1
3.03 105.14 1
3.04 105.09 1
3.05 105.07 1
3.06 105.14 1
3.07 105.02 1
3.08 105.12 1
3.09 105.12 1
3.1 105.07 1
3.11 105.14 1
3.12 105.13 1
3.13 105.13 1
3.14 104.87 1
3.15 135.07 1
3.16 135.49 1
3.17 134.66 1
3.18 0.0 1
3.19 0.0 1
3.2 325.41 1
3.21 331.73 1
3.22 331.78 1
3.23 332.5 1
3.24 335.3 1
3.25 339.16 1
3.26 341.9 1
3.27 345.29 1
3.28 345.95 1
3.29 348.66 1
3.3 348.66 1
3.31 351.46 1
3.32 354.24 1
3.33 357.57 1
3.34 354.29 1
3.35 360.8 1
3.36 362.08 1
3.37 360.03 1
3.38 361.96 1
3.39 360.02 1
3.4 354.27 1
3.41 348.66 1
3.42 345.89 1
3.43 348.66 1
3.44 354.26 1
3.45 0.0 1
3.46 0.0 1
3.47 86.22 1
3.48 87.21 1
3.49 104.71 1
3.5 104.89 1
3.51 105.2 1
3.52 104.95 1
3.53 104.55 1
3.54 104.96 1
3.55 105.14 1
3.56 0.0 1
3.57 414.11 1
3.58 414.17 1
3.59 414.1 1
3.6 410.24 1
3.61 408.69 1
3.62 409.7 1
3.63 410.24 1
3.64 410.24 1
3.65 409.77 1
3.66 409.37 1
3.67 409.91 1
3.68 410.24 1
3.69 410.28 1
3.7 413.24 1
3.71 410.31 1
3.72 413.72 1
3.73 414.15 1
3.74 418.02 1
3.75 418.09 1
3.76 414.27 1
3.77 414.22 1
3.78 414.21 1
3.79 414.22 1
3.8 414.2 1
3.81 414.17 1
3.82 414.12 1
3.83 414.14 1
3.84 414.16 1
3.85 414.22 1
3.86 414.23 1
3.87 418.11 1
3.88 418.13 1
3.89 418.12 1
3.9 418.12 1
3.91 414.25 1
3.92 414.21 1
3.93 414.21 1
3.94 414.18 1
3.95 414.15 1
3.96 414.18 1
3.97 414.2 1
3.98 414.21 1
3.99 418.07 1
4.0 418.1 1
4.01 414.25 1
4.02 414.25 1
4.03 414.23 1
4.04 418.05 1
4.05 414.2 1
4.06 414.14 1
4.07 414.12 1
4.08 410.37 1
4.09 414.21 1
4.1 418.07 1
4.11 414.24 1
4.12 414.27 1
4.13 418.11 1
4.14 418.09 1
4.15 414.24 1
4.16 414.24 1
4.17 418.07 1
4.18 414.19 1
4.19 410.37 1
4.2 414.11 1
4.21 414.15 1
4.22 414.26 1
4.23 208.55 1
4.24 104.75 1
4.25 104.61 1
4.26 104.58 1
4.27 104.78 1
4.28 106.05 1
4.29 226.63 1
4.3 461.92 1
4.31 459.38 1
4.32 476.68 1
4.33 476.72 1
4.34 473.49 1
4.35 470.75 1
4.36 468.45 1
4.37 466.76 1
4.38 464.51 1
4.39 466.58 1
4.4 463.3 1
4.41 461.12 1
4.42 466.56 1
4.43 461.75 1
4.44 460.29 1
4.45 471.45 1
4.46 460.99 1
4.47 471.37 1
4.48 464.6 1
4.49 464.56 1
4.5 471.39 1
4.51 467.16 1
4.52 471.41 1
4.53 466.65 1
4.54 471.13 1
4.55 464.89 1
4.56 480.55 1
4.57 466.53 1
4.58 465.61 1
4.59 471.19 1
4.6 471.14 1
4.61 460.69 1
4.62 459.99 1
4.63 455.25 1
4.64 438.85 1
4.65 443.39 1
4.66 486.91 1
4.67 509.82 1
4.68 487.21 1
4.69 481.94 1
4.7 474.64 1
4.71 483.58 1
4.72 481.85 1
4.73 486.92 1
4.74 487.25 1
4.75 486.89 1
4.76 489.19 1
4.77 488.74 1
4.78 487.21 1
4.79 481.93 1
4.8 480.52 1
4.81 481.87 1
4.82 481.75 1
4.83 481.62 1
4.84 476.37 1
4.85 471.3 1
4.86 476.37 1
4.87 471.2 1
4.88 471.25 1
4.89 466.29 1
4.9 466.06 1
4.91 471.05 1
4.92 471.38 1
4.93 481.46 1
4.94 476.56 1
4.95 477.79 1
4.96 481.62 1
4.97 478.38 1
4.98 475.68 1
4.99 461.35 1
5.0 450.35 1
5.01 0.0 1
5.02 105.15 1
5.03 105.42 1
5.04 105.14 1
5.05 105.03 1
5.06 105.07 1
5.07 105.54 1
5.08 105.23 1
5.09 105.67 1
5.1 214.58 1
5.11 418.13 1
5.12 418.05 1
5.13 418.05 1
5.14 418.08 1
5.15 418.11 1
5.16 418.12 1
5.17 414.24 1
5.18 414.23 1
5.19 414.22 1
5.2 414.21 1
5.21 418.04 1
5.22 414.19 1
5.23 414.17 1
5.24 414.17 1
5.25 414.18 1
5.26 414.18 1
5.27 418.07 1
5.28 414.27 1
5.29 414.27 1
5.3 414.28 1
5.31 414.31 1
5.32 418.16 1
5.33 418.12 1
5.34 414.2 1
5.35 410.34 1
5.36 410.29 1
5.37 410.27 1
5.38 414.19 1
5.39 426.25 1
5.4 430.4 1
5.41 430.4 1
5.42 422.1 1
5.43 426.19 1
5.44 418.12 1
5.45 422.06 1
5.46 430.07 1
5.47 493.99 1
5.48 455.49 1
5.49 468.93 1
5.5 475.78 1
5.51 475.89 1
5.52 475.82 1
5.53 472.7 1
5.54 468.12 1
5.55 463.68 1
5.56 461.74 1
5.57 466.34 1
5.58 460.31 1
5.59 461.71 1
5.6 471.09 1
5.61 460.68 1
5.62 471.4 1
5.63 463.25 1
5.64 471.41 1
5.65 464.13 1
5.66 464.26 1
5.67 471.47 1
5.68 466.78 1
5.69 476.45 1
5.7 470.71 1
5.71 471.55 1
5.72 471.36 1
5.73 459.21 1
5.74 456.97 1
5.75 452.8 1
5.76 460.07 1
5.77 481.91 1
5.78 509.93 1
5.79 472.65 1
5.8 515.82 1
5.81 541.13 1
5.82 521.9 1
5.83 519.54 1
5.84 560.48 1
5.85 557.66 1
5.86 556.49 1
5.87 558.95 1
5.88 541.21 1
5.89 534.94 1
5.9 529.17 1
5.91 541.5 1
5.92 547.89 1
5.93 547.88 1
5.94 548.14 1
5.95 548.02 1
5.96 541.45 1
5.97 548.17 1
5.98 554.87 1
5.99 548.29 1
6.0 562.27 1
6.01 548.36 1
6.02 548.2 1
6.03 568.57 1
6.04 548.15 1
6.05 534.96 1
6.06 522.65 1
6.07 516.36 1
6.08 516.02 1
6.09 514.74 1
6.1 497.08 1
6.11 492.45 1
6.12 473.54 1
6.13 471.42 1
6.14 471.05 1
6.15 426.63 1
6.16 463.43 1
6.17 486.98 1
6.18 459.2 1
6.19 486.83 1
6.2 490.28 1
6.21 492.8 1
6.22 546.04 1
6.23 528.64 1
6.24 535.08 1
6.25 522.56 1
6.26 535.28 1
6.27 553.08 1
6.28 547.96 1
6.29 528.91 1
6.3 529.01 1
6.31 505.8 1
6.32 511.08 1
6.33 516.55 1
6.34 516.5 1
6.35 516.07 1
6.36 519.68 1
6.37 511.1 1
6.38 503.13 1
6.39 493.26 1
6.4 489.06 1
6.41 487.28 1
6.42 476.74 1
6.43 481.89 1
6.44 481.83 1
6.45 481.7 1
6.46 476.86 1
6.47 475.19 1
6.48 483.06 1
6.49 482.66 1
6.5 487.29 1
6.51 497.29 1
6.52 522.0 1
6.53 511.1 1
6.54 515.84 1
6.55 482.77 1
6.56 563.62 1
6.57 528.37 1
6.58 541.13 1
6.59 528.5 1
6.6 515.92 1
6.61 521.94 1
6.62 510.11 1
6.63 534.57 1
6.64 470.41 1
6.65 475.22 1
6.66 476.18 1
6.67 444.43 1
6.68 455.03 1
6.69 461.72 1
6.7 459.54 1
6.71 471.16 1
6.72 466.5 1
6.73 471.19 1
6.74 476.26 1
6.75 481.39 1
6.76 471.6 1
6.77 476.52 1
6.78 481.53 1
6.79 486.74 1
6.8 481.77 1
6.81 486.64 1
6.82 481.53 1
6.83 481.54 1
6.84 480.18 1
6.85 483.06 1
6.86 487.05 1
6.87 483.28 1
6.88 486.86 1
6.89 486.16 1
6.9 476.62 1
6.91 481.24 1
6.92 476.37 1
6.93 480.74 1
6.94 464.48 1
6.95 469.32 1
6.96 493.53 1
6.97 493.0 1
6.98 446.54 1
6.99 454.77 1
7.0 459.64 1
7.01 459.49 1
7.02 463.59 1
7.03 465.51 1
7.04 465.56 1
7.05 471.23 1
7.06 464.87 1
7.07 466.63 1
7.08 468.58 1
7.09 469.19 1
7.1 467.55 1
7.11 466.22 1
7.12 466.14 1
7.13 471.09 1
7.14 460.79 1
7.15 461.83 1
7.16 468.12 1
7.17 215.64 1
7.18 105.29 1
7.19 105.15 1
7.2 105.55 1
7.21 104.63 1
7.22 105.4 1
7.23 105.41 1
7.24 105.05 1
7.25 105.26 1
7.26 105.1 1
7.27 105.53 1
7.28 105.01 1
7.29 105.15 1
7.3 105.19 1
7.31 105.39 1
7.32 104.94 1
7.33 105.17 1
7.34 105.33 1
7.35 105.22 1
7.36 105.28 1
7.37 105.03 1
7.38 105.2 1
7.39 105.18 1
7.4 105.13 1
7.41 105.14 1
7.42 105.16 1
7.43 105.15 1
7.44 105.12 1
7.45 105.1 1
7.46 105.02 1
7.47 105.23 1
7.48 105.48 1
7.49 218.84 1
7.5 461.53 1
7.51 452.16 1
7.52 456.87 1
7.53 461.66 1
7.54 461.6 1
7.55 471.3 1
7.56 476.47 1
7.57 471.46 1
7.58 476.32 1
7.59 471.42 1
7.6 471.41 1
7.61 476.49 1
7.62 471.48 1
7.63 459.36 1
7.64 471.36 1
7.65 471.44 1
7.66 476.41 1
7.67 471.4 1
7.68 466.47 1
7.69 476.35 1
7.7 476.46 1
7.71 476.44 1
7.72 466.59 1
7.73 476.42 1
7.74 466.55 1
7.75 476.5 1
7.76 466.61 1
7.77 476.41 1
7.78 466.56 1
7.79 466.49 1
7.8 476.46 1
7.81 476.49 1
7.82 481.66 1
7.83 481.75 1
7.84 481.67 1
7.85 481.86 1
7.86 490.33 1
7.87 500.12 1
7.88 516.06 1
7.89 542.38 1
7.9 534.68 1
7.91 558.04 1
7.92 564.14 1
7.93 541.32 1
7.94 529.15 1
7.95 523.84 1
7.96 532.05 1
7.97 522.77 1
7.98 508.82 1
7.99 493.7 1
8.0 487.11 1
8.01 484.02 1
8.02 487.13 1
8.03 492.04 1
8.04 483.87 1
8.05 487.09 1
8.06 487.06 1
8.07 487.15 1
8.08 487.2 1
8.09 492.55 1
8.1 494.14 1
8.11 505.42 1
8.12 522.67 1
8.13 558.43 1
8.14 571.24 1
8.15 572.64 1
8.16 569.03 1
8.17 554.77 1
8.18 517.67 1
8.19 524.62 1
8.2 515.69 1
8.21 461.75 1
8.22 456.94 1
8.23 451.68 1
8.24 453.76 1
8.25 455.97 1
8.26 458.22 1
8.27 460.17 1
8.28 464.08 1
8.29 465.08 1
8.3 466.19 1
8.31 470.89 1
8.32 461.54 1
8.33 460.58 1
8.34 461.93 1
8.35 462.39 1
8.36 464.08 1
8.37 464.77 1
8.38 466.99 1
8.39 468.46 1
8.4 467.55 1
8.41 468.85 1
8.42 468.53 1
8.43 467.3 1
8.44 476.26 1
8.45 465.7 1
8.46 471.27 1
8.47 462.5 1
8.48 458.72 1
8.49 449.01 1
8.5 443.3 1
8.51 0.0 1
8.52 0.0 1
8.53 0.0 1
8.54 0.0 1
8.55 0.0 1
8.56 0.0 1
8.57 0.0 1
8.58 404.3 1
8.59 410.75 1
8.6 410.31 1
8.61 410.31 1
8.62 414.15 1
8.63 414.19 1
8.64 414.18 1
8.65 417.72 1
8.66 414.17 1
8.67 414.15 1
8.68 414.18 1
8.69 414.14 1
8.7 414.1 1
8.71 410.33 1
8.72 414.09 1
8.73 410.28 1
8.74 410.27 1
8.75 410.33 1
8.76 414.14 1
8.77 414.16 1
8.78 414.18 1
8.79 414.16 1
8.8 410.37 1
8.81 414.12 1
8.82 410.36 1
8.83 414.13 1
8.84 410.34 1
8.85 406.6 1
8.86 417.46 1
8.87 419.17 1
8.88 410.29 1
8.89 422.04 1
8.9 0.0 1
8.91 0.0 1
8.92 0.0 1
8.93 408.04 1
8.94 409.81 1
8.95 410.25 1
8.96 414.1 1
8.97 414.15 1
8.98 414.18 1
8.99 414.19 1
9.0 418.06 1
9.01 414.19 1
9.02 414.17 1
9.03 418.03 1
9.04 414.18 1
9.05 414.17 1
9.06 414.18 1
9.07 414.2 1
9.08 414.22 1
9.09 418.02 1
9.1 414.17 1
9.11 414.19 1
9.12 414.18 1
9.13 414.13 1
9.14 410.31 1
9.15 407.12 1
9.16 402.49 1
9.17 391.2 1
9.18 379.47 1
9.19 369.02 1
9.2 173.3 1
9.21 171.05 1
9.22 168.68 1
9.23 168.36 1
9.24 165.21 1
9.25 132.05 1
9.26 105.0 1
9.27 105.16 1
9.28 104.66 1
9.29 106.36 1
9.3 104.38 1
9.31 105.42 1
9.32 103.98 1
9.33 104.31 1
9.34 105.73 1
9.35 106.14 1
9.36 106.41 1
9.37 106.41 1
9.38 105.9 1
9.39 105.13 1
9.4 104.38 1
9.41 103.39 1
9.42 134.75 1
9.43 132.23 1
9.44 131.43 1
9.45 127.29 1
9.46 126.45 1
9.47 123.7 1
9.48 104.36 1
9.49 104.04 1
9.5 101.73 1
9.51 88.29 1
9.52 87.59 1
9.53 87.92 1
9.54 87.76 1
9.55 87.94 1
9.56 88.71 1
9.57 105.32 1
9.58 104.88 1
9.59 105.37 1
9.6 104.82 1
9.61 105.0 1
9.62 105.33 1
9.63 105.01 1
9.64 105.21 1
9.65 105.23 1
9.66 105.09 1
9.67 104.92 1
9.68 0.0 1
9.69 492.71 1
9.7 491.93 1
9.71 492.99 1
9.72 493.25 1
9.73 502.41 1
9.74 498.59 1
9.75 496.59 1
9.76 492.84 1
9.77 489.7 1
9.78 482.77 1
9.79 476.68 1
9.8 476.61 1
9.81 466.59 1
9.82 461.77 1
9.83 471.29 1
9.84 459.02 1
9.85 466.5 1
9.86 466.42 1
9.87 460.5 1
9.88 476.43 1
9.89 461.99 1
9.9 471.46 1
9.91 466.85 1
9.92 468.23 1
9.93 481.65 1
9.94 475.22 1
9.95 477.64 1
9.96 482.91 1
9.97 484.12 1
9.98 488.18 1
9.99 494.53 1
10.0 494.5 1
10.01 491.1 1
10.02 488.35 1
10.03 488.04 1
10.04 475.53 1
10.05 481.79 1
10.06 466.55 1
10.07 456.99 1
10.08 466.4 1
10.09 426.3 1
10.1 430.42 1
10.11 426.29 1
10.12 426.24 1
10.13 422.12 1
10.14 418.06 1
10.15 418.09 1
10.16 414.22 1
10.17 414.2 1
10.18 418.07 1
10.19 418.1 1
10.2 422.08 1
10.21 422.11 1
10.22 422.06 1
10.23 418.14 1
10.24 418.13 1
10.25 414.19 1
10.26 414.18 1
10.27 418.02 1
10.28 414.16 1
10.29 414.18 1
10.3 418.07 1
10.31 418.06 1
10.32 414.18 1
10.33 414.14 1
10.34 414.1 1
10.35 413.2 1
10.36 410.27 1
10.37 410.25 1
10.38 414.09 1
10.39 418.01 1
10.4 415.68 1
10.41 414.23 1
10.42 426.02 1
10.43 424.54 1
10.44 424.23 1
10.45 461.73 1
10.46 432.21 1
10.47 428.98 1
10.48 422.12 1
10.49 422.09 1
10.5 422.07 1
10.51 418.1 1
10.52 418.04 1
10.53 414.14 1
10.54 410.31 1
10.55 410.13 1
10.56 406.62 1
10.57 396.9 1
10.58 397.17 1
10.59 385.14 1
10.6 375.29 1
10.61 370.29 1
10.62 360.84 1
10.63 351.51 1
10.64 353.46 1
10.65 172.62 1
10.66 171.95 1
10.67 174.63 1
10.68 174.54 1
10.69 175.48 1
10.7 178.18 1
10.71 178.91 1
10.72 177.03 1
10.73 174.28 1
10.74 87.91 1
10.75 104.74 1
10.76 105.16 1
10.77 105.12 1
10.78 105.14 1
10.79 105.14 1
10.8 105.12 1
10.81 105.15 1
10.82 105.11 1
10.83 105.23 1
10.84 105.09 1
10.85 105.08 1
10.86 105.08 1
10.87 87.92 1
10.88 87.91 1
10.89 87.98 1
10.9 87.57 1
10.91 104.91 1
10.92 104.38 1
10.93 104.62 1
10.94 104.57 1
10.95 104.75 1
10.96 105.24 1
10.97 105.31 1
10.98 105.7 1
10.99 105.55 1
11.0 105.5 1
11.01 105.21 1
11.02 137.61 1
11.03 135.93 1
11.04 134.69 1
11.05 135.5 1
11.06 135.09 1
11.07 134.68 1
11.08 134.68 1
11.09 138.45 1
11.1 141.61 1
11.11 144.38 1
11.12 151.28 1
11.13 134.59 1
11.14 118.98 1
11.15 105.13 1
11.16 107.17 1
11.17 105.1 1
11.18 105.35 1
11.19 105.11 1
11.2 105.11 1
11.21 105.1 1
11.22 105.09 1
11.23 105.23 1
11.24 104.59 1
11.25 107.16 1
11.26 118.32 1
11.27 141.11 1
11.28 146.27 1
11.29 140.11 1
11.3 140.73 1
11.31 141.55 1
11.32 139.8 1
11.33 138.92 1
11.34 137.6 1
11.35 135.08 1
11.36 134.15 1
11.37 132.6 1
11.38 130.27 1
11.39 126.55 1
11.4 123.82 1
11.41 119.35 1
11.42 119.35 1
11.43 119.33 1
11.44 119.67 1
11.45 121.09 1
11.46 121.64 1
11.47 123.96 1
11.48 127.28 1
11.49 129.75 1
11.5 129.61 1
11.51 131.69 1
11.52 131.38 1
11.53 131.09 1
11.54 130.82 1
11.55 105.18 1
11.56 105.12 1
11.57 105.18 1
11.58 105.19 1
11.59 104.98 1
11.6 105.09 1
11.61 105.24 1
11.62 105.02 1
11.63 105.11 1
11.64 105.06 1
11.65 105.26 1
11.66 106.65 1
11.67 105.38 1
11.68 105.23 1
11.69 105.55 1
11.7 106.13 1
11.71 106.39 1
11.72 76.1 1
11.73 75.88 1
11.74 75.71 1
11.75 76.76 1
11.76 75.71 1
11.77 76.77 1
11.78 77.06 1
11.79 75.59 1
11.8 58.6 1
11.81 58.81 1
11.82 59.24 1
11.83 59.56 1
11.84 60.26 1
11.85 60.2 1
11.86 59.55 1
11.87 59.8 1
11.88 59.39 1
11.89 60.0 1
11.9 59.72 1
11.91 59.39 1
11.92 58.71 1
11.93 105.28 1
11.94 105.3 1
11.95 105.05 1
11.96 105.12 1
11.97 105.03 1
11.98 105.12 1
11.99 105.1 1
12.0 105.18 1
12.01 105.07 1
12.02 105.58 1
12.03 105.68 1
12.04 106.54 1
12.05 106.48 1
12.06 106.44 1
12.07 106.26 1
12.08 106.2 1
12.09 106.34 1
12.1 106.34 1
12.11 106.15 1
12.12 105.82 1
12.13 105.3 1
12.14 104.88 1
12.15 104.67 1
12.16 104.69 1
12.17 104.63 1
12.18 104.43 1
12.19 104.53 1
12.2 104.51 1
12.21 104.73 1
12.22 105.03 1
12.23 105.99 1
12.24 105.67 1
12.25 104.94 1
12.26 104.65 1
12.27 104.93 1
12.28 104.96 1
12.29 105.04 1
12.3 105.0 1
12.31 104.93 1
12.32 104.97 1
12.33 105.03 1
