0.01 58.3 1
0.02 58.26 1
0.03 58.71 1
0.04 58.35 1
0.05 58.66 1
0.06 58.53 1
0.07 59.31 1
0.08 58.76 1
0.09 59.31 1
0.1 59.24 1
0.11 59.86 1
0.12 59.39 1
0.13 61.38 1
0.14 59.51 1
0.15 60.84 1
0.16 59.31 1
0.17 59.8 1
0.18 58.53 1
0.19 52.53 1
0.2 105.48 1
0.21 104.99 1
0.22 105.13 1
0.23 105.08 1
0.24 104.94 1
0.25 105.29 1
0.26 105.33 1
0.27 105.04 1
0.28 105.44 1
0.29 105.0 1
0.3 105.67 1
0.31 238.76 1
0.32 235.09 1
0.33 231.51 1
0.34 233.73 1
0.35 237.73 1
0.36 237.72 1
0.37 231.51 1
0.38 229.1 1
0.39 233.4 1
0.4 232.73 1
0.41 227.93 1
0.42 231.51 1
0.43 234.33 1
0.44 229.15 1
0.45 226.79 1
0.46 227.96 1
0.47 225.45 1
0.48 226.75 1
0.49 224.47 1
0.5 223.69 1
0.51 225.45 1
0.52 229.12 1
0.53 225.6 1
0.54 226.79 1
0.55 104.38 1
0.56 104.39 1
0.57 126.4 1
0.58 130.66 1
0.59 129.13 1
0.6 131.05 1
0.61 131.44 1
0.62 130.66 1
0.63 130.66 1
0.64 134.28 1
0.65 131.44 1
0.66 283.66 1
0.67 285.79 1
0.68 282.27 1
0.69 276.89 1
0.7 274.74 1
0.71 268.19 1
0.72 263.34 1
0.73 268.04 1
0.74 258.73 1
0.75 258.67 1
0.76 258.04 1
0.77 255.58 1
0.78 250.74 1
0.79 251.2 1
0.8 247.03 1
0.81 246.99 1
0.82 246.98 1
0.83 245.62 1
0.84 244.25 1
0.85 246.94 1
0.86 246.97 1
0.87 245.64 1
0.88 245.62 1
0.89 244.28 1
0.9 248.39 1
0.91 248.42 1
0.92 247.09 1
0.93 247.09 1
0.94 253.92 1
0.95 257.4 1
0.96 266.45 1
0.97 268.96 1
0.98 272.7 1
0.99 276.48 1
1.0 279.7 1
1.01 278.26 1
1.02 276.54 1
1.03 256.11 1
1.04 270.72 1
1.05 260.09 1
1.06 262.93 1
1.07 261.73 1
1.08 264.87 1
1.09 263.49 1
1.1 262.4 1
1.11 274.79 1
1.12 133.6 1
1.13 133.82 1
1.14 135.78 1
1.15 134.25 1
1.16 137.62 1
1.17 136.32 1
1.18 135.49 1
1.19 141.58 1
1.2 135.07 1
1.21 137.74 1
1.22 135.5 1
1.23 136.75 1
1.24 142.03 1
1.25 137.02 1
1.26 142.03 1
1.27 138.02 1
1.28 138.02 1
1.29 137.33 1
1.3 138.1 1
1.31 140.67 1
1.32 138.13 1
1.33 138.03 1
1.34 140.22 1
1.35 137.46 1
1.36 137.69 1
1.37 138.44 1
1.38 137.11 1
1.39 137.21 1
1.4 137.29 1
1.41 137.51 1
1.42 137.57 1
1.43 135.92 1
1.44 137.59 1
1.45 138.86 1
1.46 137.35 1
1.47 137.15 1
1.48 138.83 1
1.49 142.09 1
1.5 136.01 1
1.51 134.91 1
1.52 134.05 1
1.53 104.95 1
1.54 105.0 1
1.55 105.45 1
1.56 105.62 1
1.57 104.13 1
1.58 59.78 1
1.59 58.92 1
1.6 58.73 1
1.61 58.29 1
1.62 58.98 1
1.63 57.85 1
1.64 58.92 1
1.65 57.84 1
1.66 57.76 1
1.67 57.74 1
1.68 57.46 1
1.69 57.82 1
1.7 110.21 1
1.71 108.22 1
1.72 105.39 1
1.73 104.99 1
1.74 105.63 1
1.75 105.33 1
1.76 105.0 1
1.77 105.27 1
1.78 105.21 1
1.79 105.36 1
1.8 105.67 1
1.81 105.84 1
1.82 106.56 1
1.83 250.28 1
1.84 249.55 1
1.85 248.68 1
1.86 247.52 1
1.87 246.05 1
1.88 244.41 1
1.89 244.31 1
1.9 242.97 1
1.91 242.96 1
1.92 239.59 1
1.93 238.55 1
1.94 240.31 1
1.95 240.29 1
1.96 236.22 1
1.97 233.96 1
1.98 236.27 1
1.99 240.3 1
2.0 233.96 1
2.01 233.92 1
2.02 234.85 1
2.03 235.29 1
2.04 231.51 1
2.05 233.97 1
2.06 240.25 1
2.07 229.19 1
2.08 229.11 1
2.09 103.4 1
2.1 104.92 1
2.11 105.28 1
2.12 104.9 1
2.13 105.18 1
2.14 104.83 1
2.15 105.87 1
2.16 105.03 1
2.17 104.0 1
2.18 104.22 1
2.19 122.67 1
2.2 123.36 1
2.21 123.35 1
2.22 123.01 1
2.23 123.35 1
2.24 123.36 1
2.25 123.36 1
2.26 123.01 1
2.27 122.66 1
2.28 120.99 1
2.29 119.94 1
2.3 119.03 1
2.31 118.3 1
2.32 116.2 1
2.33 113.23 1
2.34 112.9 1
2.35 110.19 1
2.36 107.17 1
2.37 106.65 1
2.38 105.45 1
2.39 105.27 1
2.4 106.14 1
2.41 105.48 1
2.42 104.79 1
2.43 104.89 1
2.44 104.89 1
2.45 104.95 1
2.46 104.63 1
2.47 104.38 1
2.48 105.2 1
2.49 105.17 1
2.5 105.08 1
2.51 105.12 1
2.52 105.22 1
2.53 105.2 1
2.54 106.37 1
2.55 104.89 1
2.56 105.62 1
2.57 105.1 1
2.58 106.63 1
2.59 105.17 1
2.6 106.63 1
2.61 105.08 1
2.62 105.37 1
2.63 106.39 1
2.64 105.03 1
2.65 106.9 1
2.66 105.23 1
2.67 106.38 1
2.68 106.13 1
2.69 105.35 1
2.7 105.38 1
2.71 105.21 1
2.72 105.22 1
2.73 104.99 1
2.74 105.06 1
2.75 104.82 1
2.76 105.13 1
2.77 105.01 1
2.78 104.86 1
2.79 104.96 1
2.8 105.16 1
2.81 105.13 1
2.82 105.33 1
2.83 105.47 1
2.84 105.19 1
2.85 105.1 1
2.86 105.23 1
2.87 105.17 1
2.88 105.11 1
2.89 105.14 1
2.9 105.19 1
2.91 104.95 1
2.92 105.29 1
2.93 104.87 1
2.94 104.54 1
2.95 104.82 1
2.96 242.96 1
2.97 241.64 1
2.98 239.78 1
2.99 239.02 1
3.0 239.01 1
3.01 237.34 1
3.02 236.96 1
3.03 239.02 1
3.04 239.01 1
3.05 236.91 1
3.06 231.52 1
3.07 232.74 1
3.08 236.46 1
3.09 230.33 1
3.1 229.13 1
3.11 232.34 1
3.12 229.09 1
3.13 231.5 1
3.14 226.74 1
3.15 230.3 1
3.16 230.32 1
3.17 227.93 1
3.18 236.69 1
3.19 104.87 1
3.2 105.43 1
3.21 104.38 1
3.22 105.19 1
3.23 104.81 1
3.24 105.01 1
3.25 105.2 1
3.26 104.97 1
3.27 105.14 1
3.28 105.08 1
3.29 210.41 1
3.3 264.84 1
3.31 261.76 1
3.32 260.23 1
3.33 263.29 1
3.34 257.18 1
3.35 257.19 1
3.36 255.66 1
3.37 254.18 1
3.38 252.3 1
3.39 248.56 1
3.4 246.53 1
3.41 244.34 1
3.42 242.95 1
3.43 244.28 1
3.44 240.31 1
3.45 239.0 1
3.46 233.96 1
3.47 236.61 1
3.48 235.02 1
3.49 235.2 1
3.5 229.17 1
3.51 229.17 1
3.52 227.99 1
3.53 229.12 1
3.54 227.95 1
3.55 232.73 1
3.56 232.92 1
3.57 226.81 1
3.58 227.97 1
3.59 227.95 1
3.6 230.32 1
3.61 228.02 1
3.62 232.75 1
3.63 238.01 1
3.64 244.28 1
3.65 245.07 1
3.66 247.43 1
3.67 247.65 1
3.68 247.37 1
3.69 244.63 1
3.7 240.89 1
3.71 230.31 1
3.72 227.93 1
3.73 216.7 1
3.74 207.55 1
3.75 203.7 1
3.76 199.86 1
3.77 197.3 1
3.78 197.3 1
3.79 198.59 1
3.8 197.3 1
3.81 199.69 1
3.82 201.21 1
3.83 201.01 1
3.84 201.15 1
3.85 200.22 1
3.86 104.97 1
3.87 105.16 1
3.88 105.05 1
3.89 105.41 1
3.9 104.8 1
3.91 105.27 1
3.92 104.87 1
3.93 105.08 1
3.94 105.12 1
3.95 105.22 1
3.96 105.1 1
3.97 105.21 1
3.98 105.12 1
3.99 105.12 1
4.0 105.18 1
4.01 105.0 1
4.02 105.16 1
4.03 105.14 1
4.04 105.08 1
4.05 105.12 1
4.06 105.19 1
4.07 105.25 1
4.08 105.13 1
4.09 105.09 1
4.1 105.17 1
4.11 105.22 1
4.12 105.13 1
4.13 105.15 1
4.14 105.0 1
4.15 105.08 1
4.16 105.84 1
4.17 57.84 1
4.18 58.36 1
4.19 58.8 1
4.2 58.57 1
4.21 58.53 1
4.22 58.73 1
4.23 58.54 1
4.24 58.62 1
4.25 58.48 1
4.26 58.55 1
4.27 58.45 1
4.28 58.63 1
4.29 58.69 1
4.3 59.08 1
4.31 58.86 1
4.32 59.0 1
4.33 58.76 1
4.34 58.93 1
4.35 58.8 1
4.36 58.84 1
4.37 58.85 1
4.38 58.62 1
4.39 58.7 1
4.4 104.94 1
4.41 105.13 1
4.42 105.2 1
4.43 105.05 1
4.44 105.13 1
4.45 104.97 1
4.46 105.35 1
4.47 104.9 1
4.48 104.98 1
4.49 104.83 1
4.5 104.9 1
4.51 105.96 1
4.52 105.84 1
4.53 104.25 1
4.54 104.88 1
4.55 104.22 1
4.56 103.71 1
4.57 103.16 1
4.58 102.27 1
4.59 102.58 1
4.6 103.88 1
4.61 103.57 1
4.62 104.38 1
4.63 104.33 1
4.64 104.62 1
4.65 104.82 1
4.66 104.42 1
4.67 104.44 1
4.68 104.67 1
4.69 105.03 1
4.7 105.2 1
4.71 105.44 1
4.72 105.56 1
4.73 105.76 1
4.74 106.1 1
4.75 105.91 1
4.76 106.0 1
4.77 105.77 1
4.78 105.3 1
4.79 104.7 1
4.8 104.63 1
4.81 102.44 1
4.82 102.44 1
4.83 104.38 1
4.84 104.88 1
4.85 105.07 1
4.86 105.16 1
4.87 104.38 1
4.88 103.16 1
4.89 210.62 1
4.9 213.55 1
4.91 210.82 1
4.92 207.55 1
4.93 205.61 1
4.94 204.66 1
4.95 204.66 1
4.96 204.66 1
4.97 204.66 1
4.98 204.66 1
4.99 206.57 1
5.0 205.62 1
5.01 208.98 1
5.02 210.11 1
5.03 209.51 1
5.04 207.56 1
5.05 207.56 1
5.06 208.53 1
5.07 207.56 1
5.08 205.6 1
5.09 201.16 1
5.1 197.45 1
5.11 185.7 1
5.12 179.64 1
5.13 176.86 1
5.14 173.8 1
5.15 87.07 1
5.16 86.59 1
5.17 86.38 1
5.18 86.55 1
5.19 85.9 1
5.2 85.85 1
5.21 86.72 1
5.22 86.55 1
5.23 86.72 1
5.24 86.72 1
5.25 86.25 1
5.26 87.06 1
5.27 87.08 1
5.28 87.13 1
5.29 87.72 1
5.3 87.26 1
5.31 86.77 1
5.32 87.01 1
5.33 87.09 1
5.34 86.71 1
5.35 86.45 1
5.36 86.39 1
5.37 86.42 1
5.38 86.79 1
5.39 87.46 1
5.4 87.67 1
5.41 87.68 1
5.42 87.94 1
5.43 89.17 1
5.44 88.64 1
5.45 88.29 1
5.46 88.57 1
5.47 88.11 1
5.48 87.57 1
5.49 85.85 1
5.5 85.03 1
5.51 82.81 1
5.52 88.82 1
5.53 86.84 1
5.54 105.55 1
5.55 105.16 1
5.56 105.42 1
5.57 104.81 1
5.58 105.06 1
5.59 105.13 1
5.6 105.12 1
5.61 105.16 1
5.62 105.1 1
5.63 105.17 1
5.64 105.08 1
5.65 105.17 1
5.66 105.21 1
5.67 105.05 1
5.68 105.01 1
5.69 105.1 1
5.7 105.13 1
5.71 105.67 1
5.72 101.97 1
5.73 103.05 1
5.74 104.22 1
5.75 105.25 1
5.76 106.08 1
5.77 106.39 1
5.78 106.01 1
5.79 104.92 1
5.8 103.51 1
5.81 100.09 1
5.82 97.67 1
5.83 93.72 1
5.84 92.17 1
5.85 90.11 1
5.86 88.95 1
5.87 87.84 1
5.88 87.76 1
5.89 87.76 1
5.9 87.59 1
5.91 87.59 1
5.92 104.39 1
5.93 105.07 1
5.94 105.21 1
5.95 105.11 1
5.96 105.16 1
5.97 105.06 1
5.98 105.12 1
5.99 105.2 1
6.0 105.02 1
6.01 105.18 1
6.02 105.15 1
6.03 105.11 1
6.04 105.17 1
6.05 105.16 1
6.06 105.1 1
6.07 105.12 1
6.08 105.14 1
6.09 105.19 1
6.1 106.39 1
6.11 104.37 1
6.12 105.12 1
6.13 104.93 1
6.14 104.61 1
6.15 105.23 1
6.16 104.7 1
6.17 105.37 1
6.18 105.15 1
6.19 105.7 1
6.2 102.44 1
6.21 105.86 1
6.22 102.92 1
6.23 103.65 1
6.24 103.97 1
6.25 104.15 1
6.26 104.56 1
6.27 104.21 1
6.28 104.38 1
6.29 104.29 1
6.3 104.38 1
6.31 104.64 1
6.32 104.62 1
6.33 105.02 1
6.34 105.02 1
6.35 104.91 1
6.36 104.75 1
6.37 104.14 1
6.38 103.98 1
6.39 104.07 1
6.4 104.42 1
6.41 104.54 1
6.42 105.26 1
6.43 105.01 1
6.44 104.97 1
6.45 104.95 1
6.46 104.93 1
6.47 105.11 1
6.48 105.16 1
6.49 105.14 1
6.5 105.31 1
6.51 105.65 1
6.52 105.5 1
6.53 104.61 1
6.54 104.05 1
6.55 103.89 1
6.56 104.57 1
6.57 104.52 1
6.58 105.18 1
6.59 105.28 1
6.6 105.7 1
6.61 105.62 1
6.62 105.42 1
6.63 105.01 1
6.64 104.17 1
6.65 101.48 1
6.66 99.78 1
6.67 110.34 1
6.68 106.59 1
6.69 105.39 1
6.7 101.5 1
6.71 87.83 1
6.72 87.91 1
6.73 86.85 1
6.74 87.03 1
6.75 86.81 1
6.76 87.37 1
6.77 104.74 1
6.78 105.32 1
6.79 104.8 1
6.8 105.07 1
6.81 105.17 1
6.82 104.88 1
6.83 105.1 1
6.84 105.22 1
6.85 105.25 1
6.86 105.02 1
6.87 105.07 1
6.88 105.05 1
6.89 105.17 1
6.9 105.14 1
6.91 105.1 1
6.92 105.32 1
6.93 105.4 1
6.94 105.16 1
6.95 105.21 1
6.96 105.2 1
6.97 104.77 1
6.98 104.45 1
6.99 103.89 1
7.0 103.76 1
7.01 103.43 1
7.02 103.36 1
7.03 103.04 1
7.04 103.16 1
7.05 102.03 1
7.06 103.88 1
7.07 103.48 1
7.08 103.26 1
7.09 104.0 1
7.1 104.24 1
7.11 104.5 1
7.12 104.86 1
7.13 104.63 1
7.14 104.66 1
7.15 104.43 1
7.16 104.45 1
7.17 104.51 1
7.18 104.35 1
7.19 104.05 1
7.2 103.55 1
7.21 104.21 1
7.22 104.83 1
7.23 105.1 1
7.24 105.02 1
7.25 104.94 1
7.26 104.96 1
7.27 104.98 1
7.28 104.8 1
7.29 105.41 1
7.3 106.17 1
7.31 77.98 1
7.32 78.26 1
7.33 79.42 1
7.34 79.1 1
7.35 79.44 1
7.36 79.51 1
7.37 79.81 1
7.38 79.31 1
7.39 77.68 1
7.4 79.39 1
7.41 77.56 1
7.42 77.78 1
7.43 77.71 1
7.44 76.72 1
7.45 78.09 1
7.46 76.21 1
7.47 77.93 1
7.48 77.45 1
7.49 78.89 1
7.5 79.06 1
7.51 78.84 1
7.52 79.1 1
7.53 77.76 1
7.54 78.82 1
7.55 76.76 1
7.56 86.25 1
7.57 105.15 1
7.58 105.12 1
7.59 105.37 1
7.6 104.94 1
7.61 105.38 1
7.62 104.64 1
7.63 105.49 1
7.64 104.83 1
7.65 105.36 1
7.66 105.11 1
7.67 105.17 1
7.68 105.15 1
7.69 104.96 1
7.7 105.13 1
7.71 105.22 1
7.72 105.01 1
7.73 105.23 1
7.74 105.29 1
7.75 105.02 1
7.76 105.08 1
7.77 105.15 1
7.78 105.21 1
7.79 105.14 1
7.8 105.05 1
7.81 105.1 1
7.82 105.19 1
7.83 105.07 1
7.84 105.15 1
7.85 105.14 1
7.86 105.0 1
7.87 105.2 1
7.88 105.12 1
7.89 105.16 1
7.9 105.11 1
7.91 105.19 1
7.92 105.07 1
7.93 105.1 1
7.94 105.1 1
7.95 105.12 1
7.96 104.98 1
7.97 105.09 1
7.98 105.2 1
7.99 105.06 1
8.0 105.16 1
8.01 105.18 1
8.02 104.99 1
8.03 105.21 1
8.04 105.1 1
8.05 105.07 1
8.06 105.06 1
8.07 105.12 1
8.08 105.14 1
8.09 105.07 1
8.1 105.13 1
8.11 105.03 1
8.12 105.11 1
8.13 105.09 1
8.14 105.16 1
8.15 105.88 1
8.16 221.03 1
8.17 230.57 1
8.18 226.49 1
8.19 230.21 1
8.2 229.07 1
8.21 225.55 1
8.22 225.55 1
8.23 235.22 1
8.24 237.3 1
8.25 233.98 1
8.26 235.21 1
8.27 221.04 1
8.28 237.72 1
8.29 227.92 1
8.3 240.31 1
8.31 226.74 1
8.32 233.3 1
8.33 229.14 1
8.34 226.78 1
8.35 233.96 1
8.36 219.95 1
8.37 236.44 1
8.38 231.56 1
8.39 235.2 1
8.4 226.74 1
8.41 231.52 1
8.42 234.79 1
8.43 229.1 1
8.44 104.8 1
8.45 105.14 1
8.46 105.08 1
8.47 105.2 1
8.48 105.01 1
8.49 105.26 1
8.5 105.35 1
8.51 213.54 1
8.52 255.67 1
8.53 249.86 1
8.54 244.95 1
8.55 250.58 1
8.56 250.8 1
8.57 252.79 1
8.58 253.94 1
8.59 253.87 1
8.6 254.19 1
8.61 254.7 1
8.62 254.13 1
8.63 249.11 1
8.64 244.59 1
8.65 241.87 1
8.66 238.36 1
8.67 236.08 1
8.68 233.96 1
8.69 227.92 1
8.7 230.3 1
8.71 230.29 1
8.72 229.1 1
8.73 230.3 1
8.74 230.29 1
8.75 233.96 1
8.76 238.88 1
8.77 244.31 1
8.78 241.63 1
8.79 233.97 1
8.8 230.3 1
8.81 104.32 1
8.82 104.61 1
8.83 105.06 1
8.84 105.12 1
8.85 105.09 1
8.86 104.78 1
8.87 105.8 1
8.88 103.96 1
8.89 241.6 1
8.9 244.3 1
8.91 240.42 1
8.92 240.31 1
8.93 240.32 1
8.94 239.02 1
8.95 238.99 1
8.96 239.01 1
8.97 240.17 1
8.98 241.63 1
8.99 242.97 1
9.0 245.63 1
9.01 248.07 1
9.02 249.84 1
9.03 248.27 1
9.04 247.79 1
9.05 245.79 1
9.06 241.63 1
9.07 236.27 1
9.08 232.62 1
9.09 224.38 1
9.1 217.78 1
9.11 214.59 1
9.12 212.52 1
9.13 206.59 1
9.14 207.55 1
9.15 206.59 1
9.16 205.62 1
9.17 205.61 1
9.18 204.67 1
9.19 204.66 1
9.2 103.4 1
9.21 104.13 1
9.22 104.26 1
9.23 104.23 1
9.24 104.11 1
9.25 104.38 1
9.26 104.76 1
9.27 104.91 1
9.28 104.39 1
9.29 105.12 1
9.3 105.13 1
9.31 105.46 1
9.32 106.43 1
9.33 78.92 1
9.34 76.22 1
9.35 76.37 1
9.36 76.36 1
9.37 74.68 1
9.38 58.14 1
9.39 58.2 1
9.4 58.33 1
9.41 58.31 1
9.42 58.52 1
9.43 58.29 1
9.44 58.32 1
9.45 58.64 1
9.46 58.73 1
9.47 58.94 1
9.48 58.65 1
9.49 58.67 1
9.5 58.76 1
9.51 58.84 1
9.52 59.07 1
9.53 59.07 1
9.54 104.98 1
9.55 105.62 1
9.56 104.85 1
9.57 105.27 1
9.58 105.13 1
9.59 105.12 1
9.6 105.08 1
9.61 105.15 1
9.62 105.06 1
9.63 105.2 1
9.64 105.07 1
9.65 105.22 1
9.66 241.74 1
9.67 241.83 1
9.68 237.65 1
9.69 238.66 1
9.7 237.73 1
9.71 240.31 1
9.72 238.03 1
9.73 237.73 1
9.74 235.81 1
9.75 235.2 1
9.76 234.95 1
9.77 233.96 1
9.78 231.51 1
9.79 232.72 1
9.8 235.2 1
9.81 236.82 1
9.82 237.38 1
9.83 239.02 1
9.84 242.98 1
9.85 244.31 1
9.86 251.98 1
9.87 257.18 1
9.88 263.33 1
9.89 284.21 1
9.9 293.1 1
9.91 293.11 1
9.92 280.72 1
9.93 227.14 1
9.94 106.39 1
9.95 105.12 1
9.96 105.88 1
9.97 105.33 1
9.98 105.37 1
9.99 118.35 1
10.0 120.13 1
10.01 119.32 1
10.02 251.28 1
10.03 264.88 1
10.04 274.73 1
10.05 273.27 1
10.06 276.45 1
10.07 278.1 1
10.08 279.61 1
10.09 282.99 1
10.1 282.8 1
10.11 282.49 1
10.12 283.3 1
10.13 282.71 1
10.14 281.88 1
10.15 281.39 1
10.16 280.64 1
10.17 280.0 1
10.18 279.13 1
10.19 278.23 1
10.2 278.21 1
10.21 276.48 1
10.22 278.21 1
10.23 278.22 1
10.24 279.95 1
10.25 281.36 1
10.26 283.16 1
10.27 284.73 1
10.28 285.52 1
10.29 284.18 1
10.3 283.44 1
10.31 284.25 1
10.32 282.49 1
10.33 285.34 1
10.34 135.07 1
10.35 104.88 1
10.36 105.68 1
10.37 105.16 1
10.38 105.09 1
10.39 104.97 1
10.4 105.2 1
10.41 105.21 1
10.42 105.18 1
10.43 105.17 1
10.44 105.31 1
10.45 211.0 1
10.46 427.22 1
10.47 434.68 1
10.48 422.21 1
10.49 418.26 1
10.5 422.17 1
10.51 418.19 1
10.52 418.13 1
10.53 414.18 1
10.54 410.27 1
10.55 401.1 1
10.56 395.46 1
10.57 386.43 1
10.58 379.74 1
10.59 375.29 1
10.6 360.03 1
10.61 354.25 1
10.62 351.4 1
10.63 354.22 1
10.64 345.92 1
10.65 343.2 1
10.66 344.75 1
10.67 340.58 1
10.68 345.91 1
10.69 345.9 1
10.7 345.93 1
10.71 354.11 1
10.72 354.28 1
10.73 362.84 1
10.74 367.44 1
10.75 375.27 1
10.76 375.31 1
10.77 372.12 1
10.78 357.11 1
10.79 0.0 1
10.8 0.0 1
10.81 0.0 1
10.82 0.0 1
10.83 0.0 1
10.84 0.0 1
10.85 274.74 1
10.86 273.91 1
10.87 271.59 1
10.88 273.21 1
10.89 276.42 1
10.9 276.4 1
10.91 274.74 1
10.92 272.74 1
10.93 273.05 1
10.94 273.87 1
10.95 276.41 1
10.96 274.72 1
10.97 274.72 1
10.98 273.04 1
10.99 274.72 1
11.0 274.72 1
11.01 276.4 1
11.02 276.48 1
11.03 279.72 1
11.04 285.44 1
11.05 291.15 1
11.06 325.24 1
11.07 342.14 1
11.08 356.13 1
11.09 351.45 1
11.1 339.47 1
11.11 303.49 1
11.12 275.49 1
11.13 133.64 1
11.14 131.85 1
11.15 131.05 1
11.16 133.12 1
11.17 126.56 1
11.18 273.53 1
11.19 273.06 1
11.2 281.7 1
11.21 276.18 1
11.22 276.95 1
11.23 278.83 1
11.24 280.08 1
11.25 281.15 1
11.26 281.49 1
11.27 281.29 1
11.28 280.98 1
11.29 279.37 1
11.3 278.22 1
11.31 276.46 1
11.32 271.37 1
11.33 267.09 1
11.34 258.68 1
11.35 255.66 1
11.36 250.81 1
11.37 249.75 1
11.38 244.46 1
11.39 241.73 1
11.4 239.28 1
11.41 241.62 1
11.42 240.46 1
11.43 242.97 1
11.44 247.36 1
11.45 254.2 1
11.46 257.2 1
11.47 289.2 1
11.48 295.04 1
11.49 299.0 1
11.5 291.14 1
11.51 276.49 1
11.52 141.47 1
11.53 105.26 1
11.54 104.9 1
11.55 104.96 1
11.56 105.19 1
11.57 105.03 1
11.58 106.13 1
11.59 112.07 1
11.6 58.85 1
11.61 58.37 1
11.62 59.16 1
11.63 58.45 1
11.64 58.6 1
11.65 58.29 1
11.66 58.29 1
11.67 58.77 1
11.68 58.37 1
11.69 58.89 1
11.7 58.53 1
11.71 58.71 1
11.72 58.57 1
11.73 58.58 1
11.74 58.21 1
11.75 58.7 1
11.76 59.02 1
11.77 59.8 1
11.78 81.14 1
11.79 82.05 1
11.8 82.81 1
11.81 83.6 1
11.82 84.24 1
11.83 82.66 1
11.84 82.66 1
11.85 106.64 1
11.86 105.63 1
11.87 104.66 1
11.88 104.98 1
11.89 105.13 1
11.9 105.27 1
11.91 104.94 1
11.92 105.22 1
11.93 105.17 1
11.94 105.05 1
11.95 105.71 1
11.96 106.18 1
11.97 106.41 1
11.98 106.04 1
11.99 106.37 1
12.0 107.05 1
12.01 106.91 1
12.02 107.43 1
12.03 107.43 1
12.04 107.31 1
12.05 106.89 1
12.06 106.88 1
12.07 106.77 1
12.08 107.17 1
12.09 106.91 1
12.1 106.91 1
12.11 106.66 1
12.12 106.4 1
12.13 106.4 1
12.14 106.4 1
12.15 106.4 1
12.16 106.14 1
12.17 106.1 1
12.18 105.79 1
12.19 105.65 1
12.2 105.74 1
12.21 105.91 1
12.22 106.14 1
12.23 106.38 1
12.24 106.39 1
