0.01 0.0 1
0.02 0.0 1
0.03 255.53 1
0.04 245.64 1
0.05 242.03 1
0.06 246.95 1
0.07 241.96 1
0.08 240.28 1
0.09 241.63 1
0.1 247.05 1
0.11 239.02 1
0.12 237.73 1
0.13 239.02 1
0.14 245.66 1
0.15 238.99 1
0.16 241.62 1
0.17 235.24 1
0.18 240.31 1
0.19 237.75 1
0.2 242.05 1
0.21 254.14 1
0.22 245.65 1
0.23 247.03 1
0.24 244.3 1
0.25 241.64 1
0.26 105.23 1
0.27 105.49 1
0.28 104.82 1
0.29 105.32 1
0.3 104.95 1
0.31 105.23 1
0.32 105.09 1
0.33 105.05 1
0.34 105.63 1
0.35 243.75 1
0.36 235.98 1
0.37 232.72 1
0.38 235.28 1
0.39 233.64 1
0.4 232.72 1
0.41 234.74 1
0.42 236.94 1
0.43 237.37 1
0.44 237.68 1
0.45 236.0 1
0.46 233.99 1
0.47 229.1 1
0.48 225.6 1
0.49 225.6 1
0.5 225.61 1
0.51 230.3 1
0.52 230.34 1
0.53 239.9 1
0.54 253.83 1
0.55 263.31 1
0.56 145.32 1
0.57 144.36 1
0.58 132.23 1
0.59 108.48 1
0.6 105.87 1
0.61 106.13 1
0.62 105.63 1
0.63 104.94 1
0.64 106.16 1
0.65 124.75 1
0.66 128.39 1
0.67 126.91 1
0.68 132.38 1
0.69 133.24 1
0.7 135.08 1
0.71 136.33 1
0.72 137.18 1
0.73 278.12 1
0.74 276.57 1
0.75 278.54 1
0.76 278.33 1
0.77 280.69 1
0.78 281.39 1
0.79 279.99 1
0.8 280.73 1
0.81 280.52 1
0.82 280.51 1
0.83 281.47 1
0.84 284.06 1
0.85 284.83 1
0.86 286.21 1
0.87 287.44 1
0.88 287.9 1
0.89 288.17 1
0.9 288.7 1
0.91 0.0 1
0.92 0.0 1
0.93 0.0 1
0.94 0.0 1
0.95 0.0 1
0.96 0.0 1
0.97 0.0 1
0.98 293.03 1
0.99 278.19 1
1.0 279.1 1
1.01 282.98 1
1.02 288.25 1
1.03 290.65 1
1.04 291.14 1
1.05 0.0 1
1.06 0.0 1
1.07 328.41 1
1.08 345.89 1
1.09 359.73 1
1.1 372.95 1
1.11 388.75 1
1.12 405.97 1
1.13 410.24 1
1.14 414.23 1
1.15 418.09 1
1.16 418.19 1
1.17 422.09 1
1.18 418.11 1
1.19 414.2 1
1.2 413.18 1
1.21 407.79 1
1.22 404.91 1
1.23 398.4 1
1.24 390.39 1
1.25 385.98 1
1.26 379.02 1
1.27 375.3 1
1.28 364.31 1
1.29 357.16 1
1.3 354.26 1
1.31 348.74 1
1.32 348.65 1
1.33 352.72 1
1.34 351.41 1
1.35 345.97 1
1.36 351.46 1
1.37 362.92 1
1.38 370.75 1
1.39 378.51 1
1.4 382.52 1
1.41 389.25 1
1.42 400.65 1
1.43 412.53 1
1.44 414.22 1
1.45 422.07 1
1.46 422.13 1
1.47 418.21 1
1.48 414.29 1
1.49 410.31 1
1.5 402.35 1
1.51 394.81 1
1.52 385.13 1
1.53 378.5 1
1.54 370.46 1
1.55 365.12 1
1.56 360.03 1
1.57 354.25 1
1.58 348.67 1
1.59 345.89 1
1.6 345.92 1
1.61 351.44 1
1.62 175.56 1
1.63 172.82 1
1.64 173.3 1
1.65 174.92 1
1.66 171.94 1
1.67 176.73 1
1.68 176.36 1
1.69 175.94 1
1.7 204.65 1
1.71 407.49 1
1.72 413.9 1
1.73 414.18 1
1.74 418.07 1
1.75 414.16 1
1.76 410.35 1
1.77 413.75 1
1.78 410.41 1
1.79 414.23 1
1.8 414.27 1
1.81 414.19 1
1.82 414.14 1
1.83 414.15 1
1.84 414.1 1
1.85 410.28 1
1.86 409.38 1
1.87 407.09 1
1.88 405.03 1
1.89 402.88 1
1.9 406.06 1
1.91 418.11 1
1.92 422.09 1
1.93 410.31 1
1.94 498.42 1
1.95 482.27 1
1.96 415.06 1
1.97 417.92 1
1.98 434.5 1
1.99 472.33 1
2.0 469.15 1
2.01 475.84 1
2.02 475.05 1
2.03 470.67 1
2.04 471.56 1
2.05 465.07 1
2.06 463.16 1
2.07 461.24 1
2.08 458.74 1
2.09 466.43 1
2.1 460.96 1
2.11 464.44 1
2.12 464.34 1
2.13 464.26 1
2.14 466.36 1
2.15 464.83 1
2.16 466.56 1
2.17 464.27 1
2.18 464.14 1
2.19 463.24 1
2.2 462.19 1
2.21 459.63 1
2.22 456.04 1
2.23 452.41 1
2.24 465.51 1
2.25 443.32 1
2.26 452.59 1
2.27 456.32 1
2.28 467.23 1
2.29 473.37 1
2.3 471.57 1
2.31 481.37 1
2.32 471.64 1
2.33 481.54 1
2.34 471.22 1
2.35 466.39 1
2.36 476.02 1
2.37 463.36 1
2.38 476.03 1
2.39 476.59 1
2.4 481.96 1
2.41 496.71 1
2.42 500.92 1
2.43 516.09 1
2.44 521.99 1
2.45 528.29 1
2.46 528.47 1
2.47 522.41 1
2.48 516.41 1
2.49 516.4 1
2.5 522.45 1
2.51 522.02 1
2.52 514.78 1
2.53 505.87 1
2.54 494.72 1
2.55 486.24 1
2.56 486.98 1
2.57 471.64 1
2.58 481.63 1
2.59 471.51 1
2.6 466.93 1
2.61 486.97 1
2.62 471.07 1
2.63 468.6 1
2.64 481.91 1
2.65 501.31 1
2.66 516.17 1
2.67 528.17 1
2.68 584.07 1
2.69 541.2 1
2.7 548.38 1
2.71 541.61 1
2.72 534.92 1
2.73 548.07 1
2.74 0.0 1
2.75 535.13 1
2.76 534.98 1
2.77 550.97 1
2.78 554.59 1
2.79 541.41 1
2.8 535.13 1
2.81 517.41 1
2.82 541.66 1
2.83 276.32 1
2.84 274.9 1
2.85 221.95 1
2.86 278.22 1
2.87 279.02 1
2.88 223.1 1
2.89 280.08 1
2.9 281.72 1
2.91 280.54 1
2.92 280.53 1
2.93 285.02 1
2.94 278.39 1
2.95 276.7 1
2.96 274.9 1
2.97 249.61 1
2.98 274.59 1
2.99 281.46 1
3.0 278.22 1
3.01 277.79 1
3.02 281.54 1
3.03 279.14 1
3.04 278.31 1
3.05 278.33 1
3.06 140.14 1
3.07 279.83 1
3.08 279.49 1
3.09 281.61 1
3.1 561.35 1
3.11 555.44 1
3.12 561.37 1
3.13 561.79 1
3.14 561.59 1
3.15 549.12 1
3.16 555.14 1
3.17 557.43 1
3.18 554.0 1
3.19 547.99 1
3.2 549.82 1
3.21 548.27 1
3.22 541.45 1
3.23 523.35 1
3.24 530.39 1
3.25 522.53 1
3.26 499.38 1
3.27 509.35 1
3.28 507.77 1
3.29 487.58 1
3.3 486.14 1
3.31 492.47 1
3.32 479.15 1
3.33 476.75 1
3.34 475.12 1
3.35 476.66 1
3.36 473.98 1
3.37 472.86 1
3.38 473.55 1
3.39 471.66 1
3.4 476.66 1
3.41 471.61 1
3.42 481.77 1
3.43 470.85 1
3.44 476.7 1
3.45 472.92 1
3.46 476.66 1
3.47 473.26 1
3.48 476.67 1
3.49 472.45 1
3.5 476.63 1
3.51 472.1 1
3.52 471.64 1
3.53 469.93 1
3.54 466.52 1
3.55 465.16 1
3.56 471.17 1
3.57 497.91 1
3.58 476.63 1
3.59 476.58 1
3.6 487.04 1
3.61 410.45 1
3.62 339.29 1
3.63 339.27 1
3.64 343.45 1
3.65 343.91 1
3.66 344.11 1
3.67 345.89 1
3.68 345.95 1
3.69 351.42 1
3.7 357.16 1
3.71 375.19 1
3.72 368.1 1
3.73 378.39 1
3.74 375.31 1
3.75 381.79 1
3.76 385.14 1
3.77 388.16 1
3.78 399.52 1
3.79 410.25 1
3.8 422.18 1
3.81 430.52 1
3.82 461.59 1
3.83 476.58 1
3.84 487.21 1
3.85 489.98 1
3.86 494.43 1
3.87 491.3 1
3.88 487.35 1
3.89 490.23 1
3.9 492.43 1
3.91 484.56 1
3.92 486.93 1
3.93 475.19 1
3.94 479.47 1
3.95 484.11 1
3.96 474.51 1
3.97 488.1 1
3.98 483.64 1
3.99 487.2 1
4.0 480.2 1
4.01 475.42 1
4.02 471.79 1
4.03 471.54 1
4.04 465.36 1
4.05 463.37 1
4.06 463.15 1
4.07 466.56 1
4.08 465.29 1
4.09 466.6 1
4.1 467.6 1
4.11 468.19 1
4.12 469.51 1
4.13 470.3 1
4.14 471.09 1
4.15 471.43 1
4.16 469.53 1
4.17 471.66 1
4.18 468.79 1
4.19 467.48 1
4.2 458.26 1
4.21 456.48 1
4.22 465.19 1
4.23 460.02 1
4.24 0.0 1
4.25 0.0 1
4.26 0.0 1
4.27 449.48 1
4.28 400.66 1
4.29 414.89 1
4.3 413.91 1
4.31 413.75 1
4.32 410.25 1
4.33 410.2 1
4.34 410.29 1
4.35 413.87 1
4.36 410.34 1
4.37 414.15 1
4.38 414.21 1
4.39 414.25 1
4.4 420.06 1
4.41 418.0 1
4.42 414.17 1
4.43 410.37 1
4.44 414.15 1
4.45 414.18 1
4.46 414.18 1
4.47 418.03 1
4.48 418.03 1
4.49 414.18 1
4.5 418.03 1
4.51 414.15 1
4.52 414.13 1
4.53 414.14 1
4.54 0.0 1
4.55 0.0 1
4.56 104.58 1
4.57 104.83 1
4.58 105.55 1
4.59 209.52 1
4.6 426.02 1
4.61 425.2 1
4.62 422.08 1
4.63 418.2 1
4.64 418.19 1
4.65 418.11 1
4.66 414.2 1
4.67 410.39 1
4.68 410.37 1
4.69 410.25 1
4.7 403.47 1
4.71 395.57 1
4.72 386.74 1
4.73 381.8 1
4.74 372.15 1
4.75 360.05 1
4.76 348.71 1
4.77 354.22 1
4.78 353.39 1
4.79 343.24 1
4.8 351.39 1
4.81 351.45 1
4.82 351.44 1
4.83 348.66 1
4.84 348.64 1
4.85 345.9 1
4.86 345.91 1
4.87 351.43 1
4.88 0.0 1
4.89 104.79 1
4.9 105.01 1
4.91 104.88 1
4.92 105.18 1
4.93 104.72 1
4.94 105.66 1
4.95 104.5 1
4.96 104.46 1
4.97 104.7 1
4.98 105.0 1
4.99 105.42 1
5.0 105.93 1
5.01 106.14 1
5.02 106.41 1
5.03 106.67 1
5.04 106.14 1
5.05 104.41 1
5.06 106.4 1
5.07 105.89 1
5.08 105.88 1
5.09 105.52 1
5.1 105.36 1
5.11 105.52 1
5.12 105.26 1
5.13 105.21 1
5.14 105.04 1
5.15 105.09 1
5.16 105.32 1
5.17 105.0 1
5.18 105.12 1
5.19 105.38 1
5.2 105.05 1
5.21 104.91 1
5.22 105.2 1
5.23 105.14 1
5.24 105.05 1
5.25 105.2 1
5.26 105.05 1
5.27 105.09 1
5.28 105.19 1
5.29 105.16 1
5.3 105.11 1
5.31 106.39 1
5.32 103.89 1
5.33 105.06 1
5.34 105.78 1
5.35 104.37 1
5.36 106.66 1
5.37 106.65 1
5.38 107.43 1
5.39 167.64 1
5.4 171.19 1
5.41 174.4 1
5.42 181.58 1
5.43 184.92 1
5.44 190.97 1
5.45 393.16 1
5.46 403.33 1
5.47 415.02 1
5.48 422.18 1
5.49 434.61 1
5.5 449.04 1
5.51 462.19 1
5.52 467.29 1
5.53 477.84 1
5.54 489.79 1
5.55 498.13 1
5.56 499.12 1
5.57 498.36 1
5.58 498.54 1
5.59 502.1 1
5.6 503.54 1
5.61 502.49 1
5.62 496.71 1
5.63 493.25 1
5.64 483.35 1
5.65 473.32 1
5.66 466.53 1
5.67 462.36 1
5.68 476.97 1
5.69 466.8 1
5.7 434.83 1
5.71 452.81 1
5.72 471.1 1
5.73 452.92 1
5.74 472.01 1
5.75 482.3 1
5.76 483.97 1
5.77 461.23 1
5.78 414.28 1
5.79 418.06 1
5.8 414.15 1
5.81 414.17 1
5.82 414.2 1
5.83 418.08 1
5.84 422.03 1
5.85 418.11 1
5.86 414.25 1
5.87 414.23 1
5.88 414.22 1
5.89 414.22 1
5.9 418.09 1
5.91 418.12 1
5.92 418.16 1
5.93 422.1 1
5.94 418.16 1
5.95 414.33 1
5.96 414.37 1
5.97 418.23 1
5.98 414.34 1
5.99 418.2 1
6.0 418.18 1
6.01 418.15 1
6.02 414.28 1
6.03 414.23 1
6.04 414.22 1
6.05 418.1 1
6.06 418.1 1
6.07 418.12 1
6.08 414.24 1
6.09 414.21 1
6.1 418.08 1
6.11 418.09 1
6.12 414.23 1
6.13 418.06 1
6.14 418.02 1
6.15 414.14 1
6.16 414.15 1
6.17 418.04 1
6.18 414.18 1
6.19 414.16 1
6.2 414.13 1
6.21 414.12 1
6.22 414.14 1
6.23 418.02 1
6.24 418.03 1
6.25 421.01 1
6.26 471.69 1
6.27 515.8 1
6.28 422.98 1
6.29 425.67 1
6.3 422.13 1
6.31 418.15 1
6.32 418.14 1
6.33 422.11 1
6.34 418.17 1
6.35 414.24 1
6.36 418.1 1
6.37 418.09 1
6.38 414.19 1
6.39 410.36 1
6.4 410.27 1
6.41 408.0 1
6.42 397.44 1
6.43 389.54 1
6.44 379.83 1
6.45 375.3 1
6.46 365.41 1
6.47 362.77 1
6.48 354.3 1
6.49 348.69 1
6.5 348.66 1
6.51 348.66 1
6.52 348.64 1
6.53 345.93 1
6.54 345.9 1
6.55 343.2 1
6.56 343.21 1
6.57 338.45 1
6.58 0.0 1
6.59 0.0 1
6.6 0.0 1
6.61 0.0 1
6.62 0.0 1
6.63 372.1 1
6.64 354.24 1
6.65 348.72 1
6.66 354.23 1
6.67 354.26 1
6.68 359.38 1
6.69 356.89 1
6.7 354.26 1
6.71 348.7 1
6.72 345.97 1
6.73 351.45 1
6.74 345.93 1
6.75 339.08 1
6.76 326.15 1
6.77 311.66 1
6.78 291.26 1
6.79 290.76 1
6.8 285.37 1
6.81 283.58 1
6.82 282.68 1
6.83 282.09 1
6.84 280.4 1
6.85 280.94 1
6.86 282.27 1
6.87 282.35 1
6.88 280.37 1
6.89 0.0 1
6.9 0.0 1
6.91 0.0 1
6.92 0.0 1
6.93 0.0 1
6.94 0.0 1
6.95 326.38 1
6.96 343.13 1
6.97 351.44 1
6.98 364.42 1
6.99 382.66 1
7.0 399.99 1
7.01 414.12 1
7.02 421.98 1
7.03 418.22 1
7.04 414.29 1
7.05 414.16 1
7.06 409.6 1
7.07 398.98 1
7.08 386.32 1
7.09 378.53 1
7.1 369.49 1
7.11 359.33 1
7.12 354.22 1
7.13 345.91 1
7.14 345.89 1
7.15 345.92 1
7.16 343.22 1
7.17 338.35 1
7.18 343.19 1
7.19 178.05 1
7.2 133.88 1
7.21 134.0 1
7.22 135.49 1
7.23 134.54 1
7.24 135.09 1
7.25 134.69 1
7.26 105.0 1
7.27 104.39 1
7.28 104.3 1
7.29 104.62 1
7.3 104.4 1
7.31 104.13 1
7.32 103.88 1
7.33 102.85 1
7.34 102.83 1
7.35 103.39 1
7.36 103.4 1
7.37 103.63 1
7.38 102.95 1
7.39 102.9 1
7.4 103.16 1
7.41 103.4 1
7.42 103.88 1
7.43 103.64 1
7.44 103.88 1
7.45 103.89 1
7.46 103.9 1
7.47 103.81 1
7.48 102.45 1
7.49 105.12 1
7.5 104.38 1
7.51 105.17 1
7.52 105.16 1
7.53 104.45 1
7.54 104.65 1
7.55 105.05 1
7.56 107.08 1
7.57 208.09 1
7.58 414.09 1
7.59 414.17 1
7.6 418.06 1
7.61 414.18 1
7.62 410.36 1
7.63 414.15 1
7.64 414.15 1
7.65 414.16 1
7.66 414.14 1
7.67 414.12 1
7.68 410.33 1
7.69 414.17 1
7.7 418.09 1
7.71 422.1 1
7.72 422.11 1
7.73 422.07 1
7.74 418.13 1
7.75 414.24 1
7.76 414.23 1
7.77 414.17 1
7.78 410.28 1
7.79 403.3 1
7.8 392.96 1
7.81 385.11 1
7.82 375.29 1
7.83 363.26 1
7.84 348.73 1
7.85 345.92 1
7.86 340.61 1
7.87 343.21 1
7.88 342.11 1
7.89 353.07 1
7.9 359.29 1
7.91 366.63 1
7.92 375.3 1
7.93 381.82 1
7.94 393.24 1
7.95 412.2 1
7.96 420.76 1
7.97 418.09 1
7.98 414.23 1
7.99 418.1 1
8.0 414.12 1
8.01 407.63 1
8.02 396.28 1
8.03 388.54 1
8.04 378.55 1
8.05 369.96 1
8.06 360.02 1
8.07 351.44 1
8.08 356.6 1
8.09 351.4 1
8.1 343.23 1
8.11 346.92 1
8.12 345.9 1
8.13 343.26 1
8.14 351.43 1
8.15 357.1 1
8.16 361.4 1
8.17 360.06 1
8.18 365.97 1
8.19 367.18 1
8.2 364.95 1
8.21 357.15 1
8.22 342.31 1
8.23 0.0 1
8.24 0.0 1
8.25 0.0 1
8.26 0.0 1
8.27 0.0 1
8.28 0.0 1
8.29 0.0 1
8.3 279.96 1
8.31 278.23 1
8.32 279.0 1
8.33 280.29 1
8.34 280.89 1
8.35 279.56 1
8.36 278.87 1
8.37 277.82 1
8.38 278.2 1
8.39 277.57 1
8.4 277.04 1
8.41 276.97 1
8.42 277.13 1
8.43 276.98 1
8.44 278.03 1
8.45 277.06 1
8.46 277.25 1
8.47 277.28 1
8.48 278.89 1
8.49 277.87 1
8.5 264.87 1
8.51 264.88 1
8.52 261.73 1
8.53 263.3 1
8.54 263.29 1
8.55 275.93 1
8.56 285.1 1
8.57 285.43 1
8.58 284.36 1
8.59 281.97 1
8.6 280.27 1
8.61 277.98 1
8.62 278.19 1
8.63 274.73 1
8.64 271.36 1
8.65 266.47 1
8.66 261.73 1
8.67 255.66 1
8.68 250.69 1
8.69 246.48 1
8.7 242.97 1
8.71 238.78 1
8.72 240.31 1
8.73 240.32 1
8.74 239.02 1
8.75 241.63 1
8.76 240.98 1
8.77 244.42 1
8.78 246.84 1
8.79 253.72 1
8.8 260.22 1
8.81 283.83 1
8.82 283.88 1
8.83 267.43 1
8.84 250.94 1
8.85 106.04 1
8.86 105.13 1
8.87 105.91 1
8.88 104.77 1
8.89 104.43 1
8.9 112.07 1
8.91 58.84 1
8.92 58.9 1
8.93 58.92 1
8.94 59.15 1
8.95 59.15 1
8.96 59.15 1
8.97 59.39 1
8.98 59.02 1
8.99 58.68 1
9.0 52.55 1
9.01 52.53 1
9.02 52.56 1
9.03 105.11 1
9.04 105.08 1
9.05 105.19 1
9.06 105.13 1
9.07 105.08 1
9.08 105.07 1
9.09 105.1 1
9.1 105.22 1
9.11 105.07 1
9.12 105.12 1
9.13 105.06 1
9.14 105.13 1
9.15 105.12 1
9.16 105.11 1
9.17 105.1 1
9.18 105.09 1
9.19 105.1 1
9.2 105.11 1
9.21 105.09 1
9.22 104.95 1
9.23 105.21 1
9.24 104.82 1
9.25 104.99 1
9.26 105.11 1
9.27 105.01 1
9.28 106.39 1
9.29 205.61 1
9.3 198.47 1
9.31 194.85 1
9.32 193.84 1
9.33 195.56 1
9.34 196.41 1
9.35 197.31 1
9.36 201.79 1
9.37 206.6 1
9.38 216.67 1
9.39 221.09 1
9.4 225.58 1
9.41 231.53 1
9.42 237.29 1
9.43 240.37 1
9.44 246.45 1
9.45 250.26 1
9.46 251.84 1
9.47 251.53 1
9.48 245.9 1
9.49 244.8 1
9.5 241.46 1
9.51 237.98 1
9.52 235.19 1
9.53 233.95 1
9.54 230.31 1
9.55 226.79 1
9.56 225.61 1
9.57 226.48 1
9.58 220.33 1
9.59 218.97 1
9.6 218.83 1
9.61 106.08 1
9.62 103.88 1
9.63 104.63 1
9.64 103.03 1
9.65 101.56 1
9.66 100.85 1
9.67 100.08 1
9.68 99.66 1
9.69 99.66 1
9.7 100.7 1
9.71 100.97 1
9.72 101.27 1
9.73 101.73 1
9.74 101.73 1
9.75 102.2 1
9.76 102.92 1
9.77 103.64 1
9.78 104.26 1
9.79 104.45 1
9.8 104.3 1
9.81 104.4 1
9.82 104.98 1
9.83 105.44 1
9.84 105.22 1
9.85 104.99 1
9.86 104.83 1
9.87 105.09 1
9.88 105.34 1
9.89 75.38 1
9.9 77.7 1
9.91 76.54 1
9.92 76.72 1
9.93 79.51 1
9.94 77.17 1
9.95 77.8 1
9.96 77.64 1
9.97 77.6 1
9.98 77.3 1
9.99 76.89 1
10.0 77.51 1
10.01 77.87 1
10.02 76.76 1
10.03 78.1 1
10.04 76.49 1
10.05 104.86 1
10.06 105.27 1
10.07 105.27 1
10.08 105.05 1
10.09 105.04 1
10.1 105.13 1
10.11 105.19 1
10.12 105.14 1
10.13 104.98 1
10.14 105.38 1
10.15 105.4 1
10.16 248.97 1
10.17 230.31 1
10.18 239.01 1
10.19 231.52 1
10.2 238.72 1
10.21 237.99 1
10.22 238.39 1
10.23 236.66 1
10.24 236.39 1
10.25 235.21 1
10.26 233.96 1
10.27 233.6 1
10.28 236.91 1
10.29 241.63 1
10.3 239.88 1
10.31 242.97 1
10.32 252.29 1
10.33 255.68 1
10.34 285.72 1
10.35 287.31 1
10.36 289.22 1
10.37 274.34 1
10.38 105.32 1
10.39 105.12 1
10.4 105.14 1
10.41 105.15 1
10.42 105.51 1
10.43 104.94 1
10.44 134.66 1
10.45 129.16 1
10.46 131.45 1
10.47 134.13 1
10.48 132.22 1
10.49 134.66 1
10.5 134.67 1
