0.01 0.0 1
0.02 0.0 1
0.03 0.0 1
0.04 0.0 1
0.05 231.5 1
0.06 248.22 1
0.07 232.47 1
0.08 227.92 1
0.09 237.73 1
0.1 236.93 1
0.11 233.75 1
0.12 232.72 1
0.13 235.51 1
0.14 233.95 1
0.15 231.51 1
0.16 235.34 1
0.17 235.12 1
0.18 235.28 1
0.19 240.32 1
0.2 245.64 1
0.21 247.65 1
0.22 106.2 1
0.23 105.46 1
0.24 104.84 1
0.25 105.02 1
0.26 105.21 1
0.27 105.05 1
0.28 105.43 1
0.29 104.8 1
0.3 105.32 1
0.31 105.17 1
0.32 105.2 1
0.33 105.13 1
0.34 105.05 1
0.35 105.28 1
0.36 104.97 1
0.37 105.8 1
0.38 258.66 1
0.39 248.38 1
0.4 245.68 1
0.41 242.99 1
0.42 239.02 1
0.43 235.23 1
0.44 231.1 1
0.45 231.18 1
0.46 232.61 1
0.47 232.73 1
0.48 236.04 1
0.49 242.37 1
0.5 249.19 1
0.51 263.3 1
0.52 285.57 1
0.53 291.15 1
0.54 291.14 1
0.55 285.25 1
0.56 267.81 1
0.57 251.39 1
0.58 241.32 1
0.59 234.67 1
0.6 229.91 1
0.61 227.91 1
0.62 227.91 1
0.63 231.51 1
0.64 235.85 1
0.65 237.62 1
0.66 249.51 1
0.67 247.41 1
0.68 253.99 1
0.69 238.79 1
0.7 225.58 1
0.71 234.66 1
0.72 232.82 1
0.73 223.17 1
0.74 218.74 1
0.75 236.63 1
0.76 226.76 1
0.77 223.56 1
0.78 244.04 1
0.79 213.53 1
0.8 217.74 1
0.81 170.62 1
0.82 143.47 1
0.83 129.81 1
0.84 133.45 1
0.85 135.09 1
0.86 138.87 1
0.87 135.5 1
0.88 60.37 1
0.89 60.54 1
0.9 58.76 1
0.91 59.23 1
0.92 59.0 1
0.93 58.76 1
0.94 59.03 1
0.95 59.91 1
0.96 60.02 1
0.97 124.73 1
0.98 132.62 1
0.99 134.66 1
1.0 134.24 1
1.01 133.7 1
1.02 131.84 1
1.03 130.28 1
1.04 110.39 1
1.05 107.14 1
1.06 105.42 1
1.07 104.38 1
1.08 104.75 1
1.09 104.63 1
1.1 104.62 1
1.11 104.85 1
1.12 105.13 1
1.13 105.43 1
1.14 105.55 1
1.15 105.56 1
1.16 104.97 1
1.17 104.62 1
1.18 105.2 1
1.19 105.15 1
1.2 105.23 1
1.21 105.12 1
1.22 105.12 1
1.23 105.25 1
1.24 105.01 1
1.25 105.14 1
1.26 105.21 1
1.27 104.91 1
1.28 105.06 1
1.29 105.09 1
1.3 105.18 1
1.31 105.21 1
1.32 105.14 1
1.33 105.21 1
1.34 105.14 1
1.35 105.3 1
1.36 104.99 1
1.37 105.17 1
1.38 105.04 1
1.39 105.08 1
1.4 105.23 1
1.41 105.16 1
1.42 105.08 1
1.43 105.17 1
1.44 105.15 1
1.45 105.05 1
1.46 105.21 1
1.47 105.11 1
1.48 104.94 1
1.49 105.51 1
1.5 106.39 1
1.51 105.01 1
1.52 104.39 1
1.53 104.72 1
1.54 89.18 1
1.55 176.05 1
1.56 174.29 1
1.57 178.18 1
1.58 174.71 1
1.59 175.35 1
1.6 179.23 1
1.61 187.27 1
1.62 189.69 1
1.63 208.54 1
1.64 237.73 1
1.65 237.76 1
1.66 234.4 1
1.67 216.21 1
1.68 203.5 1
1.69 189.37 1
1.7 197.17 1
1.71 184.6 1
1.72 192.8 1
1.73 193.35 1
1.74 218.27 1
1.75 242.52 1
1.76 276.5 1
1.77 294.99 1
1.78 285.1 1
1.79 291.11 1
1.8 290.98 1
1.81 291.12 1
1.82 233.96 1
1.83 220.96 1
1.84 196.0 1
1.85 104.13 1
1.86 104.34 1
1.87 103.65 1
1.88 102.92 1
1.89 102.68 1
1.9 103.89 1
1.91 104.3 1
1.92 103.94 1
1.93 103.9 1
1.94 103.98 1
1.95 103.89 1
1.96 103.89 1
1.97 104.4 1
1.98 104.53 1
1.99 104.41 1
2.0 100.8 1
2.01 99.7 1
2.02 107.16 1
2.03 102.21 1
2.04 105.06 1
2.05 105.83 1
2.06 105.45 1
2.07 104.83 1
2.08 104.88 1
2.09 106.13 1
2.1 104.14 1
2.11 106.64 1
2.12 105.51 1
2.13 105.62 1
2.14 106.38 1
2.15 105.2 1
2.16 105.08 1
2.17 105.26 1
2.18 104.87 1
2.19 105.25 1
2.2 104.72 1
2.21 85.59 1
2.22 85.71 1
2.23 85.55 1
2.24 84.57 1
2.25 85.04 1
2.26 84.73 1
2.27 85.71 1
2.28 85.71 1
2.29 86.38 1
2.3 87.51 1
2.31 179.09 1
2.32 181.58 1
2.33 184.93 1
2.34 184.93 1
2.35 184.14 1
2.36 178.18 1
2.37 175.46 1
2.38 135.91 1
2.39 133.38 1
2.4 129.83 1
2.41 104.87 1
2.42 105.24 1
2.43 105.32 1
2.44 105.09 1
2.45 105.01 1
2.46 105.02 1
2.47 105.2 1
2.48 104.87 1
2.49 104.68 1
2.5 105.19 1
2.51 105.42 1
2.52 104.92 1
2.53 105.07 1
2.54 105.31 1
2.55 104.98 1
2.56 104.99 1
2.57 106.9 1
2.58 102.21 1
2.59 105.65 1
2.6 219.9 1
2.61 227.33 1
2.62 226.75 1
2.63 226.76 1
2.64 228.64 1
2.65 227.91 1
2.66 219.06 1
2.67 211.51 1
2.68 202.61 1
2.69 196.43 1
2.7 191.03 1
2.71 184.74 1
2.72 183.19 1
2.73 87.94 1
2.74 87.59 1
2.75 87.1 1
2.76 86.65 1
2.77 86.76 1
2.78 86.61 1
2.79 86.41 1
2.8 86.76 1
2.81 87.24 1
2.82 87.21 1
2.83 87.18 1
2.84 87.55 1
2.85 86.92 1
2.86 86.45 1
2.87 86.79 1
2.88 86.45 1
2.89 85.87 1
2.9 95.19 1
2.91 105.14 1
2.92 104.97 1
2.93 105.3 1
2.94 105.13 1
2.95 104.91 1
2.96 105.25 1
2.97 104.14 1
2.98 105.33 1
2.99 105.85 1
3.0 104.38 1
3.01 103.16 1
3.02 105.63 1
3.03 105.5 1
3.04 104.58 1
3.05 105.29 1
3.06 104.87 1
3.07 105.7 1
3.08 104.82 1
3.09 105.49 1
3.1 105.71 1
3.11 104.81 1
3.12 105.92 1
3.13 104.92 1
3.14 105.06 1
3.15 105.22 1
3.16 104.68 1
3.17 106.01 1
3.18 87.59 1
3.19 89.01 1
3.2 103.89 1
3.21 105.66 1
3.22 105.35 1
3.23 105.08 1
3.24 89.72 1
3.25 87.76 1
3.26 106.4 1
3.27 104.38 1
3.28 104.44 1
3.29 104.63 1
3.3 105.13 1
3.31 101.11 1
3.32 100.32 1
3.33 104.38 1
3.34 106.65 1
3.35 109.56 1
3.36 99.77 1
3.37 101.21 1
3.38 103.4 1
3.39 104.7 1
3.4 105.08 1
3.41 105.24 1
3.42 105.75 1
3.43 105.5 1
3.44 105.64 1
3.45 105.46 1
3.46 105.21 1
3.47 105.03 1
3.48 104.72 1
3.49 104.63 1
3.5 104.77 1
3.51 104.91 1
3.52 105.83 1
3.53 107.49 1
3.54 109.08 1
3.55 109.84 1
3.56 109.2 1
3.57 108.73 1
3.58 107.17 1
3.59 106.14 1
3.6 106.05 1
3.61 106.13 1
3.62 106.65 1
3.63 107.17 1
3.64 107.43 1
3.65 107.17 1
3.66 106.4 1
3.67 104.76 1
3.68 103.64 1
3.69 99.43 1
3.7 94.13 1
3.71 90.81 1
3.72 88.47 1
3.73 86.71 1
3.74 87.03 1
3.75 86.39 1
3.76 86.49 1
3.77 87.15 1
3.78 87.25 1
3.79 87.19 1
3.8 105.03 1
3.81 104.86 1
3.82 105.28 1
3.83 104.82 1
3.84 104.94 1
3.85 105.41 1
3.86 105.43 1
3.87 103.89 1
3.88 102.68 1
3.89 102.68 1
3.9 104.15 1
3.91 104.14 1
3.92 102.68 1
3.93 102.31 1
3.94 102.6 1
3.95 103.16 1
3.96 103.64 1
3.97 103.99 1
3.98 104.69 1
3.99 104.95 1
4.0 105.07 1
4.01 104.44 1
4.02 104.98 1
4.03 105.01 1
4.04 104.88 1
4.05 105.02 1
4.06 104.99 1
4.07 104.95 1
4.08 104.93 1
4.09 106.64 1
4.1 111.02 1
4.11 108.22 1
4.12 105.37 1
4.13 104.63 1
4.14 104.53 1
4.15 104.14 1
4.16 106.13 1
4.17 105.2 1
4.18 105.05 1
4.19 105.0 1
4.2 104.96 1
4.21 105.15 1
4.22 105.13 1
4.23 105.02 1
4.24 105.02 1
4.25 106.13 1
4.26 100.8 1
4.27 105.13 1
4.28 105.01 1
4.29 104.91 1
4.3 105.34 1
4.31 105.14 1
4.32 105.0 1
4.33 105.12 1
4.34 105.3 1
4.35 105.01 1
4.36 104.91 1
4.37 104.63 1
4.38 102.92 1
4.39 105.3 1
4.4 104.63 1
4.41 104.38 1
4.42 105.25 1
4.43 105.05 1
4.44 105.07 1
4.45 105.34 1
4.46 105.13 1
4.47 104.63 1
4.48 105.63 1
4.49 108.76 1
4.5 76.63 1
4.51 74.68 1
4.52 77.03 1
4.53 75.45 1
4.54 74.43 1
4.55 76.63 1
4.56 75.5 1
4.57 74.54 1
4.58 104.79 1
4.59 105.88 1
4.6 106.13 1
4.61 105.03 1
4.62 105.03 1
4.63 105.4 1
4.64 105.61 1
4.65 104.6 1
4.66 106.39 1
4.67 104.98 1
4.68 107.16 1
4.69 255.66 1
4.7 236.93 1
4.71 252.72 1
4.72 239.01 1
4.73 255.66 1
4.74 252.73 1
4.75 246.57 1
4.76 241.62 1
4.77 240.2 1
4.78 240.59 1
4.79 241.94 1
4.8 251.25 1
4.81 252.75 1
4.82 266.44 1
4.83 270.83 1
4.84 275.75 1
4.85 276.52 1
4.86 291.04 1
4.87 278.26 1
4.88 271.88 1
4.89 258.65 1
4.9 226.74 1
4.91 231.5 1
4.92 240.33 1
4.93 232.26 1
4.94 218.84 1
4.95 251.3 1
4.96 263.3 1
4.97 261.32 1
4.98 276.47 1
4.99 270.0 1
5.0 273.38 1
5.01 275.1 1
5.02 278.22 1
5.03 277.88 1
5.04 278.5 1
5.05 278.26 1
5.06 278.64 1
5.07 278.67 1
5.08 278.61 1
5.09 279.81 1
5.1 279.75 1
5.11 280.72 1
5.12 283.92 1
5.13 283.27 1
5.14 282.71 1
5.15 273.45 1
5.16 276.16 1
5.17 279.34 1
5.18 276.51 1
5.19 279.79 1
5.2 272.99 1
5.21 255.07 1
5.22 246.95 1
5.23 235.22 1
5.24 231.64 1
5.25 229.13 1
5.26 240.31 1
5.27 251.2 1
5.28 258.58 1
5.29 245.63 1
5.3 279.33 1
5.31 274.8 1
5.32 283.81 1
5.33 284.91 1
5.34 281.79 1
5.35 285.49 1
5.36 275.26 1
5.37 248.35 1
5.38 240.34 1
5.39 222.18 1
5.4 244.53 1
5.41 242.11 1
5.42 233.96 1
5.43 227.92 1
5.44 242.95 1
5.45 245.66 1
5.46 247.05 1
5.47 105.34 1
5.48 105.14 1
5.49 104.91 1
5.5 105.2 1
5.51 105.37 1
5.52 105.21 1
5.53 105.13 1
5.54 106.36 1
5.55 107.15 1
5.56 118.71 1
5.57 106.63 1
5.58 116.83 1
5.59 117.77 1
5.6 104.97 1
5.61 105.62 1
5.62 105.62 1
5.63 105.62 1
5.64 104.99 1
5.65 105.03 1
5.66 105.17 1
5.67 105.37 1
5.68 104.36 1
5.69 106.13 1
5.7 104.8 1
5.71 104.38 1
5.72 104.96 1
5.73 105.02 1
5.74 105.11 1
5.75 104.78 1
5.76 104.97 1
5.77 105.21 1
5.78 105.11 1
5.79 105.1 1
5.8 105.04 1
5.81 105.15 1
5.82 105.23 1
5.83 105.18 1
5.84 104.92 1
