0.01 279.98 1
0.02 279.99 1
0.03 279.01 1
0.04 278.22 1
0.05 274.75 1
0.06 274.71 1
0.07 276.39 1
0.08 276.42 1
0.09 274.71 1
0.1 274.68 1
0.11 273.04 1
0.12 274.73 1
0.13 276.42 1
0.14 276.46 1
0.15 278.21 1
0.16 283.64 1
0.17 291.09 1
0.18 290.07 1
0.19 295.96 1
0.2 281.84 1
0.21 280.36 1
0.22 104.63 1
0.23 104.61 1
0.24 105.56 1
0.25 105.16 1
0.26 132.23 1
0.27 128.39 1
0.28 125.39 1
0.29 127.18 1
0.3 171.26 1
0.31 171.92 1
0.32 175.86 1
0.33 175.21 1
0.34 179.64 1
0.35 184.92 1
0.36 188.88 1
0.37 193.56 1
0.38 192.78 1
0.39 195.73 1
0.4 188.08 1
0.41 181.43 1
0.42 170.99 1
0.43 288.38 1
0.44 285.44 1
0.45 277.73 1
0.46 278.01 1
0.47 274.52 1
0.48 272.67 1
0.49 276.57 1
0.5 274.53 1
0.51 272.74 1
0.52 271.39 1
0.53 269.86 1
0.54 270.64 1
0.55 263.29 1
0.56 264.01 1
0.57 263.18 1
0.58 263.3 1
0.59 258.66 1
0.6 268.75 1
0.61 279.89 1
0.62 287.02 1
0.63 284.48 1
0.64 282.61 1
0.65 284.81 1
0.66 282.55 1
0.67 281.14 1
0.68 285.36 1
0.69 289.21 1
0.7 291.18 1
0.71 283.84 1
0.72 313.84 1
0.73 342.95 1
0.74 365.1 1
0.75 378.51 1
0.76 390.4 1
0.77 407.91 1
0.78 410.9 1
0.79 414.12 1
0.8 414.17 1
0.81 414.15 1
0.82 418.03 1
0.83 414.13 1
0.84 413.61 1
0.85 405.43 1
0.86 401.97 1
0.87 397.78 1
0.88 393.7 1
0.89 387.26 1
0.9 378.92 1
0.91 375.29 1
0.92 362.68 1
0.93 354.25 1
0.94 351.4 1
0.95 348.65 1
0.96 348.62 1
0.97 348.52 1
0.98 348.62 1
0.99 345.92 1
1.0 348.64 1
1.01 351.0 1
1.02 345.92 1
1.03 344.95 1
1.04 346.66 1
1.05 345.89 1
1.06 105.19 1
1.07 105.14 1
1.08 105.21 1
1.09 105.02 1
1.1 104.96 1
1.11 105.21 1
1.12 104.95 1
1.13 105.09 1
1.14 105.12 1
1.15 105.01 1
1.16 104.99 1
1.17 105.12 1
1.18 104.9 1
1.19 105.16 1
1.2 105.12 1
1.21 105.13 1
1.22 105.07 1
1.23 105.14 1
1.24 105.08 1
1.25 105.17 1
1.26 105.1 1
1.27 105.1 1
1.28 105.12 1
1.29 106.91 1
1.3 141.47 1
1.31 138.46 1
1.32 134.72 1
1.33 135.92 1
1.34 140.2 1
1.35 140.54 1
1.36 142.88 1
1.37 290.24 1
1.38 291.21 1
1.39 323.03 1
1.4 339.81 1
1.41 359.93 1
1.42 375.83 1
1.43 395.26 1
1.44 418.14 1
1.45 426.29 1
1.46 452.18 1
1.47 430.45 1
1.48 418.17 1
1.49 394.59 1
1.5 378.54 1
1.51 367.78 1
1.52 354.05 1
1.53 354.22 1
1.54 348.65 1
1.55 351.43 1
1.56 366.97 1
1.57 379.99 1
1.58 406.34 1
1.59 418.22 1
1.6 466.59 1
1.61 471.65 1
1.62 476.64 1
1.63 476.48 1
1.64 418.18 1
1.65 389.03 1
1.66 364.8 1
1.67 354.24 1
1.68 348.65 1
1.69 340.57 1
1.7 347.21 1
1.71 348.66 1
1.72 348.68 1
1.73 360.03 1
1.74 367.34 1
1.75 375.27 1
1.76 375.31 1
1.77 371.16 1
1.78 362.7 1
1.79 343.22 1
1.8 331.13 1
1.81 293.14 1
1.82 286.2 1
1.83 269.72 1
1.84 276.45 1
1.85 269.7 1
1.86 267.48 1
1.87 271.37 1
1.88 270.57 1
1.89 273.04 1
1.9 274.74 1
1.91 276.48 1
1.92 283.68 1
1.93 286.41 1
1.94 283.37 1
1.95 273.05 1
1.96 135.08 1
1.97 133.39 1
1.98 133.43 1
1.99 133.37 1
2.0 130.43 1
2.01 132.32 1
2.02 169.92 1
2.03 171.97 1
2.04 178.12 1
2.05 175.85 1
2.06 174.6 1
2.07 178.95 1
2.08 168.73 1
2.09 167.95 1
2.1 165.11 1
2.11 165.46 1
2.12 172.53 1
2.13 168.71 1
2.14 178.97 1
2.15 175.03 1
2.16 179.43 1
2.17 183.11 1
2.18 181.92 1
2.19 184.98 1
2.2 184.19 1
2.21 184.14 1
2.22 181.51 1
2.23 87.49 1
2.24 86.55 1
2.25 86.21 1
2.26 85.88 1
2.27 86.72 1
2.28 87.01 1
2.29 104.56 1
2.3 105.22 1
2.31 105.4 1
2.32 104.64 1
2.33 104.13 1
2.34 104.32 1
2.35 104.68 1
2.36 104.87 1
2.37 104.77 1
2.38 104.73 1
2.39 104.62 1
2.4 104.55 1
2.41 104.58 1
2.42 104.57 1
2.43 104.49 1
2.44 104.47 1
2.45 104.49 1
2.46 104.42 1
2.47 104.38 1
2.48 104.38 1
2.49 104.38 1
2.5 104.62 1
2.51 104.71 1
2.52 104.87 1
2.53 105.07 1
2.54 105.38 1
2.55 105.2 1
2.56 104.41 1
2.57 101.5 1
2.58 105.63 1
2.59 104.98 1
2.6 104.92 1
2.61 105.09 1
2.62 105.13 1
2.63 105.03 1
2.64 105.15 1
2.65 102.86 1
2.66 197.3 1
2.67 388.54 1
2.68 378.5 1
2.69 364.69 1
2.7 351.4 1
2.71 342.26 1
2.72 337.97 1
2.73 333.26 1
2.74 337.62 1
2.75 337.78 1
2.76 345.89 1
2.77 351.31 1
2.78 357.11 1
2.79 364.1 1
2.8 378.45 1
2.81 381.77 1
2.82 378.51 1
2.83 369.04 1
2.84 360.04 1
2.85 351.44 1
2.86 345.94 1
2.87 345.89 1
2.88 345.92 1
2.89 348.67 1
2.9 358.03 1
2.91 375.28 1
2.92 388.38 1
2.93 414.26 1
2.94 471.55 1
2.95 487.21 1
2.96 485.74 1
2.97 477.49 1
2.98 465.68 1
2.99 418.1 1
3.0 378.53 1
3.01 363.88 1
3.02 348.69 1
3.03 351.43 1
3.04 356.37 1
3.05 357.29 1
3.06 354.26 1
3.07 356.56 1
3.08 354.25 1
3.09 354.29 1
3.1 359.49 1
3.11 357.14 1
3.12 357.17 1
3.13 360.04 1
3.14 351.54 1
3.15 348.65 1
3.16 336.99 1
3.17 295.1 1
3.18 280.97 1
3.19 261.76 1
3.2 258.69 1
3.21 258.75 1
3.22 274.76 1
3.23 282.98 1
3.24 297.0 1
3.25 343.2 1
3.26 348.67 1
3.27 360.84 1
3.28 351.46 1
3.29 348.64 1
3.3 313.87 1
3.31 130.51 1
3.32 129.38 1
3.33 128.02 1
3.34 129.76 1
3.35 133.37 1
3.36 133.85 1
3.37 134.66 1
3.38 274.71 1
3.39 273.04 1
3.4 273.02 1
3.41 268.14 1
3.42 266.35 1
3.43 264.89 1
3.44 268.23 1
3.45 268.72 1
3.46 271.36 1
3.47 274.73 1
3.48 276.45 1
3.49 276.46 1
3.5 276.48 1
3.51 278.21 1
3.52 278.23 1
3.53 280.97 1
3.54 284.33 1
3.55 283.18 1
3.56 282.02 1
3.57 280.98 1
3.58 280.51 1
3.59 278.56 1
3.6 278.21 1
3.61 276.79 1
3.62 280.0 1
3.63 283.29 1
3.64 283.04 1
3.65 281.45 1
3.66 280.01 1
3.67 279.39 1
3.68 279.13 1
3.69 280.04 1
3.7 290.4 1
3.71 311.68 1
3.72 226.81 1
3.73 230.28 1
3.74 229.31 1
3.75 217.77 1
3.76 216.69 1
3.77 216.7 1
3.78 219.39 1
3.79 224.12 1
3.8 228.3 1
3.81 234.91 1
3.82 244.24 1
3.83 252.43 1
3.84 252.29 1
3.85 251.5 1
3.86 248.24 1
3.87 241.63 1
3.88 221.48 1
3.89 218.83 1
3.9 217.75 1
3.91 218.86 1
3.92 224.84 1
3.93 244.34 1
3.94 250.65 1
3.95 274.77 1
3.96 291.14 1
3.97 291.2 1
3.98 291.26 1
3.99 274.75 1
4.0 249.24 1
4.01 214.6 1
4.02 169.95 1
4.03 179.77 1
4.04 183.78 1
4.05 227.21 1
4.06 229.03 1
4.07 229.1 1
4.08 235.83 1
4.09 238.21 1
4.1 244.32 1
4.11 246.79 1
4.12 251.94 1
4.13 255.65 1
4.14 258.69 1
4.15 258.69 1
4.16 257.16 1
4.17 252.37 1
4.18 247.86 1
4.19 241.63 1
4.2 236.41 1
4.21 237.74 1
4.22 241.62 1
4.23 244.31 1
4.24 250.22 1
4.25 254.19 1
4.26 255.67 1
4.27 260.18 1
4.28 258.67 1
4.29 255.67 1
4.3 253.72 1
4.31 244.69 1
4.32 223.02 1
4.33 202.76 1
4.34 205.61 1
4.35 202.77 1
4.36 205.61 1
4.37 206.56 1
4.38 203.72 1
4.39 204.67 1
4.4 204.68 1
4.41 207.54 1
4.42 205.64 1
4.43 208.53 1
4.44 209.45 1
4.45 209.5 1
4.46 207.56 1
4.47 205.63 1
4.48 209.98 1
4.49 210.34 1
4.5 208.52 1
4.51 210.84 1
4.52 210.66 1
4.53 212.51 1
4.54 215.63 1
4.55 219.92 1
4.56 235.87 1
4.57 225.61 1
4.58 240.29 1
4.59 241.66 1
4.6 239.9 1
4.61 242.65 1
4.62 232.74 1
4.63 230.29 1
4.64 227.91 1
4.65 224.44 1
4.66 217.77 1
4.67 226.69 1
4.68 231.65 1
4.69 226.75 1
4.7 246.06 1
4.71 236.47 1
4.72 254.18 1
4.73 254.2 1
4.74 250.09 1
4.75 248.46 1
4.76 241.64 1
4.77 229.09 1
4.78 237.73 1
4.79 230.3 1
4.8 235.17 1
4.81 201.84 1
4.82 193.84 1
4.83 201.03 1
4.84 197.57 1
4.85 199.91 1
4.86 203.71 1
4.87 205.63 1
4.88 206.6 1
4.89 211.5 1
4.9 215.6 1
4.91 216.65 1
4.92 215.6 1
4.93 212.51 1
4.94 208.53 1
4.95 204.69 1
4.96 204.68 1
4.97 209.51 1
4.98 215.63 1
4.99 218.85 1
5.0 224.77 1
5.01 229.11 1
5.02 232.73 1
5.03 237.99 1
5.04 241.64 1
5.05 241.63 1
5.06 232.73 1
5.07 234.53 1
5.08 223.72 1
5.09 225.21 1
5.1 224.91 1
5.11 233.26 1
5.12 234.98 1
5.13 239.92 1
5.14 246.62 1
5.15 257.2 1
5.16 280.35 1
5.17 295.08 1
5.18 320.65 1
5.19 305.32 1
5.2 287.35 1
5.21 255.65 1
5.22 225.6 1
