0.01 268.1 1
0.02 261.73 1
0.03 274.42 1
0.04 273.87 1
0.05 261.76 1
0.06 279.91 1
0.07 273.21 1
0.08 266.87 1
0.09 282.72 1
0.1 282.68 1
0.11 279.61 1
0.12 279.76 1
0.13 278.08 1
0.14 274.78 1
0.15 276.38 1
0.16 274.71 1
0.17 274.74 1
0.18 274.32 1
0.19 274.41 1
0.2 275.28 1
0.21 275.78 1
0.22 275.96 1
0.23 275.82 1
0.24 276.49 1
0.25 277.17 1
0.26 277.07 1
0.27 279.33 1
0.28 280.25 1
0.29 281.05 1
0.3 281.92 1
0.31 280.66 1
0.32 281.19 1
0.33 280.57 1
0.34 281.7 1
0.35 281.81 1
0.36 281.41 1
0.37 281.74 1
0.38 281.28 1
0.39 281.62 1
0.4 282.08 1
0.41 282.08 1
0.42 280.86 1
0.43 279.64 1
0.44 277.95 1
0.45 278.22 1
0.46 276.23 1
0.47 276.12 1
0.48 274.76 1
0.49 276.48 1
0.5 277.24 1
0.51 279.09 1
0.52 281.02 1
0.53 281.34 1
0.54 281.41 1
0.55 281.28 1
0.56 280.1 1
0.57 279.98 1
0.58 279.99 1
0.59 279.99 1
0.6 279.11 1
0.61 279.98 1
0.62 278.67 1
0.63 279.98 1
0.64 278.34 1
0.65 276.89 1
0.66 273.37 1
0.67 127.65 1
0.68 106.64 1
0.69 106.02 1
0.7 104.64 1
0.71 104.96 1
0.72 105.15 1
0.73 104.97 1
0.74 104.9 1
0.75 105.27 1
0.76 104.66 1
0.77 105.65 1
0.78 98.77 1
0.79 97.24 1
0.8 102.21 1
0.81 104.36 1
0.82 105.14 1
0.83 104.52 1
0.84 207.53 1
0.85 208.08 1
0.86 205.05 1
0.87 203.94 1
0.88 203.7 1
0.89 200.84 1
0.9 198.18 1
0.91 199.33 1
0.92 196.43 1
0.93 192.72 1
0.94 191.02 1
0.95 189.94 1
0.96 183.2 1
0.97 178.48 1
0.98 176.75 1
0.99 176.04 1
1.0 176.31 1
1.01 174.23 1
1.02 170.62 1
1.03 174.0 1
1.04 169.96 1
1.05 176.02 1
1.06 170.61 1
1.07 173.31 1
1.08 176.75 1
1.09 174.0 1
1.1 175.86 1
1.11 178.09 1
1.12 177.46 1
1.13 176.01 1
1.14 176.75 1
1.15 179.12 1
1.16 181.27 1
1.17 180.64 1
1.18 182.96 1
1.19 182.91 1
1.2 182.9 1
1.21 179.07 1
1.22 140.22 1
1.23 140.66 1
1.24 133.6 1
1.25 132.98 1
1.26 128.23 1
1.27 141.3 1
1.28 151.46 1
1.29 150.95 1
1.3 139.88 1
1.31 150.48 1
1.32 139.81 1
1.33 148.24 1
1.34 139.5 1
1.35 148.5 1
1.36 138.41 1
1.37 146.32 1
1.38 144.36 1
1.39 128.58 1
1.4 105.54 1
1.41 104.98 1
1.42 105.64 1
1.43 105.63 1
1.44 105.35 1
1.45 105.27 1
1.46 105.0 1
1.47 104.77 1
1.48 106.02 1
1.49 0.0 1
1.5 273.06 1
1.51 271.36 1
1.52 270.18 1
1.53 273.04 1
1.54 278.17 1
1.55 276.57 1
1.56 278.21 1
1.57 278.21 1
1.58 278.2 1
1.59 278.21 1
1.6 276.54 1
1.61 278.21 1
1.62 276.49 1
1.63 276.48 1
1.64 278.19 1
1.65 276.47 1
1.66 276.44 1
1.67 276.45 1
1.68 276.46 1
1.69 276.48 1
1.7 276.45 1
1.71 276.45 1
1.72 278.18 1
1.73 276.48 1
1.74 278.18 1
1.75 276.47 1
1.76 278.19 1
1.77 276.5 1
1.78 276.77 1
1.79 278.21 1
1.8 277.6 1
1.81 278.21 1
1.82 278.46 1
1.83 278.32 1
1.84 281.57 1
1.85 287.18 1
1.86 289.29 1
1.87 132.64 1
1.88 167.14 1
1.89 170.55 1
1.9 176.82 1
1.91 182.36 1
1.92 191.31 1
1.93 400.33 1
1.94 407.39 1
1.95 417.11 1
1.96 418.05 1
1.97 421.72 1
1.98 419.73 1
1.99 415.84 1
2.0 412.58 1
2.01 410.22 1
2.02 408.31 1
2.03 405.62 1
2.04 402.97 1
2.05 398.14 1
2.06 394.72 1
2.07 392.69 1
2.08 385.12 1
2.09 382.83 1
2.1 375.31 1
2.11 369.43 1
2.12 365.06 1
2.13 354.3 1
2.14 351.45 1
2.15 351.43 1
2.16 350.65 1
2.17 345.94 1
2.18 345.91 1
2.19 348.62 1
2.2 348.64 1
2.21 348.63 1
2.22 348.65 1
2.23 351.4 1
2.24 351.42 1
2.25 353.69 1
2.26 351.44 1
2.27 351.43 1
2.28 348.7 1
2.29 351.45 1
2.3 354.25 1
2.31 356.94 1
2.32 357.09 1
2.33 351.48 1
2.34 348.72 1
2.35 351.44 1
2.36 348.69 1
2.37 348.65 1
2.38 345.92 1
2.39 340.58 1
2.4 0.0 1
2.41 104.76 1
2.42 105.01 1
2.43 104.98 1
2.44 104.81 1
2.45 104.95 1
2.46 105.25 1
2.47 105.07 1
2.48 105.04 1
2.49 105.05 1
2.5 105.15 1
2.51 105.1 1
2.52 105.14 1
2.53 105.17 1
2.54 104.96 1
2.55 105.07 1
2.56 105.15 1
2.57 105.08 1
2.58 105.09 1
2.59 105.11 1
2.6 105.13 1
2.61 105.1 1
2.62 105.12 1
2.63 105.1 1
2.64 105.13 1
2.65 105.11 1
2.66 105.09 1
2.67 105.13 1
2.68 105.12 1
2.69 105.1 1
2.7 105.1 1
2.71 105.11 1
2.72 105.11 1
2.73 105.13 1
2.74 105.16 1
2.75 105.13 1
2.76 105.13 1
2.77 105.14 1
2.78 105.13 1
2.79 105.13 1
2.8 105.13 1
2.81 105.13 1
2.82 105.13 1
2.83 105.14 1
2.84 105.11 1
2.85 105.15 1
2.86 105.11 1
2.87 105.17 1
2.88 105.16 1
2.89 105.11 1
2.9 105.05 1
2.91 105.24 1
2.92 105.17 1
2.93 105.17 1
2.94 105.11 1
2.95 105.21 1
2.96 105.09 1
2.97 105.15 1
2.98 105.09 1
2.99 105.09 1
3.0 105.1 1
3.01 105.08 1
3.02 105.13 1
3.03 105.26 1
3.04 105.11 1
3.05 104.99 1
3.06 87.38 1
3.07 87.2 1
3.08 87.77 1
3.09 91.79 1
3.1 86.38 1
3.11 99.65 1
3.12 104.12 1
3.13 104.62 1
3.14 163.6 1
3.15 167.47 1
3.16 340.58 1
3.17 357.0 1
3.18 366.13 1
3.19 381.79 1
3.2 393.33 1
3.21 401.59 1
3.22 410.11 1
3.23 414.17 1
3.24 418.09 1
3.25 418.16 1
3.26 422.16 1
3.27 418.22 1
3.28 418.24 1
3.29 418.24 1
3.3 418.07 1
3.31 414.09 1
3.32 406.68 1
3.33 398.73 1
3.34 391.33 1
3.35 385.06 1
3.36 378.47 1
3.37 368.61 1
3.38 362.0 1
3.39 354.33 1
3.4 348.72 1
3.41 345.96 1
3.42 351.43 1
3.43 357.1 1
3.44 354.31 1
3.45 361.09 1
3.46 364.2 1
3.47 372.1 1
3.48 378.5 1
3.49 382.19 1
3.5 388.07 1
3.51 402.24 1
3.52 409.63 1
3.53 413.39 1
3.54 418.04 1
3.55 422.07 1
3.56 422.11 1
3.57 418.17 1
3.58 418.13 1
3.59 418.07 1
3.6 414.11 1
3.61 409.18 1
3.62 403.51 1
3.63 396.55 1
3.64 389.17 1
3.65 381.79 1
3.66 375.3 1
3.67 365.99 1
3.68 357.13 1
3.69 354.26 1
3.7 351.45 1
3.71 351.44 1
3.72 345.94 1
3.73 345.9 1
3.74 348.24 1
3.75 351.27 1
3.76 348.64 1
3.77 345.87 1
3.78 350.55 1
3.79 355.05 1
3.8 357.09 1
3.81 363.96 1
3.82 370.83 1
3.83 381.82 1
3.84 389.42 1
3.85 403.25 1
3.86 410.28 1
3.87 414.16 1
3.88 418.09 1
3.89 422.08 1
3.9 422.07 1
3.91 418.08 1
3.92 414.09 1
3.93 407.22 1
3.94 402.11 1
3.95 395.72 1
3.96 390.64 1
3.97 383.03 1
3.98 379.99 1
3.99 378.5 1
4.0 372.14 1
4.01 367.5 1
4.02 357.16 1
4.03 357.12 1
4.04 354.32 1
4.05 354.29 1
4.06 354.25 1
4.07 351.45 1
4.08 354.23 1
4.09 351.47 1
4.1 348.72 1
4.11 348.68 1
4.12 348.68 1
4.13 351.41 1
4.14 348.68 1
4.15 345.92 1
4.16 345.93 1
4.17 348.63 1
4.18 345.89 1
4.19 345.93 1
4.2 351.4 1
4.21 351.44 1
4.22 357.61 1
4.23 360.01 1
4.24 364.62 1
4.25 369.18 1
4.26 372.13 1
4.27 372.15 1
4.28 369.41 1
4.29 364.18 1
4.3 354.24 1
4.31 348.62 1
4.32 335.44 1
4.33 320.94 1
4.34 310.34 1
4.35 293.14 1
4.36 291.12 1
4.37 287.13 1
4.38 285.36 1
4.39 281.02 1
4.4 280.03 1
4.41 279.97 1
4.42 278.22 1
4.43 278.2 1
4.44 277.02 1
4.45 276.48 1
4.46 276.48 1
4.47 276.47 1
4.48 276.47 1
4.49 276.45 1
4.5 274.97 1
4.51 278.22 1
4.52 277.42 1
4.53 104.13 1
4.54 104.9 1
4.55 104.54 1
4.56 104.72 1
4.57 105.05 1
4.58 104.88 1
4.59 105.12 1
4.6 104.95 1
4.61 105.17 1
4.62 105.82 1
4.63 104.99 1
4.64 105.54 1
4.65 104.88 1
4.66 105.42 1
4.67 104.18 1
4.68 87.59 1
4.69 88.48 1
4.7 88.12 1
4.71 88.3 1
4.72 88.46 1
4.73 88.47 1
4.74 87.95 1
4.75 88.3 1
4.76 88.3 1
4.77 87.51 1
4.78 86.57 1
4.79 87.07 1
4.8 86.65 1
4.81 84.71 1
4.82 87.09 1
4.83 86.93 1
4.84 87.06 1
4.85 87.05 1
4.86 86.88 1
4.87 86.96 1
4.88 87.11 1
4.89 86.85 1
4.9 86.55 1
4.91 86.39 1
4.92 106.14 1
4.93 104.85 1
4.94 104.83 1
4.95 104.63 1
4.96 100.85 1
4.97 92.0 1
4.98 101.5 1
4.99 104.63 1
5.0 104.87 1
5.01 105.63 1
5.02 107.17 1
5.03 107.88 1
5.04 87.08 1
5.05 86.78 1
5.06 87.59 1
5.07 175.6 1
5.08 176.15 1
5.09 176.59 1
5.1 176.75 1
5.11 178.87 1
5.12 176.74 1
5.13 176.23 1
5.14 177.46 1
5.15 177.62 1
5.16 177.78 1
5.17 178.25 1
5.18 178.53 1
5.19 178.36 1
5.2 178.39 1
5.21 178.26 1
5.22 177.76 1
5.23 177.58 1
5.24 177.0 1
5.25 177.03 1
5.26 177.05 1
5.27 175.96 1
5.28 175.88 1
5.29 176.59 1
5.3 178.0 1
5.31 180.74 1
5.32 182.61 1
5.33 184.13 1
5.34 129.27 1
5.35 130.93 1
5.36 132.8 1
5.37 133.85 1
5.38 102.91 1
5.39 103.64 1
5.4 103.16 1
5.41 102.75 1
5.42 103.16 1
5.43 103.16 1
5.44 103.16 1
5.45 103.15 1
5.46 102.44 1
5.47 102.15 1
5.48 101.97 1
5.49 102.43 1
5.5 102.44 1
5.51 103.15 1
5.52 103.16 1
5.53 103.3 1
5.54 103.39 1
5.55 102.94 1
5.56 103.04 1
5.57 103.19 1
5.58 103.43 1
5.59 103.67 1
5.6 103.69 1
5.61 103.66 1
5.62 103.89 1
5.63 103.89 1
5.64 103.89 1
5.65 103.82 1
5.66 103.89 1
5.67 103.87 1
5.68 103.88 1
5.69 103.64 1
5.7 103.44 1
5.71 103.44 1
5.72 103.64 1
5.73 104.0 1
5.74 104.38 1
5.75 104.26 1
5.76 103.94 1
5.77 104.13 1
5.78 103.93 1
5.79 103.95 1
5.8 104.18 1
5.81 104.3 1
5.82 104.38 1
5.83 104.34 1
5.84 104.54 1
5.85 104.64 1
5.86 104.49 1
5.87 104.21 1
5.88 104.13 1
5.89 104.01 1
5.9 103.61 1
5.91 103.16 1
5.92 106.65 1
5.93 104.84 1
5.94 105.02 1
5.95 105.1 1
5.96 104.95 1
5.97 105.08 1
5.98 105.19 1
5.99 104.99 1
6.0 105.17 1
6.01 105.01 1
6.02 105.05 1
6.03 105.4 1
6.04 104.63 1
6.05 103.56 1
6.06 102.68 1
6.07 105.55 1
6.08 105.47 1
6.09 107.17 1
6.1 164.24 1
6.11 169.29 1
6.12 177.62 1
6.13 183.32 1
6.14 191.03 1
6.15 388.75 1
6.16 402.62 1
6.17 401.7 1
6.18 409.03 1
6.19 410.33 1
6.2 414.2 1
6.21 418.05 1
6.22 418.12 1
6.23 418.07 1
6.24 418.01 1
6.25 417.1 1
6.26 414.14 1
6.27 414.38 1
6.28 406.61 1
6.29 399.29 1
6.3 392.36 1
6.31 385.14 1
6.32 378.46 1
6.33 368.98 1
6.34 354.38 1
6.35 346.04 1
6.36 340.58 1
6.37 343.21 1
6.38 338.31 1
6.39 344.65 1
6.4 343.23 1
6.41 348.67 1
6.42 362.24 1
6.43 372.15 1
6.44 381.75 1
6.45 388.35 1
6.46 398.14 1
6.47 403.54 1
6.48 410.93 1
6.49 413.64 1
6.5 414.16 1
6.51 414.09 1
6.52 412.14 1
6.53 409.17 1
6.54 407.26 1
6.55 404.48 1
6.56 399.37 1
6.57 395.12 1
6.58 392.44 1
6.59 384.48 1
6.6 381.8 1
6.61 378.49 1
6.62 372.04 1
6.63 362.69 1
6.64 360.04 1
6.65 351.5 1
6.66 343.36 1
6.67 346.0 1
6.68 351.3 1
6.69 345.96 1
6.7 343.29 1
6.71 351.45 1
6.72 354.26 1
6.73 359.59 1
6.74 369.15 1
6.75 378.51 1
6.76 382.14 1
6.77 392.16 1
6.78 403.43 1
6.79 408.55 1
6.8 414.15 1
6.81 414.17 1
6.82 410.25 1
6.83 404.13 1
6.84 393.16 1
6.85 381.77 1
6.86 375.3 1
6.87 368.15 1
6.88 363.79 1
6.89 360.02 1
6.9 178.55 1
6.91 177.46 1
6.92 177.08 1
6.93 176.26 1
6.94 175.43 1
6.95 173.38 1
6.96 172.29 1
6.97 171.94 1
6.98 171.27 1
6.99 171.78 1
7.0 170.91 1
7.01 172.26 1
7.02 171.93 1
7.03 172.61 1
7.04 173.32 1
7.05 173.78 1
7.06 173.42 1
7.07 171.95 1
7.08 169.49 1
7.09 166.46 1
7.1 159.48 1
7.11 150.77 1
7.12 142.85 1
7.13 140.66 1
7.14 139.77 1
7.15 141.12 1
7.16 143.32 1
7.17 144.86 1
7.18 130.38 1
7.19 132.64 1
7.2 131.09 1
7.21 133.9 1
7.22 134.66 1
7.23 136.2 1
7.24 136.75 1
7.25 137.29 1
7.26 136.05 1
7.27 139.43 1
7.28 137.85 1
7.29 138.46 1
7.3 140.78 1
7.31 140.21 1
7.32 140.22 1
7.33 140.67 1
7.34 140.22 1
7.35 137.55 1
7.36 135.61 1
7.37 132.55 1
7.38 131.06 1
7.39 130.28 1
7.4 105.04 1
7.41 105.62 1
7.42 105.16 1
7.43 107.15 1
7.44 105.39 1
7.45 106.39 1
7.46 105.04 1
7.47 105.88 1
7.48 106.13 1
7.49 118.52 1
7.5 278.2 1
7.51 278.21 1
7.52 279.99 1
7.53 279.08 1
7.54 278.83 1
7.55 278.23 1
7.56 276.88 1
7.57 276.47 1
7.58 276.46 1
7.59 276.47 1
7.6 276.47 1
7.61 274.76 1
7.62 273.04 1
7.63 269.72 1
7.64 268.7 1
7.65 271.35 1
7.66 266.79 1
7.67 267.52 1
7.68 269.7 1
7.69 269.71 1
7.7 271.37 1
7.71 273.03 1
7.72 273.04 1
7.73 274.74 1
7.74 278.19 1
7.75 278.21 1
7.76 278.21 1
7.77 278.22 1
7.78 279.97 1
7.79 279.97 1
7.8 278.63 1
7.81 278.3 1
7.82 278.22 1
7.83 277.04 1
7.84 278.2 1
7.85 276.49 1
7.86 278.2 1
7.87 276.49 1
7.88 278.21 1
7.89 278.22 1
7.9 278.23 1
7.91 278.86 1
7.92 279.98 1
7.93 279.99 1
7.94 279.98 1
7.95 278.4 1
7.96 278.23 1
7.97 278.22 1
7.98 276.75 1
7.99 278.2 1
8.0 277.18 1
8.01 279.17 1
8.02 280.0 1
8.03 278.58 1
8.04 274.36 1
8.05 271.28 1
8.06 104.73 1
8.07 105.12 1
8.08 104.94 1
8.09 104.87 1
8.1 104.81 1
8.11 104.95 1
8.12 105.19 1
8.13 104.87 1
8.14 106.65 1
8.15 214.59 1
8.16 206.58 1
8.17 209.5 1
8.18 216.66 1
8.19 218.11 1
8.2 221.02 1
8.21 225.63 1
8.22 233.97 1
8.23 242.15 1
8.24 249.73 1
8.25 254.19 1
8.26 264.87 1
8.27 273.05 1
8.28 278.21 1
8.29 280.0 1
8.3 282.65 1
8.31 283.06 1
8.32 280.99 1
8.33 278.22 1
8.34 274.74 1
8.35 269.7 1
8.36 260.21 1
8.37 255.69 1
8.38 253.3 1
8.39 251.36 1
8.4 245.68 1
8.41 244.31 1
8.42 241.62 1
8.43 235.35 1
8.44 235.06 1
8.45 226.78 1
8.46 232.73 1
8.47 235.06 1
8.48 232.72 1
8.49 237.68 1
8.5 239.72 1
8.51 246.4 1
8.52 251.85 1
8.53 255.67 1
8.54 260.19 1
8.55 274.75 1
8.56 278.25 1
8.57 283.59 1
8.58 287.2 1
8.59 284.42 1
8.6 286.17 1
8.61 283.32 1
8.62 278.23 1
8.63 276.46 1
8.64 257.16 1
8.65 253.63 1
8.66 249.03 1
8.67 244.31 1
8.68 242.93 1
8.69 235.34 1
8.7 230.35 1
8.71 230.13 1
8.72 227.94 1
8.73 226.74 1
8.74 226.75 1
8.75 225.59 1
8.76 227.93 1
8.77 229.87 1
8.78 236.43 1
8.79 240.31 1
8.8 244.84 1
8.81 249.05 1
8.82 254.37 1
8.83 255.66 1
8.84 268.73 1
8.85 255.66 1
8.86 266.44 1
8.87 268.08 1
8.88 270.0 1
8.89 290.31 1
8.9 283.39 1
8.91 277.04 1
8.92 276.46 1
8.93 276.46 1
8.94 276.47 1
8.95 278.22 1
8.96 278.22 1
8.97 278.22 1
8.98 278.23 1
8.99 278.49 1
9.0 278.22 1
9.01 276.47 1
9.02 273.05 1
9.03 264.9 1
9.04 266.47 1
9.05 261.73 1
9.06 257.18 1
9.07 254.18 1
9.08 253.64 1
9.09 249.62 1
9.1 248.04 1
9.11 247.96 1
9.12 246.9 1
9.13 247.05 1
9.14 246.13 1
9.15 244.96 1
9.16 248.4 1
9.17 247.56 1
9.18 249.57 1
9.19 251.41 1
9.2 252.6 1
9.21 253.54 1
9.22 255.66 1
9.23 286.04 1
9.24 294.58 1
9.25 291.15 1
9.26 283.37 1
9.27 254.23 1
9.28 232.22 1
9.29 229.09 1
9.3 227.91 1
9.31 226.74 1
9.32 225.39 1
9.33 224.58 1
9.34 226.74 1
9.35 225.58 1
9.36 227.35 1
9.37 225.6 1
9.38 226.75 1
9.39 229.1 1
9.4 227.93 1
9.41 227.93 1
9.42 229.11 1
9.43 230.31 1
9.44 233.96 1
9.45 235.01 1
9.46 234.7 1
9.47 236.46 1
9.48 240.3 1
9.49 238.1 1
9.5 236.39 1
9.51 238.2 1
9.52 240.32 1
9.53 240.06 1
9.54 242.29 1
9.55 244.31 1
9.56 108.97 1
9.57 105.09 1
9.58 104.94 1
9.59 105.08 1
9.6 105.04 1
9.61 104.83 1
9.62 104.91 1
9.63 104.72 1
9.64 103.69 1
9.65 101.03 1
9.66 101.24 1
9.67 101.5 1
9.68 102.44 1
9.69 102.76 1
9.7 103.01 1
9.71 102.4 1
9.72 102.21 1
9.73 102.55 1
9.74 102.44 1
9.75 101.74 1
9.76 102.2 1
9.77 102.56 1
9.78 102.9 1
9.79 102.92 1
9.8 103.4 1
9.81 103.64 1
9.82 104.13 1
9.83 103.64 1
9.84 104.13 1
9.85 104.13 1
9.86 104.29 1
9.87 103.97 1
9.88 103.16 1
9.89 104.95 1
9.9 104.64 1
9.91 104.82 1
9.92 104.98 1
9.93 105.04 1
9.94 105.1 1
9.95 105.12 1
9.96 105.47 1
9.97 76.1 1
9.98 76.49 1
9.99 76.98 1
10.0 76.49 1
10.01 76.89 1
10.02 77.03 1
10.03 76.49 1
10.04 58.53 1
10.05 58.19 1
10.06 58.3 1
10.07 58.58 1
10.08 58.57 1
10.09 58.17 1
10.1 58.56 1
10.11 58.68 1
10.12 59.12 1
10.13 59.08 1
10.14 59.32 1
10.15 59.39 1
10.16 59.18 1
10.17 59.48 1
10.18 58.93 1
10.19 59.08 1
10.2 122.18 1
10.21 241.65 1
10.22 245.34 1
10.23 242.19 1
10.24 236.45 1
10.25 239.15 1
10.26 251.06 1
10.27 247.02 1
10.28 247.0 1
10.29 251.22 1
10.3 248.42 1
10.31 247.0 1
10.32 248.4 1
10.33 247.04 1
10.34 247.03 1
10.35 245.63 1
10.36 249.0 1
10.37 247.0 1
10.38 242.96 1
10.39 242.95 1
10.4 247.01 1
10.41 243.59 1
10.42 240.91 1
10.43 238.9 1
10.44 241.61 1
10.45 235.37 1
10.46 245.58 1
10.47 233.96 1
10.48 240.39 1
10.49 240.3 1
10.5 232.72 1
10.51 241.63 1
10.52 240.32 1
10.53 242.96 1
10.54 238.27 1
10.55 237.87 1
10.56 235.74 1
10.57 239.01 1
10.58 104.88 1
10.59 105.17 1
10.6 105.1 1
10.61 105.19 1
10.62 105.88 1
10.63 242.95 1
10.64 230.32 1
10.65 239.51 1
10.66 238.78 1
10.67 241.64 1
10.68 242.09 1
10.69 245.15 1
10.7 248.25 1
10.71 249.45 1
10.72 250.28 1
10.73 251.53 1
10.74 250.29 1
10.75 247.43 1
10.76 245.24 1
10.77 242.95 1
10.78 233.97 1
10.79 228.38 1
10.8 226.09 1
10.81 219.12 1
10.82 218.85 1
10.83 217.76 1
10.84 105.47 1
10.85 105.15 1
10.86 105.02 1
10.87 104.92 1
10.88 104.38 1
10.89 104.13 1
10.9 104.57 1
10.91 104.71 1
10.92 104.66 1
10.93 105.36 1
10.94 104.95 1
10.95 105.32 1
10.96 105.79 1
10.97 106.13 1
10.98 236.47 1
10.99 227.91 1
11.0 230.23 1
11.01 236.45 1
11.02 235.69 1
11.03 236.62 1
11.04 237.57 1
11.05 235.95 1
11.06 236.44 1
11.07 235.09 1
11.08 231.51 1
11.09 232.13 1
11.1 232.72 1
11.11 229.11 1
11.12 230.31 1
11.13 230.31 1
11.14 230.3 1
11.15 231.5 1
11.16 232.51 1
11.17 232.73 1
11.18 235.03 1
11.19 233.66 1
11.2 232.73 1
11.21 234.87 1
11.22 235.17 1
11.23 233.96 1
11.24 233.64 1
11.25 232.73 1
11.26 231.5 1
11.27 241.59 1
11.28 225.59 1
11.29 213.7 1
11.3 249.89 1
11.31 233.94 1
11.32 224.47 1
11.33 233.57 1
11.34 239.0 1
11.35 241.64 1
11.36 244.31 1
11.37 242.97 1
11.38 240.31 1
11.39 235.9 1
11.4 233.98 1
11.41 235.87 1
11.42 239.5 1
11.43 240.31 1
11.44 237.77 1
11.45 237.26 1
11.46 238.0 1
11.47 242.97 1
11.48 241.54 1
11.49 242.96 1
11.5 243.22 1
11.51 247.59 1
11.52 251.18 1
11.53 252.65 1
11.54 126.73 1
11.55 129.13 1
11.56 130.73 1
11.57 128.02 1
11.58 105.52 1
11.59 105.63 1
11.6 105.12 1
11.61 104.95 1
11.62 105.22 1
11.63 105.26 1
11.64 105.07 1
