0.01 104.98 1
0.02 105.06 1
0.03 105.01 1
0.04 105.13 1
0.05 106.18 1
0.06 102.22 1
0.07 105.24 1
0.08 105.19 1
0.09 104.61 1
0.1 218.83 1
0.11 225.54 1
0.12 228.75 1
0.13 226.74 1
0.14 228.79 1
0.15 229.57 1
0.16 228.81 1
0.17 230.44 1
0.18 231.5 1
0.19 232.72 1
0.2 233.03 1
0.21 234.01 1
0.22 231.94 1
0.23 230.27 1
0.24 236.46 1
0.25 234.21 1
0.26 243.03 1
0.27 249.46 1
0.28 255.66 1
0.29 276.52 1
0.3 295.12 1
0.31 317.9 1
0.32 291.26 1
0.33 286.37 1
0.34 258.67 1
0.35 246.78 1
0.36 244.32 1
0.37 255.68 1
0.38 242.97 1
0.39 249.89 1
0.4 274.75 1
0.41 271.36 1
0.42 274.75 1
0.43 275.48 1
0.44 276.47 1
0.45 276.47 1
0.46 276.98 1
0.47 279.75 1
0.48 280.0 1
0.49 278.88 1
0.5 278.21 1
0.51 276.46 1
0.52 274.73 1
0.53 272.27 1
0.54 278.12 1
0.55 278.18 1
0.56 125.1 1
0.57 104.69 1
0.58 104.82 1
0.59 105.01 1
0.6 88.58 1
0.61 70.0 1
0.62 70.61 1
0.63 70.43 1
0.64 71.19 1
0.65 70.35 1
0.66 71.02 1
0.67 70.17 1
0.68 70.17 1
0.69 69.29 1
0.7 69.95 1
0.71 80.25 1
0.72 79.98 1
0.73 77.29 1
0.74 76.49 1
0.75 74.51 1
0.76 74.56 1
0.77 76.43 1
0.78 75.29 1
0.79 78.4 1
0.8 77.98 1
0.81 104.99 1
0.82 105.89 1
0.83 104.87 1
0.84 105.31 1
0.85 105.43 1
0.86 105.32 1
0.87 104.8 1
0.88 105.32 1
0.89 105.2 1
0.9 105.3 1
0.91 105.01 1
0.92 105.69 1
0.93 105.48 1
0.94 106.14 1
0.95 105.22 1
0.96 104.13 1
0.97 110.92 1
0.98 102.44 1
0.99 102.33 1
1.0 104.87 1
1.01 105.38 1
1.02 104.15 1
1.03 104.37 1
1.04 101.74 1
1.05 112.07 1
1.06 103.89 1
1.07 105.61 1
1.08 104.89 1
1.09 105.36 1
1.1 104.88 1
1.11 106.01 1
1.12 102.44 1
1.13 86.31 1
1.14 86.22 1
1.15 87.39 1
1.16 87.76 1
1.17 89.0 1
1.18 100.86 1
1.19 101.26 1
1.2 101.73 1
1.21 101.8 1
1.22 102.53 1
1.23 102.49 1
1.24 102.16 1
1.25 101.5 1
1.26 106.65 1
1.27 103.87 1
1.28 104.89 1
1.29 104.39 1
1.3 105.95 1
1.31 109.87 1
1.32 110.85 1
1.33 111.05 1
1.34 110.85 1
1.35 113.37 1
1.36 119.68 1
1.37 127.15 1
1.38 109.02 1
1.39 105.2 1
1.4 105.35 1
1.41 105.92 1
1.42 105.98 1
1.43 103.17 1
1.44 105.48 1
1.45 105.48 1
1.46 83.13 1
1.47 82.48 1
1.48 83.19 1
1.49 81.29 1
1.5 81.44 1
1.51 81.74 1
1.52 81.68 1
1.53 81.97 1
1.54 82.66 1
1.55 82.66 1
1.56 82.51 1
1.57 82.2 1
1.58 82.75 1
1.59 79.96 1
1.6 86.16 1
1.61 104.73 1
1.62 104.96 1
1.63 105.64 1
1.64 104.88 1
1.65 105.13 1
1.66 105.02 1
1.67 104.56 1
1.68 104.58 1
1.69 103.07 1
1.7 102.44 1
1.71 103.89 1
1.72 104.82 1
1.73 105.64 1
1.74 106.14 1
1.75 106.14 1
1.76 106.14 1
1.77 106.05 1
1.78 105.7 1
1.79 105.79 1
1.8 105.8 1
1.81 105.59 1
1.82 105.41 1
1.83 105.68 1
1.84 105.77 1
1.85 105.82 1
1.86 105.8 1
1.87 105.51 1
1.88 105.33 1
1.89 105.24 1
1.9 104.93 1
1.91 104.63 1
1.92 104.38 1
1.93 104.13 1
1.94 104.13 1
1.95 104.32 1
1.96 105.33 1
1.97 105.45 1
1.98 105.01 1
1.99 103.16 1
2.0 102.2 1
2.01 104.45 1
2.02 103.95 1
2.03 104.63 1
2.04 102.92 1
2.05 104.13 1
2.06 104.55 1
2.07 105.78 1
2.08 107.43 1
2.09 117.03 1
2.1 134.66 1
2.11 128.75 1
2.12 131.83 1
2.13 129.82 1
2.14 105.53 1
2.15 106.13 1
2.16 105.08 1
2.17 104.86 1
2.18 105.48 1
2.19 104.47 1
2.2 104.71 1
2.21 104.7 1
2.22 103.46 1
2.23 103.4 1
2.24 104.55 1
2.25 105.74 1
2.26 106.38 1
2.27 106.65 1
2.28 106.65 1
2.29 105.91 1
2.3 104.64 1
2.31 101.97 1
2.32 105.97 1
2.33 105.46 1
2.34 105.8 1
2.35 105.63 1
2.36 104.45 1
2.37 88.07 1
2.38 88.47 1
2.39 88.46 1
2.4 89.18 1
2.41 87.68 1
2.42 88.44 1
2.43 88.11 1
2.44 87.04 1
2.45 87.46 1
2.46 104.65 1
2.47 105.19 1
2.48 104.83 1
2.49 103.9 1
2.5 104.54 1
2.51 105.16 1
2.52 104.63 1
2.53 104.77 1
2.54 105.27 1
2.55 105.15 1
2.56 104.9 1
2.57 105.06 1
2.58 105.08 1
2.59 104.88 1
2.6 104.97 1
2.61 105.3 1
2.62 105.09 1
2.63 105.2 1
2.64 105.19 1
2.65 105.17 1
2.66 105.17 1
2.67 105.2 1
2.68 105.04 1
2.69 105.34 1
2.7 105.11 1
2.71 104.98 1
2.72 105.17 1
2.73 104.14 1
2.74 105.17 1
2.75 104.88 1
2.76 105.46 1
2.77 105.05 1
2.78 105.15 1
2.79 105.39 1
2.8 105.08 1
2.81 105.14 1
2.82 105.15 1
2.83 105.24 1
2.84 105.04 1
2.85 105.11 1
2.86 105.63 1
2.87 104.4 1
2.88 107.95 1
2.89 109.34 1
2.9 110.0 1
2.91 109.56 1
2.92 109.42 1
2.93 109.97 1
2.94 108.84 1
2.95 106.65 1
2.96 104.46 1
2.97 134.06 1
2.98 104.14 1
2.99 105.61 1
3.0 105.26 1
3.01 105.1 1
3.02 105.22 1
3.03 105.32 1
3.04 105.05 1
3.05 105.22 1
3.06 104.94 1
3.07 104.68 1
3.08 86.22 1
3.09 86.75 1
3.1 86.85 1
3.11 87.02 1
3.12 86.87 1
3.13 86.22 1
3.14 105.07 1
3.15 105.19 1
3.16 105.09 1
3.17 105.06 1
3.18 105.22 1
3.19 105.07 1
3.2 105.1 1
3.21 104.56 1
3.22 104.73 1
3.23 105.25 1
3.24 106.27 1
3.25 106.21 1
3.26 105.95 1
3.27 105.98 1
3.28 106.04 1
3.29 105.59 1
3.3 105.09 1
3.31 104.83 1
3.32 104.41 1
3.33 103.75 1
3.34 104.16 1
3.35 104.81 1
3.36 104.94 1
3.37 104.97 1
3.38 105.34 1
3.39 109.56 1
3.4 118.59 1
3.41 118.11 1
3.42 127.65 1
3.43 124.75 1
3.44 124.05 1
3.45 105.19 1
3.46 104.93 1
3.47 105.64 1
3.48 104.86 1
3.49 105.23 1
3.5 105.04 1
3.51 105.33 1
3.52 105.07 1
3.53 105.1 1
3.54 105.13 1
3.55 105.06 1
3.56 105.12 1
3.57 105.03 1
3.58 105.11 1
3.59 105.2 1
3.6 105.12 1
3.61 105.07 1
3.62 105.09 1
3.63 105.09 1
3.64 105.09 1
3.65 105.08 1
3.66 105.15 1
3.67 105.09 1
3.68 105.12 1
3.69 105.14 1
3.7 105.03 1
3.71 105.2 1
3.72 105.08 1
3.73 105.11 1
3.74 105.01 1
3.75 105.17 1
3.76 105.15 1
3.77 105.1 1
3.78 105.12 1
3.79 105.14 1
3.8 105.11 1
3.81 105.18 1
3.82 105.15 1
3.83 105.1 1
3.84 105.11 1
3.85 105.13 1
3.86 105.08 1
3.87 105.12 1
3.88 105.09 1
3.89 104.9 1
3.9 105.97 1
3.91 78.9 1
3.92 77.98 1
3.93 78.12 1
3.94 77.98 1
3.95 78.51 1
3.96 78.68 1
3.97 78.41 1
3.98 77.85 1
3.99 78.15 1
4.0 75.71 1
4.01 105.37 1
4.02 104.88 1
4.03 105.7 1
4.04 104.61 1
4.05 106.12 1
4.06 120.94 1
4.07 118.71 1
4.08 123.35 1
4.09 123.01 1
4.1 124.37 1
4.11 125.58 1
4.12 124.99 1
4.13 125.02 1
4.14 125.25 1
4.15 125.43 1
4.16 124.45 1
4.17 120.25 1
4.18 107.01 1
4.19 105.45 1
4.2 105.31 1
4.21 105.72 1
4.22 105.49 1
4.23 0.0 1
4.24 0.0 1
4.25 101.97 1
4.26 101.9 1
4.27 101.15 1
4.28 101.03 1
4.29 101.27 1
4.3 103.2 1
4.31 104.57 1
4.32 105.07 1
4.33 105.5 1
4.34 105.66 1
4.35 105.53 1
4.36 104.91 1
4.37 104.22 1
4.38 103.4 1
4.39 104.8 1
4.4 105.38 1
4.41 105.27 1
4.42 0.0 1
4.43 0.0 1
4.44 218.87 1
4.45 226.55 1
4.46 241.19 1
4.47 255.69 1
4.48 254.18 1
4.49 235.95 1
4.5 254.18 1
4.51 236.29 1
4.52 259.84 1
4.53 254.22 1
4.54 253.04 1
4.55 245.7 1
4.56 266.48 1
4.57 271.11 1
4.58 250.68 1
4.59 240.85 1
4.6 250.26 1
4.61 252.12 1
4.62 249.76 1
4.63 255.68 1
4.64 268.48 1
4.65 288.49 1
4.66 0.0 1
4.67 0.0 1
4.68 0.0 1
4.69 275.91 1
4.7 263.81 1
4.71 258.66 1
4.72 254.15 1
4.73 260.19 1
4.74 258.88 1
4.75 253.58 1
4.76 263.3 1
4.77 271.05 1
4.78 272.88 1
4.79 274.75 1
4.8 276.05 1
4.81 278.22 1
4.82 278.48 1
4.83 280.27 1
4.84 280.7 1
4.85 280.4 1
4.86 279.88 1
4.87 278.26 1
4.88 275.74 1
4.89 272.95 1
4.9 254.22 1
4.91 273.04 1
4.92 294.47 1
4.93 293.31 1
4.94 289.4 1
4.95 295.06 1
4.96 327.83 1
4.97 336.81 1
4.98 356.77 1
4.99 365.64 1
5.0 381.79 1
5.01 378.54 1
5.02 364.81 1
5.03 142.95 1
5.04 135.48 1
5.05 136.51 1
5.06 132.23 1
5.07 138.89 1
5.08 135.24 1
5.09 135.92 1
5.1 137.72 1
5.11 138.89 1
5.12 140.21 1
5.13 139.34 1
5.14 140.22 1
5.15 140.66 1
5.16 138.58 1
5.17 135.49 1
5.18 132.75 1
5.19 254.22 1
5.2 252.77 1
5.21 247.07 1
5.22 212.49 1
5.23 224.44 1
5.24 224.45 1
5.25 230.31 1
5.26 227.91 1
5.27 231.9 1
5.28 235.87 1
5.29 238.02 1
5.3 240.54 1
5.31 243.34 1
5.32 249.54 1
5.33 250.08 1
5.34 247.31 1
5.35 245.78 1
5.36 225.58 1
5.37 105.46 1
5.38 104.37 1
5.39 105.63 1
5.4 109.54 1
5.41 111.79 1
5.42 113.52 1
5.43 113.22 1
5.44 123.94 1
5.45 130.89 1
5.46 128.01 1
5.47 129.51 1
5.48 129.88 1
5.49 128.67 1
5.5 105.38 1
5.51 105.63 1
5.52 105.37 1
5.53 104.8 1
5.54 105.18 1
5.55 105.38 1
5.56 105.13 1
5.57 103.64 1
5.58 104.41 1
5.59 104.78 1
5.6 104.52 1
5.61 103.73 1
5.62 103.64 1
5.63 103.64 1
5.64 103.82 1
5.65 104.29 1
5.66 104.39 1
5.67 104.43 1
5.68 105.09 1
