0.01 268.76 1
0.02 287.38 1
0.03 282.79 1
0.04 283.25 1
0.05 280.94 1
0.06 285.46 1
0.07 293.03 1
0.08 295.06 1
0.09 297.06 1
0.1 300.19 1
0.11 299.96 1
0.12 299.78 1
0.13 299.08 1
0.14 297.18 1
0.15 298.74 1
0.16 297.02 1
0.17 297.01 1
0.18 296.6 1
0.19 294.81 1
0.2 294.34 1
0.21 294.56 1
0.22 293.08 1
0.23 294.41 1
0.24 294.45 1
0.25 294.3 1
0.26 294.55 1
0.27 295.4 1
0.28 296.05 1
0.29 296.89 1
0.3 297.04 1
0.31 299.03 1
0.32 299.22 1
0.33 303.32 1
0.34 309.5 1
0.35 313.01 1
0.36 319.19 1
0.37 329.62 1
0.38 339.26 1
0.39 346.06 1
0.4 355.31 1
0.41 357.24 1
0.42 358.88 1
0.43 355.81 1
0.44 343.52 1
0.45 348.63 1
0.46 340.75 1
0.47 340.61 1
0.48 340.71 1
0.49 343.49 1
0.5 349.02 1
0.51 363.29 1
0.52 377.19 1
0.53 194.31 1
0.54 196.46 1
0.55 196.1 1
0.56 202.85 1
0.57 191.86 1
0.58 188.97 1
0.59 186.59 1
0.6 183.26 1
0.61 182.52 1
0.62 183.33 1
0.63 186.0 1
0.64 182.17 1
0.65 195.67 1
0.66 194.58 1
0.67 204.99 1
0.68 204.69 1
0.69 205.49 1
0.7 202.76 1
0.71 199.96 1
0.72 193.87 1
0.73 195.47 1
0.74 193.88 1
0.75 189.82 1
0.76 345.77 1
0.77 334.78 1
0.78 322.84 1
0.79 378.88 1
0.8 332.71 1
0.81 316.09 1
0.82 311.58 1
0.83 305.15 1
0.84 301.26 1
0.85 311.42 1
0.86 319.12 1
0.87 328.05 1
0.88 343.72 1
0.89 372.17 1
0.9 392.01 1
0.91 406.74 1
0.92 410.41 1
0.93 410.34 1
0.94 406.2 1
0.95 396.13 1
0.96 350.23 1
0.97 366.59 1
0.98 362.03 1
0.99 346.5 1
1.0 354.31 1
1.01 365.28 1
1.02 360.67 1
1.03 381.3 1
1.04 386.82 1
1.05 396.23 1
1.06 399.95 1
1.07 400.26 1
1.08 395.6 1
1.09 386.64 1
1.1 348.51 1
1.11 343.27 1
1.12 341.61 1
1.13 331.95 1
1.14 329.03 1
1.15 328.31 1
1.16 328.97 1
1.17 331.44 1
1.18 330.71 1
1.19 329.36 1
1.2 329.06 1
1.21 330.77 1
1.22 331.14 1
1.23 331.16 1
1.24 333.12 1
1.25 334.61 1
1.26 332.33 1
1.27 283.84 1
1.28 307.12 1
1.29 285.21 1
1.3 328.11 1
1.31 284.06 1
1.32 281.77 1
1.33 279.81 1
1.34 276.41 1
1.35 274.11 1
1.36 278.18 1
1.37 279.98 1
1.38 282.65 1
1.39 286.32 1
1.4 289.26 1
1.41 290.72 1
1.42 292.21 1
1.43 291.1 1
1.44 290.9 1
1.45 288.58 1
1.46 283.65 1
1.47 278.22 1
1.48 269.69 1
1.49 258.71 1
1.5 250.52 1
1.51 240.12 1
1.52 240.2 1
1.53 241.49 1
1.54 243.33 1
1.55 251.74 1
1.56 258.66 1
1.57 270.65 1
1.58 280.03 1
1.59 281.16 1
1.6 282.78 1
1.61 278.83 1
1.62 273.19 1
1.63 267.16 1
1.64 260.22 1
1.65 252.0 1
1.66 242.07 1
1.67 236.54 1
1.68 222.27 1
1.69 230.43 1
1.7 245.88 1
1.71 252.18 1
1.72 245.92 1
1.73 251.93 1
1.74 258.66 1
1.75 258.73 1
1.76 266.48 1
1.77 268.5 1
1.78 264.87 1
1.79 258.11 1
1.8 250.74 1
1.81 241.02 1
1.82 235.99 1
1.83 225.59 1
1.84 220.46 1
1.85 218.19 1
1.86 217.77 1
1.87 217.74 1
1.88 216.76 1
1.89 217.05 1
1.9 218.83 1
1.91 217.8 1
1.92 218.83 1
1.93 218.84 1
1.94 218.08 1
1.95 219.16 1
1.96 217.77 1
1.97 217.75 1
1.98 217.76 1
1.99 216.7 1
2.0 216.7 1
2.01 219.2 1
2.02 221.71 1
2.03 226.01 1
2.04 231.53 1
2.05 240.13 1
2.06 246.33 1
2.07 248.41 1
2.08 249.45 1
2.09 246.3 1
2.1 245.19 1
2.11 244.6 1
2.12 244.69 1
2.13 244.28 1
2.14 243.28 1
2.15 243.5 1
2.16 242.59 1
2.17 243.38 1
2.18 242.99 1
2.19 243.57 1
2.2 242.51 1
2.21 241.9 1
2.22 241.62 1
2.23 241.99 1
2.24 242.9 1
2.25 242.95 1
2.26 242.96 1
2.27 244.24 1
2.28 244.01 1
2.29 244.25 1
2.3 242.12 1
2.31 244.14 1
2.32 238.97 1
2.33 235.97 1
2.34 230.46 1
2.35 229.19 1
2.36 231.57 1
2.37 238.91 1
2.38 244.49 1
2.39 250.65 1
2.4 261.78 1
2.41 274.32 1
2.42 283.83 1
2.43 288.46 1
2.44 288.91 1
2.45 289.19 1
2.46 285.25 1
2.47 279.99 1
2.48 273.02 1
2.49 269.65 1
2.5 258.67 1
2.51 253.69 1
2.52 245.9 1
2.53 189.73 1
2.54 239.49 1
2.55 241.11 1
2.56 242.61 1
2.57 248.96 1
2.58 249.36 1
2.59 240.94 1
2.6 239.02 1
2.61 0.0 1
2.62 0.0 1
2.63 0.0 1
2.64 0.0 1
2.65 0.0 1
2.66 0.0 1
2.67 0.0 1
2.68 0.0 1
2.69 0.0 1
2.7 0.0 1
2.71 0.0 1
2.72 0.0 1
2.73 0.0 1
2.74 304.37 1
2.75 299.92 1
2.76 300.45 1
2.77 298.56 1
2.78 298.94 1
2.79 300.03 1
2.8 299.85 1
2.81 298.14 1
2.82 297.72 1
2.83 296.11 1
2.84 293.16 1
2.85 292.53 1
2.86 292.29 1
2.87 293.66 1
2.88 294.13 1
2.89 294.66 1
2.9 294.92 1
2.91 294.64 1
2.92 293.11 1
2.93 293.04 1
2.94 292.16 1
2.95 292.28 1
2.96 292.17 1
2.97 292.76 1
2.98 293.45 1
2.99 293.11 1
3.0 293.19 1
3.01 295.03 1
3.02 293.12 1
3.03 294.71 1
3.04 292.63 1
3.05 290.11 1
3.06 285.19 1
3.07 278.71 1
3.08 272.77 1
3.09 265.34 1
3.1 257.92 1
3.11 252.35 1
3.12 248.36 1
3.13 245.47 1
3.14 242.29 1
3.15 240.09 1
3.16 241.68 1
3.17 243.83 1
3.18 245.73 1
3.19 253.9 1
3.2 255.68 1
3.21 255.64 1
3.22 254.19 1
3.23 248.02 1
3.24 263.29 1
3.25 266.43 1
3.26 271.7 1
3.27 285.8 1
3.28 283.48 1
3.29 277.8 1
3.3 254.48 1
3.31 264.72 1
3.32 252.54 1
3.33 248.5 1
3.34 243.06 1
3.35 239.2 1
3.36 239.19 1
3.37 240.18 1
3.38 243.63 1
3.39 251.16 1
3.4 258.68 1
3.41 257.39 1
3.42 281.85 1
3.43 298.33 1
3.44 305.36 1
3.45 320.44 1
3.46 329.84 1
3.47 335.65 1
3.48 330.68 1
3.49 337.3 1
3.5 338.42 1
3.51 337.62 1
3.52 332.49 1
3.53 324.17 1
3.54 329.98 1
3.55 327.19 1
3.56 327.77 1
3.57 327.79 1
3.58 321.08 1
3.59 322.77 1
3.6 316.02 1
3.61 307.58 1
3.62 295.3 1
3.63 291.2 1
3.64 287.32 1
3.65 286.0 1
3.66 286.98 1
3.67 288.3 1
3.68 288.38 1
3.69 288.17 1
3.7 288.73 1
3.71 289.93 1
3.72 289.17 1
3.73 281.8 1
3.74 281.79 1
3.75 286.19 1
3.76 285.84 1
3.77 285.14 1
3.78 286.46 1
3.79 291.32 1
3.8 292.2 1
3.81 300.52 1
3.82 299.93 1
3.83 291.12 1
3.84 291.11 1
3.85 291.1 1
3.86 293.08 1
3.87 301.07 1
3.88 320.88 1
3.89 328.46 1
3.9 179.21 1
3.91 190.48 1
3.92 199.51 1
3.93 199.09 1
3.94 205.61 1
3.95 206.03 1
3.96 203.85 1
3.97 197.05 1
3.98 192.72 1
3.99 197.59 1
4.0 183.41 1
4.01 185.71 1
4.02 181.91 1
4.03 184.12 1
4.04 181.58 1
4.05 182.07 1
4.06 185.05 1
4.07 380.98 1
4.08 381.05 1
4.09 375.32 1
4.1 372.23 1
4.11 370.22 1
4.12 366.34 1
4.13 332.57 1
4.14 341.96 1
4.15 345.05 1
4.16 330.75 1
4.17 329.71 1
4.18 327.9 1
4.19 327.85 1
4.2 330.22 1
4.21 328.42 1
4.22 330.66 1
4.23 332.05 1
4.24 333.47 1
4.25 336.34 1
4.26 334.06 1
4.27 333.53 1
4.28 330.31 1
4.29 322.14 1
4.3 312.33 1
4.31 302.88 1
4.32 292.6 1
4.33 285.58 1
4.34 264.89 1
4.35 290.86 1
4.36 269.29 1
4.37 276.84 1
4.38 288.35 1
4.39 287.88 1
4.4 290.3 1
4.41 291.12 1
4.42 296.94 1
4.43 300.6 1
4.44 302.07 1
4.45 302.02 1
4.46 299.08 1
4.47 298.95 1
4.48 289.22 1
4.49 283.93 1
4.5 275.12 1
4.51 263.35 1
4.52 258.21 1
4.53 245.49 1
4.54 229.99 1
4.55 228.76 1
4.56 229.09 1
4.57 232.95 1
4.58 239.6 1
4.59 248.09 1
4.6 253.0 1
4.61 263.0 1
4.62 258.67 1
4.63 267.7 1
4.64 266.26 1
4.65 257.17 1
4.66 256.59 1
4.67 248.33 1
4.68 241.28 1
4.69 236.73 1
4.7 237.83 1
4.71 236.47 1
4.72 243.0 1
4.73 239.74 1
4.74 241.99 1
4.75 241.66 1
4.76 243.95 1
4.77 248.81 1
4.78 247.17 1
4.79 245.41 1
4.8 242.86 1
4.81 242.62 1
4.82 241.44 1
4.83 243.28 1
4.84 242.59 1
4.85 243.04 1
4.86 242.3 1
4.87 241.96 1
4.88 241.71 1
4.89 239.92 1
4.9 239.96 1
4.91 238.8 1
4.92 238.12 1
4.93 243.37 1
4.94 245.35 1
4.95 255.54 1
4.96 255.66 1
4.97 261.74 1
4.98 261.73 1
4.99 273.06 1
5.0 255.07 1
5.01 252.72 1
5.02 260.18 1
5.03 257.13 1
5.04 247.85 1
5.05 234.25 1
5.06 223.96 1
5.07 218.06 1
5.08 213.23 1
5.09 211.65 1
5.1 212.66 1
5.11 216.69 1
5.12 217.81 1
5.13 225.61 1
5.14 232.8 1
5.15 238.64 1
5.16 242.43 1
5.17 248.61 1
5.18 247.79 1
5.19 242.67 1
5.2 237.55 1
5.21 231.53 1
5.22 223.75 1
5.23 217.38 1
5.24 213.94 1
5.25 214.13 1
5.26 217.77 1
5.27 219.53 1
5.28 222.8 1
5.29 228.91 1
5.3 231.51 1
5.31 236.46 1
5.32 236.83 1
5.33 249.03 1
5.34 239.86 1
5.35 245.67 1
5.36 239.06 1
5.37 235.57 1
5.38 229.09 1
5.39 230.26 1
5.4 228.11 1
5.41 222.12 1
5.42 227.23 1
5.43 230.29 1
5.44 234.9 1
5.45 244.06 1
5.46 251.54 1
5.47 261.73 1
5.48 266.47 1
5.49 279.96 1
5.5 271.33 1
5.51 272.31 1
5.52 253.51 1
5.53 276.72 1
5.54 258.67 1
5.55 249.12 1
5.56 266.47 1
5.57 254.09 1
5.58 269.8 1
5.59 258.65 1
5.6 276.37 1
5.61 289.08 1
5.62 288.54 1
5.63 294.51 1
5.64 302.71 1
5.65 301.05 1
5.66 302.17 1
5.67 293.07 1
5.68 299.51 1
5.69 298.91 1
5.7 298.41 1
5.71 296.98 1
5.72 295.03 1
5.73 296.97 1
5.74 294.93 1
5.75 294.48 1
5.76 294.6 1
5.77 294.61 1
5.78 294.85 1
5.79 294.38 1
5.8 293.04 1
5.81 294.99 1
5.82 295.22 1
5.83 296.66 1
5.84 296.97 1
5.85 298.21 1
5.86 296.98 1
5.87 295.0 1
5.88 296.25 1
5.89 294.89 1
5.9 292.59 1
