0.01 391.92 1
0.02 383.71 1
0.03 388.34 1
0.04 386.16 1
0.05 385.69 1
0.06 388.87 1
0.07 388.47 1
0.08 387.14 1
0.09 386.58 1
0.1 385.55 1
0.11 385.66 1
0.12 388.32 1
0.13 389.24 1
0.14 394.48 1
0.15 398.09 1
0.16 396.6 1
0.17 391.99 1
0.18 394.77 1
0.19 395.39 1
0.2 397.48 1
0.21 427.36 1
0.22 445.65 1
0.23 443.21 1
0.24 439.16 1
0.25 434.52 1
0.26 432.92 1
0.27 426.29 1
0.28 426.27 1
0.29 430.04 1
0.3 430.51 1
0.31 440.63 1
0.32 447.33 1
0.33 449.75 1
0.34 452.74 1
0.35 449.74 1
0.36 445.12 1
0.37 442.91 1
0.38 446.08 1
0.39 441.45 1
0.4 442.44 1
0.41 426.13 1
0.42 421.9 1
0.43 406.24 1
0.44 430.94 1
0.45 419.28 1
0.46 421.33 1
0.47 365.87 1
0.48 399.29 1
0.49 396.1 1
0.5 362.68 1
0.51 359.44 1
0.52 354.39 1
0.53 361.05 1
0.54 362.9 1
0.55 368.93 1
0.56 359.9 1
0.57 360.04 1
0.58 351.5 1
0.59 0.0 1
0.6 0.0 1
0.61 0.0 1
0.62 95.19 1
0.63 98.54 1
0.64 95.34 1
0.65 95.72 1
0.66 95.97 1
0.67 95.96 1
0.68 98.39 1
0.69 96.38 1
0.7 96.35 1
0.71 128.74 1
0.72 96.76 1
0.73 96.89 1
0.74 193.52 1
0.75 193.35 1
0.76 391.62 1
0.77 386.53 1
0.78 388.5 1
0.79 387.99 1
0.8 391.86 1
0.81 406.13 1
0.82 402.46 1
0.83 395.01 1
0.84 414.9 1
0.85 371.79 1
0.86 346.05 1
0.87 331.53 1
0.88 157.23 1
0.89 154.76 1
0.9 153.95 1
0.91 155.46 1
0.92 318.32 1
0.93 329.16 1
0.94 341.17 1
0.95 353.75 1
0.96 360.35 1
0.97 335.27 1
0.98 337.61 1
0.99 351.55 1
1.0 342.3 1
1.01 325.65 1
1.02 325.43 1
1.03 331.06 1
1.04 313.57 1
1.05 313.79 1
1.06 0.0 1
1.07 0.0 1
1.08 116.58 1
1.09 123.33 1
1.1 117.94 1
1.11 124.03 1
1.12 124.44 1
1.13 126.32 1
1.14 125.51 1
1.15 124.43 1
1.16 123.71 1
1.17 124.39 1
1.18 123.7 1
1.19 123.79 1
1.2 118.45 1
1.21 119.04 1
1.22 119.15 1
1.23 119.03 1
1.24 122.79 1
1.25 122.29 1
1.26 0.0 1
1.27 0.0 1
1.28 395.5 1
1.29 395.27 1
1.3 391.05 1
1.31 391.78 1
1.32 393.29 1
1.33 398.7 1
1.34 396.45 1
1.35 397.84 1
1.36 398.85 1
1.37 399.24 1
1.38 405.95 1
1.39 395.42 1
1.4 393.81 1
1.41 394.47 1
1.42 373.07 1
1.43 402.6 1
1.44 396.69 1
1.45 395.7 1
1.46 0.0 1
1.47 0.0 1
1.48 0.0 1
1.49 276.48 1
1.5 279.74 1
1.51 274.74 1
1.52 273.02 1
1.53 263.4 1
1.54 273.04 1
1.55 275.06 1
1.56 279.77 1
1.57 284.08 1
1.58 285.66 1
1.59 285.68 1
1.6 284.7 1
1.61 285.35 1
1.62 283.65 1
1.63 282.1 1
1.64 278.69 1
1.65 276.21 1
1.66 285.01 1
1.67 282.52 1
1.68 283.57 1
1.69 279.68 1
1.7 285.33 1
1.71 283.64 1
1.72 278.21 1
1.73 274.74 1
1.74 278.08 1
1.75 279.81 1
1.76 285.87 1
1.77 295.23 1
1.78 0.0 1
1.79 0.0 1
1.8 0.0 1
1.81 0.0 1
1.82 0.0 1
1.83 203.71 1
1.84 196.25 1
1.85 201.6 1
1.86 199.75 1
1.87 391.65 1
1.88 372.17 1
1.89 360.03 1
1.9 343.16 1
1.91 364.71 1
1.92 354.25 1
1.93 348.43 1
1.94 344.96 1
1.95 348.46 1
1.96 354.23 1
1.97 354.35 1
1.98 371.97 1
1.99 381.03 1
2.0 391.75 1
2.01 390.79 1
2.02 395.42 1
2.03 392.11 1
2.04 389.49 1
2.05 320.73 1
2.06 188.87 1
2.07 183.4 1
2.08 198.12 1
2.09 186.49 1
2.1 199.07 1
2.11 190.37 1
2.12 166.27 1
2.13 192.54 1
2.14 192.96 1
2.15 191.17 1
2.16 189.75 1
2.17 190.4 1
2.18 200.65 1
2.19 192.79 1
2.2 96.0 1
2.21 98.43 1
2.22 96.03 1
2.23 195.36 1
2.24 196.11 1
2.25 196.21 1
2.26 191.45 1
2.27 194.61 1
2.28 195.44 1
2.29 0.0 1
2.3 384.85 1
2.31 372.31 1
2.32 372.31 1
2.33 354.32 1
2.34 316.27 1
2.35 317.44 1
2.36 303.11 1
2.37 302.33 1
2.38 152.33 1
2.39 155.51 1
2.4 325.23 1
2.41 333.78 1
2.42 340.98 1
2.43 346.5 1
2.44 349.24 1
2.45 348.82 1
2.46 346.8 1
2.47 0.0 1
2.48 0.0 1
2.49 0.0 1
2.5 0.0 1
2.51 0.0 1
2.52 0.0 1
2.53 0.0 1
2.54 0.0 1
2.55 0.0 1
2.56 290.9 1
2.57 290.91 1
2.58 290.77 1
2.59 291.09 1
2.6 291.46 1
2.61 290.85 1
2.62 289.54 1
2.63 289.56 1
2.64 290.27 1
2.65 290.37 1
2.66 289.32 1
2.67 288.29 1
2.68 288.21 1
2.69 286.66 1
2.7 283.72 1
2.71 288.14 1
2.72 285.55 1
2.73 286.58 1
2.74 291.11 1
2.75 278.58 1
2.76 251.2 1
2.77 246.8 1
2.78 226.75 1
2.79 226.02 1
2.8 226.77 1
2.81 228.05 1
2.82 246.99 1
2.83 259.7 1
2.84 278.19 1
2.85 289.79 1
2.86 297.12 1
2.87 327.48 1
2.88 343.37 1
2.89 360.03 1
2.9 0.0 1
2.91 0.0 1
2.92 0.0 1
2.93 0.0 1
2.94 0.0 1
2.95 0.0 1
2.96 0.0 1
2.97 274.77 1
2.98 281.58 1
2.99 289.52 1
3.0 292.83 1
3.01 294.42 1
3.02 296.99 1
3.03 293.13 1
3.04 299.03 1
3.05 297.09 1
3.06 295.1 1
3.07 293.09 1
3.08 294.85 1
3.09 293.41 1
3.1 293.03 1
3.11 291.1 1
3.12 296.97 1
3.13 296.82 1
3.14 296.48 1
3.15 289.31 1
3.16 293.86 1
3.17 293.05 1
3.18 385.17 1
3.19 337.79 1
3.2 333.62 1
3.21 332.34 1
3.22 330.18 1
3.23 322.98 1
3.24 322.72 1
3.25 318.18 1
3.26 311.43 1
3.27 312.67 1
3.28 318.28 1
3.29 322.95 1
3.3 325.43 1
3.31 335.15 1
3.32 320.66 1
3.33 325.43 1
3.34 318.5 1
3.35 338.37 1
3.36 340.56 1
3.37 344.13 1
3.38 332.34 1
3.39 327.54 1
3.4 323.02 1
3.41 316.04 1
3.42 304.59 1
3.43 293.5 1
3.44 283.59 1
3.45 278.13 1
3.46 265.07 1
3.47 268.0 1
3.48 264.43 1
3.49 264.6 1
3.5 260.34 1
3.51 268.03 1
3.52 270.08 1
3.53 257.22 1
3.54 266.47 1
3.55 266.5 1
3.56 265.88 1
3.57 268.09 1
3.58 261.81 1
3.59 274.73 1
3.6 273.04 1
3.61 292.53 1
3.62 293.67 1
3.63 293.31 1
3.64 294.0 1
3.65 293.05 1
3.66 294.98 1
3.67 295.01 1
3.68 297.32 1
3.69 297.61 1
3.7 297.01 1
3.71 295.05 1
3.72 295.0 1
3.73 292.57 1
3.74 288.5 1
3.75 293.07 1
3.76 293.89 1
3.77 287.35 1
3.78 272.76 1
3.79 279.97 1
3.8 275.3 1
3.81 289.23 1
3.82 258.74 1
3.83 251.23 1
3.84 246.83 1
3.85 235.32 1
3.86 222.73 1
3.87 219.11 1
3.88 219.86 1
3.89 220.1 1
3.9 224.7 1
3.91 225.64 1
3.92 238.1 1
3.93 242.9 1
3.94 245.59 1
3.95 247.25 1
3.96 243.88 1
3.97 226.8 1
3.98 233.96 1
3.99 223.38 1
4.0 221.41 1
4.01 221.05 1
4.02 229.11 1
4.03 240.71 1
4.04 227.8 1
4.05 240.66 1
4.06 246.19 1
4.07 252.75 1
4.08 254.28 1
4.09 263.84 1
4.1 263.35 1
4.11 266.25 1
4.12 265.95 1
4.13 260.22 1
4.14 262.61 1
4.15 261.65 1
4.16 261.55 1
4.17 262.4 1
4.18 257.17 1
4.19 261.74 1
4.2 271.25 1
4.21 255.72 1
4.22 260.22 1
4.23 261.82 1
4.24 265.13 1
4.25 251.46 1
4.26 284.45 1
4.27 288.62 1
4.28 293.5 1
4.29 295.34 1
4.3 296.97 1
4.31 293.1 1
4.32 295.05 1
4.33 295.09 1
4.34 295.11 1
4.35 293.13 1
4.36 293.06 1
4.37 291.56 1
4.38 289.82 1
4.39 285.51 1
4.4 285.14 1
4.41 281.5 1
4.42 261.6 1
4.43 280.08 1
4.44 278.44 1
4.45 249.55 1
4.46 268.07 1
4.47 261.87 1
4.48 250.65 1
4.49 239.02 1
4.5 227.81 1
4.51 219.95 1
4.52 210.7 1
4.53 209.17 1
4.54 205.64 1
4.55 204.66 1
4.56 206.58 1
4.57 216.71 1
4.58 213.57 1
4.59 216.52 1
4.6 218.99 1
4.61 217.79 1
4.62 223.27 1
4.63 239.05 1
4.64 224.29 1
4.65 242.97 1
4.66 243.47 1
4.67 243.29 1
4.68 244.33 1
4.69 230.34 1
4.7 241.64 1
4.71 241.77 1
4.72 244.32 1
4.73 244.55 1
4.74 244.8 1
4.75 245.62 1
4.76 244.87 1
4.77 244.32 1
4.78 245.55 1
4.79 244.27 1
4.8 244.28 1
4.81 245.54 1
4.82 245.57 1
4.83 243.0 1
4.84 227.94 1
4.85 242.68 1
4.86 242.8 1
4.87 244.67 1
4.88 243.96 1
4.89 241.8 1
4.9 224.34 1
4.91 225.11 1
4.92 227.92 1
4.93 238.49 1
4.94 249.69 1
4.95 258.77 1
4.96 268.11 1
4.97 275.07 1
4.98 276.35 1
4.99 267.22 1
5.0 260.21 1
5.01 255.65 1
5.02 270.73 1
5.03 0.0 1
5.04 0.0 1
5.05 0.0 1
5.06 0.0 1
5.07 0.0 1
5.08 0.0 1
5.09 0.0 1
5.1 0.0 1
5.11 0.0 1
5.12 180.02 1
5.13 177.77 1
5.14 183.88 1
5.15 186.02 1
5.16 184.14 1
5.17 190.78 1
5.18 191.42 1
5.19 193.45 1
5.2 196.43 1
5.21 194.43 1
5.22 194.83 1
5.23 194.89 1
5.24 193.2 1
5.25 188.87 1
5.26 195.31 1
5.27 193.86 1
5.28 199.07 1
5.29 195.41 1
5.3 194.16 1
5.31 193.73 1
5.32 192.99 1
5.33 193.83 1
5.34 195.76 1
5.35 199.24 1
5.36 202.8 1
5.37 209.54 1
5.38 221.05 1
5.39 218.86 1
5.4 135.27 1
5.41 133.07 1
5.42 136.7 1
5.43 135.12 1
5.44 274.28 1
5.45 276.29 1
5.46 251.76 1
5.47 271.69 1
5.48 278.16 1
5.49 218.28 1
5.5 242.95 1
5.51 226.7 1
5.52 219.92 1
5.53 219.76 1
5.54 207.64 1
5.55 212.42 1
5.56 207.26 1
5.57 202.97 1
5.58 216.55 1
5.59 214.94 1
5.6 222.79 1
5.61 227.98 1
5.62 223.24 1
5.63 226.72 1
5.64 241.64 1
5.65 239.48 1
5.66 237.58 1
5.67 234.5 1
5.68 243.88 1
5.69 257.68 1
5.7 252.52 1
5.71 247.05 1
5.72 231.52 1
5.73 240.22 1
5.74 244.21 1
5.75 246.99 1
5.76 244.24 1
5.77 244.49 1
5.78 253.77 1
5.79 263.6 1
5.8 281.47 1
5.81 295.13 1
5.82 303.23 1
5.83 330.55 1
5.84 340.74 1
5.85 345.91 1
5.86 313.78 1
5.87 307.35 1
5.88 328.08 1
5.89 293.09 1
5.9 293.34 1
5.91 300.61 1
5.92 303.1 1
5.93 296.39 1
5.94 298.34 1
5.95 291.29 1
5.96 284.95 1
5.97 282.1 1
5.98 283.95 1
5.99 286.05 1
6.0 287.01 1
6.01 288.88 1
6.02 289.8 1
6.03 289.46 1
6.04 289.68 1
6.05 289.76 1
6.06 289.44 1
6.07 288.34 1
6.08 285.68 1
6.09 287.8 1
6.1 288.39 1
6.11 287.63 1
6.12 290.56 1
6.13 291.8 1
6.14 288.91 1
6.15 289.77 1
6.16 286.52 1
6.17 283.0 1
6.18 282.55 1
6.19 284.44 1
6.2 287.68 1
6.21 293.12 1
6.22 303.2 1
6.23 293.55 1
6.24 303.15 1
6.25 0.0 1
6.26 0.0 1
6.27 0.0 1
6.28 0.0 1
6.29 0.0 1
6.3 201.06 1
6.31 187.25 1
6.32 190.49 1
6.33 192.99 1
6.34 191.34 1
6.35 187.53 1
6.36 166.46 1
6.37 184.2 1
6.38 181.14 1
6.39 184.23 1
6.4 194.43 1
6.41 184.87 1
6.42 197.72 1
6.43 198.29 1
6.44 196.94 1
6.45 196.39 1
6.46 191.24 1
6.47 189.65 1
6.48 188.85 1
6.49 184.67 1
6.5 184.92 1
6.51 0.0 1
6.52 0.0 1
6.53 0.0 1
6.54 0.0 1
6.55 0.0 1
6.56 0.0 1
6.57 399.03 1
6.58 395.48 1
6.59 391.81 1
6.6 386.73 1
6.61 394.77 1
6.62 388.63 1
6.63 389.41 1
6.64 391.85 1
6.65 388.92 1
6.66 390.52 1
6.67 393.16 1
6.68 393.26 1
6.69 391.34 1
6.7 389.94 1
6.71 388.56 1
6.72 386.04 1
6.73 391.63 1
