0.01 183.41 1
0.02 186.0 1
0.03 189.68 1
0.04 188.94 1
0.05 197.43 1
0.06 196.71 1
0.07 195.71 1
0.08 196.53 1
0.09 209.43 1
0.1 203.45 1
0.11 197.86 1
0.12 197.99 1
0.13 198.18 1
0.14 198.6 1
0.15 199.08 1
0.16 199.72 1
0.17 200.25 1
0.18 199.84 1
0.19 200.61 1
0.2 200.04 1
0.21 200.14 1
0.22 199.8 1
0.23 199.26 1
0.24 198.79 1
0.25 198.51 1
0.26 198.18 1
0.27 198.29 1
0.28 197.56 1
0.29 197.29 1
0.3 196.43 1
0.31 196.08 1
0.32 195.8 1
0.33 196.23 1
0.34 196.43 1
0.35 196.21 1
0.36 196.33 1
0.37 196.49 1
0.38 196.88 1
0.39 197.12 1
0.4 197.34 1
0.41 196.83 1
0.42 196.78 1
0.43 196.53 1
0.44 196.84 1
0.45 196.35 1
0.46 196.59 1
0.47 196.8 1
0.48 196.73 1
0.49 196.29 1
0.5 195.96 1
0.51 195.97 1
0.52 196.23 1
0.53 196.44 1
0.54 196.53 1
0.55 196.44 1
0.56 196.36 1
0.57 193.91 1
0.58 196.26 1
0.59 196.19 1
0.6 196.67 1
0.61 198.11 1
0.62 197.27 1
0.63 198.14 1
0.64 197.23 1
0.65 0.0 1
0.66 0.0 1
0.67 0.0 1
0.68 0.0 1
0.69 0.0 1
0.7 0.0 1
0.71 0.0 1
0.72 0.0 1
0.73 0.0 1
0.74 0.0 1
0.75 0.0 1
0.76 0.0 1
0.77 0.0 1
0.78 0.0 1
0.79 0.0 1
0.8 0.0 1
0.81 0.0 1
0.82 0.0 1
0.83 0.0 1
0.84 0.0 1
0.85 0.0 1
0.86 0.0 1
0.87 0.0 1
0.88 0.0 1
0.89 0.0 1
0.9 0.0 1
0.91 0.0 1
0.92 0.0 1
0.93 0.0 1
0.94 0.0 1
0.95 0.0 1
0.96 0.0 1
0.97 0.0 1
0.98 0.0 1
0.99 327.74 1
1.0 307.35 1
1.01 295.07 1
1.02 291.8 1
1.03 286.39 1
1.04 285.61 1
1.05 285.81 1
1.06 290.79 1
1.07 297.0 1
1.08 318.16 1
1.09 331.35 1
1.1 340.61 1
1.11 343.27 1
1.12 351.4 1
1.13 351.36 1
1.14 251.87 1
1.15 375.29 1
1.16 380.01 1
1.17 380.68 1
1.18 384.85 1
1.19 377.59 1
1.2 378.4 1
1.21 375.29 1
1.22 372.15 1
1.23 366.76 1
1.24 349.24 1
1.25 357.25 1
1.26 351.59 1
1.27 358.56 1
1.28 354.41 1
1.29 365.9 1
1.3 378.17 1
1.31 384.9 1
1.32 391.87 1
1.33 405.19 1
1.34 410.45 1
1.35 414.2 1
1.36 419.75 1
1.37 414.13 1
1.38 409.69 1
1.39 400.05 1
1.4 385.24 1
1.41 378.38 1
1.42 359.44 1
1.43 340.89 1
1.44 339.9 1
1.45 323.06 1
1.46 318.38 1
1.47 313.84 1
1.48 309.11 1
1.49 309.42 1
1.5 318.24 1
1.51 318.39 1
1.52 327.87 1
1.53 340.58 1
1.54 343.37 1
1.55 365.65 1
1.56 366.01 1
1.57 381.71 1
1.58 378.67 1
1.59 377.6 1
1.6 371.57 1
1.61 359.98 1
1.62 348.68 1
1.63 340.58 1
1.64 331.65 1
1.65 322.3 1
1.66 317.54 1
1.67 318.39 1
1.68 320.7 1
1.69 325.25 1
1.7 333.32 1
1.71 341.15 1
1.72 343.26 1
1.73 354.32 1
1.74 381.57 1
1.75 382.64 1
1.76 392.8 1
1.77 396.34 1
1.78 380.91 1
1.79 0.0 1
1.8 0.0 1
1.81 0.0 1
1.82 0.0 1
1.83 300.71 1
1.84 293.04 1
1.85 281.66 1
1.86 280.43 1
1.87 283.79 1
1.88 289.41 1
1.89 293.09 1
1.9 287.28 1
1.91 295.24 1
1.92 323.17 1
1.93 330.63 1
1.94 337.84 1
1.95 336.83 1
1.96 334.46 1
1.97 333.11 1
1.98 323.5 1
1.99 320.96 1
2.0 316.97 1
2.01 315.88 1
2.02 307.12 1
2.03 299.31 1
2.04 299.14 1
2.05 299.12 1
2.06 297.06 1
2.07 299.02 1
2.08 293.21 1
2.09 297.44 1
2.1 296.87 1
2.11 296.53 1
2.12 297.9 1
2.13 295.07 1
2.14 297.02 1
2.15 297.07 1
2.16 299.9 1
2.17 298.91 1
2.18 298.92 1
2.19 298.38 1
2.2 297.19 1
2.21 296.48 1
2.22 296.22 1
2.23 296.34 1
2.24 296.17 1
2.25 295.03 1
2.26 294.8 1
2.27 293.55 1
2.28 293.32 1
2.29 290.98 1
2.3 288.78 1
2.31 282.12 1
2.32 268.7 1
2.33 267.24 1
2.34 257.29 1
2.35 236.48 1
2.36 223.86 1
2.37 219.03 1
2.38 219.7 1
2.39 223.78 1
2.4 227.91 1
2.41 239.87 1
2.42 254.29 1
2.43 261.79 1
2.44 253.7 1
2.45 275.5 1
2.46 281.78 1
2.47 274.83 1
2.48 275.85 1
2.49 268.42 1
2.5 261.77 1
2.51 257.36 1
2.52 243.67 1
2.53 236.22 1
2.54 232.65 1
2.55 231.61 1
2.56 230.26 1
2.57 231.44 1
2.58 236.58 1
2.59 241.64 1
2.6 250.15 1
2.61 258.72 1
2.62 256.58 1
2.63 276.1 1
2.64 282.62 1
2.65 287.25 1
2.66 289.46 1
2.67 289.8 1
2.68 291.47 1
2.69 290.88 1
2.7 291.13 1
2.71 292.23 1
2.72 290.98 1
2.73 289.46 1
2.74 286.81 1
2.75 289.19 1
2.76 274.67 1
2.77 269.53 1
2.78 266.47 1
2.79 255.38 1
2.8 241.55 1
2.81 224.91 1
2.82 223.91 1
2.83 222.17 1
2.84 235.87 1
2.85 246.81 1
2.86 259.46 1
2.87 266.49 1
2.88 263.35 1
2.89 260.21 1
2.9 282.85 1
2.91 281.82 1
2.92 274.77 1
2.93 276.88 1
2.94 247.04 1
2.95 269.15 1
2.96 252.51 1
2.97 254.18 1
2.98 249.87 1
2.99 244.31 1
3.0 120.63 1
3.01 120.73 1
3.02 120.0 1
3.03 119.68 1
3.04 120.0 1
3.05 120.33 1
3.06 120.55 1
3.07 119.68 1
3.08 123.69 1
3.09 121.33 1
3.1 122.39 1
3.11 123.29 1
3.12 122.46 1
3.13 121.66 1
3.14 120.17 1
3.15 117.95 1
3.16 121.21 1
3.17 119.02 1
3.18 120.33 1
3.19 120.98 1
3.2 120.0 1
3.21 121.99 1
3.22 120.66 1
3.23 121.37 1
3.24 240.8 1
3.25 241.11 1
3.26 240.97 1
3.27 238.79 1
3.28 238.33 1
3.29 239.01 1
3.3 234.87 1
3.31 238.13 1
3.32 241.26 1
3.33 248.5 1
3.34 254.19 1
3.35 263.22 1
3.36 269.76 1
3.37 305.86 1
3.38 282.77 1
3.39 287.31 1
3.4 292.45 1
3.41 292.99 1
3.42 291.37 1
3.43 290.59 1
3.44 284.92 1
3.45 276.21 1
3.46 273.91 1
3.47 261.88 1
3.48 269.85 1
3.49 259.56 1
3.5 258.14 1
3.51 252.19 1
3.52 247.72 1
3.53 241.54 1
3.54 240.46 1
3.55 236.34 1
3.56 238.48 1
3.57 238.7 1
3.58 235.2 1
3.59 237.77 1
3.6 238.14 1
3.61 242.96 1
3.62 238.6 1
3.63 261.72 1
3.64 255.44 1
3.65 256.64 1
3.66 260.89 1
3.67 183.15 1
3.68 244.61 1
3.69 291.1 1
3.7 284.0 1
3.71 291.41 1
3.72 291.1 1
3.73 294.01 1
3.74 295.81 1
3.75 293.04 1
3.76 294.99 1
3.77 294.49 1
3.78 295.59 1
3.79 295.0 1
3.8 297.56 1
3.81 297.4 1
3.82 296.79 1
3.83 295.57 1
3.84 294.99 1
3.85 294.84 1
3.86 295.69 1
3.87 294.67 1
3.88 294.95 1
3.89 293.75 1
3.9 292.5 1
3.91 291.35 1
3.92 290.43 1
3.93 290.5 1
3.94 290.59 1
3.95 290.02 1
3.96 290.18 1
3.97 288.41 1
3.98 287.07 1
3.99 282.97 1
4.0 287.62 1
4.01 290.33 1
4.02 291.56 1
4.03 289.99 1
4.04 290.44 1
4.05 0.0 1
4.06 291.1 1
4.07 290.12 1
4.08 261.95 1
4.09 267.54 1
4.1 250.44 1
4.11 244.04 1
4.12 246.16 1
4.13 248.95 1
4.14 249.31 1
4.15 249.02 1
4.16 250.87 1
4.17 252.27 1
4.18 252.07 1
4.19 256.65 1
4.2 261.74 1
4.21 272.69 1
4.22 281.21 1
4.23 291.13 1
4.24 305.2 1
4.25 307.33 1
4.26 318.36 1
4.27 384.5 1
4.28 381.06 1
4.29 385.65 1
4.3 398.58 1
4.31 396.38 1
4.32 354.45 1
4.33 387.23 1
4.34 379.62 1
4.35 363.03 1
4.36 343.59 1
4.37 342.8 1
4.38 334.31 1
4.39 332.8 1
4.4 330.47 1
4.41 332.39 1
4.42 337.73 1
4.43 343.24 1
4.44 357.05 1
4.45 351.41 1
4.46 376.16 1
4.47 390.91 1
4.48 398.7 1
4.49 403.46 1
4.5 402.77 1
4.51 405.05 1
4.52 399.82 1
4.53 393.92 1
4.54 379.38 1
4.55 378.17 1
4.56 371.65 1
4.57 354.63 1
4.58 348.76 1
4.59 344.79 1
4.6 342.5 1
4.61 345.1 1
4.62 348.66 1
4.63 351.78 1
4.64 361.39 1
4.65 377.7 1
4.66 387.79 1
4.67 391.13 1
4.68 394.88 1
4.69 395.9 1
4.7 389.26 1
4.71 387.1 1
4.72 382.04 1
4.73 374.52 1
4.74 354.4 1
4.75 365.83 1
4.76 340.74 1
4.77 348.52 1
4.78 340.48 1
4.79 325.66 1
4.8 318.79 1
4.81 315.47 1
4.82 307.31 1
4.83 298.83 1
4.84 295.31 1
4.85 292.27 1
4.86 291.71 1
4.87 290.81 1
4.88 292.1 1
4.89 289.81 1
4.9 289.2 1
4.91 285.45 1
4.92 289.16 1
4.93 290.46 1
4.94 290.89 1
4.95 0.0 1
4.96 0.0 1
4.97 0.0 1
4.98 0.0 1
4.99 0.0 1
5.0 0.0 1
5.01 304.5 1
5.02 294.99 1
5.03 296.97 1
5.04 294.04 1
5.05 291.78 1
5.06 291.38 1
5.07 292.69 1
5.08 294.38 1
5.09 296.97 1
5.1 301.04 1
5.11 316.02 1
5.12 313.81 1
5.13 114.68 1
5.14 118.4 1
5.15 119.68 1
5.16 123.03 1
5.17 125.02 1
5.18 124.64 1
5.19 124.83 1
5.2 123.73 1
5.21 372.13 1
5.22 366.64 1
5.23 346.05 1
5.24 350.06 1
5.25 342.73 1
5.26 339.14 1
5.27 333.87 1
5.28 336.36 1
5.29 335.65 1
5.3 340.02 1
5.31 343.25 1
5.32 348.63 1
5.33 348.84 1
5.34 366.14 1
5.35 374.84 1
5.36 381.65 1
5.37 383.28 1
5.38 384.71 1
5.39 382.64 1
5.4 385.13 1
5.41 387.15 1
5.42 381.87 1
5.43 381.18 1
5.44 290.89 1
5.45 381.62 1
5.46 378.43 1
5.47 370.47 1
5.48 363.47 1
5.49 181.82 1
5.5 360.99 1
5.51 355.76 1
5.52 351.52 1
5.53 351.5 1
5.54 358.97 1
5.55 362.0 1
5.56 369.33 1
5.57 378.14 1
5.58 375.32 1
5.59 386.85 1
5.6 391.82 1
5.61 385.11 1
5.62 390.25 1
5.63 396.62 1
5.64 397.66 1
5.65 396.05 1
5.66 395.88 1
5.67 389.1 1
5.68 387.15 1
5.69 378.87 1
5.7 378.47 1
5.71 371.39 1
5.72 381.68 1
5.73 387.97 1
5.74 509.57 1
5.75 381.64 1
5.76 385.11 1
5.77 402.32 1
5.78 414.18 1
5.79 443.3 1
5.8 471.64 1
5.81 480.34 1
5.82 489.74 1
5.83 496.57 1
5.84 492.97 1
5.85 489.15 1
5.86 485.56 1
5.87 481.99 1
5.88 200.0 1
5.89 193.91 1
5.9 194.67 1
5.91 194.66 1
5.92 195.53 1
5.93 193.81 1
5.94 193.84 1
5.95 194.01 1
5.96 195.55 1
5.97 196.42 1
5.98 195.37 1
5.99 195.74 1
6.0 194.97 1
6.01 195.55 1
6.02 195.0 1
6.03 195.55 1
6.04 195.5 1
6.05 195.72 1
6.06 195.86 1
6.07 196.08 1
6.08 195.78 1
6.09 195.55 1
6.1 194.14 1
6.11 194.64 1
6.12 193.87 1
6.13 191.35 1
6.14 187.3 1
6.15 182.54 1
6.16 189.64 1
6.17 189.55 1
6.18 195.45 1
6.19 188.64 1
6.2 375.73 1
6.21 385.21 1
6.22 386.6 1
6.23 391.77 1
6.24 396.98 1
6.25 400.67 1
6.26 398.07 1
6.27 394.37 1
6.28 388.28 1
6.29 379.28 1
6.3 366.07 1
6.31 340.66 1
6.32 321.7 1
6.33 332.7 1
6.34 327.85 1
6.35 319.31 1
6.36 323.81 1
6.37 322.1 1
6.38 325.23 1
6.39 334.64 1
6.4 320.96 1
6.41 344.36 1
6.42 340.74 1
6.43 340.58 1
6.44 348.64 1
6.45 343.31 1
6.46 338.09 1
6.47 340.58 1
6.48 327.7 1
6.49 324.96 1
6.5 310.08 1
6.51 313.82 1
6.52 297.02 1
6.53 295.81 1
6.54 294.78 1
6.55 293.05 1
6.56 293.07 1
6.57 296.72 1
6.58 294.99 1
6.59 295.01 1
6.6 295.01 1
6.61 295.01 1
6.62 295.01 1
6.63 293.11 1
6.64 294.99 1
6.65 294.99 1
6.66 291.13 1
6.67 292.64 1
6.68 291.09 1
6.69 288.99 1
6.7 282.08 1
6.71 294.48 1
6.72 290.64 1
6.73 293.03 1
6.74 285.54 1
6.75 290.34 1
6.76 283.77 1
6.77 283.96 1
6.78 281.72 1
6.79 276.76 1
6.8 288.25 1
6.81 293.7 1
6.82 297.09 1
6.83 296.98 1
6.84 296.29 1
6.85 338.12 1
6.86 357.12 1
6.87 186.62 1
6.88 188.51 1
6.89 196.96 1
6.9 192.15 1
6.91 187.04 1
6.92 187.49 1
6.93 189.38 1
6.94 186.76 1
6.95 176.82 1
6.96 176.71 1
6.97 175.8 1
6.98 178.87 1
6.99 181.76 1
7.0 186.58 1
7.01 192.13 1
7.02 194.7 1
7.03 195.32 1
7.04 200.46 1
7.05 198.22 1
7.06 197.9 1
7.07 195.18 1
7.08 190.82 1
7.09 187.26 1
7.1 152.59 1
7.11 190.83 1
7.12 196.84 1
7.13 194.71 1
