0.01 213.57 1
0.02 215.12 1
0.03 213.69 1
0.04 201.52 1
0.05 199.31 1
0.06 197.85 1
0.07 197.3 1
0.08 194.62 1
0.09 197.31 1
0.1 195.56 1
0.11 195.56 1
0.12 195.9 1
0.13 196.8 1
0.14 196.64 1
0.15 196.41 1
0.16 196.19 1
0.17 196.5 1
0.18 195.35 1
0.19 195.56 1
0.2 195.09 1
0.21 195.55 1
0.22 194.46 1
0.23 194.7 1
0.24 194.7 1
0.25 194.69 1
0.26 195.17 1
0.27 196.42 1
0.28 196.5 1
0.29 197.75 1
0.3 197.79 1
0.31 199.07 1
0.32 197.71 1
0.33 198.19 1
0.34 197.4 1
0.35 197.29 1
0.36 195.55 1
0.37 194.69 1
0.38 193.39 1
0.39 193.84 1
0.4 195.55 1
0.41 193.84 1
0.42 193.89 1
0.43 194.04 1
0.44 194.08 1
0.45 193.63 1
0.46 194.7 1
0.47 193.44 1
0.48 193.95 1
0.49 193.54 1
0.5 194.81 1
0.51 194.92 1
0.52 195.56 1
0.53 195.22 1
0.54 195.56 1
0.55 195.56 1
0.56 195.76 1
0.57 195.85 1
0.58 196.43 1
0.59 196.57 1
0.6 196.11 1
0.61 195.71 1
0.62 194.82 1
0.63 195.11 1
0.64 195.58 1
0.65 196.32 1
0.66 196.82 1
0.67 197.19 1
0.68 197.68 1
0.69 197.51 1
0.7 195.94 1
0.71 195.81 1
0.72 195.5 1
0.73 195.74 1
0.74 195.52 1
0.75 194.7 1
0.76 189.71 1
0.77 180.69 1
0.78 194.71 1
0.79 193.86 1
0.8 194.71 1
0.81 181.89 1
0.82 185.67 1
0.83 192.19 1
0.84 195.82 1
0.85 196.12 1
0.86 195.91 1
0.87 197.26 1
0.88 185.27 1
0.89 187.6 1
0.9 188.87 1
0.91 183.25 1
0.92 183.82 1
0.93 185.11 1
0.94 185.74 1
0.95 186.14 1
0.96 186.67 1
0.97 186.47 1
0.98 184.96 1
0.99 185.16 1
1.0 185.06 1
1.01 184.79 1
1.02 187.27 1
1.03 193.36 1
1.04 206.62 1
1.05 242.92 1
1.06 257.19 1
1.07 285.11 1
1.08 301.16 1
1.09 323.02 1
1.1 340.69 1
1.11 353.78 1
1.12 364.78 1
1.13 372.02 1
1.14 369.15 1
1.15 378.2 1
1.16 363.4 1
1.17 366.11 1
1.18 371.67 1
1.19 351.93 1
1.2 351.7 1
1.21 349.97 1
1.22 345.15 1
1.23 339.14 1
1.24 334.22 1
1.25 330.63 1
1.26 326.64 1
1.27 325.55 1
1.28 324.47 1
1.29 325.29 1
1.3 321.78 1
1.31 320.72 1
1.32 317.67 1
1.33 316.53 1
1.34 315.05 1
1.35 312.64 1
1.36 314.57 1
1.37 318.45 1
1.38 309.53 1
1.39 316.21 1
1.4 312.14 1
1.41 320.7 1
1.42 327.81 1
1.43 348.16 1
1.44 340.76 1
1.45 351.52 1
1.46 351.52 1
1.47 346.23 1
1.48 351.85 1
1.49 340.74 1
1.5 340.08 1
1.51 332.98 1
1.52 332.2 1
1.53 328.7 1
1.54 326.91 1
1.55 325.92 1
1.56 324.27 1
1.57 325.41 1
1.58 323.65 1
1.59 323.45 1
1.6 323.02 1
1.61 321.82 1
1.62 322.97 1
1.63 321.19 1
1.64 322.89 1
1.65 321.55 1
1.66 323.2 1
1.67 324.57 1
1.68 327.11 1
1.69 331.6 1
1.7 338.41 1
1.71 340.52 1
1.72 343.94 1
1.73 340.65 1
1.74 337.6 1
1.75 0.0 1
1.76 0.0 1
1.77 0.0 1
1.78 0.0 1
1.79 0.0 1
1.8 0.0 1
1.81 0.0 1
1.82 0.0 1
1.83 0.0 1
1.84 303.12 1
1.85 292.88 1
1.86 289.48 1
1.87 289.81 1
1.88 290.03 1
1.89 291.09 1
1.9 291.11 1
1.91 292.47 1
1.92 292.88 1
1.93 291.19 1
1.94 291.18 1
1.95 293.04 1
1.96 291.22 1
1.97 293.03 1
1.98 292.85 1
1.99 292.28 1
2.0 293.05 1
2.01 293.06 1
2.02 293.09 1
2.03 294.89 1
2.04 294.44 1
2.05 291.27 1
2.06 291.25 1
2.07 293.04 1
2.08 294.16 1
2.09 294.14 1
2.1 293.13 1
2.11 294.89 1
2.12 294.44 1
2.13 293.54 1
2.14 293.53 1
2.15 289.89 1
2.16 285.47 1
2.17 285.49 1
2.18 288.03 1
2.19 285.46 1
2.2 285.48 1
2.21 285.47 1
2.22 285.16 1
2.23 286.53 1
2.24 288.75 1
2.25 291.11 1
2.26 290.4 1
2.27 291.43 1
2.28 291.98 1
2.29 291.48 1
2.3 291.09 1
2.31 291.1 1
2.32 291.1 1
2.33 290.65 1
2.34 290.01 1
2.35 290.92 1
2.36 291.13 1
2.37 292.75 1
2.38 292.64 1
2.39 292.37 1
2.4 292.24 1
2.41 292.52 1
2.42 292.86 1
2.43 292.49 1
2.44 292.49 1
2.45 292.61 1
2.46 291.1 1
2.47 289.6 1
2.48 286.99 1
2.49 283.54 1
2.5 280.71 1
2.51 0.0 1
2.52 0.0 1
2.53 0.0 1
2.54 0.0 1
2.55 0.0 1
2.56 0.0 1
2.57 0.0 1
2.58 0.0 1
2.59 0.0 1
2.6 0.0 1
2.61 0.0 1
2.62 0.0 1
2.63 0.0 1
2.64 0.0 1
2.65 290.82 1
2.66 289.71 1
2.67 293.03 1
2.68 301.62 1
2.69 299.09 1
2.7 302.99 1
2.71 297.51 1
2.72 296.82 1
2.73 292.18 1
2.74 288.18 1
2.75 284.21 1
2.76 280.45 1
2.77 278.1 1
2.78 269.7 1
2.79 271.27 1
2.8 141.8 1
2.81 125.15 1
2.82 125.14 1
2.83 123.31 1
2.84 119.39 1
2.85 119.37 1
2.86 118.21 1
2.87 118.0 1
2.88 118.18 1
2.89 118.24 1
2.9 118.25 1
2.91 118.71 1
2.92 119.04 1
2.93 118.73 1
2.94 121.62 1
2.95 0.0 1
2.96 0.0 1
2.97 0.0 1
2.98 0.0 1
2.99 0.0 1
3.0 0.0 1
3.01 0.0 1
3.02 0.0 1
3.03 0.0 1
3.04 0.0 1
3.05 0.0 1
3.06 0.0 1
3.07 0.0 1
3.08 0.0 1
3.09 338.25 1
3.1 339.81 1
3.11 340.55 1
3.12 338.27 1
3.13 332.89 1
3.14 329.28 1
3.15 329.88 1
3.16 335.73 1
3.17 332.86 1
3.18 299.03 1
3.19 299.0 1
3.2 301.03 1
3.21 317.62 1
3.22 318.41 1
3.23 295.02 1
3.24 303.1 1
3.25 288.18 1
3.26 295.54 1
3.27 292.27 1
3.28 296.78 1
3.29 294.97 1
3.3 293.19 1
3.31 291.25 1
3.32 290.77 1
3.33 291.65 1
3.34 291.76 1
3.35 292.31 1
3.36 292.18 1
3.37 292.81 1
3.38 292.93 1
3.39 293.2 1
3.4 293.55 1
3.41 294.0 1
3.42 293.81 1
3.43 294.58 1
3.44 294.55 1
3.45 294.31 1
3.46 294.04 1
3.47 294.47 1
3.48 294.96 1
3.49 295.03 1
3.5 295.04 1
3.51 295.04 1
3.52 295.06 1
3.53 295.02 1
3.54 293.15 1
3.55 295.02 1
3.56 294.99 1
3.57 293.08 1
3.58 293.07 1
3.59 294.47 1
3.6 294.99 1
3.61 295.0 1
3.62 294.84 1
3.63 293.09 1
3.64 293.07 1
3.65 293.03 1
3.66 293.47 1
3.67 294.02 1
3.68 293.06 1
3.69 293.48 1
3.7 293.31 1
3.71 293.0 1
3.72 293.04 1
3.73 294.14 1
3.74 293.96 1
3.75 293.06 1
3.76 293.07 1
3.77 294.14 1
3.78 294.9 1
3.79 295.0 1
3.8 295.02 1
3.81 295.03 1
3.82 295.01 1
3.83 294.99 1
3.84 293.04 1
3.85 292.58 1
3.86 290.96 1
3.87 288.62 1
3.88 288.59 1
3.89 290.29 1
3.9 290.11 1
3.91 288.18 1
3.92 287.45 1
3.93 286.89 1
3.94 287.93 1
3.95 290.63 1
3.96 293.07 1
3.97 293.92 1
3.98 294.11 1
3.99 291.17 1
4.0 291.19 1
4.01 293.03 1
4.02 293.03 1
4.03 293.37 1
4.04 293.05 1
4.05 293.68 1
4.06 293.68 1
4.07 293.09 1
4.08 293.1 1
4.09 294.52 1
4.1 293.08 1
4.11 291.2 1
4.12 292.64 1
4.13 291.07 1
4.14 289.39 1
4.15 286.72 1
4.16 281.85 1
4.17 278.69 1
4.18 272.81 1
4.19 0.0 1
4.2 0.0 1
4.21 0.0 1
4.22 0.0 1
4.23 0.0 1
4.24 0.0 1
4.25 0.0 1
4.26 0.0 1
4.27 0.0 1
4.28 0.0 1
4.29 0.0 1
4.3 0.0 1
4.31 0.0 1
4.32 0.0 1
4.33 0.0 1
4.34 0.0 1
4.35 0.0 1
4.36 0.0 1
4.37 0.0 1
4.38 0.0 1
4.39 0.0 1
4.4 0.0 1
4.41 0.0 1
4.42 0.0 1
4.43 241.59 1
4.44 242.89 1
4.45 242.89 1
4.46 238.33 1
4.47 239.02 1
4.48 237.73 1
4.49 236.91 1
4.5 236.83 1
4.51 237.75 1
4.52 240.26 1
4.53 239.01 1
4.54 241.5 1
4.55 241.56 1
4.56 239.28 1
4.57 236.56 1
4.58 238.71 1
4.59 238.88 1
4.6 239.61 1
4.61 240.07 1
4.62 239.38 1
4.63 240.3 1
4.64 238.44 1
4.65 239.0 1
4.66 238.16 1
4.67 238.96 1
4.68 237.69 1
4.69 235.22 1
4.7 235.24 1
4.71 237.38 1
4.72 239.02 1
4.73 241.62 1
4.74 242.53 1
4.75 241.67 1
4.76 232.73 1
4.77 247.01 1
4.78 261.74 1
4.79 257.19 1
4.8 265.71 1
4.81 265.11 1
4.82 266.35 1
4.83 256.44 1
4.84 252.29 1
4.85 244.15 1
4.86 241.31 1
4.87 240.5 1
4.88 244.22 1
4.89 239.18 1
4.9 240.52 1
4.91 245.49 1
4.92 253.54 1
4.93 255.73 1
4.94 260.21 1
4.95 263.39 1
4.96 268.09 1
4.97 265.53 1
4.98 260.19 1
4.99 257.67 1
5.0 252.33 1
5.01 245.14 1
5.02 242.86 1
5.03 238.03 1
5.04 238.28 1
5.05 240.38 1
5.06 241.89 1
5.07 244.77 1
5.08 247.96 1
5.09 253.36 1
5.1 254.33 1
5.11 257.23 1
5.12 258.72 1
5.13 258.75 1
5.14 257.28 1
5.15 255.72 1
5.16 256.97 1
5.17 252.3 1
5.18 0.0 1
5.19 0.0 1
5.2 0.0 1
5.21 0.0 1
5.22 0.0 1
5.23 0.0 1
5.24 0.0 1
5.25 0.0 1
5.26 0.0 1
5.27 0.0 1
5.28 288.1 1
5.29 285.09 1
5.3 289.1 1
5.31 289.99 1
5.32 290.27 1
5.33 289.82 1
5.34 291.56 1
5.35 291.09 1
5.36 290.21 1
5.37 286.61 1
5.38 284.6 1
5.39 285.45 1
5.4 286.27 1
5.41 248.39 1
5.42 123.55 1
5.43 97.58 1
5.44 96.61 1
5.45 98.11 1
5.46 97.04 1
5.47 97.23 1
5.48 97.34 1
5.49 97.8 1
5.5 97.46 1
5.51 99.2 1
5.52 97.66 1
5.53 97.24 1
5.54 97.04 1
5.55 98.45 1
5.56 98.31 1
5.57 97.97 1
5.58 98.55 1
5.59 97.98 1
5.6 97.86 1
5.61 97.68 1
5.62 98.55 1
5.63 98.13 1
5.64 98.33 1
5.65 97.46 1
5.66 98.28 1
5.67 97.89 1
5.68 98.54 1
5.69 98.01 1
5.7 98.22 1
5.71 98.03 1
5.72 98.34 1
5.73 97.96 1
5.74 96.4 1
5.75 261.72 1
5.76 271.33 1
5.77 247.0 1
5.78 287.29 1
5.79 290.96 1
5.8 289.01 1
5.81 289.16 1
5.82 291.04 1
5.83 293.03 1
5.84 294.36 1
5.85 295.08 1
5.86 293.22 1
5.87 293.17 1
5.88 293.76 1
5.89 291.4 1
5.9 288.49 1
5.91 288.23 1
5.92 284.46 1
5.93 280.83 1
5.94 276.46 1
5.95 274.74 1
5.96 273.03 1
5.97 271.33 1
5.98 260.16 1
5.99 254.69 1
6.0 249.81 1
6.01 246.86 1
6.02 242.88 1
6.03 118.39 1
6.04 118.14 1
6.05 117.13 1
6.06 116.8 1
6.07 117.14 1
6.08 237.68 1
6.09 240.22 1
6.1 239.1 1
6.11 239.79 1
6.12 240.33 1
6.13 229.16 1
6.14 231.5 1
6.15 239.61 1
6.16 240.57 1
6.17 242.97 1
6.18 245.65 1
6.19 242.96 1
6.2 248.83 1
6.21 267.77 1
6.22 254.21 1
6.23 258.35 1
6.24 270.24 1
6.25 256.96 1
6.26 251.43 1
6.27 254.84 1
6.28 255.3 1
6.29 258.59 1
6.3 255.74 1
6.31 258.14 1
6.32 263.15 1
6.33 261.78 1
6.34 255.86 1
6.35 269.47 1
6.36 260.39 1
6.37 261.13 1
6.38 257.04 1
6.39 253.51 1
6.4 251.11 1
6.41 244.29 1
6.42 119.32 1
6.43 116.99 1
6.44 116.25 1
6.45 117.69 1
6.46 119.16 1
6.47 241.31 1
6.48 247.67 1
6.49 254.95 1
6.5 261.83 1
6.51 270.95 1
6.52 278.35 1
6.53 266.3 1
6.54 274.37 1
6.55 271.39 1
6.56 280.0 1
6.57 273.12 1
6.58 282.69 1
6.59 287.3 1
6.6 281.64 1
6.61 266.5 1
6.62 267.75 1
6.63 253.23 1
6.64 263.47 1
6.65 239.07 1
6.66 235.79 1
6.67 233.21 1
6.68 240.55 1
6.69 245.7 1
6.7 275.62 1
6.71 271.81 1
6.72 258.3 1
6.73 258.94 1
6.74 267.87 1
6.75 266.82 1
6.76 265.1 1
6.77 270.94 1
6.78 257.31 1
6.79 250.22 1
6.8 242.05 1
6.81 235.2 1
6.82 228.34 1
6.83 225.85 1
6.84 222.75 1
6.85 217.96 1
6.86 216.11 1
6.87 210.69 1
6.88 214.52 1
6.89 215.27 1
6.9 213.89 1
6.91 214.78 1
6.92 211.56 1
6.93 209.54 1
6.94 208.54 1
6.95 209.09 1
6.96 210.51 1
6.97 211.51 1
6.98 202.76 1
6.99 197.3 1
7.0 198.24 1
7.01 202.19 1
7.02 216.68 1
7.03 220.13 1
7.04 244.29 1
7.05 242.95 1
7.06 247.02 1
7.07 242.86 1
7.08 245.54 1
7.09 242.44 1
7.1 241.35 1
7.11 239.56 1
7.12 240.26 1
7.13 242.8 1
7.14 239.4 1
7.15 238.54 1
7.16 238.81 1
7.17 239.01 1
7.18 241.56 1
7.19 240.3 1
7.2 240.3 1
7.21 240.32 1
7.22 241.59 1
7.23 240.37 1
7.24 240.68 1
7.25 241.13 1
7.26 242.03 1
7.27 241.68 1
7.28 241.69 1
7.29 242.01 1
7.3 241.68 1
7.31 246.82 1
7.32 242.56 1
7.33 245.55 1
7.34 241.71 1
7.35 244.31 1
7.36 243.12 1
7.37 243.94 1
7.38 232.75 1
7.39 226.77 1
7.4 239.08 1
7.41 246.98 1
7.42 239.2 1
7.43 240.35 1
7.44 240.66 1
7.45 242.91 1
7.46 242.96 1
7.47 240.4 1
7.48 241.58 1
7.49 240.91 1
7.5 244.24 1
7.51 241.92 1
7.52 246.9 1
7.53 242.06 1
7.54 242.39 1
7.55 245.58 1
7.56 243.42 1
7.57 245.64 1
7.58 244.95 1
7.59 246.15 1
7.6 245.36 1
7.61 245.98 1
7.62 245.82 1
7.63 245.67 1
7.64 244.87 1
7.65 244.34 1
7.66 242.79 1
7.67 240.67 1
7.68 235.61 1
7.69 228.06 1
7.7 230.3 1
7.71 229.11 1
7.72 228.03 1
7.73 232.03 1
7.74 238.83 1
7.75 249.53 1
7.76 254.4 1
7.77 272.26 1
7.78 286.22 1
7.79 291.21 1
7.8 299.0 1
7.81 289.21 1
7.82 294.99 1
7.83 290.43 1
7.84 294.66 1
7.85 291.36 1
7.86 293.63 1
7.87 320.71 1
7.88 286.26 1
7.89 292.46 1
7.9 266.37 1
7.91 256.81 1
7.92 253.92 1
7.93 257.86 1
7.94 262.95 1
7.95 274.73 1
7.96 281.78 1
7.97 285.12 1
7.98 290.02 1
7.99 286.09 1
8.0 286.6 1
8.01 286.95 1
8.02 281.74 1
8.03 281.83 1
8.04 281.79 1
8.05 0.0 1
8.06 0.0 1
8.07 0.0 1
8.08 0.0 1
8.09 0.0 1
8.1 0.0 1
8.11 0.0 1
8.12 0.0 1
8.13 0.0 1
8.14 0.0 1
8.15 0.0 1
8.16 0.0 1
8.17 0.0 1
8.18 0.0 1
8.19 0.0 1
8.2 0.0 1
8.21 0.0 1
8.22 0.0 1
8.23 0.0 1
8.24 0.0 1
8.25 0.0 1
8.26 0.0 1
8.27 0.0 1
8.28 0.0 1
8.29 0.0 1
8.3 0.0 1
8.31 0.0 1
8.32 0.0 1
8.33 0.0 1
8.34 0.0 1
8.35 0.0 1
8.36 0.0 1
8.37 0.0 1
8.38 258.66 1
8.39 260.19 1
8.4 248.69 1
8.41 250.08 1
8.42 255.66 1
8.43 255.7 1
8.44 266.48 1
8.45 276.37 1
8.46 281.78 1
8.47 291.37 1
8.48 0.0 1
8.49 0.0 1
8.5 0.0 1
8.51 0.0 1
8.52 370.57 1
8.53 378.99 1
8.54 386.55 1
8.55 387.88 1
8.56 387.38 1
8.57 384.29 1
8.58 380.24 1
8.59 375.98 1
8.6 372.14 1
8.61 367.41 1
8.62 357.32 1
8.63 343.73 1
8.64 351.9 1
8.65 344.77 1
8.66 339.02 1
8.67 336.33 1
8.68 334.5 1
8.69 330.78 1
8.7 327.67 1
8.71 327.85 1
8.72 325.94 1
8.73 325.8 1
8.74 326.4 1
8.75 326.66 1
8.76 327.09 1
8.77 327.97 1
8.78 323.18 1
8.79 327.82 1
8.8 302.83 1
8.81 283.59 1
8.82 303.13 1
8.83 326.0 1
8.84 324.05 1
8.85 327.6 1
8.86 353.58 1
8.87 367.57 1
8.88 372.2 1
8.89 0.0 1
8.9 381.6 1
8.91 375.2 1
8.92 375.07 1
8.93 365.57 1
8.94 360.17 1
8.95 356.09 1
8.96 351.66 1
8.97 346.27 1
8.98 340.83 1
8.99 338.87 1
9.0 336.19 1
9.01 332.4 1
9.02 328.55 1
9.03 327.04 1
9.04 327.8 1
9.05 325.42 1
9.06 325.41 1
9.07 326.34 1
9.08 329.65 1
9.09 333.98 1
9.1 339.08 1
9.11 337.64 1
9.12 337.6 1
9.13 375.02 1
9.14 362.85 1
9.15 348.68 1
9.16 359.91 1
9.17 343.28 1
9.18 333.09 1
9.19 340.31 1
9.2 346.01 1
9.21 243.89 1
9.22 241.63 1
9.23 240.53 1
9.24 246.99 1
9.25 273.05 1
9.26 297.97 1
9.27 299.73 1
9.28 300.49 1
9.29 298.62 1
9.3 298.57 1
9.31 297.04 1
9.32 297.08 1
9.33 295.13 1
9.34 295.14 1
9.35 291.33 1
9.36 291.29 1
9.37 291.25 1
9.38 291.19 1
9.39 291.16 1
9.4 292.7 1
9.41 291.14 1
9.42 291.13 1
9.43 292.68 1
9.44 292.57 1
9.45 292.57 1
9.46 292.65 1
9.47 292.99 1
9.48 292.78 1
9.49 292.95 1
9.5 292.62 1
9.51 293.03 1
9.52 293.4 1
9.53 293.87 1
9.54 293.07 1
9.55 293.06 1
9.56 291.21 1
9.57 293.08 1
9.58 293.1 1
9.59 293.07 1
9.6 291.16 1
9.61 293.02 1
9.62 291.71 1
9.63 287.3 1
9.64 291.1 1
9.65 291.42 1
9.66 290.02 1
9.67 290.84 1
9.68 288.4 1
9.69 288.4 1
9.7 289.19 1
9.71 288.92 1
9.72 289.19 1
9.73 292.12 1
9.74 292.81 1
9.75 292.6 1
9.76 291.67 1
9.77 291.4 1
9.78 290.73 1
9.79 290.49 1
9.8 289.33 1
9.81 289.74 1
9.82 289.04 1
9.83 288.88 1
9.84 288.74 1
9.85 288.71 1
9.86 289.13 1
9.87 288.63 1
9.88 287.86 1
9.89 287.17 1
9.9 286.52 1
9.91 285.13 1
9.92 281.53 1
9.93 277.99 1
9.94 274.73 1
9.95 274.62 1
9.96 268.05 1
9.97 240.91 1
9.98 230.43 1
9.99 238.83 1
10.0 234.0 1
10.01 126.5 1
10.02 128.04 1
10.03 134.68 1
10.04 139.01 1
10.05 144.33 1
10.06 143.42 1
10.07 142.03 1
10.08 142.61 1
10.09 146.2 1
10.1 143.18 1
10.11 145.78 1
10.12 143.88 1
10.13 144.52 1
10.14 140.67 1
10.15 129.92 1
10.16 127.34 1
10.17 125.76 1
10.18 114.91 1
10.19 113.38 1
10.2 112.94 1
10.21 117.18 1
10.22 236.52 1
10.23 246.38 1
10.24 256.68 1
10.25 263.6 1
10.26 272.97 1
10.27 280.37 1
10.28 283.28 1
10.29 286.13 1
10.3 288.92 1
10.31 289.39 1
10.32 291.12 1
10.33 293.07 1
10.34 293.06 1
10.35 293.05 1
10.36 292.88 1
10.37 294.14 1
10.38 293.83 1
10.39 294.11 1
10.4 294.07 1
10.41 294.6 1
10.42 295.03 1
10.43 293.18 1
10.44 295.02 1
10.45 293.12 1
10.46 294.02 1
10.47 292.67 1
10.48 290.46 1
10.49 291.1 1
10.5 291.1 1
10.51 291.11 1
10.52 288.95 1
10.53 295.0 1
10.54 268.05 1
10.55 285.49 1
10.56 289.61 1
10.57 288.02 1
10.58 287.25 1
10.59 286.58 1
10.6 286.63 1
10.61 285.51 1
10.62 283.77 1
10.63 282.09 1
10.64 282.9 1
10.65 283.81 1
10.66 285.79 1
10.67 288.46 1
10.68 291.12 1
10.69 293.18 1
10.7 293.28 1
10.71 318.01 1
10.72 318.2 1
10.73 323.31 1
10.74 321.07 1
10.75 178.02 1
10.76 181.68 1
10.77 184.22 1
10.78 185.06 1
10.79 190.4 1
10.8 185.8 1
10.81 188.07 1
10.82 185.75 1
10.83 184.79 1
10.84 183.6 1
10.85 181.61 1
10.86 179.57 1
10.87 351.67 1
10.88 349.35 1
10.89 340.87 1
10.9 333.44 1
10.91 330.92 1
10.92 335.59 1
10.93 330.63 1
10.94 327.11 1
10.95 327.73 1
10.96 323.91 1
10.97 323.55 1
10.98 324.54 1
10.99 325.77 1
11.0 328.16 1
11.01 330.36 1
11.02 332.86 1
11.03 330.59 1
11.04 325.62 1
11.05 326.14 1
11.06 330.57 1
11.07 335.07 1
11.08 360.01 1
11.09 185.87 1
11.1 197.48 1
11.11 195.34 1
11.12 193.88 1
11.13 194.77 1
11.14 194.34 1
11.15 193.72 1
11.16 193.7 1
11.17 193.62 1
11.18 194.02 1
11.19 193.87 1
11.2 194.61 1
11.21 192.32 1
11.22 192.82 1
11.23 191.11 1
11.24 185.5 1
11.25 184.8 1
11.26 181.76 1
11.27 178.55 1
11.28 177.41 1
11.29 178.81 1
11.3 179.72 1
11.31 182.63 1
11.32 187.03 1
11.33 189.72 1
11.34 194.56 1
11.35 193.91 1
11.36 198.23 1
11.37 198.1 1
11.38 196.03 1
11.39 187.26 1
11.4 167.37 1
11.41 184.84 1
11.42 194.46 1
11.43 192.68 1
11.44 191.34 1
11.45 0.0 1
11.46 0.0 1
11.47 0.0 1
11.48 0.0 1
11.49 0.0 1
11.5 204.47 1
11.51 199.99 1
11.52 196.01 1
11.53 195.56 1
11.54 198.13 1
11.55 195.19 1
11.56 194.78 1
11.57 195.53 1
11.58 196.39 1
11.59 195.6 1
11.6 195.56 1
11.61 195.13 1
11.62 195.0 1
11.63 194.7 1
11.64 194.7 1
11.65 194.77 1
11.66 195.15 1
11.67 195.08 1
11.68 195.47 1
11.69 196.03 1
11.7 196.1 1
11.71 195.55 1
11.72 195.15 1
11.73 390.93 1
11.74 390.79 1
11.75 391.02 1
11.76 391.27 1
11.77 392.32 1
11.78 393.07 1
11.79 393.43 1
11.8 392.22 1
11.81 391.31 1
11.82 390.27 1
11.83 391.7 1
11.84 391.89 1
11.85 388.99 1
11.86 386.8 1
11.87 386.53 1
11.88 386.35 1
11.89 385.19 1
11.9 385.02 1
11.91 387.89 1
11.92 393.48 1
11.93 393.59 1
11.94 392.75 1
11.95 392.92 1
11.96 393.88 1
11.97 395.59 1
11.98 395.97 1
11.99 394.88 1
12.0 394.18 1
12.01 391.44 1
12.02 390.21 1
12.03 388.67 1
12.04 388.51 1
12.05 387.11 1
12.06 385.92 1
12.07 385.39 1
12.08 384.61 1
12.09 381.29 1
12.1 381.41 1
12.11 374.33 1
12.12 372.02 1
12.13 368.58 1
12.14 362.26 1
12.15 362.0 1
12.16 357.74 1
12.17 366.62 1
12.18 371.34 1
12.19 384.53 1
12.2 387.1 1
12.21 394.69 1
12.22 404.11 1
12.23 407.71 1
12.24 402.47 1
12.25 384.59 1
12.26 378.96 1
12.27 0.0 1
12.28 0.0 1
12.29 0.0 1
12.3 0.0 1
12.31 0.0 1
12.32 0.0 1
12.33 0.0 1
12.34 0.0 1
12.35 0.0 1
12.36 417.86 1
12.37 411.47 1
12.38 400.86 1
12.39 397.05 1
12.4 396.26 1
12.41 397.47 1
12.42 398.34 1
12.43 397.94 1
12.44 397.55 1
12.45 398.93 1
12.46 397.82 1
12.47 396.05 1
12.48 394.81 1
12.49 394.22 1
12.5 393.42 1
12.51 393.7 1
12.52 392.42 1
12.53 392.12 1
12.54 393.21 1
12.55 392.6 1
12.56 392.47 1
12.57 393.95 1
12.58 394.56 1
12.59 395.0 1
12.6 394.58 1
12.61 392.96 1
12.62 392.3 1
12.63 392.38 1
12.64 392.03 1
12.65 390.72 1
12.66 389.01 1
12.67 389.79 1
12.68 391.79 1
12.69 402.04 1
12.7 195.13 1
12.71 98.32 1
12.72 97.03 1
12.73 97.68 1
12.74 97.04 1
12.75 98.32 1
12.76 98.32 1
12.77 97.9 1
12.78 97.89 1
12.79 98.54 1
12.8 97.84 1
12.81 97.26 1
12.82 98.33 1
12.83 98.22 1
12.84 97.94 1
12.85 98.07 1
12.86 97.47 1
12.87 98.54 1
12.88 98.01 1
12.89 98.15 1
12.9 98.24 1
12.91 97.68 1
12.92 98.32 1
12.93 98.26 1
12.94 98.02 1
12.95 98.17 1
12.96 97.74 1
12.97 97.68 1
12.98 98.23 1
12.99 98.77 1
13.0 97.82 1
13.01 98.2 1
13.02 98.32 1
13.03 97.97 1
13.04 97.92 1
13.05 0.0 1
13.06 0.0 1
13.07 0.0 1
13.08 0.0 1
13.09 0.0 1
13.1 0.0 1
13.11 0.0 1
13.12 0.0 1
13.13 0.0 1
13.14 0.0 1
13.15 0.0 1
13.16 0.0 1
13.17 0.0 1
13.18 0.0 1
13.19 283.6 1
13.2 278.22 1
13.21 253.09 1
13.22 304.54 1
13.23 316.17 1
13.24 321.41 1
13.25 332.97 1
13.26 339.44 1
13.27 342.81 1
13.28 343.39 1
13.29 351.75 1
13.3 365.79 1
13.31 375.83 1
13.32 387.29 1
13.33 403.18 1
13.34 418.3 1
13.35 442.53 1
13.36 452.53 1
13.37 476.04 1
13.38 487.6 1
13.39 502.66 1
13.4 507.92 1
13.41 511.14 1
13.42 512.97 1
13.43 513.52 1
13.44 509.89 1
13.45 502.71 1
13.46 502.54 1
13.47 494.4 1
13.48 488.51 1
13.49 478.32 1
13.5 468.52 1
13.51 457.47 1
13.52 447.0 1
13.53 446.95 1
13.54 436.83 1
13.55 434.64 1
13.56 438.71 1
13.57 0.0 1
13.58 0.0 1
13.59 0.0 1
13.6 0.0 1
13.61 0.0 1
13.62 0.0 1
13.63 0.0 1
13.64 0.0 1
13.65 0.0 1
13.66 0.0 1
13.67 0.0 1
13.68 0.0 1
13.69 0.0 1
13.7 454.27 1
13.71 466.43 1
13.72 471.74 1
13.73 484.55 1
13.74 501.4 1
13.75 503.15 1
13.76 499.86 1
13.77 499.5 1
13.78 500.71 1
13.79 502.98 1
13.8 504.44 1
13.81 506.18 1
13.82 504.9 1
13.83 507.32 1
13.84 511.6 1
13.85 510.12 1
13.86 507.87 1
13.87 509.6 1
13.88 511.06 1
13.89 509.12 1
13.9 504.18 1
13.91 492.13 1
13.92 481.83 1
13.93 486.55 1
13.94 474.55 1
13.95 476.61 1
13.96 480.91 1
13.97 489.86 1
13.98 508.47 1
13.99 518.0 1
14.0 515.88 1
14.01 511.43 1
14.02 518.28 1
14.03 511.33 1
14.04 486.85 1
14.05 472.27 1
14.06 482.2 1
14.07 368.12 1
14.08 348.75 1
14.09 325.46 1
