0.01 287.78 1
0.02 286.04 1
0.03 293.62 1
0.04 293.75 1
0.05 293.03 1
0.06 296.97 1
0.07 298.16 1
0.08 297.91 1
0.09 296.98 1
0.1 296.99 1
0.11 295.01 1
0.12 295.01 1
0.13 295.0 1
0.14 295.49 1
0.15 295.33 1
0.16 294.72 1
0.17 294.45 1
0.18 293.04 1
0.19 291.91 1
0.2 290.96 1
0.21 290.14 1
0.22 291.09 1
0.23 292.11 1
0.24 291.12 1
0.25 292.28 1
0.26 291.91 1
0.27 291.09 1
0.28 291.39 1
0.29 291.1 1
0.3 291.11 1
0.31 291.11 1
0.32 291.11 1
0.33 291.1 1
0.34 291.09 1
0.35 291.09 1
0.36 291.09 1
0.37 290.2 1
0.38 289.39 1
0.39 288.67 1
0.4 289.24 1
0.41 289.32 1
0.42 289.6 1
0.43 289.95 1
0.44 290.08 1
0.45 290.19 1
0.46 290.77 1
0.47 291.04 1
0.48 290.61 1
0.49 289.91 1
0.5 289.33 1
0.51 288.97 1
0.52 289.14 1
0.53 289.77 1
0.54 290.0 1
0.55 290.71 1
0.56 290.94 1
0.57 291.05 1
0.58 291.87 1
0.59 290.58 1
0.6 290.93 1
0.61 291.9 1
0.62 291.11 1
0.63 291.12 1
0.64 293.04 1
0.65 293.04 1
0.66 293.04 1
0.67 293.03 1
0.68 292.62 1
0.69 291.09 1
0.7 289.74 1
0.71 288.9 1
0.72 288.76 1
0.73 288.24 1
0.74 288.88 1
0.75 288.74 1
0.76 288.8 1
0.77 288.89 1
0.78 289.39 1
0.79 289.21 1
0.8 289.31 1
0.81 289.24 1
0.82 289.62 1
0.83 290.24 1
0.84 289.83 1
0.85 288.7 1
0.86 289.48 1
0.87 289.84 1
0.88 292.82 1
0.89 291.18 1
0.9 288.57 1
0.91 288.0 1
0.92 286.89 1
0.93 97.05 1
0.94 97.32 1
0.95 97.43 1
0.96 97.65 1
0.97 97.43 1
0.98 97.35 1
0.99 97.24 1
1.0 97.36 1
1.01 97.64 1
1.02 97.67 1
1.03 97.54 1
1.04 97.46 1
1.05 97.46 1
1.06 98.21 1
1.07 269.83 1
1.08 269.11 1
1.09 272.54 1
1.1 257.15 1
1.11 260.18 1
1.12 268.01 1
1.13 255.67 1
1.14 268.36 1
1.15 253.46 1
1.16 258.54 1
1.17 242.91 1
1.18 232.76 1
1.19 238.99 1
1.2 230.34 1
1.21 236.13 1
1.22 240.29 1
1.23 241.18 1
1.24 245.63 1
1.25 245.87 1
1.26 248.18 1
1.27 250.42 1
1.28 252.28 1
1.29 253.82 1
1.3 254.76 1
1.31 254.21 1
1.32 255.99 1
1.33 256.31 1
1.34 257.64 1
1.35 255.71 1
1.36 257.15 1
1.37 257.27 1
1.38 254.15 1
1.39 252.0 1
1.4 250.43 1
1.41 246.13 1
1.42 244.08 1
1.43 245.58 1
1.44 242.99 1
1.45 238.41 1
1.46 239.01 1
1.47 240.29 1
1.48 241.63 1
1.49 242.24 1
1.5 249.83 1
1.51 252.25 1
1.52 257.44 1
1.53 257.17 1
1.54 255.68 1
1.55 260.17 1
1.56 261.84 1
1.57 260.19 1
1.58 263.03 1
1.59 261.61 1
1.6 258.68 1
1.61 262.81 1
1.62 260.21 1
1.63 260.18 1
1.64 260.61 1
1.65 258.42 1
1.66 257.16 1
1.67 258.56 1
1.68 256.98 1
1.69 254.06 1
1.7 250.76 1
1.71 247.07 1
1.72 245.67 1
1.73 242.94 1
1.74 238.8 1
1.75 239.08 1
1.76 241.63 1
1.77 244.31 1
1.78 254.09 1
1.79 250.57 1
1.8 253.95 1
1.81 256.02 1
1.82 261.81 1
1.83 262.15 1
1.84 264.05 1
1.85 264.38 1
1.86 257.19 1
1.87 264.71 1
1.88 263.23 1
1.89 263.18 1
1.9 262.78 1
1.91 260.8 1
1.92 258.67 1
1.93 260.05 1
1.94 258.65 1
1.95 255.7 1
1.96 255.69 1
1.97 256.14 1
1.98 252.01 1
1.99 243.31 1
2.0 118.09 1
2.01 238.98 1
2.02 240.29 1
2.03 245.68 1
2.04 252.29 1
2.05 263.23 1
2.06 267.07 1
2.07 276.48 1
2.08 280.72 1
2.09 283.47 1
2.1 281.98 1
2.11 251.8 1
2.12 271.73 1
2.13 255.74 1
2.14 282.81 1
2.15 139.48 1
2.16 134.82 1
2.17 143.03 1
2.18 145.99 1
2.19 152.38 1
2.2 144.74 1
2.21 146.06 1
2.22 148.23 1
2.23 142.89 1
2.24 287.19 1
2.25 294.99 1
2.26 296.97 1
2.27 298.46 1
2.28 296.91 1
2.29 293.07 1
2.3 295.0 1
2.31 296.65 1
2.32 295.58 1
2.33 295.43 1
2.34 294.91 1
2.35 294.23 1
2.36 293.76 1
2.37 294.2 1
2.38 293.43 1
2.39 292.92 1
2.4 292.65 1
2.41 292.24 1
2.42 291.7 1
2.43 292.46 1
2.44 291.11 1
2.45 292.15 1
2.46 292.65 1
2.47 293.03 1
2.48 294.01 1
2.49 293.04 1
2.5 293.05 1
2.51 293.81 1
2.52 293.38 1
2.53 293.33 1
2.54 292.99 1
2.55 293.03 1
2.56 293.01 1
2.57 293.02 1
2.58 292.79 1
2.59 292.97 1
2.6 293.03 1
2.61 293.03 1
2.62 293.04 1
2.63 294.13 1
2.64 293.91 1
2.65 293.05 1
2.66 294.8 1
2.67 294.79 1
2.68 294.39 1
2.69 293.03 1
2.7 293.03 1
2.71 292.66 1
2.72 292.82 1
2.73 292.46 1
2.74 292.12 1
2.75 291.12 1
2.76 292.49 1
2.77 292.35 1
2.78 291.12 1
2.79 292.01 1
2.8 291.1 1
2.81 291.05 1
2.82 290.76 1
2.83 290.68 1
2.84 290.86 1
2.85 290.95 1
2.86 290.95 1
2.87 290.72 1
2.88 290.03 1
2.89 289.78 1
2.9 289.2 1
2.91 289.22 1
2.92 290.96 1
2.93 0.0 1
2.94 0.0 1
2.95 0.0 1
2.96 0.0 1
2.97 0.0 1
2.98 0.0 1
2.99 0.0 1
3.0 0.0 1
3.01 0.0 1
3.02 0.0 1
3.03 145.31 1
3.04 146.27 1
3.05 145.75 1
3.06 145.76 1
3.07 0.0 1
3.08 0.0 1
3.09 0.0 1
3.1 0.0 1
3.11 0.0 1
3.12 0.0 1
3.13 0.0 1
3.14 0.0 1
3.15 0.0 1
3.16 0.0 1
3.17 0.0 1
3.18 0.0 1
3.19 0.0 1
3.2 0.0 1
3.21 0.0 1
3.22 0.0 1
3.23 0.0 1
3.24 0.0 1
3.25 0.0 1
3.26 0.0 1
3.27 0.0 1
3.28 0.0 1
3.29 0.0 1
3.3 0.0 1
3.31 249.83 1
3.32 236.46 1
3.33 230.29 1
3.34 229.1 1
3.35 232.45 1
3.36 247.09 1
3.37 273.06 1
3.38 281.67 1
3.39 284.76 1
3.4 287.12 1
3.41 289.95 1
3.42 293.02 1
3.43 293.03 1
3.44 292.71 1
3.45 293.53 1
3.46 292.8 1
3.47 292.18 1
3.48 291.68 1
3.49 290.37 1
3.5 289.19 1
3.51 286.47 1
3.52 283.99 1
3.53 280.66 1
3.54 275.8 1
3.55 276.44 1
3.56 268.83 1
3.57 262.93 1
3.58 257.6 1
3.59 255.66 1
3.6 255.01 1
3.61 250.38 1
3.62 249.65 1
3.63 247.28 1
3.64 245.19 1
3.65 247.04 1
3.66 246.0 1
3.67 241.83 1
3.68 242.96 1
3.69 241.64 1
3.7 242.95 1
3.71 240.54 1
3.72 244.63 1
3.73 243.26 1
3.74 242.97 1
3.75 242.93 1
3.76 242.97 1
3.77 242.13 1
3.78 243.6 1
3.79 244.23 1
3.8 244.44 1
3.81 244.67 1
3.82 245.4 1
3.83 245.12 1
3.84 244.47 1
3.85 243.07 1
3.86 242.99 1
3.87 244.4 1
3.88 245.77 1
3.89 244.32 1
3.9 241.65 1
3.91 240.31 1
3.92 240.73 1
3.93 241.06 1
3.94 241.64 1
3.95 242.57 1
3.96 242.97 1
3.97 241.64 1
3.98 239.29 1
3.99 236.47 1
4.0 225.58 1
4.01 245.27 1
4.02 243.25 1
4.03 244.31 1
4.04 245.81 1
4.05 252.81 1
4.06 263.91 1
4.07 253.69 1
4.08 257.41 1
4.09 253.37 1
4.1 251.51 1
4.11 249.0 1
4.12 248.42 1
4.13 239.32 1
4.14 234.66 1
4.15 229.12 1
4.16 225.6 1
4.17 226.49 1
4.18 226.79 1
4.19 232.54 1
4.2 234.81 1
4.21 237.74 1
4.22 241.63 1
4.23 245.68 1
4.24 249.86 1
4.25 252.84 1
4.26 253.22 1
4.27 255.1 1
4.28 255.92 1
4.29 254.43 1
4.3 252.21 1
4.31 252.32 1
4.32 251.23 1
4.33 250.51 1
4.34 250.43 1
4.35 250.62 1
4.36 247.93 1
4.37 244.43 1
4.38 244.74 1
4.39 239.43 1
4.4 240.32 1
4.41 238.05 1
4.42 238.13 1
4.43 240.29 1
4.44 239.49 1
4.45 242.53 1
4.46 244.9 1
4.47 254.02 1
4.48 254.65 1
4.49 253.09 1
4.5 254.86 1
4.51 259.98 1
4.52 263.59 1
4.53 261.72 1
4.54 264.09 1
4.55 261.7 1
4.56 258.66 1
4.57 260.8 1
4.58 257.1 1
4.59 249.23 1
4.6 245.63 1
4.61 230.43 1
4.62 237.71 1
4.63 229.74 1
4.64 231.04 1
4.65 234.29 1
4.66 240.61 1
4.67 246.55 1
4.68 257.14 1
4.69 257.17 1
4.7 258.65 1
4.71 261.58 1
4.72 257.86 1
4.73 268.08 1
4.74 263.0 1
4.75 260.42 1
4.76 268.48 1
4.77 278.17 1
4.78 268.14 1
4.79 268.1 1
4.8 264.86 1
4.81 259.33 1
4.82 254.81 1
4.83 244.87 1
4.84 236.18 1
4.85 232.51 1
4.86 234.04 1
4.87 231.74 1
4.88 238.35 1
4.89 244.48 1
4.9 248.24 1
4.91 251.51 1
4.92 252.72 1
4.93 257.15 1
4.94 260.1 1
4.95 259.92 1
4.96 258.66 1
4.97 263.28 1
4.98 257.15 1
4.99 254.64 1
5.0 256.1 1
5.01 254.63 1
5.02 252.71 1
5.03 250.36 1
5.04 244.62 1
5.05 235.21 1
5.06 234.91 1
5.07 231.64 1
5.08 226.04 1
5.09 222.98 1
5.1 221.92 1
5.11 220.39 1
5.12 219.5 1
5.13 217.9 1
5.14 217.38 1
5.15 218.06 1
5.16 217.68 1
5.17 217.54 1
5.18 217.79 1
5.19 217.5 1
5.2 217.86 1
5.21 216.96 1
5.22 216.09 1
5.23 215.51 1
5.24 213.01 1
5.25 214.85 1
5.26 212.6 1
5.27 213.48 1
5.28 213.75 1
5.29 214.25 1
5.3 215.66 1
5.31 215.72 1
5.32 215.85 1
5.33 215.39 1
5.34 216.52 1
5.35 215.14 1
5.36 214.75 1
5.37 214.08 1
5.38 213.55 1
5.39 213.4 1
5.4 204.09 1
5.41 199.99 1
5.42 207.53 1
5.43 208.51 1
5.44 200.83 1
5.45 198.06 1
5.46 199.23 1
5.47 200.32 1
5.48 202.69 1
5.49 199.71 1
5.5 237.88 1
5.51 256.98 1
5.52 259.3 1
5.53 259.09 1
5.54 255.82 1
5.55 254.5 1
5.56 253.84 1
5.57 252.53 1
5.58 253.75 1
5.59 253.11 1
5.6 252.12 1
5.61 252.1 1
5.62 249.11 1
5.63 248.31 1
5.64 241.64 1
5.65 232.79 1
5.66 236.95 1
5.67 233.96 1
5.68 231.51 1
5.69 235.2 1
5.7 238.08 1
5.71 240.7 1
5.72 248.3 1
5.73 247.98 1
5.74 258.67 1
5.75 264.88 1
5.76 249.62 1
5.77 118.37 1
5.78 118.26 1
5.79 118.71 1
5.8 119.11 1
5.81 145.31 1
5.82 145.54 1
5.83 143.19 1
5.84 149.98 1
5.85 149.45 1
5.86 284.68 1
5.87 280.98 1
5.88 269.57 1
5.89 271.38 1
5.9 260.71 1
5.91 253.36 1
5.92 250.35 1
5.93 269.65 1
5.94 247.05 1
5.95 248.34 1
5.96 196.4 1
5.97 244.28 1
5.98 246.96 1
5.99 243.66 1
6.0 245.64 1
6.01 247.68 1
6.02 250.15 1
6.03 252.18 1
6.04 254.97 1
6.05 256.64 1
6.06 255.35 1
6.07 258.13 1
6.08 257.12 1
6.09 257.15 1
6.1 255.67 1
6.11 255.15 1
6.12 254.73 1
6.13 252.2 1
6.14 250.13 1
6.15 247.53 1
6.16 247.26 1
6.17 247.02 1
6.18 248.78 1
6.19 236.8 1
6.2 236.31 1
6.21 230.33 1
6.22 230.29 1
6.23 225.59 1
6.24 217.12 1
6.25 219.64 1
6.26 219.95 1
6.27 211.52 1
6.28 215.63 1
6.29 206.57 1
6.3 211.19 1
6.31 203.48 1
6.32 202.77 1
6.33 202.77 1
6.34 203.98 1
6.35 201.33 1
6.36 199.99 1
6.37 195.92 1
6.38 195.99 1
6.39 195.09 1
6.4 193.23 1
6.41 193.08 1
6.42 192.19 1
6.43 192.13 1
6.44 194.48 1
6.45 194.47 1
6.46 194.69 1
6.47 196.21 1
6.48 195.48 1
6.49 197.36 1
6.5 197.19 1
6.51 197.44 1
6.52 196.73 1
6.53 197.1 1
6.54 196.64 1
6.55 196.92 1
6.56 196.74 1
6.57 196.8 1
6.58 196.49 1
6.59 196.42 1
6.6 195.92 1
6.61 196.42 1
6.62 196.48 1
6.63 196.23 1
6.64 196.1 1
6.65 196.05 1
6.66 196.13 1
6.67 196.12 1
6.68 196.35 1
6.69 196.13 1
6.7 196.08 1
6.71 195.43 1
6.72 194.97 1
6.73 194.23 1
6.74 193.69 1
6.75 192.55 1
6.76 192.29 1
6.77 191.02 1
6.78 191.83 1
6.79 190.71 1
6.8 192.81 1
6.81 195.56 1
6.82 194.59 1
6.83 194.79 1
6.84 195.77 1
6.85 195.74 1
6.86 192.35 1
6.87 194.01 1
6.88 195.88 1
6.89 193.99 1
6.9 194.01 1
6.91 194.21 1
6.92 193.83 1
6.93 193.16 1
6.94 193.0 1
6.95 192.9 1
6.96 192.99 1
6.97 194.02 1
6.98 194.67 1
6.99 196.34 1
7.0 193.87 1
7.01 194.67 1
7.02 191.39 1
7.03 193.24 1
7.04 192.73 1
7.05 192.52 1
7.06 192.61 1
7.07 193.42 1
7.08 194.7 1
7.09 196.96 1
7.1 200.51 1
7.11 205.59 1
7.12 226.74 1
7.13 216.51 1
7.14 220.64 1
7.15 236.45 1
7.16 249.55 1
7.17 251.46 1
7.18 253.95 1
7.19 250.25 1
7.2 249.99 1
7.21 246.72 1
7.22 246.04 1
7.23 242.71 1
7.24 235.03 1
7.25 233.69 1
7.26 231.93 1
7.27 229.11 1
7.28 222.98 1
7.29 220.26 1
7.3 220.76 1
7.31 220.35 1
7.32 218.5 1
7.33 219.99 1
7.34 220.62 1
7.35 220.49 1
7.36 220.4 1
7.37 220.27 1
7.38 218.32 1
7.39 217.07 1
7.4 216.66 1
7.41 215.14 1
7.42 216.67 1
7.43 217.13 1
7.44 220.04 1
7.45 223.24 1
7.46 227.14 1
7.47 232.04 1
7.48 239.4 1
7.49 239.73 1
7.5 238.55 1
7.51 236.97 1
7.52 236.12 1
7.53 230.69 1
7.54 226.61 1
7.55 222.61 1
7.56 220.64 1
7.57 218.86 1
7.58 216.18 1
7.59 216.66 1
7.6 216.45 1
7.61 218.43 1
7.62 217.59 1
7.63 218.49 1
7.64 217.81 1
7.65 218.34 1
7.66 217.48 1
7.67 218.03 1
7.68 217.67 1
7.69 217.15 1
7.7 217.19 1
7.71 213.91 1
7.72 214.59 1
7.73 211.61 1
7.74 211.35 1
7.75 212.18 1
7.76 213.0 1
7.77 208.54 1
7.78 213.76 1
7.79 210.51 1
7.8 212.92 1
7.81 226.75 1
7.82 232.73 1
7.83 218.86 1
7.84 239.03 1
7.85 244.63 1
7.86 251.28 1
7.87 245.14 1
7.88 236.47 1
7.89 239.02 1
7.9 231.67 1
7.91 222.95 1
7.92 214.56 1
7.93 209.22 1
7.94 206.12 1
7.95 206.55 1
7.96 201.6 1
7.97 200.86 1
7.98 201.14 1
7.99 193.98 1
8.0 208.25 1
8.01 212.53 1
8.02 216.21 1
8.03 221.31 1
8.04 226.69 1
8.05 230.75 1
8.06 227.65 1
8.07 227.65 1
8.08 223.41 1
8.09 221.03 1
8.1 218.87 1
8.11 216.69 1
8.12 215.68 1
8.13 213.38 1
8.14 212.37 1
8.15 211.5 1
8.16 208.17 1
8.17 204.66 1
8.18 204.83 1
8.19 211.57 1
8.2 193.67 1
8.21 214.51 1
8.22 199.08 1
8.23 197.94 1
8.24 198.02 1
8.25 197.51 1
8.26 195.9 1
8.27 195.04 1
8.28 194.4 1
8.29 193.85 1
8.3 190.88 1
8.31 179.92 1
8.32 189.67 1
8.33 185.41 1
8.34 183.59 1
8.35 186.35 1
8.36 183.82 1
8.37 176.73 1
8.38 184.9 1
8.39 173.31 1
8.4 183.96 1
8.41 182.61 1
8.42 184.57 1
8.43 186.5 1
8.44 197.69 1
8.45 184.33 1
8.46 185.64 1
8.47 191.73 1
8.48 198.14 1
8.49 189.2 1
8.5 184.13 1
8.51 183.28 1
8.52 184.26 1
8.53 180.38 1
8.54 181.6 1
8.55 171.16 1
8.56 180.32 1
8.57 184.15 1
8.58 178.18 1
8.59 179.69 1
8.6 200.51 1
8.61 97.82 1
8.62 98.19 1
8.63 97.6 1
8.64 97.46 1
8.65 98.4 1
8.66 98.23 1
8.67 97.03 1
8.68 98.77 1
8.69 97.86 1
8.7 98.63 1
8.71 97.97 1
8.72 98.47 1
8.73 97.85 1
8.74 98.45 1
8.75 98.22 1
8.76 98.33 1
8.77 97.73 1
8.78 98.36 1
8.79 98.11 1
8.8 98.55 1
8.81 98.02 1
8.82 98.34 1
8.83 97.97 1
8.84 98.42 1
8.85 97.89 1
8.86 98.19 1
8.87 97.98 1
8.88 98.11 1
8.89 97.84 1
8.9 98.44 1
8.91 98.26 1
8.92 98.55 1
8.93 98.9 1
8.94 197.32 1
8.95 200.6 1
8.96 200.62 1
8.97 199.55 1
8.98 198.4 1
8.99 198.5 1
9.0 196.93 1
9.01 195.7 1
9.02 196.97 1
9.03 197.13 1
9.04 198.03 1
9.05 198.13 1
9.06 199.82 1
9.07 201.13 1
9.08 201.31 1
9.09 201.2 1
9.1 202.04 1
9.11 201.7 1
9.12 201.95 1
9.13 202.34 1
9.14 203.39 1
9.15 202.77 1
9.16 202.76 1
9.17 202.77 1
9.18 203.49 1
9.19 202.77 1
9.2 202.72 1
9.21 202.61 1
9.22 201.73 1
9.23 201.06 1
9.24 201.37 1
9.25 200.59 1
9.26 201.04 1
9.27 199.8 1
9.28 197.73 1
9.29 197.82 1
9.3 197.09 1
9.31 196.82 1
9.32 197.44 1
9.33 197.65 1
9.34 198.05 1
9.35 197.56 1
9.36 197.9 1
9.37 196.87 1
9.38 196.8 1
9.39 196.71 1
9.4 196.92 1
9.41 196.38 1
9.42 196.03 1
9.43 195.8 1
9.44 194.96 1
9.45 194.94 1
9.46 196.56 1
9.47 196.72 1
9.48 196.42 1
9.49 196.02 1
9.5 198.41 1
9.51 196.99 1
9.52 196.81 1
9.53 196.46 1
9.54 197.2 1
9.55 195.54 1
9.56 196.18 1
9.57 196.84 1
9.58 195.07 1
9.59 196.15 1
9.6 190.51 1
9.61 195.56 1
9.62 195.48 1
9.63 197.31 1
9.64 192.18 1
9.65 197.3 1
9.66 194.7 1
9.67 196.43 1
9.68 193.79 1
9.69 195.56 1
9.7 194.59 1
9.71 196.43 1
9.72 194.75 1
9.73 197.32 1
9.74 196.56 1
9.75 197.8 1
9.76 196.44 1
9.77 196.72 1
9.78 195.53 1
9.79 197.32 1
9.8 195.84 1
9.81 197.88 1
9.82 197.45 1
9.83 199.59 1
9.84 198.73 1
9.85 199.6 1
9.86 200.16 1
9.87 199.17 1
9.88 198.37 1
9.89 197.64 1
9.9 196.87 1
9.91 193.84 1
9.92 195.17 1
9.93 194.6 1
9.94 194.95 1
9.95 193.85 1
9.96 193.12 1
9.97 194.76 1
9.98 198.81 1
9.99 201.64 1
10.0 212.85 1
10.01 226.55 1
10.02 222.08 1
10.03 229.75 1
10.04 244.53 1
10.05 249.79 1
10.06 250.04 1
10.07 242.15 1
10.08 242.17 1
10.09 237.74 1
10.1 234.19 1
10.11 230.91 1
10.12 224.76 1
10.13 219.3 1
10.14 214.49 1
10.15 212.51 1
10.16 209.5 1
10.17 208.68 1
10.18 206.59 1
10.19 207.43 1
10.2 206.98 1
10.21 208.61 1
10.22 210.48 1
10.23 226.18 1
10.24 0.0 1
10.25 0.0 1
10.26 0.0 1
10.27 0.0 1
10.28 0.0 1
10.29 240.41 1
10.3 258.18 1
10.31 258.67 1
10.32 252.86 1
10.33 249.48 1
10.34 244.74 1
10.35 239.53 1
10.36 240.29 1
10.37 222.45 1
10.38 217.78 1
10.39 211.97 1
10.4 204.67 1
10.41 203.7 1
10.42 203.71 1
10.43 202.15 1
10.44 203.73 1
10.45 206.58 1
10.46 214.75 1
10.47 219.1 1
10.48 227.73 1
10.49 230.31 1
10.5 245.27 1
10.51 242.18 1
10.52 246.78 1
10.53 249.6 1
10.54 246.01 1
10.55 247.56 1
10.56 246.25 1
10.57 246.35 1
10.58 243.96 1
10.59 243.78 1
10.6 244.06 1
10.61 243.92 1
10.62 243.62 1
10.63 244.08 1
10.64 243.83 1
10.65 242.85 1
10.66 243.13 1
10.67 243.22 1
10.68 243.01 1
10.69 243.01 1
10.7 242.76 1
10.71 243.05 1
10.72 243.76 1
10.73 244.3 1
10.74 243.49 1
10.75 243.36 1
10.76 243.35 1
10.77 243.03 1
10.78 242.55 1
10.79 242.59 1
10.8 242.23 1
10.81 241.92 1
10.82 243.02 1
10.83 242.9 1
10.84 244.32 1
10.85 245.67 1
10.86 246.37 1
10.87 241.65 1
10.88 240.38 1
10.89 247.05 1
10.9 245.02 1
10.91 257.37 1
10.92 260.18 1
10.93 251.76 1
10.94 266.46 1
10.95 267.53 1
10.96 257.01 1
10.97 253.94 1
10.98 248.78 1
10.99 246.32 1
11.0 249.85 1
11.01 252.59 1
11.02 247.03 1
11.03 247.76 1
11.04 250.49 1
11.05 253.68 1
11.06 255.17 1
11.07 255.53 1
11.08 257.41 1
11.09 252.88 1
11.1 249.64 1
11.11 245.9 1
11.12 244.45 1
11.13 244.5 1
11.14 245.14 1
11.15 245.73 1
11.16 247.23 1
11.17 253.57 1
11.18 254.25 1
11.19 257.38 1
