0.01 395.54 1
0.02 384.02 1
0.03 340.43 1
0.04 331.67 1
0.05 330.9 1
0.06 329.38 1
0.07 336.47 1
0.08 343.49 1
0.09 366.06 1
0.1 389.83 1
0.11 406.66 1
0.12 418.8 1
0.13 457.15 1
0.14 483.43 1
0.15 510.5 1
0.16 521.11 1
0.17 516.16 1
0.18 509.0 1
0.19 484.72 1
0.2 482.1 1
0.21 478.28 1
0.22 481.9 1
0.23 489.3 1
0.24 492.42 1
0.25 484.59 1
0.26 472.72 1
0.27 462.6 1
0.28 476.31 1
0.29 479.11 1
0.3 482.49 1
0.31 484.89 1
0.32 493.23 1
0.33 501.7 1
0.34 506.85 1
0.35 514.44 1
0.36 522.48 1
0.37 521.95 1
0.38 515.91 1
0.39 508.8 1
0.4 476.8 1
0.41 472.07 1
0.42 492.92 1
0.43 433.54 1
0.44 422.27 1
0.45 422.37 1
0.46 425.39 1
0.47 429.07 1
0.48 426.26 1
0.49 432.56 1
0.5 430.39 1
0.51 434.83 1
0.52 436.59 1
0.53 439.38 1
0.54 437.87 1
0.55 437.01 1
0.56 431.26 1
0.57 419.01 1
0.58 410.42 1
0.59 384.77 1
0.6 395.53 1
0.61 357.19 1
0.62 388.53 1
0.63 375.51 1
0.64 338.16 1
0.65 372.14 1
0.66 392.21 1
0.67 388.53 1
0.68 383.25 1
0.69 382.87 1
0.7 383.79 1
0.71 383.33 1
0.72 388.3 1
0.73 388.5 1
0.74 391.79 1
0.75 391.2 1
0.76 393.05 1
0.77 393.76 1
0.78 393.43 1
0.79 395.67 1
0.8 400.15 1
0.81 393.63 1
0.82 388.99 1
0.83 0.0 1
0.84 0.0 1
0.85 0.0 1
0.86 0.0 1
0.87 0.0 1
0.88 392.55 1
0.89 395.83 1
0.9 385.66 1
0.91 387.83 1
0.92 386.85 1
0.93 388.0 1
0.94 389.3 1
0.95 390.69 1
0.96 389.41 1
0.97 388.41 1
0.98 383.67 1
0.99 383.71 1
1.0 385.06 1
1.01 385.11 1
1.02 386.43 1
1.03 388.03 1
1.04 388.79 1
1.05 385.81 1
1.06 384.37 1
1.07 378.79 1
1.08 401.83 1
1.09 402.98 1
1.1 408.77 1
1.11 418.45 1
1.12 424.37 1
1.13 427.84 1
1.14 428.01 1
1.15 428.73 1
1.16 429.47 1
1.17 431.64 1
1.18 434.45 1
1.19 437.68 1
1.2 441.46 1
1.21 441.25 1
1.22 436.13 1
1.23 418.04 1
1.24 402.49 1
1.25 434.62 1
1.26 398.99 1
1.27 399.83 1
1.28 485.64 1
1.29 400.59 1
1.3 387.27 1
1.31 378.49 1
1.32 381.71 1
1.33 377.81 1
1.34 381.5 1
1.35 383.12 1
1.36 384.45 1
1.37 384.69 1
1.38 386.64 1
1.39 386.84 1
1.4 388.43 1
1.41 388.44 1
1.42 391.92 1
1.43 391.33 1
1.44 393.44 1
1.45 397.24 1
1.46 394.84 1
1.47 387.91 1
1.48 388.37 1
1.49 381.84 1
1.5 384.04 1
1.51 385.0 1
1.52 371.21 1
1.53 361.65 1
1.54 357.87 1
1.55 351.81 1
1.56 356.57 1
1.57 359.11 1
1.58 364.25 1
1.59 372.79 1
1.6 383.31 1
1.61 391.38 1
1.62 398.99 1
1.63 407.21 1
1.64 410.31 1
1.65 417.63 1
1.66 416.79 1
1.67 406.46 1
1.68 369.06 1
1.69 396.94 1
1.7 0.0 1
1.71 404.64 1
1.72 359.96 1
1.73 337.67 1
1.74 322.94 1
1.75 317.97 1
1.76 313.14 1
1.77 304.32 1
1.78 307.67 1
1.79 316.07 1
1.8 323.06 1
1.81 328.76 1
1.82 336.11 1
1.83 340.55 1
1.84 338.63 1
1.85 335.42 1
1.86 307.56 1
1.87 320.98 1
1.88 326.04 1
1.89 332.57 1
1.9 322.15 1
1.91 0.0 1
1.92 0.0 1
1.93 0.0 1
1.94 293.02 1
1.95 293.77 1
1.96 291.6 1
1.97 292.72 1
1.98 291.17 1
1.99 292.0 1
2.0 291.72 1
2.01 292.07 1
2.02 292.84 1
2.03 293.68 1
2.04 294.1 1
2.05 293.05 1
2.06 292.67 1
2.07 292.02 1
2.08 291.11 1
2.09 289.17 1
2.1 289.19 1
2.11 292.29 1
2.12 290.67 1
2.13 289.28 1
2.14 291.55 1
2.15 289.6 1
2.16 284.24 1
2.17 281.78 1
2.18 281.62 1
2.19 281.42 1
2.2 279.77 1
2.21 279.95 1
2.22 290.25 1
2.23 299.4 1
2.24 0.0 1
2.25 0.0 1
2.26 0.0 1
2.27 0.0 1
2.28 0.0 1
2.29 0.0 1
2.3 0.0 1
2.31 0.0 1
2.32 366.01 1
2.33 367.98 1
2.34 360.41 1
2.35 355.09 1
2.36 335.93 1
2.37 343.88 1
2.38 343.47 1
2.39 349.68 1
2.4 351.96 1
2.41 363.27 1
2.42 377.77 1
2.43 391.42 1
2.44 388.48 1
2.45 393.17 1
2.46 393.18 1
2.47 391.27 1
2.48 387.07 1
2.49 383.68 1
2.5 340.58 1
2.51 347.9 1
2.52 345.82 1
2.53 367.84 1
2.54 363.2 1
2.55 367.36 1
2.56 389.16 1
2.57 391.82 1
2.58 388.9 1
2.59 390.03 1
2.6 391.95 1
2.61 388.49 1
2.62 383.05 1
2.63 381.7 1
2.64 381.63 1
2.65 381.59 1
2.66 380.32 1
2.67 382.18 1
2.68 385.64 1
2.69 393.53 1
2.7 405.82 1
2.71 422.04 1
2.72 443.05 1
2.73 410.24 1
2.74 448.96 1
2.75 485.24 1
2.76 472.48 1
2.77 468.05 1
2.78 465.0 1
2.79 459.21 1
2.8 456.6 1
2.81 430.29 1
2.82 422.15 1
2.83 418.93 1
2.84 418.2 1
2.85 423.33 1
2.86 432.68 1
2.87 437.65 1
2.88 442.95 1
2.89 436.76 1
2.9 432.15 1
2.91 418.06 1
2.92 413.28 1
2.93 383.68 1
2.94 351.48 1
2.95 383.7 1
2.96 422.11 1
2.97 382.93 1
2.98 386.07 1
2.99 393.0 1
3.0 388.5 1
3.01 381.79 1
3.02 382.53 1
3.03 385.56 1
3.04 388.37 1
3.05 388.55 1
3.06 389.55 1
3.07 390.8 1
3.08 385.95 1
3.09 385.4 1
3.1 0.0 1
3.11 0.0 1
3.12 98.55 1
3.13 97.66 1
3.14 97.25 1
3.15 97.46 1
3.16 97.67 1
3.17 98.58 1
3.18 97.04 1
3.19 97.25 1
3.2 98.54 1
3.21 98.43 1
3.22 97.16 1
3.23 98.53 1
3.24 98.2 1
3.25 97.89 1
3.26 97.89 1
3.27 98.32 1
3.28 97.89 1
3.29 98.08 1
3.3 98.1 1
3.31 97.97 1
3.32 98.37 1
3.33 97.68 1
3.34 98.08 1
3.35 98.25 1
3.36 98.67 1
3.37 0.0 1
3.38 0.0 1
3.39 0.0 1
3.4 274.75 1
3.41 274.72 1
3.42 256.67 1
3.43 252.44 1
3.44 252.97 1
3.45 254.92 1
3.46 255.71 1
3.47 261.78 1
3.48 277.49 1
3.49 291.59 1
3.5 320.98 1
3.51 342.93 1
3.52 351.66 1
3.53 357.28 1
3.54 0.0 1
3.55 0.0 1
3.56 0.0 1
3.57 0.0 1
3.58 0.0 1
3.59 395.38 1
3.6 378.4 1
3.61 345.56 1
3.62 331.87 1
3.63 318.49 1
3.64 318.2 1
3.65 315.97 1
3.66 322.65 1
3.67 313.86 1
3.68 317.08 1
3.69 323.09 1
3.7 327.14 1
3.71 328.55 1
3.72 326.81 1
3.73 325.1 1
3.74 316.2 1
3.75 320.74 1
3.76 320.71 1
3.77 319.55 1
3.78 307.77 1
3.79 325.41 1
3.8 307.33 1
3.81 378.58 1
3.82 293.11 1
3.83 283.55 1
3.84 287.14 1
3.85 289.1 1
3.86 288.56 1
3.87 292.02 1
3.88 291.12 1
3.89 292.74 1
3.9 292.48 1
3.91 291.85 1
3.92 291.95 1
3.93 291.57 1
3.94 290.96 1
3.95 285.47 1
3.96 289.24 1
3.97 291.14 1
3.98 290.9 1
3.99 290.81 1
4.0 291.65 1
4.01 291.16 1
4.02 292.49 1
4.03 291.58 1
4.04 290.8 1
4.05 285.69 1
4.06 289.05 1
4.07 285.33 1
4.08 286.97 1
4.09 287.36 1
4.1 287.88 1
4.11 288.18 1
4.12 288.15 1
4.13 287.47 1
4.14 286.63 1
4.15 285.43 1
4.16 283.33 1
4.17 278.85 1
4.18 278.17 1
4.19 276.32 1
4.2 278.0 1
4.21 125.52 1
4.22 124.36 1
4.23 117.13 1
4.24 116.8 1
4.25 117.78 1
4.26 118.13 1
4.27 242.94 1
4.28 246.99 1
4.29 253.48 1
4.3 260.16 1
4.31 270.33 1
4.32 283.16 1
4.33 291.01 1
4.34 295.01 1
4.35 299.05 1
4.36 301.83 1
4.37 301.12 1
4.38 303.45 1
4.39 302.62 1
4.4 301.06 1
4.41 301.04 1
4.42 297.08 1
4.43 299.72 1
4.44 296.37 1
4.45 289.61 1
4.46 278.72 1
4.47 273.06 1
4.48 268.08 1
4.49 245.65 1
4.5 237.74 1
4.51 237.62 1
4.52 231.67 1
4.53 237.2 1
4.54 289.37 1
4.55 258.69 1
4.56 266.13 1
4.57 276.53 1
4.58 285.82 1
4.59 288.89 1
4.6 290.8 1
4.61 293.05 1
4.62 290.37 1
4.63 287.31 1
4.64 279.25 1
4.65 266.48 1
4.66 247.07 1
4.67 261.75 1
4.68 244.25 1
4.69 246.97 1
4.7 241.15 1
4.71 242.9 1
4.72 244.24 1
4.73 244.27 1
4.74 244.64 1
4.75 245.93 1
4.76 246.86 1
4.77 246.22 1
4.78 246.32 1
4.79 246.3 1
4.8 245.77 1
4.81 245.73 1
4.82 244.53 1
4.83 240.36 1
4.84 227.07 1
4.85 243.77 1
4.86 243.18 1
4.87 236.44 1
4.88 222.27 1
4.89 223.23 1
4.9 207.91 1
4.91 200.9 1
4.92 204.59 1
4.93 212.46 1
4.94 210.56 1
4.95 219.55 1
4.96 223.31 1
4.97 236.46 1
4.98 232.73 1
4.99 238.66 1
5.0 225.58 1
5.01 0.0 1
5.02 0.0 1
5.03 0.0 1
5.04 0.0 1
5.05 0.0 1
5.06 0.0 1
5.07 0.0 1
5.08 0.0 1
5.09 201.19 1
5.1 195.0 1
5.11 191.67 1
5.12 189.67 1
5.13 190.49 1
5.14 189.59 1
5.15 194.66 1
5.16 191.24 1
5.17 193.09 1
5.18 193.82 1
5.19 194.22 1
5.2 196.07 1
5.21 196.43 1
5.22 197.85 1
5.23 196.35 1
5.24 193.97 1
5.25 195.57 1
5.26 198.6 1
5.27 196.4 1
5.28 198.2 1
5.29 200.91 1
5.3 194.02 1
5.31 194.7 1
5.32 192.44 1
5.33 193.41 1
5.34 194.69 1
5.35 194.38 1
5.36 198.68 1
5.37 202.87 1
5.38 209.57 1
5.39 235.16 1
5.4 251.31 1
5.41 258.74 1
5.42 275.61 1
5.43 281.78 1
5.44 266.44 1
5.45 241.62 1
5.46 247.01 1
5.47 233.95 1
5.48 248.42 1
5.49 249.8 1
5.5 252.67 1
5.51 241.61 1
5.52 230.3 1
5.53 223.38 1
5.54 214.56 1
5.55 214.48 1
5.56 211.47 1
5.57 210.77 1
5.58 214.6 1
5.59 219.88 1
5.6 221.83 1
5.61 231.55 1
5.62 244.3 1
5.63 245.69 1
5.64 244.33 1
5.65 245.8 1
5.66 247.03 1
5.67 253.27 1
5.68 248.49 1
5.69 255.61 1
5.7 252.72 1
5.71 249.43 1
5.72 248.92 1
5.73 244.35 1
5.74 243.29 1
5.75 243.4 1
5.76 241.64 1
5.77 245.05 1
5.78 247.37 1
5.79 253.55 1
5.8 258.81 1
5.81 278.05 1
5.82 291.1 1
5.83 301.06 1
5.84 318.4 1
5.85 316.14 1
5.86 295.19 1
5.87 305.29 1
5.88 311.59 1
5.89 291.78 1
5.9 325.42 1
5.91 308.71 1
5.92 299.16 1
5.93 288.0 1
5.94 274.69 1
5.95 261.73 1
5.96 254.65 1
5.97 252.45 1
5.98 244.58 1
5.99 247.09 1
6.0 252.88 1
6.01 255.67 1
6.02 265.32 1
6.03 270.15 1
6.04 278.22 1
6.05 280.72 1
6.06 285.84 1
6.07 287.44 1
6.08 289.12 1
6.09 292.0 1
6.1 290.05 1
6.11 290.66 1
6.12 289.51 1
6.13 289.57 1
6.14 289.8 1
6.15 288.43 1
6.16 289.22 1
6.17 289.19 1
6.18 290.15 1
6.19 290.95 1
6.2 290.62 1
6.21 290.54 1
6.22 290.48 1
6.23 288.98 1
6.24 286.9 1
6.25 290.48 1
6.26 288.96 1
6.27 290.82 1
6.28 287.44 1
6.29 289.14 1
6.3 281.82 1
6.31 292.52 1
6.32 299.47 1
6.33 294.95 1
6.34 290.21 1
6.35 286.44 1
6.36 282.65 1
6.37 281.72 1
6.38 279.45 1
6.39 281.74 1
6.4 287.74 1
6.41 291.18 1
6.42 283.52 1
6.43 292.93 1
6.44 347.35 1
6.45 369.71 1
6.46 391.82 1
6.47 400.1 1
6.48 401.84 1
6.49 401.25 1
6.5 410.26 1
6.51 387.29 1
6.52 385.25 1
6.53 385.25 1
6.54 392.96 1
6.55 340.71 1
6.56 338.08 1
6.57 345.25 1
6.58 382.37 1
6.59 379.77 1
6.6 366.49 1
6.61 377.23 1
6.62 385.34 1
6.63 390.23 1
6.64 393.29 1
6.65 395.59 1
