0.01 227.11 1
0.02 208.62 1
0.03 206.4 1
0.04 204.72 1
0.05 198.01 1
0.06 199.99 1
0.07 198.3 1
0.08 198.82 1
0.09 196.69 1
0.1 198.14 1
0.11 199.79 1
0.12 198.94 1
0.13 198.7 1
0.14 199.0 1
0.15 198.4 1
0.16 198.74 1
0.17 198.81 1
0.18 198.1 1
0.19 198.62 1
0.2 198.63 1
0.21 198.44 1
0.22 198.61 1
0.23 197.57 1
0.24 197.14 1
0.25 197.86 1
0.26 197.77 1
0.27 197.24 1
0.28 197.38 1
0.29 197.21 1
0.3 197.91 1
0.31 198.16 1
0.32 198.04 1
0.33 197.91 1
0.34 198.31 1
0.35 197.97 1
0.36 197.71 1
0.37 198.16 1
0.38 198.19 1
0.39 197.76 1
0.4 197.38 1
0.41 197.68 1
0.42 197.44 1
0.43 197.42 1
0.44 197.66 1
0.45 198.09 1
0.46 197.12 1
0.47 196.38 1
0.48 195.06 1
0.49 195.57 1
0.5 197.04 1
0.51 199.24 1
0.52 202.55 1
0.53 202.79 1
0.54 215.61 1
0.55 221.61 1
0.56 251.74 1
0.57 278.21 1
0.58 293.09 1
0.59 327.85 1
0.6 337.95 1
0.61 350.05 1
0.62 348.71 1
0.63 351.42 1
0.64 357.08 1
0.65 363.59 1
0.66 351.58 1
0.67 359.41 1
0.68 351.63 1
0.69 348.79 1
0.7 340.78 1
0.71 342.72 1
0.72 340.64 1
0.73 337.94 1
0.74 321.29 1
0.75 323.04 1
0.76 319.27 1
0.77 323.06 1
0.78 322.28 1
0.79 327.86 1
0.8 328.73 1
0.81 335.69 1
0.82 336.03 1
0.83 335.29 1
0.84 334.72 1
0.85 333.61 1
0.86 330.38 1
0.87 325.55 1
0.88 321.98 1
0.89 319.11 1
0.9 309.31 1
0.91 295.06 1
0.92 292.49 1
0.93 293.17 1
0.94 292.76 1
0.95 291.15 1
0.96 291.78 1
0.97 292.34 1
0.98 292.54 1
0.99 289.32 1
1.0 288.11 1
1.01 289.24 1
1.02 288.82 1
1.03 289.78 1
1.04 290.68 1
1.05 290.77 1
1.06 290.86 1
1.07 291.09 1
1.08 291.39 1
1.09 290.79 1
1.1 291.09 1
1.11 289.87 1
1.12 287.04 1
1.13 284.94 1
1.14 281.98 1
1.15 263.36 1
1.16 268.07 1
1.17 123.96 1
1.18 118.36 1
1.19 115.25 1
1.2 112.1 1
1.21 113.07 1
1.22 116.96 1
1.23 118.71 1
1.24 121.66 1
1.25 128.76 1
1.26 134.81 1
1.27 140.21 1
1.28 144.37 1
1.29 145.31 1
1.3 147.25 1
1.31 148.48 1
1.32 145.32 1
1.33 144.38 1
1.34 140.65 1
1.35 133.17 1
1.36 126.92 1
1.37 123.69 1
1.38 119.04 1
1.39 118.41 1
1.4 118.11 1
1.41 235.73 1
1.42 231.58 1
1.43 235.8 1
1.44 240.27 1
1.45 238.92 1
1.46 244.27 1
1.47 246.78 1
1.48 250.96 1
1.49 257.19 1
1.5 272.49 1
1.51 287.2 1
1.52 297.06 1
1.53 315.38 1
1.54 321.13 1
1.55 340.55 1
1.56 338.94 1
1.57 345.99 1
1.58 328.33 1
1.59 331.27 1
1.6 324.69 1
1.61 309.52 1
1.62 294.98 1
1.63 282.26 1
1.64 309.47 1
1.65 271.38 1
1.66 270.74 1
1.67 276.96 1
1.68 280.41 1
1.69 282.13 1
1.7 288.13 1
1.71 288.9 1
1.72 289.55 1
1.73 291.53 1
1.74 289.73 1
1.75 288.88 1
1.76 287.86 1
1.77 287.68 1
1.78 288.65 1
1.79 289.33 1
1.8 289.82 1
1.81 290.37 1
1.82 289.8 1
1.83 288.63 1
1.84 287.79 1
1.85 288.7 1
1.86 289.6 1
1.87 289.88 1
1.88 291.02 1
1.89 290.89 1
1.9 291.64 1
1.91 292.04 1
1.92 292.1 1
1.93 291.44 1
1.94 291.01 1
1.95 290.55 1
1.96 291.02 1
1.97 291.73 1
1.98 292.17 1
1.99 293.03 1
2.0 293.4 1
2.01 292.35 1
2.02 292.32 1
2.03 291.09 1
2.04 290.7 1
2.05 289.28 1
2.06 286.93 1
2.07 279.81 1
2.08 258.75 1
2.09 265.1 1
2.1 245.71 1
2.11 226.77 1
2.12 227.98 1
2.13 226.76 1
2.14 235.11 1
2.15 244.29 1
2.16 245.94 1
2.17 255.68 1
2.18 266.47 1
2.19 269.51 1
2.2 275.06 1
2.21 261.37 1
2.22 266.47 1
2.23 269.88 1
2.24 255.67 1
2.25 255.66 1
2.26 274.84 1
2.27 253.88 1
2.28 0.0 1
2.29 0.0 1
2.3 0.0 1
2.31 223.51 1
2.32 234.27 1
2.33 233.86 1
2.34 230.13 1
2.35 236.28 1
2.36 236.63 1
2.37 234.18 1
2.38 233.95 1
2.39 233.97 1
2.4 234.81 1
2.41 234.69 1
2.42 235.55 1
2.43 235.64 1
2.44 235.89 1
2.45 236.92 1
2.46 235.77 1
2.47 237.71 1
2.48 237.61 1
2.49 238.34 1
2.5 239.1 1
2.51 240.6 1
2.52 242.33 1
2.53 242.95 1
2.54 240.02 1
2.55 237.25 1
2.56 235.3 1
2.57 229.14 1
2.58 229.88 1
2.59 226.77 1
2.6 226.81 1
2.61 231.27 1
2.62 236.44 1
2.63 241.64 1
2.64 250.32 1
2.65 257.15 1
2.66 258.71 1
2.67 264.87 1
2.68 261.8 1
2.69 267.18 1
2.7 255.68 1
2.71 257.15 1
2.72 255.48 1
2.73 250.19 1
2.74 248.93 1
2.75 246.25 1
2.76 245.67 1
2.77 241.67 1
2.78 245.68 1
2.79 253.03 1
2.8 255.18 1
2.81 272.25 1
2.82 279.75 1
2.83 285.0 1
2.84 284.87 1
2.85 289.2 1
2.86 289.85 1
2.87 290.09 1
2.88 288.34 1
2.89 290.86 1
2.9 292.16 1
2.91 293.02 1
2.92 291.11 1
2.93 292.24 1
2.94 294.99 1
2.95 293.05 1
2.96 294.99 1
2.97 292.84 1
2.98 292.52 1
2.99 288.8 1
3.0 286.91 1
3.01 283.96 1
3.02 281.7 1
3.03 276.44 1
3.04 274.72 1
3.05 269.71 1
3.06 254.2 1
3.07 253.58 1
3.08 246.56 1
3.09 246.44 1
3.1 244.29 1
3.11 241.59 1
3.12 238.02 1
3.13 241.62 1
3.14 240.33 1
3.15 239.01 1
3.16 239.02 1
3.17 237.92 1
3.18 238.47 1
3.19 240.31 1
3.2 237.79 1
3.21 237.12 1
3.22 236.12 1
3.23 230.31 1
3.24 231.43 1
3.25 229.09 1
3.26 225.64 1
3.27 228.31 1
3.28 226.64 1
3.29 226.77 1
3.3 229.36 1
3.31 232.54 1
3.32 239.0 1
3.33 242.97 1
3.34 249.03 1
3.35 252.04 1
3.36 258.66 1
3.37 259.9 1
3.38 257.16 1
3.39 258.66 1
3.4 254.94 1
3.41 253.69 1
3.42 243.08 1
3.43 250.09 1
3.44 246.05 1
3.45 236.46 1
3.46 232.45 1
3.47 224.48 1
3.48 222.38 1
3.49 221.46 1
3.5 220.36 1
3.51 220.06 1
3.52 218.59 1
3.53 220.11 1
3.54 216.37 1
3.55 217.24 1
3.56 213.65 1
3.57 216.07 1
3.58 217.01 1
3.59 214.24 1
3.6 228.19 1
3.61 217.04 1
3.62 219.95 1
3.63 225.71 1
3.64 219.95 1
3.65 249.86 1
3.66 242.07 1
3.67 245.13 1
3.68 249.6 1
3.69 247.78 1
3.7 251.35 1
3.71 250.88 1
3.72 248.66 1
3.73 251.76 1
3.74 246.89 1
3.75 248.92 1
3.76 246.73 1
3.77 247.93 1
3.78 247.76 1
3.79 246.31 1
3.8 248.49 1
3.81 245.6 1
3.82 248.89 1
3.83 245.71 1
3.84 247.65 1
3.85 242.94 1
3.86 244.04 1
3.87 237.95 1
3.88 233.73 1
3.89 233.01 1
3.9 229.03 1
3.91 225.58 1
3.92 229.1 1
3.93 238.0 1
3.94 249.15 1
3.95 258.37 1
3.96 264.47 1
3.97 293.03 1
3.98 297.0 1
3.99 314.18 1
4.0 301.15 1
4.01 310.5 1
4.02 289.46 1
4.03 291.91 1
4.04 279.72 1
4.05 260.18 1
4.06 268.14 1
4.07 267.29 1
4.08 264.73 1
4.09 272.59 1
4.1 279.38 1
4.11 282.32 1
4.12 292.9 1
4.13 287.99 1
4.14 291.53 1
4.15 288.44 1
4.16 289.23 1
4.17 289.26 1
4.18 289.33 1
4.19 290.33 1
4.2 288.34 1
4.21 288.1 1
4.22 284.88 1
4.23 291.21 1
4.24 287.0 1
4.25 290.05 1
4.26 285.25 1
4.27 285.61 1
4.28 0.0 1
4.29 0.0 1
4.3 0.0 1
4.31 0.0 1
4.32 283.35 1
4.33 275.94 1
4.34 276.48 1
4.35 274.61 1
4.36 275.95 1
4.37 278.13 1
4.38 286.84 1
4.39 290.4 1
4.4 296.98 1
4.41 314.68 1
4.42 313.87 1
4.43 178.89 1
4.44 184.94 1
4.45 196.05 1
4.46 200.92 1
4.47 203.71 1
4.48 200.01 1
4.49 199.11 1
4.5 194.07 1
4.51 362.71 1
4.52 333.15 1
4.53 337.83 1
4.54 332.14 1
4.55 324.66 1
4.56 325.44 1
4.57 323.48 1
4.58 324.89 1
4.59 325.3 1
4.6 329.25 1
4.61 337.66 1
4.62 336.72 1
4.63 338.33 1
4.64 339.57 1
4.65 339.72 1
4.66 336.21 1
4.67 330.2 1
4.68 314.03 1
4.69 309.82 1
4.7 301.81 1
4.71 298.65 1
4.72 291.1 1
4.73 290.3 1
4.74 287.98 1
4.75 287.03 1
4.76 284.41 1
4.77 285.73 1
4.78 285.66 1
4.79 287.62 1
4.8 287.15 1
4.81 288.15 1
4.82 288.07 1
4.83 289.38 1
4.84 290.13 1
4.85 289.59 1
4.86 289.36 1
4.87 289.44 1
4.88 289.85 1
4.89 289.16 1
4.9 286.93 1
4.91 286.32 1
4.92 283.08 1
4.93 283.5 1
4.94 273.04 1
4.95 255.16 1
4.96 253.4 1
4.97 257.67 1
4.98 245.06 1
4.99 237.73 1
5.0 232.12 1
5.01 240.26 1
5.02 236.48 1
5.03 244.24 1
5.04 249.22 1
5.05 255.72 1
5.06 264.89 1
5.07 270.38 1
5.08 278.23 1
5.09 281.93 1
5.1 284.53 1
5.11 282.89 1
5.12 277.41 1
5.13 269.69 1
5.14 265.88 1
5.15 254.87 1
5.16 251.67 1
5.17 246.08 1
5.18 250.1 1
5.19 247.02 1
5.2 249.32 1
5.21 255.65 1
5.22 258.29 1
5.23 265.3 1
5.24 276.45 1
5.25 279.18 1
5.26 285.42 1
5.27 287.69 1
5.28 288.21 1
5.29 290.15 1
5.3 292.7 1
5.31 293.04 1
5.32 293.06 1
5.33 296.65 1
5.34 297.96 1
5.35 296.99 1
5.36 295.03 1
5.37 293.07 1
5.38 291.15 1
5.39 287.43 1
5.4 281.74 1
5.41 274.99 1
5.42 277.97 1
5.43 264.17 1
5.44 264.86 1
5.45 272.99 1
5.46 275.02 1
5.47 287.32 1
5.48 293.06 1
5.49 299.06 1
5.5 325.45 1
5.51 316.34 1
5.52 356.9 1
5.53 338.19 1
5.54 360.09 1
5.55 368.85 1
5.56 365.87 1
5.57 362.27 1
5.58 346.49 1
5.59 351.48 1
5.6 351.42 1
5.61 340.66 1
5.62 339.19 1
5.63 334.88 1
5.64 327.56 1
5.65 327.6 1
5.66 330.7 1
5.67 336.87 1
5.68 340.64 1
5.69 340.54 1
5.7 371.33 1
5.71 391.59 1
5.72 394.36 1
5.73 400.31 1
5.74 401.61 1
5.75 394.14 1
5.76 393.1 1
5.77 386.75 1
5.78 378.36 1
5.79 363.99 1
5.8 351.62 1
5.81 357.14 1
5.82 357.09 1
5.83 357.09 1
5.84 356.53 1
5.85 357.77 1
5.86 360.65 1
5.87 375.23 1
5.88 378.77 1
5.89 383.86 1
5.9 385.08 1
5.91 383.74 1
5.92 388.54 1
5.93 391.9 1
5.94 391.86 1
5.95 394.6 1
5.96 395.53 1
5.97 395.62 1
5.98 395.65 1
5.99 395.5 1
6.0 391.86 1
6.01 388.84 1
6.02 384.15 1
6.03 369.1 1
6.04 362.58 1
6.05 357.11 1
6.06 357.11 1
6.07 362.01 1
6.08 368.92 1
6.09 381.16 1
6.1 381.67 1
6.11 385.13 1
6.12 391.81 1
6.13 388.51 1
6.14 387.41 1
6.15 384.56 1
6.16 0.0 1
6.17 0.0 1
6.18 0.0 1
6.19 0.0 1
6.2 0.0 1
6.21 0.0 1
6.22 0.0 1
6.23 0.0 1
6.24 0.0 1
6.25 203.51 1
6.26 194.7 1
6.27 192.77 1
6.28 193.84 1
6.29 194.69 1
6.3 195.56 1
6.31 196.77 1
6.32 198.45 1
6.33 196.76 1
6.34 195.26 1
6.35 197.14 1
6.36 196.88 1
6.37 197.03 1
6.38 98.33 1
6.39 98.08 1
6.4 98.35 1
6.41 98.25 1
6.42 98.14 1
6.43 98.15 1
6.44 97.97 1
6.45 98.31 1
6.46 98.22 1
6.47 97.68 1
6.48 98.24 1
6.49 97.85 1
6.5 98.58 1
6.51 97.95 1
6.52 98.54 1
6.53 97.67 1
6.54 98.43 1
6.55 117.91 1
6.56 145.57 1
6.57 146.27 1
6.58 146.42 1
6.59 145.74 1
6.6 146.76 1
6.61 145.79 1
6.62 145.79 1
6.63 146.69 1
6.64 146.1 1
6.65 146.61 1
6.66 146.47 1
6.67 147.2 1
6.68 146.76 1
6.69 147.25 1
6.7 147.65 1
6.71 147.25 1
6.72 148.4 1
6.73 147.74 1
6.74 296.98 1
6.75 301.07 1
6.76 303.19 1
6.77 315.41 1
6.78 337.62 1
6.79 340.58 1
6.8 388.61 1
6.81 410.46 1
6.82 434.36 1
6.83 476.31 1
6.84 489.26 1
6.85 495.64 1
6.86 508.95 1
6.87 506.69 1
6.88 506.72 1
6.89 499.67 1
6.9 487.08 1
6.91 466.55 1
6.92 456.77 1
6.93 438.77 1
6.94 440.1 1
6.95 444.44 1
6.96 471.13 1
6.97 476.33 1
6.98 486.96 1
6.99 488.13 1
7.0 508.78 1
7.01 514.6 1
7.02 519.56 1
7.03 524.81 1
7.04 528.16 1
7.05 531.07 1
7.06 532.33 1
7.07 525.31 1
7.08 521.8 1
