0.01 0.0 1
0.02 0.0 1
0.03 349.03 1
0.04 351.58 1
0.05 350.43 1
0.06 338.67 1
0.07 326.43 1
0.08 318.41 1
0.09 318.28 1
0.1 318.23 1
0.11 311.41 1
0.12 322.81 1
0.13 320.61 1
0.14 320.99 1
0.15 325.76 1
0.16 335.03 1
0.17 337.68 1
0.18 339.97 1
0.19 334.55 1
0.2 327.14 1
0.21 320.51 1
0.22 307.79 1
0.23 294.99 1
0.24 289.97 1
0.25 287.24 1
0.26 285.09 1
0.27 286.52 1
0.28 285.81 1
0.29 286.4 1
0.3 286.56 1
0.31 287.0 1
0.32 286.46 1
0.33 286.69 1
0.34 286.95 1
0.35 287.35 1
0.36 288.3 1
0.37 289.47 1
0.38 290.42 1
0.39 292.63 1
0.4 292.77 1
0.41 293.04 1
0.42 293.03 1
0.43 290.9 1
0.44 287.75 1
0.45 281.45 1
0.46 278.19 1
0.47 0.0 1
0.48 0.0 1
0.49 0.0 1
0.5 0.0 1
0.51 0.0 1
0.52 0.0 1
0.53 0.0 1
0.54 0.0 1
0.55 0.0 1
0.56 0.0 1
0.57 281.52 1
0.58 281.7 1
0.59 290.92 1
0.6 295.03 1
0.61 297.02 1
0.62 293.09 1
0.63 292.18 1
0.64 283.92 1
0.65 276.32 1
0.66 258.73 1
0.67 125.8 1
0.68 123.55 1
0.69 118.74 1
0.7 118.73 1
0.71 118.4 1
0.72 117.29 1
0.73 117.13 1
0.74 117.94 1
0.75 118.74 1
0.76 247.01 1
0.77 254.24 1
0.78 261.93 1
0.79 280.68 1
0.8 295.08 1
0.81 318.15 1
0.82 318.89 1
0.83 329.63 1
0.84 330.46 1
0.85 343.6 1
0.86 338.45 1
0.87 326.88 1
0.88 331.07 1
0.89 319.7 1
0.9 311.92 1
0.91 298.78 1
0.92 288.88 1
0.93 283.99 1
0.94 280.19 1
0.95 285.39 1
0.96 281.76 1
0.97 278.22 1
0.98 285.34 1
0.99 285.86 1
1.0 285.44 1
1.01 285.24 1
1.02 288.09 1
1.03 287.98 1
1.04 290.2 1
1.05 290.63 1
1.06 289.67 1
1.07 290.08 1
1.08 289.88 1
1.09 290.86 1
1.1 291.17 1
1.11 291.68 1
1.12 292.45 1
1.13 293.02 1
1.14 293.04 1
1.15 293.05 1
1.16 294.69 1
1.17 294.48 1
1.18 294.27 1
1.19 293.03 1
1.2 292.84 1
1.21 292.5 1
1.22 291.78 1
1.23 291.62 1
1.24 291.19 1
1.25 290.52 1
1.26 286.74 1
1.27 281.08 1
1.28 274.7 1
1.29 263.32 1
1.3 0.0 1
1.31 0.0 1
1.32 0.0 1
1.33 0.0 1
1.34 0.0 1
1.35 0.0 1
1.36 0.0 1
1.37 0.0 1
1.38 273.66 1
1.39 280.16 1
1.4 285.55 1
1.41 279.3 1
1.42 296.78 1
1.43 284.99 1
1.44 287.63 1
1.45 287.29 1
1.46 0.0 1
1.47 0.0 1
1.48 0.0 1
1.49 0.0 1
1.5 0.0 1
1.51 241.15 1
1.52 238.18 1
1.53 241.64 1
1.54 241.63 1
1.55 236.44 1
1.56 236.11 1
1.57 235.98 1
1.58 234.89 1
1.59 235.78 1
1.6 236.09 1
1.61 235.99 1
1.62 235.66 1
1.63 231.62 1
1.64 236.19 1
1.65 236.04 1
1.66 236.45 1
1.67 236.78 1
1.68 238.13 1
1.69 240.34 1
1.7 241.64 1
1.71 244.25 1
1.72 242.35 1
1.73 240.28 1
1.74 236.43 1
1.75 233.32 1
1.76 230.19 1
1.77 225.74 1
1.78 223.53 1
1.79 223.8 1
1.8 224.53 1
1.81 227.94 1
1.82 235.25 1
1.83 247.17 1
1.84 256.79 1
1.85 268.14 1
1.86 276.34 1
1.87 280.86 1
1.88 279.95 1
1.89 275.82 1
1.9 272.94 1
1.91 267.93 1
1.92 251.16 1
1.93 245.81 1
1.94 241.53 1
1.95 249.83 1
1.96 248.31 1
1.97 247.03 1
1.98 252.22 1
1.99 255.73 1
2.0 274.75 1
2.01 284.21 1
2.02 292.56 1
2.03 295.17 1
2.04 297.21 1
2.05 297.13 1
2.06 304.55 1
2.07 303.96 1
2.08 299.29 1
2.09 297.22 1
2.1 299.12 1
2.11 295.12 1
2.12 294.47 1
2.13 292.56 1
2.14 285.91 1
2.15 282.99 1
2.16 279.9 1
2.17 272.94 1
2.18 271.28 1
2.19 247.63 1
2.2 118.39 1
2.21 112.65 1
2.22 224.98 1
2.23 223.45 1
2.24 225.49 1
2.25 225.63 1
2.26 228.02 1
2.27 235.2 1
2.28 242.53 1
2.29 246.72 1
2.3 255.84 1
2.31 268.09 1
2.32 261.76 1
2.33 273.01 1
2.34 263.39 1
2.35 262.3 1
2.36 256.33 1
2.37 248.01 1
2.38 0.0 1
2.39 0.0 1
2.4 229.05 1
2.41 223.13 1
2.42 224.14 1
2.43 227.02 1
2.44 230.67 1
2.45 226.82 1
2.46 246.94 1
2.47 262.69 1
2.48 261.77 1
2.49 263.34 1
2.5 271.35 1
2.51 264.96 1
2.52 271.22 1
2.53 261.8 1
2.54 257.44 1
2.55 252.67 1
2.56 249.77 1
2.57 249.75 1
2.58 240.3 1
2.59 225.55 1
2.6 221.41 1
2.61 219.92 1
2.62 218.8 1
2.63 216.4 1
2.64 219.9 1
2.65 218.07 1
2.66 217.06 1
2.67 216.7 1
2.68 215.11 1
2.69 216.31 1
2.7 0.0 1
2.71 219.94 1
2.72 219.94 1
2.73 245.68 1
2.74 192.15 1
2.75 225.59 1
2.76 248.44 1
2.77 222.74 1
2.78 240.24 1
2.79 240.32 1
2.8 240.95 1
2.81 242.94 1
2.82 245.21 1
2.83 243.16 1
2.84 244.08 1
2.85 243.41 1
2.86 242.77 1
2.87 241.78 1
2.88 242.68 1
2.89 242.15 1
2.9 243.36 1
2.91 244.53 1
2.92 243.91 1
2.93 245.48 1
2.94 244.78 1
2.95 244.35 1
2.96 243.57 1
2.97 242.57 1
2.98 241.19 1
2.99 238.75 1
3.0 236.11 1
3.01 234.92 1
3.02 232.61 1
3.03 228.78 1
3.04 229.09 1
3.05 235.22 1
3.06 242.97 1
3.07 250.6 1
3.08 263.91 1
3.09 274.4 1
3.1 291.11 1
3.11 299.01 1
3.12 291.18 1
3.13 254.16 1
3.14 293.03 1
3.15 295.02 1
3.16 288.86 1
3.17 258.61 1
3.18 269.7 1
3.19 258.56 1
3.2 261.21 1
3.21 268.12 1
3.22 264.05 1
3.23 277.69 1
3.24 289.93 1
3.25 277.12 1
3.26 288.56 1
3.27 288.78 1
3.28 289.25 1
3.29 292.18 1
3.3 291.52 1
3.31 290.04 1
3.32 290.22 1
3.33 291.11 1
3.34 291.09 1
3.35 287.66 1
3.36 291.4 1
3.37 280.42 1
3.38 282.29 1
3.39 288.5 1
3.4 285.61 1
3.41 285.4 1
3.42 285.54 1
3.43 281.77 1
3.44 283.23 1
3.45 281.75 1
3.46 279.97 1
3.47 279.95 1
3.48 284.31 1
3.49 289.32 1
3.5 296.12 1
3.51 299.07 1
3.52 283.43 1
3.53 318.53 1
3.54 340.63 1
3.55 347.0 1
3.56 192.08 1
3.57 198.99 1
3.58 200.95 1
3.59 201.36 1
3.6 198.4 1
3.61 195.43 1
3.62 189.54 1
3.63 366.06 1
3.64 346.13 1
3.65 336.09 1
3.66 328.05 1
3.67 322.79 1
3.68 320.61 1
3.69 321.96 1
3.7 323.56 1
3.71 327.18 1
3.72 331.01 1
3.73 337.28 1
3.74 343.11 1
3.75 340.74 1
3.76 348.43 1
3.77 343.11 1
3.78 335.4 1
3.79 328.18 1
3.8 311.85 1
3.81 301.1 1
3.82 290.44 1
3.83 285.98 1
3.84 284.57 1
3.85 286.83 1
3.86 289.28 1
3.87 291.44 1
3.88 292.08 1
3.89 292.51 1
3.9 292.97 1
3.91 293.07 1
3.92 292.87 1
3.93 293.25 1
3.94 293.03 1
3.95 292.62 1
3.96 292.72 1
3.97 293.18 1
3.98 291.18 1
3.99 291.83 1
4.0 288.76 1
4.01 285.35 1
4.02 280.67 1
4.03 271.5 1
4.04 265.47 1
4.05 124.96 1
4.06 116.82 1
4.07 114.68 1
4.08 110.32 1
4.09 110.13 1
4.1 99.64 1
4.11 226.8 1
4.12 232.78 1
4.13 239.13 1
4.14 250.32 1
4.15 0.0 1
4.16 271.53 1
4.17 278.5 1
4.18 281.92 1
4.19 282.79 1
4.2 281.75 1
4.21 274.82 1
4.22 0.0 1
4.23 0.0 1
4.24 0.0 1
4.25 0.0 1
4.26 0.0 1
4.27 0.0 1
4.28 0.0 1
4.29 252.43 1
4.3 255.85 1
4.31 264.83 1
4.32 255.7 1
4.33 278.84 1
4.34 282.96 1
4.35 282.06 1
4.36 288.54 1
4.37 288.19 1
4.38 289.12 1
4.39 290.77 1
4.4 293.02 1
4.41 293.05 1
4.42 291.17 1
4.43 291.7 1
4.44 287.74 1
4.45 280.84 1
4.46 276.41 1
4.47 269.7 1
4.48 257.28 1
4.49 256.05 1
4.5 258.66 1
4.51 257.26 1
4.52 268.36 1
4.53 278.4 1
4.54 293.09 1
4.55 291.28 1
4.56 0.0 1
4.57 0.0 1
4.58 0.0 1
4.59 0.0 1
4.6 0.0 1
4.61 0.0 1
4.62 0.0 1
4.63 0.0 1
4.64 351.43 1
4.65 342.75 1
4.66 333.75 1
4.67 327.77 1
4.68 327.78 1
4.69 326.09 1
4.7 330.86 1
4.71 339.47 1
4.72 340.99 1
4.73 348.91 1
4.74 351.75 1
4.75 363.44 1
4.76 378.48 1
4.77 382.32 1
4.78 385.35 1
4.79 389.72 1
4.8 391.07 1
4.81 382.82 1
4.82 391.54 1
4.83 382.88 1
4.84 184.17 1
4.85 183.15 1
4.86 358.63 1
4.87 343.56 1
4.88 351.41 1
4.89 346.1 1
4.9 348.94 1
4.91 354.47 1
4.92 360.22 1
4.93 372.14 1
4.94 375.68 1
4.95 381.52 1
4.96 383.48 1
4.97 387.7 1
4.98 388.19 1
4.99 388.91 1
5.0 391.5 1
5.01 389.76 1
5.02 388.02 1
5.03 387.31 1
5.04 384.78 1
5.05 383.79 1
5.06 382.07 1
5.07 381.54 1
5.08 373.75 1
5.09 363.33 1
5.1 364.65 1
5.11 363.78 1
5.12 365.47 1
5.13 374.97 1
5.14 379.28 1
5.15 386.14 1
5.16 389.92 1
5.17 393.49 1
5.18 395.11 1
5.19 393.44 1
5.2 392.06 1
5.21 385.44 1
5.22 391.44 1
5.23 372.45 1
5.24 366.21 1
5.25 391.9 1
5.26 391.58 1
5.27 395.53 1
5.28 375.59 1
5.29 391.38 1
5.3 392.99 1
5.31 388.8 1
5.32 388.92 1
5.33 389.79 1
5.34 391.08 1
5.35 391.41 1
5.36 393.04 1
5.37 392.3 1
5.38 391.11 1
5.39 390.19 1
5.4 389.92 1
5.41 389.08 1
5.42 390.56 1
5.43 392.76 1
5.44 196.43 1
5.45 195.75 1
5.46 195.98 1
5.47 198.07 1
5.48 196.39 1
5.49 198.09 1
5.5 196.42 1
5.51 196.39 1
5.52 196.19 1
5.53 196.61 1
5.54 196.24 1
5.55 197.26 1
5.56 195.96 1
5.57 197.26 1
5.58 195.99 1
5.59 198.93 1
5.6 196.23 1
5.61 198.05 1
5.62 196.2 1
5.63 198.83 1
5.64 196.17 1
5.65 0.0 1
5.66 0.0 1
5.67 0.0 1
5.68 280.03 1
5.69 279.19 1
5.7 284.32 1
5.71 292.71 1
5.72 295.13 1
5.73 311.2 1
5.74 327.37 1
5.75 351.41 1
5.76 381.73 1
5.77 403.24 1
5.78 410.71 1
5.79 225.59 1
5.8 474.94 1
5.81 481.83 1
5.82 487.23 1
5.83 480.64 1
5.84 479.27 1
5.85 465.63 1
5.86 447.63 1
5.87 422.52 1
5.88 416.3 1
5.89 416.47 1
5.9 419.78 1
5.91 418.27 1
5.92 430.47 1
5.93 434.76 1
5.94 450.46 1
5.95 464.16 1
5.96 479.27 1
5.97 488.2 1
5.98 494.2 1
5.99 494.54 1
6.0 493.81 1
6.01 494.13 1
6.02 491.95 1
6.03 490.93 1
6.04 486.75 1
6.05 462.03 1
