0.01 242.95 1
0.02 230.07 1
0.03 227.89 1
0.04 221.59 1
0.05 219.57 1
0.06 219.48 1
0.07 220.12 1
0.08 221.53 1
0.09 223.14 1
0.1 224.67 1
0.11 225.58 1
0.12 226.79 1
0.13 226.78 1
0.14 226.79 1
0.15 241.56 1
0.16 237.72 1
0.17 244.25 1
0.18 244.18 1
0.19 247.73 1
0.2 247.8 1
0.21 251.3 1
0.22 253.74 1
0.23 261.48 1
0.24 260.25 1
0.25 260.24 1
0.26 270.05 1
0.27 273.04 1
0.28 274.97 1
0.29 278.88 1
0.3 279.21 1
0.31 282.55 1
0.32 284.56 1
0.33 284.24 1
0.34 287.92 1
0.35 289.65 1
0.36 290.32 1
0.37 290.88 1
0.38 290.28 1
0.39 292.14 1
0.4 292.33 1
0.41 292.2 1
0.42 291.1 1
0.43 290.18 1
0.44 290.22 1
0.45 290.17 1
0.46 290.51 1
0.47 289.64 1
0.48 289.15 1
0.49 288.48 1
0.5 288.82 1
0.51 288.34 1
0.52 288.36 1
0.53 288.49 1
0.54 289.0 1
0.55 289.24 1
0.56 289.98 1
0.57 290.26 1
0.58 291.09 1
0.59 291.72 1
0.6 291.1 1
0.61 287.72 1
0.62 290.96 1
0.63 290.82 1
0.64 291.64 1
0.65 289.53 1
0.66 288.4 1
0.67 283.74 1
0.68 279.99 1
0.69 273.06 1
0.7 268.07 1
0.71 250.62 1
0.72 236.46 1
0.73 223.97 1
0.74 216.97 1
0.75 220.26 1
0.76 226.6 1
0.77 230.32 1
0.78 237.78 1
0.79 245.9 1
0.8 250.86 1
0.81 254.93 1
0.82 254.27 1
0.83 253.7 1
0.84 248.46 1
0.85 245.62 1
0.86 230.36 1
0.87 231.55 1
0.88 236.26 1
0.89 241.59 1
0.9 247.09 1
0.91 253.56 1
0.92 255.66 1
0.93 259.82 1
0.94 257.15 1
0.95 250.42 1
0.96 245.68 1
0.97 0.0 1
0.98 0.0 1
0.99 0.0 1
1.0 0.0 1
1.01 0.0 1
1.02 0.0 1
1.03 0.0 1
1.04 0.0 1
1.05 281.78 1
1.06 281.79 1
1.07 291.12 1
1.08 294.77 1
1.09 295.43 1
1.1 294.64 1
1.11 293.05 1
1.12 294.26 1
1.13 294.2 1
1.14 293.04 1
1.15 292.99 1
1.16 292.09 1
1.17 291.76 1
1.18 291.09 1
1.19 291.87 1
1.2 292.45 1
1.21 292.49 1
1.22 292.04 1
1.23 291.77 1
1.24 290.82 1
1.25 291.03 1
1.26 290.33 1
1.27 290.28 1
1.28 288.24 1
1.29 286.28 1
1.3 283.24 1
1.31 283.63 1
1.32 288.44 1
1.33 287.5 1
1.34 286.55 1
1.35 290.33 1
1.36 287.42 1
1.37 254.89 1
1.38 287.27 1
1.39 284.0 1
1.4 290.49 1
1.41 290.73 1
1.42 291.86 1
1.43 293.69 1
1.44 294.9 1
1.45 293.13 1
1.46 293.14 1
1.47 292.62 1
1.48 290.92 1
1.49 289.71 1
1.5 286.93 1
1.51 285.21 1
1.52 283.68 1
1.53 280.72 1
1.54 279.92 1
1.55 276.44 1
1.56 263.96 1
1.57 260.27 1
1.58 256.55 1
1.59 251.25 1
1.6 243.92 1
1.61 235.28 1
1.62 237.69 1
1.63 232.87 1
1.64 235.21 1
1.65 235.2 1
1.66 209.51 1
1.67 237.72 1
1.68 245.66 1
1.69 248.44 1
1.7 241.63 1
1.71 269.72 1
1.72 272.09 1
1.73 264.85 1
1.74 266.85 1
1.75 260.19 1
1.76 264.44 1
1.77 263.37 1
1.78 262.95 1
1.79 263.29 1
1.8 263.55 1
1.81 254.24 1
1.82 261.9 1
1.83 259.34 1
1.84 255.7 1
1.85 254.98 1
1.86 252.93 1
1.87 247.96 1
1.88 244.24 1
1.89 238.98 1
1.9 230.56 1
1.91 238.92 1
1.92 241.57 1
1.93 249.5 1
1.94 256.58 1
1.95 263.33 1
1.96 268.09 1
1.97 270.72 1
1.98 0.0 1
1.99 0.0 1
2.0 0.0 1
2.01 0.0 1
2.02 0.0 1
2.03 0.0 1
2.04 289.18 1
2.05 278.21 1
2.06 271.07 1
2.07 246.18 1
2.08 241.28 1
2.09 255.66 1
2.1 244.24 1
2.11 269.52 1
2.12 259.1 1
2.13 266.5 1
2.14 264.9 1
2.15 267.98 1
2.16 260.5 1
2.17 254.23 1
2.18 249.28 1
2.19 242.02 1
2.2 236.48 1
2.21 232.69 1
2.22 226.48 1
2.23 222.44 1
2.24 221.41 1
2.25 222.57 1
2.26 223.46 1
2.27 210.9 1
2.28 229.04 1
2.29 202.75 1
2.3 200.92 1
2.31 198.67 1
2.32 199.75 1
2.33 202.93 1
2.34 203.92 1
2.35 211.9 1
2.36 220.21 1
2.37 232.71 1
2.38 252.66 1
2.39 259.33 1
2.4 259.14 1
2.41 256.78 1
2.42 255.55 1
2.43 254.56 1
2.44 251.8 1
2.45 248.99 1
2.46 246.15 1
2.47 244.3 1
2.48 240.32 1
2.49 238.26 1
2.5 237.72 1
2.51 235.13 1
2.52 234.65 1
2.53 236.47 1
2.54 239.71 1
2.55 245.21 1
2.56 248.5 1
2.57 253.16 1
2.58 250.03 1
2.59 260.18 1
2.6 263.28 1
2.61 248.68 1
2.62 0.0 1
2.63 0.0 1
2.64 0.0 1
2.65 0.0 1
2.66 0.0 1
2.67 0.0 1
2.68 0.0 1
2.69 291.1 1
2.7 278.41 1
2.71 282.21 1
2.72 277.42 1
2.73 261.36 1
2.74 253.21 1
2.75 245.68 1
2.76 240.29 1
2.77 234.08 1
2.78 245.63 1
2.79 238.98 1
2.8 241.64 1
2.81 245.31 1
2.82 251.77 1
2.83 254.0 1
2.84 255.67 1
2.85 259.43 1
2.86 257.18 1
2.87 257.17 1
2.88 255.66 1
2.89 252.48 1
2.9 247.79 1
2.91 245.57 1
2.92 237.99 1
2.93 236.72 1
2.94 238.98 1
2.95 227.93 1
2.96 224.35 1
2.97 220.35 1
2.98 216.69 1
2.99 210.51 1
3.0 208.64 1
3.01 203.7 1
3.02 200.52 1
3.03 198.94 1
3.04 196.87 1
3.05 196.9 1
3.06 196.43 1
3.07 194.92 1
3.08 195.18 1
3.09 195.56 1
3.1 195.57 1
3.11 195.06 1
3.12 195.56 1
3.13 196.0 1
3.14 195.75 1
3.15 195.68 1
3.16 196.2 1
3.17 196.73 1
3.18 196.63 1
3.19 196.85 1
3.2 196.66 1
3.21 197.31 1
3.22 197.22 1
3.23 197.01 1
3.24 197.13 1
3.25 196.25 1
3.26 195.35 1
3.27 191.52 1
3.28 196.35 1
3.29 195.33 1
3.3 195.93 1
3.31 197.3 1
3.32 196.02 1
3.33 195.1 1
3.34 194.88 1
3.35 199.98 1
3.36 193.0 1
3.37 197.42 1
3.38 193.91 1
3.39 193.84 1
3.4 192.99 1
3.41 192.07 1
3.42 192.37 1
3.43 192.37 1
3.44 192.99 1
3.45 193.66 1
3.46 195.54 1
3.47 193.2 1
3.48 193.65 1
3.49 195.54 1
3.5 193.71 1
3.51 193.84 1
3.52 195.52 1
3.53 194.61 1
3.54 196.41 1
3.55 197.23 1
3.56 200.83 1
3.57 204.67 1
3.58 213.06 1
3.59 225.59 1
3.6 244.98 1
3.61 258.14 1
3.62 266.5 1
3.63 271.47 1
3.64 267.64 1
3.65 281.94 1
3.66 273.13 1
3.67 252.63 1
3.68 278.25 1
3.69 277.85 1
3.7 264.72 1
3.71 256.32 1
3.72 269.73 1
3.73 276.4 1
3.74 268.09 1
3.75 266.46 1
3.76 261.16 1
3.77 255.87 1
3.78 249.21 1
3.79 247.05 1
3.8 244.43 1
3.81 244.69 1
3.82 244.58 1
3.83 245.62 1
3.84 245.61 1
3.85 243.62 1
3.86 244.97 1
3.87 244.89 1
3.88 244.9 1
3.89 246.28 1
3.9 246.79 1
3.91 249.96 1
3.92 251.65 1
3.93 254.1 1
3.94 254.21 1
3.95 257.17 1
3.96 261.76 1
3.97 264.87 1
3.98 260.18 1
3.99 261.04 1
4.0 261.27 1
4.01 258.66 1
4.02 255.03 1
4.03 255.38 1
4.04 251.8 1
4.05 248.09 1
4.06 241.86 1
4.07 240.33 1
4.08 236.92 1
4.09 231.35 1
4.1 229.79 1
4.11 224.16 1
4.12 214.63 1
4.13 218.84 1
4.14 211.54 1
4.15 214.59 1
4.16 214.59 1
4.17 215.28 1
4.18 217.76 1
4.19 218.46 1
4.2 221.71 1
4.21 223.0 1
4.22 225.11 1
4.23 225.6 1
4.24 227.11 1
4.25 226.56 1
4.26 225.58 1
4.27 227.69 1
4.28 240.8 1
4.29 209.53 1
4.3 221.04 1
4.31 219.19 1
4.32 243.87 1
4.33 238.98 1
4.34 209.05 1
4.35 233.76 1
4.36 216.01 1
4.37 227.27 1
4.38 240.32 1
4.39 223.31 1
4.4 204.2 1
4.41 200.95 1
4.42 200.02 1
4.43 198.16 1
4.44 198.32 1
4.45 198.49 1
4.46 198.52 1
4.47 198.25 1
4.48 197.96 1
4.49 197.82 1
4.5 197.32 1
4.51 197.77 1
4.52 198.18 1
4.53 198.02 1
4.54 197.81 1
4.55 198.11 1
4.56 197.87 1
4.57 197.92 1
4.58 197.97 1
4.59 197.52 1
4.6 197.41 1
4.61 196.65 1
4.62 195.34 1
4.63 195.05 1
4.64 195.45 1
4.65 195.21 1
4.66 178.9 1
4.67 184.14 1
4.68 193.92 1
4.69 197.27 1
4.7 194.68 1
4.71 194.72 1
4.72 196.04 1
4.73 195.61 1
4.74 196.77 1
4.75 196.31 1
4.76 194.77 1
4.77 189.7 1
4.78 187.77 1
4.79 185.62 1
4.8 181.1 1
4.81 180.36 1
4.82 178.93 1
4.83 179.34 1
4.84 179.93 1
4.85 184.12 1
4.86 186.47 1
4.87 193.81 1
4.88 197.31 1
4.89 205.85 1
4.9 204.35 1
4.91 179.63 1
4.92 198.2 1
4.93 209.5 1
4.94 202.41 1
4.95 203.69 1
4.96 200.88 1
4.97 206.56 1
4.98 225.65 1
4.99 217.76 1
5.0 212.6 1
5.01 207.53 1
5.02 201.76 1
5.03 190.28 1
5.04 181.88 1
5.05 179.46 1
5.06 177.77 1
5.07 180.08 1
5.08 183.53 1
5.09 187.27 1
5.1 192.49 1
5.11 195.65 1
5.12 193.03 1
5.13 194.7 1
5.14 191.02 1
5.15 186.47 1
5.16 181.08 1
5.17 175.3 1
5.18 174.54 1
5.19 169.18 1
5.2 161.82 1
5.21 157.22 1
5.22 160.61 1
5.23 158.87 1
5.24 157.79 1
5.25 166.11 1
5.26 143.29 1
5.27 152.33 1
5.28 144.36 1
5.29 152.42 1
5.3 150.26 1
5.31 151.27 1
5.32 150.99 1
5.33 174.36 1
5.34 165.16 1
5.35 161.19 1
5.36 155.2 1
5.37 151.84 1
5.38 147.9 1
5.39 148.89 1
5.4 148.39 1
5.41 149.2 1
5.42 150.77 1
5.43 150.77 1
5.44 149.27 1
5.45 149.74 1
5.46 149.74 1
5.47 156.26 1
5.48 157.22 1
5.49 168.64 1
5.5 181.59 1
5.51 186.47 1
5.52 188.87 1
5.53 193.68 1
5.54 192.69 1
5.55 190.51 1
5.56 185.51 1
5.57 183.58 1
5.58 180.8 1
5.59 180.62 1
5.6 177.45 1
5.61 176.04 1
5.62 171.28 1
5.63 169.95 1
5.64 168.26 1
5.65 167.21 1
5.66 167.83 1
5.67 166.66 1
5.68 167.62 1
5.69 167.18 1
5.7 168.64 1
5.71 171.93 1
5.72 172.61 1
5.73 177.1 1
5.74 181.6 1
5.75 184.28 1
5.76 184.56 1
5.77 187.47 1
5.78 183.22 1
5.79 184.91 1
5.8 182.16 1
5.81 179.76 1
5.82 172.62 1
5.83 170.61 1
5.84 168.34 1
5.85 164.24 1
5.86 164.86 1
5.87 164.42 1
5.88 163.35 1
5.89 160.08 1
5.9 163.18 1
5.91 163.71 1
5.92 166.09 1
5.93 167.46 1
5.94 164.24 1
5.95 171.25 1
5.96 170.97 1
5.97 171.38 1
5.98 180.03 1
5.99 170.64 1
6.0 189.68 1
6.01 189.67 1
6.02 187.28 1
6.03 194.69 1
6.04 194.08 1
6.05 195.56 1
6.06 195.31 1
6.07 195.96 1
6.08 193.01 1
6.09 193.85 1
6.1 191.07 1
6.11 190.06 1
6.12 186.48 1
6.13 185.56 1
6.14 184.36 1
6.15 185.63 1
6.16 190.02 1
6.17 193.91 1
6.18 199.19 1
6.19 210.49 1
6.2 201.59 1
6.21 216.85 1
6.22 212.65 1
6.23 213.56 1
6.24 209.51 1
6.25 196.82 1
6.26 199.93 1
6.27 205.84 1
6.28 218.76 1
6.29 206.62 1
6.3 202.99 1
6.31 215.71 1
6.32 220.45 1
6.33 205.11 1
6.34 206.37 1
6.35 203.53 1
6.36 199.11 1
6.37 197.87 1
6.38 198.92 1
6.39 198.37 1
6.4 197.42 1
6.41 197.03 1
6.42 197.72 1
6.43 197.24 1
6.44 196.98 1
6.45 196.25 1
6.46 195.38 1
6.47 194.93 1
6.48 194.65 1
6.49 194.11 1
6.5 193.98 1
6.51 193.31 1
6.52 192.53 1
6.53 190.74 1
6.54 190.5 1
6.55 190.45 1
6.56 192.74 1
6.57 192.81 1
6.58 191.34 1
6.59 189.81 1
6.6 191.74 1
6.61 193.47 1
6.62 192.35 1
6.63 195.3 1
6.64 282.09 1
6.65 255.67 1
6.66 263.65 1
6.67 259.41 1
6.68 254.67 1
6.69 248.33 1
6.7 244.32 1
6.71 238.19 1
6.72 234.4 1
6.73 229.85 1
6.74 227.09 1
6.75 227.79 1
6.76 220.65 1
6.77 219.95 1
6.78 211.52 1
6.79 215.26 1
6.8 217.32 1
6.81 217.89 1
6.82 219.23 1
6.83 221.04 1
6.84 224.28 1
6.85 232.0 1
6.86 230.24 1
6.87 229.81 1
6.88 226.75 1
6.89 229.8 1
6.9 217.14 1
6.91 216.52 1
6.92 218.52 1
6.93 0.0 1
6.94 231.18 1
6.95 237.96 1
6.96 221.81 1
6.97 221.5 1
6.98 217.59 1
6.99 209.52 1
7.0 199.09 1
7.01 200.0 1
7.02 200.25 1
7.03 198.2 1
7.04 196.43 1
7.05 194.42 1
7.06 194.62 1
7.07 194.03 1
7.08 193.74 1
7.09 194.06 1
7.1 194.56 1
7.11 195.03 1
7.12 194.49 1
7.13 194.21 1
7.14 193.59 1
7.15 193.15 1
7.16 192.46 1
7.17 193.29 1
7.18 192.69 1
7.19 192.64 1
7.2 192.28 1
7.21 192.09 1
7.22 192.77 1
7.23 192.12 1
7.24 191.33 1
7.25 193.53 1
7.26 190.5 1
7.27 190.08 1
7.28 190.5 1
7.29 192.32 1
7.3 193.48 1
7.31 194.3 1
7.32 188.91 1
7.33 182.7 1
7.34 194.68 1
7.35 193.54 1
7.36 193.53 1
7.37 194.01 1
7.38 194.03 1
7.39 194.72 1
7.4 194.93 1
7.41 194.72 1
7.42 195.24 1
7.43 193.62 1
7.44 192.0 1
7.45 191.33 1
7.46 189.74 1
7.47 188.87 1
7.48 187.81 1
7.49 186.9 1
7.5 185.67 1
7.51 186.54 1
7.52 185.16 1
7.53 186.37 1
7.54 186.48 1
7.55 189.52 1
7.56 190.69 1
7.57 195.18 1
7.58 196.79 1
7.59 201.56 1
7.6 194.87 1
7.61 193.6 1
7.62 190.72 1
7.63 189.02 1
7.64 0.0 1
7.65 0.0 1
7.66 97.89 1
7.67 94.73 1
7.68 95.98 1
7.69 96.4 1
7.7 97.46 1
7.71 97.89 1
7.72 97.68 1
7.73 98.14 1
7.74 98.76 1
7.75 96.83 1
7.76 98.98 1
7.77 97.96 1
7.78 98.2 1
7.79 97.26 1
7.8 98.07 1
7.81 98.32 1
7.82 98.34 1
7.83 98.33 1
7.84 98.04 1
7.85 98.09 1
7.86 98.01 1
7.87 123.41 1
7.88 98.12 1
7.89 97.99 1
7.9 98.14 1
7.91 98.11 1
7.92 97.47 1
7.93 97.99 1
7.94 99.28 1
7.95 98.36 1
7.96 98.72 1
7.97 98.03 1
7.98 98.02 1
7.99 103.29 1
8.0 206.22 1
8.01 205.11 1
8.02 205.6 1
8.03 205.3 1
8.04 205.12 1
8.05 204.53 1
8.06 205.15 1
8.07 205.17 1
8.08 204.65 1
8.09 206.56 1
8.1 206.3 1
8.11 206.56 1
8.12 205.6 1
8.13 204.38 1
8.14 202.83 1
8.15 201.17 1
8.16 202.01 1
8.17 200.71 1
8.18 196.31 1
8.19 195.28 1
8.2 192.64 1
8.21 190.5 1
8.22 192.14 1
8.23 193.94 1
8.24 170.62 1
8.25 193.09 1
8.26 189.63 1
8.27 192.33 1
8.28 192.27 1
8.29 189.68 1
8.3 194.07 1
8.31 190.9 1
8.32 193.84 1
8.33 190.52 1
8.34 195.8 1
8.35 198.13 1
8.36 196.07 1
8.37 196.66 1
8.38 196.29 1
8.39 196.18 1
8.4 194.27 1
8.41 196.4 1
8.42 195.53 1
8.43 195.69 1
8.44 195.4 1
8.45 197.1 1
8.46 196.28 1
8.47 200.04 1
8.48 202.4 1
8.49 224.15 1
8.5 238.61 1
8.51 243.15 1
8.52 273.55 1
8.53 295.69 1
8.54 295.25 1
8.55 293.59 1
8.56 293.04 1
8.57 241.36 1
8.58 247.06 1
8.59 249.9 1
8.6 273.04 1
8.61 254.21 1
8.62 258.68 1
8.63 238.18 1
8.64 230.94 1
8.65 223.97 1
8.66 217.68 1
8.67 216.69 1
8.68 217.75 1
8.69 220.08 1
8.7 223.41 1
8.71 226.82 1
8.72 230.37 1
8.73 236.51 1
8.74 249.75 1
8.75 243.47 1
8.76 242.9 1
8.77 239.02 1
8.78 117.93 1
8.79 118.09 1
8.8 118.13 1
8.81 118.28 1
8.82 119.18 1
8.83 119.35 1
8.84 119.36 1
8.85 120.66 1
8.86 120.0 1
8.87 119.35 1
8.88 119.03 1
8.89 118.33 1
8.9 124.12 1
8.91 120.33 1
8.92 119.97 1
8.93 121.34 1
8.94 254.68 1
8.95 253.35 1
8.96 242.49 1
8.97 241.37 1
8.98 242.94 1
8.99 240.12 1
9.0 244.28 1
9.01 245.63 1
9.02 246.61 1
9.03 248.81 1
9.04 250.53 1
9.05 249.49 1
9.06 247.02 1
9.07 232.79 1
9.08 229.13 1
9.09 226.75 1
9.1 234.84 1
9.11 247.06 1
9.12 270.49 1
9.13 284.57 1
9.14 293.07 1
9.15 316.12 1
9.16 319.31 1
9.17 327.7 1
9.18 314.05 1
9.19 313.94 1
9.2 305.23 1
9.21 289.71 1
9.22 295.02 1
9.23 307.34 1
9.24 269.4 1
9.25 305.4 1
9.26 283.19 1
9.27 293.89 1
9.28 288.38 1
9.29 292.35 1
9.3 291.08 1
9.31 289.61 1
9.32 290.44 1
9.33 290.35 1
9.34 290.34 1
9.35 291.1 1
9.36 291.15 1
9.37 293.07 1
9.38 293.04 1
9.39 291.1 1
9.4 290.25 1
9.41 291.1 1
9.42 291.1 1
9.43 145.32 1
9.44 145.79 1
9.45 145.31 1
9.46 150.24 1
9.47 144.36 1
9.48 145.79 1
9.49 146.26 1
9.5 146.4 1
9.51 148.13 1
9.52 147.73 1
9.53 145.79 1
9.54 149.24 1
9.55 146.25 1
9.56 147.61 1
9.57 145.79 1
9.58 147.45 1
9.59 146.28 1
9.6 147.74 1
9.61 147.02 1
9.62 147.91 1
9.63 146.76 1
9.64 146.76 1
9.65 147.05 1
9.66 148.31 1
9.67 146.27 1
9.68 144.83 1
9.69 147.05 1
9.7 146.76 1
9.71 147.61 1
9.72 145.6 1
9.73 147.12 1
9.74 145.79 1
9.75 146.68 1
9.76 146.01 1
9.77 146.72 1
9.78 146.25 1
9.79 146.53 1
9.8 145.97 1
9.81 147.58 1
9.82 145.79 1
9.83 147.07 1
9.84 146.22 1
9.85 147.54 1
9.86 147.33 1
9.87 297.7 1
9.88 300.17 1
9.89 302.02 1
9.9 308.4 1
9.91 315.19 1
9.92 314.14 1
9.93 410.12 1
9.94 382.04 1
9.95 391.55 1
9.96 383.34 1
9.97 379.58 1
9.98 375.14 1
9.99 363.46 1
10.0 356.37 1
10.01 346.02 1
10.02 342.12 1
10.03 337.94 1
10.04 330.92 1
10.05 325.92 1
10.06 321.84 1
10.07 319.67 1
10.08 320.72 1
10.09 319.35 1
10.1 320.72 1
10.11 322.5 1
10.12 327.74 1
10.13 332.31 1
10.14 341.8 1
10.15 345.24 1
10.16 348.67 1
10.17 345.91 1
10.18 325.57 1
10.19 335.18 1
10.2 340.58 1
10.21 343.21 1
10.22 335.4 1
10.23 323.03 1
10.24 343.82 1
10.25 347.64 1
10.26 343.2 1
10.27 342.67 1
10.28 343.11 1
10.29 335.3 1
10.3 333.04 1
10.31 327.15 1
10.32 323.38 1
10.33 320.7 1
10.34 310.64 1
10.35 305.37 1
10.36 295.12 1
10.37 293.15 1
10.38 293.58 1
10.39 289.84 1
10.4 290.76 1
10.41 289.62 1
10.42 289.62 1
10.43 289.31 1
10.44 290.19 1
10.45 289.45 1
10.46 288.42 1
10.47 286.88 1
10.48 287.03 1
10.49 289.47 1
10.5 284.84 1
10.51 285.98 1
