0.01 201.78 1
0.02 195.91 1
0.03 199.85 1
0.04 199.19 1
0.05 200.05 1
0.06 201.33 1
0.07 199.57 1
0.08 198.28 1
0.09 198.61 1
0.1 198.79 1
0.11 198.34 1
0.12 198.13 1
0.13 197.19 1
0.14 197.28 1
0.15 196.93 1
0.16 196.91 1
0.17 197.21 1
0.18 196.73 1
0.19 197.14 1
0.2 197.35 1
0.21 197.09 1
0.22 196.98 1
0.23 197.26 1
0.24 196.99 1
0.25 197.19 1
0.26 197.82 1
0.27 198.31 1
0.28 198.59 1
0.29 198.37 1
0.3 198.08 1
0.31 197.92 1
0.32 197.82 1
0.33 198.5 1
0.34 199.68 1
0.35 200.54 1
0.36 200.75 1
0.37 200.22 1
0.38 199.48 1
0.39 197.13 1
0.4 188.87 1
0.41 196.62 1
0.42 197.29 1
0.43 198.15 1
0.44 198.91 1
0.45 198.91 1
0.46 198.45 1
0.47 198.04 1
0.48 198.41 1
0.49 197.76 1
0.5 198.22 1
0.51 198.31 1
0.52 198.44 1
0.53 196.94 1
0.54 198.18 1
0.55 198.18 1
0.56 196.58 1
0.57 197.39 1
0.58 197.76 1
0.59 195.69 1
0.6 197.26 1
0.61 196.3 1
0.62 195.55 1
0.63 196.39 1
0.64 197.28 1
0.65 196.71 1
0.66 197.3 1
0.67 195.98 1
0.68 198.17 1
0.69 196.38 1
0.7 196.43 1
0.71 196.03 1
0.72 196.43 1
0.73 196.26 1
0.74 196.59 1
0.75 196.14 1
0.76 196.57 1
0.77 196.2 1
0.78 196.27 1
0.79 195.97 1
0.8 195.99 1
0.81 196.43 1
0.82 196.44 1
0.83 260.19 1
0.84 230.29 1
0.85 230.29 1
0.86 233.33 1
0.87 233.5 1
0.88 235.39 1
0.89 235.54 1
0.9 250.98 1
0.91 238.69 1
0.92 241.61 1
0.93 241.62 1
0.94 235.81 1
0.95 236.46 1
0.96 240.29 1
0.97 240.32 1
0.98 241.53 1
0.99 244.29 1
1.0 243.85 1
1.01 245.65 1
1.02 245.67 1
1.03 247.03 1
1.04 248.69 1
1.05 250.77 1
1.06 250.67 1
1.07 247.16 1
1.08 246.4 1
1.09 247.05 1
1.1 249.22 1
1.11 252.48 1
1.12 254.19 1
1.13 254.22 1
1.14 255.82 1
1.15 258.79 1
1.16 277.64 1
1.17 288.16 1
1.18 293.12 1
1.19 323.01 1
1.2 331.85 1
1.21 343.83 1
1.22 354.23 1
1.23 358.52 1
1.24 372.94 1
1.25 378.5 1
1.26 382.44 1
1.27 387.38 1
1.28 393.14 1
1.29 394.83 1
1.3 394.76 1
1.31 393.65 1
1.32 392.95 1
1.33 387.31 1
1.34 382.34 1
1.35 372.77 1
1.36 366.14 1
1.37 359.39 1
1.38 354.23 1
1.39 346.03 1
1.4 343.37 1
1.41 343.9 1
1.42 340.8 1
1.43 337.63 1
1.44 334.66 1
1.45 331.52 1
1.46 328.95 1
1.47 327.7 1
1.48 328.24 1
1.49 327.88 1
1.5 325.86 1
1.51 327.8 1
1.52 324.41 1
1.53 325.43 1
1.54 325.41 1
1.55 323.06 1
1.56 322.99 1
1.57 322.96 1
1.58 325.36 1
1.59 324.62 1
1.6 327.83 1
1.61 328.49 1
1.62 331.96 1
1.63 338.25 1
1.64 338.9 1
1.65 338.21 1
1.66 336.29 1
1.67 328.68 1
1.68 317.61 1
1.69 309.53 1
1.7 291.27 1
1.71 293.12 1
1.72 293.06 1
1.73 291.12 1
1.74 293.07 1
1.75 293.03 1
1.76 291.12 1
1.77 291.15 1
1.78 291.1 1
1.79 291.11 1
1.8 293.02 1
1.81 293.03 1
1.82 293.06 1
1.83 293.07 1
1.84 293.08 1
1.85 293.06 1
1.86 293.06 1
1.87 291.15 1
1.88 291.14 1
1.89 291.13 1
1.9 291.12 1
1.91 291.14 1
1.92 291.14 1
1.93 291.15 1
1.94 293.07 1
1.95 293.1 1
1.96 293.09 1
1.97 293.07 1
1.98 293.07 1
1.99 293.07 1
2.0 293.06 1
2.01 293.05 1
2.02 291.14 1
2.03 291.13 1
2.04 291.14 1
2.05 291.15 1
2.06 291.14 1
2.07 291.14 1
2.08 291.14 1
2.09 291.12 1
2.1 291.1 1
2.11 291.11 1
2.12 291.11 1
2.13 291.1 1
2.14 291.1 1
2.15 291.1 1
2.16 291.11 1
2.17 291.09 1
2.18 291.09 1
2.19 291.1 1
2.2 291.13 1
2.21 293.06 1
2.22 293.12 1
2.23 293.06 1
2.24 291.14 1
2.25 291.11 1
2.26 290.32 1
2.27 288.86 1
2.28 286.58 1
2.29 283.41 1
2.3 278.75 1
2.31 269.41 1
2.32 255.67 1
2.33 234.01 1
2.34 229.15 1
2.35 220.44 1
2.36 217.76 1
2.37 209.51 1
2.38 222.18 1
2.39 230.31 1
2.4 219.93 1
2.41 219.92 1
2.42 241.79 1
2.43 281.86 1
2.44 276.52 1
2.45 280.06 1
2.46 305.21 1
2.47 280.6 1
2.48 285.16 1
2.49 285.4 1
2.5 286.51 1
2.51 288.37 1
2.52 289.83 1
2.53 290.15 1
2.54 290.95 1
2.55 292.06 1
2.56 291.12 1
2.57 293.04 1
2.58 293.06 1
2.59 293.07 1
2.6 293.07 1
2.61 293.06 1
2.62 293.07 1
2.63 293.05 1
2.64 293.06 1
2.65 293.07 1
2.66 295.0 1
2.67 293.07 1
2.68 293.05 1
2.69 293.04 1
2.7 291.11 1
2.71 289.42 1
2.72 287.39 1
2.73 284.71 1
2.74 281.79 1
2.75 275.99 1
2.76 264.85 1
2.77 254.24 1
2.78 246.96 1
2.79 241.59 1
2.8 235.95 1
2.81 233.63 1
2.82 232.79 1
2.83 232.71 1
2.84 230.36 1
2.85 232.79 1
2.86 183.47 1
2.87 239.09 1
2.88 247.05 1
2.89 251.61 1
2.9 257.21 1
2.91 264.75 1
2.92 274.7 1
2.93 275.8 1
2.94 281.69 1
2.95 284.62 1
2.96 287.05 1
2.97 287.54 1
2.98 288.71 1
2.99 291.44 1
3.0 291.1 1
3.01 293.03 1
3.02 293.04 1
3.03 294.58 1
3.04 294.37 1
3.05 293.03 1
3.06 292.63 1
3.07 292.31 1
3.08 291.5 1
3.09 290.74 1
3.1 290.82 1
3.11 291.1 1
3.12 292.5 1
3.13 292.46 1
3.14 292.98 1
3.15 293.03 1
3.16 292.98 1
3.17 293.04 1
3.18 294.16 1
3.19 293.45 1
3.2 291.86 1
3.21 285.49 1
3.22 289.19 1
3.23 291.09 1
3.24 293.07 1
3.25 281.82 1
3.26 202.79 1
3.27 195.78 1
3.28 197.38 1
3.29 194.93 1
3.3 196.7 1
3.31 196.0 1
3.32 193.42 1
3.33 198.19 1
3.34 198.8 1
3.35 201.23 1
3.36 199.84 1
3.37 199.67 1
3.38 201.86 1
3.39 197.25 1
3.4 198.74 1
3.41 198.37 1
3.42 197.23 1
3.43 195.75 1
3.44 195.58 1
3.45 196.47 1
3.46 196.47 1
3.47 196.11 1
3.48 195.87 1
3.49 195.01 1
3.5 195.88 1
3.51 197.4 1
3.52 199.49 1
3.53 207.53 1
3.54 223.74 1
3.55 224.96 1
3.56 242.63 1
3.57 254.29 1
3.58 261.73 1
3.59 268.03 1
3.6 275.52 1
3.61 276.49 1
3.62 280.85 1
3.63 286.54 1
3.64 287.65 1
3.65 291.45 1
3.66 291.02 1
3.67 292.74 1
3.68 293.03 1
3.69 295.01 1
3.7 299.01 1
3.71 297.01 1
3.72 295.02 1
3.73 297.01 1
3.74 296.99 1
3.75 295.01 1
3.76 295.01 1
3.77 295.02 1
3.78 297.0 1
3.79 297.0 1
3.8 299.01 1
3.81 303.11 1
3.82 299.05 1
3.83 305.2 1
3.84 303.09 1
3.85 299.02 1
3.86 297.01 1
3.87 296.97 1
3.88 293.22 1
3.89 288.9 1
3.9 285.29 1
3.91 282.07 1
3.92 278.13 1
3.93 274.68 1
3.94 269.96 1
3.95 262.65 1
3.96 261.74 1
3.97 250.97 1
3.98 247.5 1
3.99 242.65 1
4.0 239.06 1
4.01 238.63 1
4.02 237.96 1
4.03 238.46 1
4.04 240.08 1
4.05 244.44 1
4.06 254.15 1
4.07 259.36 1
4.08 261.73 1
4.09 277.75 1
4.1 285.43 1
4.11 280.38 1
4.12 289.28 1
4.13 285.13 1
4.14 279.86 1
4.15 271.83 1
4.16 268.63 1
4.17 257.83 1
4.18 256.39 1
4.19 240.63 1
4.2 246.14 1
4.21 235.21 1
4.22 242.53 1
4.23 233.95 1
4.24 240.22 1
4.25 238.61 1
4.26 239.79 1
4.27 242.97 1
4.28 241.64 1
4.29 241.52 1
4.3 241.77 1
4.31 241.43 1
4.32 241.77 1
4.33 241.41 1
4.34 243.99 1
4.35 242.87 1
4.36 243.4 1
4.37 242.54 1
4.38 243.55 1
4.39 243.11 1
4.4 243.08 1
4.41 244.06 1
4.42 244.89 1
4.43 245.26 1
4.44 244.93 1
4.45 246.09 1
4.46 246.62 1
4.47 246.41 1
4.48 246.48 1
4.49 244.89 1
4.5 245.95 1
4.51 246.18 1
4.52 245.25 1
4.53 244.49 1
4.54 243.53 1
4.55 243.2 1
4.56 240.77 1
4.57 241.44 1
4.58 239.93 1
4.59 243.01 1
4.6 245.58 1
4.61 248.64 1
4.62 249.1 1
4.63 251.58 1
4.64 252.44 1
4.65 253.37 1
4.66 250.71 1
4.67 248.93 1
4.68 247.51 1
4.69 243.39 1
4.7 242.09 1
4.71 237.51 1
4.72 236.02 1
4.73 235.44 1
4.74 229.09 1
4.75 230.1 1
4.76 225.5 1
4.77 222.63 1
4.78 223.53 1
4.79 218.27 1
4.8 217.12 1
4.81 216.24 1
4.82 217.39 1
4.83 220.7 1
4.84 221.22 1
4.85 228.08 1
4.86 226.48 1
4.87 229.09 1
4.88 231.13 1
4.89 231.5 1
4.9 232.54 1
4.91 231.04 1
4.92 225.94 1
4.93 222.22 1
4.94 214.34 1
4.95 195.3 1
4.96 180.37 1
4.97 195.56 1
4.98 181.98 1
4.99 182.36 1
5.0 180.59 1
5.01 185.53 1
5.02 181.93 1
5.03 192.17 1
5.04 198.59 1
5.05 197.41 1
5.06 186.51 1
5.07 184.58 1
5.08 184.65 1
5.09 188.49 1
5.1 191.9 1
5.11 191.74 1
5.12 192.84 1
5.13 193.97 1
5.14 192.21 1
5.15 193.26 1
5.16 193.52 1
5.17 193.92 1
5.18 195.36 1
5.19 194.21 1
5.2 193.54 1
5.21 194.36 1
5.22 195.0 1
5.23 195.15 1
5.24 194.67 1
5.25 194.78 1
5.26 195.46 1
5.27 196.31 1
5.28 196.15 1
5.29 196.2 1
5.3 196.59 1
5.31 197.53 1
5.32 196.62 1
5.33 196.55 1
5.34 196.3 1
5.35 196.59 1
5.36 197.97 1
5.37 198.29 1
5.38 197.64 1
5.39 197.12 1
5.4 197.17 1
5.41 196.56 1
5.42 196.19 1
5.43 195.66 1
5.44 194.88 1
5.45 193.71 1
5.46 191.82 1
5.47 191.94 1
5.48 191.8 1
5.49 193.78 1
5.5 195.11 1
5.51 197.07 1
5.52 202.76 1
5.53 199.85 1
5.54 217.77 1
5.55 225.13 1
5.56 237.07 1
5.57 242.51 1
5.58 251.46 1
5.59 248.24 1
5.6 249.03 1
5.61 245.82 1
5.62 241.25 1
5.63 237.11 1
5.64 234.75 1
5.65 222.65 1
5.66 228.71 1
5.67 225.98 1
5.68 223.9 1
5.69 231.45 1
5.7 228.85 1
5.71 214.17 1
5.72 220.77 1
5.73 210.69 1
5.74 217.43 1
5.75 220.11 1
5.76 211.78 1
5.77 225.1 1
5.78 217.36 1
5.79 229.6 1
5.8 230.3 1
5.81 235.7 1
5.82 248.62 1
5.83 256.61 1
5.84 260.19 1
5.85 263.83 1
5.86 261.73 1
5.87 256.72 1
5.88 251.89 1
5.89 247.46 1
5.9 240.55 1
5.91 233.3 1
5.92 231.33 1
5.93 232.72 1
5.94 238.3 1
5.95 243.92 1
5.96 246.51 1
5.97 252.79 1
5.98 258.14 1
5.99 260.18 1
6.0 261.31 1
6.01 258.03 1
6.02 251.08 1
6.03 240.47 1
6.04 231.28 1
6.05 233.27 1
6.06 232.92 1
6.07 232.08 1
6.08 239.65 1
6.09 248.52 1
6.1 253.57 1
6.11 264.06 1
6.12 259.7 1
6.13 257.27 1
6.14 257.72 1
6.15 238.52 1
6.16 230.41 1
6.17 220.83 1
6.18 204.65 1
6.19 210.16 1
6.2 206.61 1
6.21 205.66 1
6.22 204.2 1
6.23 212.3 1
6.24 212.87 1
6.25 210.81 1
6.26 212.69 1
6.27 209.64 1
6.28 202.55 1
6.29 202.13 1
6.3 195.58 1
6.31 196.43 1
6.32 188.07 1
6.33 193.37 1
6.34 190.51 1
6.35 197.47 1
6.36 195.48 1
6.37 191.28 1
6.38 195.02 1
6.39 192.2 1
6.4 186.48 1
6.41 196.43 1
6.42 196.69 1
6.43 193.15 1
6.44 195.17 1
6.45 195.12 1
6.46 194.9 1
6.47 195.66 1
6.48 197.74 1
6.49 191.32 1
6.5 193.0 1
6.51 196.03 1
6.52 198.61 1
6.53 193.84 1
6.54 145.79 1
6.55 145.79 1
6.56 143.12 1
6.57 147.32 1
6.58 145.58 1
6.59 146.27 1
6.6 144.67 1
6.61 148.24 1
6.62 147.24 1
6.63 184.92 1
6.64 201.29 1
6.65 195.87 1
6.66 197.02 1
6.67 198.2 1
6.68 197.69 1
6.69 198.35 1
6.7 199.04 1
6.71 197.32 1
6.72 199.5 1
6.73 197.92 1
6.74 198.78 1
6.75 197.58 1
6.76 198.6 1
6.77 197.89 1
6.78 197.39 1
6.79 195.85 1
6.8 194.56 1
6.81 194.7 1
6.82 189.12 1
6.83 184.91 1
6.84 185.66 1
6.85 181.04 1
6.86 179.64 1
6.87 171.78 1
6.88 183.99 1
6.89 176.35 1
6.9 184.13 1
6.91 187.66 1
6.92 179.74 1
6.93 186.89 1
6.94 197.89 1
6.95 191.56 1
6.96 203.26 1
6.97 193.87 1
6.98 196.07 1
6.99 197.14 1
7.0 191.99 1
7.01 193.08 1
7.02 189.05 1
7.03 184.14 1
7.04 183.28 1
7.05 183.5 1
7.06 181.56 1
7.07 178.06 1
7.08 177.37 1
7.09 167.74 1
7.1 177.69 1
7.11 142.03 1
7.12 160.08 1
7.13 141.63 1
7.14 151.28 1
7.15 150.71 1
7.16 146.28 1
7.17 147.82 1
7.18 141.12 1
7.19 143.89 1
7.2 140.65 1
7.21 148.24 1
7.22 144.88 1
7.23 145.31 1
7.24 147.9 1
7.25 145.57 1
7.26 148.2 1
7.27 145.79 1
7.28 146.72 1
7.29 145.3 1
7.3 147.17 1
7.31 144.36 1
7.32 147.15 1
7.33 143.18 1
7.34 148.65 1
7.35 146.02 1
7.36 151.28 1
7.37 147.95 1
7.38 149.61 1
7.39 147.95 1
7.4 148.45 1
7.41 147.25 1
7.42 147.94 1
7.43 146.02 1
7.44 146.68 1
7.45 145.79 1
7.46 146.62 1
7.47 145.72 1
7.48 145.79 1
7.49 145.54 1
7.5 147.35 1
7.51 146.76 1
7.52 150.45 1
7.53 146.54 1
7.54 153.09 1
7.55 167.72 1
7.56 168.73 1
7.57 174.04 1
7.58 181.99 1
7.59 185.64 1
7.6 196.89 1
7.61 194.49 1
7.62 193.35 1
7.63 195.89 1
7.64 195.1 1
7.65 195.8 1
7.66 196.09 1
7.67 196.91 1
7.68 194.73 1
7.69 193.88 1
7.7 191.75 1
7.71 187.49 1
7.72 185.63 1
7.73 181.8 1
7.74 178.83 1
7.75 177.98 1
7.76 175.73 1
7.77 169.37 1
7.78 176.37 1
7.79 172.99 1
7.8 171.61 1
7.81 175.32 1
7.82 176.36 1
7.83 168.34 1
7.84 169.64 1
7.85 170.57 1
7.86 173.28 1
7.87 172.7 1
7.88 173.97 1
7.89 180.43 1
7.9 177.03 1
7.91 184.36 1
7.92 194.84 1
7.93 189.69 1
7.94 194.21 1
7.95 195.09 1
7.96 194.62 1
7.97 197.05 1
7.98 198.19 1
7.99 198.2 1
8.0 197.38 1
8.01 197.47 1
8.02 197.37 1
8.03 197.08 1
8.04 197.19 1
8.05 195.71 1
8.06 194.64 1
8.07 194.24 1
8.08 191.34 1
8.09 187.03 1
8.1 189.68 1
8.11 192.5 1
8.12 192.16 1
8.13 194.97 1
8.14 197.31 1
8.15 198.8 1
8.16 197.63 1
8.17 208.53 1
8.18 207.56 1
8.19 197.98 1
8.2 197.12 1
8.21 194.51 1
8.22 191.33 1
8.23 180.18 1
8.24 181.55 1
8.25 176.5 1
8.26 178.07 1
8.27 177.95 1
8.28 179.72 1
8.29 182.25 1
8.3 182.07 1
8.31 183.91 1
8.32 182.91 1
8.33 184.18 1
8.34 190.5 1
8.35 192.18 1
8.36 183.47 1
8.37 183.72 1
8.38 190.51 1
8.39 194.46 1
8.4 183.23 1
8.41 190.52 1
8.42 195.35 1
8.43 195.29 1
8.44 194.08 1
8.45 194.84 1
8.46 194.49 1
8.47 194.26 1
8.48 194.99 1
8.49 195.31 1
8.5 195.55 1
8.51 196.93 1
8.52 196.52 1
8.53 198.18 1
8.54 198.69 1
8.55 198.32 1
8.56 197.92 1
8.57 198.27 1
8.58 197.94 1
8.59 197.46 1
8.6 197.0 1
8.61 197.13 1
8.62 197.55 1
8.63 197.51 1
8.64 195.52 1
8.65 196.62 1
8.66 197.3 1
8.67 196.2 1
8.68 198.17 1
8.69 197.29 1
8.7 196.45 1
8.71 196.48 1
8.72 196.43 1
8.73 197.27 1
8.74 99.64 1
8.75 97.89 1
8.76 98.98 1
8.77 97.47 1
8.78 98.18 1
8.79 97.68 1
8.8 98.54 1
8.81 97.05 1
8.82 98.76 1
8.83 97.26 1
8.84 98.14 1
8.85 97.96 1
8.86 98.54 1
8.87 98.06 1
8.88 97.89 1
8.89 98.33 1
8.9 98.11 1
8.91 98.03 1
8.92 97.96 1
8.93 98.76 1
8.94 97.47 1
8.95 98.54 1
8.96 97.48 1
8.97 98.15 1
8.98 98.54 1
8.99 98.54 1
9.0 97.69 1
9.01 98.97 1
9.02 97.26 1
9.03 98.54 1
9.04 97.05 1
9.05 98.54 1
9.06 97.89 1
9.07 98.12 1
9.08 98.03 1
9.09 98.76 1
9.1 97.47 1
9.11 98.16 1
9.12 98.15 1
9.13 97.47 1
9.14 97.68 1
9.15 97.89 1
9.16 96.82 1
9.17 98.2 1
9.18 98.04 1
9.19 112.08 1
9.2 97.83 1
9.21 98.11 1
9.22 97.06 1
9.23 97.08 1
9.24 97.92 1
9.25 99.03 1
9.26 99.9 1
9.27 100.31 1
9.28 100.58 1
9.29 100.37 1
9.3 99.99 1
9.31 99.43 1
9.32 99.62 1
9.33 99.91 1
9.34 99.82 1
9.35 99.6 1
9.36 99.21 1
9.37 99.21 1
9.38 98.98 1
9.39 98.76 1
9.4 98.0 1
9.41 97.67 1
9.42 98.55 1
9.43 98.85 1
9.44 98.71 1
9.45 98.6 1
9.46 98.55 1
9.47 98.93 1
9.48 99.02 1
9.49 99.35 1
9.5 99.24 1
9.51 99.94 1
9.52 99.21 1
9.53 97.42 1
9.54 95.13 1
9.55 91.6 1
9.56 91.94 1
9.57 90.69 1
9.58 92.35 1
9.59 0.0 1
9.6 0.0 1
9.61 0.0 1
9.62 219.95 1
9.63 231.49 1
9.64 251.38 1
9.65 258.69 1
9.66 273.43 1
9.67 277.83 1
9.68 285.67 1
9.69 289.21 1
9.7 290.66 1
9.71 290.51 1
9.72 291.77 1
9.73 290.01 1
9.74 286.85 1
9.75 282.14 1
9.76 282.07 1
9.77 278.31 1
9.78 272.58 1
9.79 274.69 1
9.8 263.3 1
9.81 267.39 1
9.82 260.28 1
9.83 258.03 1
9.84 258.27 1
9.85 254.26 1
9.86 199.4 1
9.87 251.09 1
9.88 250.55 1
9.89 249.29 1
9.9 247.75 1
9.91 251.16 1
9.92 245.67 1
9.93 252.4 1
9.94 246.99 1
9.95 252.47 1
9.96 248.78 1
9.97 251.26 1
9.98 254.19 1
9.99 257.19 1
10.0 271.28 1
10.01 263.46 1
10.02 271.31 1
10.03 265.41 1
10.04 260.59 1
10.05 260.22 1
10.06 255.99 1
10.07 254.19 1
10.08 251.47 1
10.09 251.77 1
10.1 234.09 1
10.11 244.22 1
10.12 235.29 1
10.13 241.59 1
10.14 241.55 1
10.15 241.6 1
10.16 246.94 1
10.17 239.51 1
10.18 239.62 1
10.19 241.58 1
10.2 239.93 1
10.21 239.55 1
10.22 239.72 1
10.23 238.56 1
10.24 241.57 1
10.25 238.4 1
10.26 239.01 1
10.27 240.3 1
10.28 240.46 1
10.29 241.63 1
10.3 245.56 1
10.31 242.95 1
10.32 244.23 1
10.33 242.93 1
10.34 242.12 1
10.35 241.66 1
10.36 241.13 1
10.37 245.56 1
10.38 240.02 1
10.39 245.51 1
10.4 241.61 1
10.41 244.25 1
10.42 244.27 1
10.43 242.5 1
10.44 245.55 1
10.45 242.95 1
10.46 245.55 1
10.47 241.64 1
10.48 245.54 1
10.49 241.58 1
10.5 240.28 1
10.51 238.01 1
10.52 240.24 1
10.53 231.58 1
10.54 236.62 1
10.55 238.94 1
10.56 238.8 1
10.57 241.88 1
10.58 244.89 1
10.59 251.65 1
10.6 254.29 1
10.61 254.24 1
10.62 257.22 1
10.63 259.85 1
10.64 258.69 1
10.65 255.73 1
10.66 256.29 1
10.67 253.76 1
10.68 249.81 1
10.69 259.53 1
10.7 242.33 1
10.71 242.93 1
10.72 235.1 1
10.73 229.93 1
10.74 227.96 1
10.75 225.61 1
10.76 225.12 1
10.77 225.0 1
10.78 223.2 1
10.79 224.18 1
10.8 224.33 1
10.81 223.32 1
10.82 224.3 1
10.83 222.79 1
10.84 215.81 1
10.85 203.06 1
10.86 144.81 1
10.87 144.84 1
10.88 149.31 1
10.89 148.36 1
10.9 146.28 1
10.91 143.39 1
10.92 145.31 1
10.93 207.62 1
10.94 218.28 1
10.95 224.26 1
10.96 222.77 1
10.97 244.35 1
10.98 225.17 1
10.99 235.18 1
11.0 230.28 1
11.01 244.37 1
11.02 247.22 1
11.03 245.73 1
11.04 247.04 1
11.05 246.44 1
11.06 245.89 1
11.07 247.1 1
11.08 247.04 1
11.09 246.86 1
11.1 245.41 1
11.11 245.84 1
11.12 245.35 1
11.13 245.83 1
11.14 244.88 1
11.15 244.23 1
11.16 243.95 1
11.17 243.2 1
11.18 244.29 1
11.19 241.56 1
11.2 243.75 1
11.21 243.83 1
11.22 245.74 1
11.23 245.12 1
11.24 244.79 1
11.25 244.23 1
11.26 244.88 1
11.27 244.35 1
11.28 245.03 1
11.29 243.84 1
11.3 243.46 1
11.31 242.56 1
11.32 243.48 1
11.33 244.09 1
11.34 244.54 1
11.35 244.05 1
11.36 242.87 1
11.37 241.86 1
11.38 239.1 1
11.39 236.06 1
11.4 233.84 1
11.41 231.83 1
11.42 230.29 1
11.43 234.03 1
11.44 240.34 1
11.45 244.63 1
11.46 251.3 1
11.47 254.03 1
11.48 271.08 1
11.49 248.51 1
11.5 228.58 1
11.51 276.43 1
11.52 297.04 1
11.53 291.11 1
11.54 291.16 1
11.55 295.4 1
11.56 289.33 1
11.57 292.25 1
11.58 291.14 1
11.59 290.05 1
11.6 288.44 1
11.61 287.2 1
11.62 284.69 1
11.63 281.49 1
11.64 278.38 1
11.65 275.1 1
11.66 271.41 1
11.67 266.35 1
11.68 260.45 1
11.69 254.03 1
11.7 248.35 1
11.71 243.05 1
11.72 250.52 1
11.73 265.23 1
11.74 249.74 1
11.75 241.79 1
11.76 267.61 1
11.77 248.77 1
11.78 249.98 1
11.79 249.85 1
11.8 268.09 1
11.81 255.66 1
11.82 285.76 1
11.83 291.15 1
11.84 293.11 1
11.85 297.02 1
11.86 297.46 1
11.87 296.99 1
11.88 296.99 1
11.89 297.72 1
11.9 297.36 1
11.91 295.89 1
11.92 295.0 1
11.93 293.85 1
11.94 292.91 1
11.95 292.55 1
11.96 293.04 1
11.97 293.03 1
11.98 292.4 1
11.99 291.17 1
12.0 291.13 1
12.01 290.64 1
12.02 290.26 1
12.03 289.2 1
12.04 288.22 1
12.05 286.25 1
12.06 282.27 1
12.07 278.12 1
12.08 278.11 1
12.09 276.44 1
12.1 259.23 1
12.11 255.7 1
12.12 253.5 1
12.13 250.39 1
12.14 246.25 1
12.15 255.98 1
12.16 246.98 1
12.17 246.9 1
12.18 249.19 1
12.19 254.08 1
12.2 257.21 1
12.21 263.35 1
12.22 272.12 1
12.23 280.03 1
12.24 284.13 1
12.25 286.01 1
12.26 288.03 1
12.27 286.03 1
12.28 286.86 1
12.29 287.68 1
12.3 288.12 1
12.31 289.72 1
12.32 289.68 1
12.33 291.04 1
12.34 291.44 1
12.35 292.89 1
12.36 292.65 1
12.37 293.01 1
12.38 294.23 1
12.39 294.99 1
12.4 295.05 1
12.41 296.42 1
12.42 295.11 1
12.43 295.09 1
12.44 295.08 1
12.45 295.08 1
12.46 296.41 1
12.47 296.94 1
12.48 296.47 1
12.49 295.08 1
12.5 295.05 1
12.51 295.39 1
12.52 295.22 1
12.53 295.51 1
12.54 295.01 1
12.55 295.03 1
12.56 295.39 1
12.57 294.81 1
12.58 294.54 1
12.59 293.07 1
12.6 293.63 1
12.61 293.03 1
12.62 292.47 1
12.63 290.73 1
12.64 291.03 1
12.65 289.96 1
12.66 290.42 1
12.67 290.77 1
12.68 291.12 1
12.69 291.09 1
12.7 290.15 1
12.71 289.04 1
12.72 287.67 1
12.73 285.42 1
12.74 285.82 1
12.75 284.95 1
12.76 285.58 1
12.77 287.76 1
12.78 291.11 1
12.79 288.84 1
12.8 293.11 1
12.81 0.0 1
12.82 0.0 1
12.83 0.0 1
12.84 0.0 1
12.85 0.0 1
12.86 0.0 1
12.87 96.37 1
12.88 96.17 1
12.89 96.25 1
12.9 96.4 1
12.91 96.17 1
12.92 95.14 1
12.93 94.91 1
12.94 187.42 1
12.95 186.78 1
12.96 184.16 1
12.97 179.73 1
12.98 180.94 1
12.99 177.92 1
13.0 351.76 1
13.01 346.56 1
13.02 338.45 1
13.03 340.29 1
13.04 337.7 1
13.05 335.67 1
13.06 334.43 1
13.07 333.46 1
13.08 329.04 1
13.09 328.85 1
13.1 328.93 1
13.11 329.33 1
13.12 331.75 1
13.13 334.15 1
13.14 345.38 1
13.15 340.6 1
13.16 335.3 1
13.17 340.62 1
13.18 0.0 1
13.19 0.0 1
13.2 0.0 1
13.21 96.83 1
13.22 96.84 1
13.23 96.27 1
13.24 95.86 1
13.25 95.63 1
13.26 95.56 1
13.27 95.23 1
13.28 95.95 1
13.29 95.35 1
13.3 189.96 1
13.31 179.91 1
13.32 185.75 1
13.33 369.19 1
13.34 368.3 1
13.35 355.1 1
13.36 348.66 1
13.37 346.16 1
13.38 351.55 1
13.39 352.05 1
13.4 365.93 1
13.41 374.47 1
13.42 387.31 1
13.43 391.82 1
13.44 392.54 1
13.45 395.05 1
13.46 406.0 1
13.47 0.0 1
13.48 0.0 1
13.49 0.0 1
13.5 0.0 1
