0.01 211.15 1
0.02 197.54 1
0.03 195.85 1
0.04 190.75 1
0.05 189.66 1
0.06 181.43 1
0.07 183.03 1
0.08 185.23 1
0.09 185.14 1
0.1 186.45 1
0.11 187.27 1
0.12 189.52 1
0.13 190.48 1
0.14 190.69 1
0.15 193.84 1
0.16 194.73 1
0.17 194.96 1
0.18 196.16 1
0.19 196.57 1
0.2 196.93 1
0.21 196.87 1
0.22 196.97 1
0.23 196.82 1
0.24 197.52 1
0.25 197.85 1
0.26 198.08 1
0.27 197.57 1
0.28 197.99 1
0.29 197.92 1
0.3 196.23 1
0.31 194.92 1
0.32 194.84 1
0.33 194.82 1
0.34 194.57 1
0.35 193.84 1
0.36 195.02 1
0.37 195.55 1
0.38 194.79 1
0.39 194.7 1
0.4 193.78 1
0.41 195.55 1
0.42 194.97 1
0.43 195.55 1
0.44 194.49 1
0.45 193.83 1
0.46 192.77 1
0.47 192.23 1
0.48 191.76 1
0.49 193.82 1
0.5 193.42 1
0.51 193.6 1
0.52 193.97 1
0.53 194.69 1
0.54 195.47 1
0.55 195.56 1
0.56 195.8 1
0.57 196.89 1
0.58 197.07 1
0.59 195.46 1
0.6 195.75 1
0.61 194.99 1
0.62 193.85 1
0.63 194.69 1
0.64 193.74 1
0.65 193.86 1
0.66 193.84 1
0.67 193.8 1
0.68 193.77 1
0.69 194.01 1
0.7 194.07 1
0.71 195.16 1
0.72 196.43 1
0.73 196.39 1
0.74 196.42 1
0.75 195.55 1
0.76 193.87 1
0.77 194.67 1
0.78 195.51 1
0.79 195.51 1
0.8 194.68 1
0.81 196.4 1
0.82 195.53 1
0.83 193.96 1
0.84 195.52 1
0.85 195.51 1
0.86 192.38 1
0.87 188.92 1
0.88 195.53 1
0.89 197.81 1
0.9 202.43 1
0.91 220.01 1
0.92 227.96 1
0.93 201.45 1
0.94 203.74 1
0.95 182.81 1
0.96 158.54 1
0.97 320.54 1
0.98 333.41 1
0.99 345.69 1
1.0 332.75 1
1.01 351.42 1
1.02 351.49 1
1.03 351.48 1
1.04 354.27 1
1.05 357.84 1
1.06 348.68 1
1.07 351.42 1
1.08 346.04 1
1.09 345.94 1
1.1 340.6 1
1.11 337.68 1
1.12 332.21 1
1.13 329.92 1
1.14 327.87 1
1.15 327.8 1
1.16 321.78 1
1.17 322.97 1
1.18 325.33 1
1.19 325.29 1
1.2 322.95 1
1.21 325.33 1
1.22 325.32 1
1.23 325.33 1
1.24 323.05 1
1.25 324.12 1
1.26 327.84 1
1.27 330.67 1
1.28 338.12 1
1.29 339.78 1
1.3 344.83 1
1.31 345.63 1
1.32 343.25 1
1.33 345.04 1
1.34 340.71 1
1.35 338.55 1
1.36 337.98 1
1.37 332.02 1
1.38 330.7 1
1.39 325.45 1
1.4 325.41 1
1.41 327.77 1
1.42 322.99 1
1.43 322.99 1
1.44 322.95 1
1.45 322.94 1
1.46 325.29 1
1.47 325.27 1
1.48 322.91 1
1.49 322.9 1
1.5 322.9 1
1.51 320.59 1
1.52 322.92 1
1.53 325.3 1
1.54 323.01 1
1.55 325.43 1
1.56 330.62 1
1.57 335.34 1
1.58 334.82 1
1.59 330.48 1
1.6 326.34 1
1.61 316.77 1
1.62 303.25 1
1.63 293.05 1
1.64 285.73 1
1.65 284.1 1
1.66 282.2 1
1.67 280.95 1
1.68 281.45 1
1.69 282.47 1
1.7 281.79 1
1.71 283.3 1
1.72 283.31 1
1.73 284.76 1
1.74 285.01 1
1.75 286.63 1
1.76 286.49 1
1.77 286.2 1
1.78 286.89 1
1.79 287.61 1
1.8 288.5 1
1.81 289.59 1
1.82 289.36 1
1.83 290.19 1
1.84 290.85 1
1.85 290.68 1
1.86 289.61 1
1.87 289.26 1
1.88 289.25 1
1.89 289.45 1
1.9 290.27 1
1.91 291.11 1
1.92 293.03 1
1.93 291.13 1
1.94 293.03 1
1.95 293.03 1
1.96 293.03 1
1.97 293.42 1
1.98 294.99 1
1.99 294.73 1
2.0 294.65 1
2.01 293.05 1
2.02 293.04 1
2.03 292.88 1
2.04 291.1 1
2.05 291.1 1
2.06 289.86 1
2.07 290.47 1
2.08 291.09 1
2.09 291.12 1
2.1 291.12 1
2.11 291.12 1
2.12 291.12 1
2.13 291.12 1
2.14 291.13 1
2.15 291.13 1
2.16 291.1 1
2.17 289.24 1
2.18 285.71 1
2.19 285.07 1
2.2 267.45 1
2.21 256.95 1
2.22 245.63 1
2.23 226.8 1
2.24 223.5 1
2.25 222.47 1
2.26 223.55 1
2.27 225.6 1
2.28 241.64 1
2.29 0.0 1
2.3 0.0 1
2.31 274.01 1
2.32 281.92 1
2.33 291.09 1
2.34 291.17 1
2.35 293.09 1
2.36 291.13 1
2.37 290.99 1
2.38 283.38 1
2.39 278.18 1
2.4 261.79 1
2.41 268.05 1
2.42 257.18 1
2.43 254.18 1
2.44 252.97 1
2.45 248.46 1
2.46 247.36 1
2.47 247.03 1
2.48 246.96 1
2.49 245.64 1
2.5 487.2 1
2.51 481.89 1
2.52 487.07 1
2.53 487.21 1
2.54 487.15 1
2.55 481.83 1
2.56 487.12 1
2.57 487.19 1
2.58 248.64 1
2.59 257.2 1
2.6 276.45 1
2.61 291.05 1
2.62 293.07 1
2.63 316.7 1
2.64 320.28 1
2.65 332.24 1
2.66 337.24 1
2.67 322.41 1
2.68 322.97 1
2.69 309.67 1
2.7 291.1 1
2.71 266.4 1
2.72 307.34 1
2.73 281.66 1
2.74 276.47 1
2.75 278.21 1
2.76 279.96 1
2.77 282.67 1
2.78 284.89 1
2.79 289.68 1
2.8 288.01 1
2.81 287.98 1
2.82 288.11 1
2.83 289.42 1
2.84 290.09 1
2.85 290.11 1
2.86 291.09 1
2.87 291.36 1
2.88 292.07 1
2.89 292.09 1
2.9 292.02 1
2.91 291.1 1
2.92 291.19 1
2.93 291.11 1
2.94 292.32 1
2.95 291.11 1
2.96 291.68 1
2.97 291.74 1
2.98 292.57 1
2.99 292.37 1
3.0 291.11 1
3.01 292.58 1
3.02 292.32 1
3.03 293.02 1
3.04 293.04 1
3.05 293.03 1
3.06 293.99 1
3.07 293.04 1
3.08 294.24 1
3.09 293.04 1
3.1 293.06 1
3.11 293.06 1
3.12 294.58 1
3.13 293.06 1
3.14 293.05 1
3.15 293.05 1
3.16 293.04 1
3.17 293.04 1
3.18 293.05 1
3.19 293.05 1
3.2 293.04 1
3.21 293.05 1
3.22 293.04 1
3.23 293.06 1
3.24 293.05 1
3.25 294.57 1
3.26 293.06 1
3.27 293.06 1
3.28 293.06 1
3.29 293.05 1
3.3 293.05 1
3.31 293.03 1
3.32 293.03 1
3.33 292.77 1
3.34 293.03 1
3.35 293.03 1
3.36 291.14 1
3.37 292.86 1
3.38 291.13 1
3.39 292.68 1
3.4 292.12 1
3.41 291.14 1
3.42 291.99 1
3.43 292.29 1
3.44 291.14 1
3.45 292.83 1
3.46 291.17 1
3.47 292.59 1
3.48 293.03 1
3.49 293.04 1
3.5 293.06 1
3.51 293.08 1
3.52 295.0 1
3.53 293.08 1
3.54 293.08 1
3.55 293.09 1
3.56 293.09 1
3.57 293.09 1
3.58 293.06 1
3.59 293.03 1
3.6 291.1 1
3.61 288.04 1
3.62 282.47 1
3.63 278.22 1
3.64 269.72 1
3.65 264.05 1
3.66 256.94 1
3.67 251.14 1
3.68 245.44 1
3.69 246.96 1
3.7 242.91 1
3.71 248.06 1
3.72 250.88 1
3.73 254.18 1
3.74 257.18 1
3.75 264.87 1
3.76 275.03 1
3.77 278.26 1
3.78 284.44 1
3.79 282.36 1
3.8 281.49 1
3.81 287.55 1
3.82 277.01 1
3.83 0.0 1
3.84 0.0 1
3.85 0.0 1
3.86 0.0 1
3.87 0.0 1
3.88 0.0 1
3.89 0.0 1
3.9 0.0 1
3.91 277.87 1
3.92 284.05 1
3.93 249.81 1
3.94 245.54 1
3.95 250.4 1
3.96 255.84 1
3.97 249.79 1
3.98 245.91 1
3.99 242.61 1
4.0 241.64 1
4.01 241.64 1
4.02 240.67 1
4.03 241.64 1
4.04 240.33 1
4.05 239.02 1
4.06 238.55 1
4.07 236.48 1
4.08 236.91 1
4.09 237.73 1
4.1 237.73 1
4.11 237.49 1
4.12 237.2 1
4.13 236.87 1
4.14 237.08 1
4.15 237.12 1
4.16 237.49 1
4.17 239.01 1
4.18 239.74 1
4.19 241.67 1
4.2 242.7 1
4.21 240.83 1
4.22 240.11 1
4.23 239.23 1
4.24 239.2 1
4.25 240.22 1
4.26 241.64 1
4.27 242.2 1
4.28 242.96 1
4.29 241.63 1
4.3 239.82 1
4.31 241.63 1
4.32 240.99 1
4.33 242.96 1
4.34 242.95 1
4.35 242.08 1
4.36 242.15 1
4.37 240.45 1
4.38 238.96 1
4.39 239.01 1
4.4 239.57 1
4.41 241.63 1
4.42 244.29 1
4.43 248.96 1
4.44 252.46 1
4.45 257.18 1
4.46 270.31 1
4.47 274.74 1
4.48 272.45 1
4.49 274.73 1
4.5 269.41 1
4.51 262.79 1
4.52 255.29 1
4.53 247.3 1
4.54 119.03 1
4.55 253.13 1
4.56 244.26 1
4.57 248.39 1
4.58 248.35 1
4.59 254.18 1
4.6 257.21 1
4.61 265.8 1
4.62 273.03 1
4.63 269.83 1
4.64 270.0 1
4.65 264.88 1
4.66 260.23 1
4.67 252.75 1
4.68 257.17 1
4.69 255.71 1
4.7 244.23 1
4.71 244.35 1
4.72 248.05 1
4.73 253.7 1
4.74 255.67 1
4.75 264.9 1
4.76 278.2 1
4.77 280.01 1
4.78 285.44 1
4.79 288.57 1
4.8 289.71 1
4.81 292.46 1
4.82 292.45 1
4.83 292.83 1
4.84 292.84 1
4.85 292.5 1
4.86 292.72 1
4.87 291.1 1
4.88 290.78 1
4.89 289.76 1
4.9 289.18 1
4.91 289.83 1
4.92 290.13 1
4.93 290.75 1
4.94 291.7 1
4.95 292.49 1
4.96 292.61 1
4.97 293.03 1
4.98 292.88 1
4.99 293.6 1
5.0 293.04 1
5.01 293.05 1
5.02 294.95 1
5.03 294.99 1
5.04 293.05 1
5.05 293.67 1
5.06 293.05 1
5.07 292.64 1
5.08 291.11 1
5.09 291.12 1
5.1 291.1 1
5.11 291.1 1
5.12 291.11 1
5.13 291.12 1
5.14 293.03 1
5.15 293.04 1
5.16 291.14 1
5.17 292.59 1
5.18 291.12 1
5.19 290.62 1
5.2 286.54 1
5.21 285.3 1
5.22 281.45 1
5.23 273.01 1
5.24 271.35 1
5.25 266.48 1
5.26 263.27 1
5.27 260.19 1
5.28 255.65 1
5.29 256.41 1
5.3 247.7 1
5.31 245.64 1
5.32 242.93 1
5.33 242.91 1
5.34 244.2 1
5.35 239.01 1
5.36 240.26 1
5.37 241.56 1
5.38 241.56 1
5.39 240.25 1
5.4 238.98 1
5.41 237.72 1
5.42 232.81 1
5.43 239.02 1
5.44 244.23 1
5.45 246.9 1
5.46 245.58 1
5.47 246.96 1
5.48 247.03 1
5.49 248.56 1
5.5 250.79 1
5.51 257.17 1
5.52 262.51 1
5.53 258.7 1
5.54 263.29 1
5.55 261.01 1
5.56 255.68 1
5.57 258.65 1
5.58 253.96 1
5.59 247.2 1
5.6 247.06 1
5.61 245.64 1
5.62 244.23 1
5.63 239.02 1
5.64 238.15 1
5.65 237.79 1
5.66 240.28 1
5.67 241.58 1
5.68 238.43 1
5.69 245.61 1
5.7 245.58 1
5.71 247.01 1
5.72 252.46 1
5.73 248.4 1
5.74 248.93 1
5.75 250.18 1
5.76 253.43 1
5.77 255.45 1
5.78 260.48 1
5.79 260.21 1
5.8 258.71 1
5.81 265.0 1
5.82 258.7 1
5.83 264.91 1
5.84 261.41 1
5.85 255.7 1
5.86 257.15 1
5.87 254.76 1
5.88 248.23 1
5.89 246.98 1
5.9 235.31 1
5.91 230.36 1
5.92 241.62 1
5.93 226.76 1
5.94 225.58 1
5.95 223.4 1
5.96 224.63 1
5.97 225.22 1
5.98 221.4 1
5.99 221.66 1
6.0 179.67 1
6.01 145.31 1
6.02 145.31 1
6.03 150.51 1
6.04 146.75 1
6.05 144.83 1
6.06 146.27 1
6.07 147.66 1
6.08 147.56 1
6.09 148.24 1
6.1 146.27 1
6.11 145.13 1
6.12 146.27 1
6.13 146.14 1
6.14 145.79 1
6.15 147.25 1
6.16 144.83 1
6.17 146.6 1
6.18 147.57 1
6.19 147.25 1
6.2 146.27 1
6.21 146.27 1
6.22 146.27 1
6.23 148.14 1
6.24 146.76 1
6.25 147.74 1
6.26 146.73 1
6.27 148.09 1
6.28 145.79 1
6.29 148.16 1
6.3 146.27 1
6.31 148.58 1
6.32 146.21 1
6.33 148.12 1
6.34 145.79 1
6.35 118.88 1
6.36 118.03 1
6.37 119.0 1
6.38 118.06 1
6.39 120.26 1
6.4 119.48 1
6.41 121.32 1
6.42 121.76 1
6.43 121.75 1
6.44 122.33 1
6.45 121.85 1
6.46 122.01 1
6.47 121.4 1
6.48 123.38 1
6.49 120.88 1
6.5 122.81 1
6.51 121.21 1
6.52 121.65 1
6.53 120.33 1
6.54 120.95 1
6.55 121.0 1
6.56 119.88 1
6.57 120.53 1
6.58 119.56 1
6.59 120.52 1
6.6 120.33 1
6.61 120.0 1
6.62 121.48 1
6.63 121.9 1
6.64 123.19 1
6.65 244.39 1
6.66 245.09 1
6.67 244.79 1
6.68 247.19 1
6.69 247.43 1
6.7 250.57 1
6.71 248.79 1
6.72 248.32 1
6.73 241.16 1
6.74 236.25 1
6.75 234.46 1
6.76 230.29 1
6.77 221.07 1
6.78 227.71 1
6.79 222.65 1
6.8 234.35 1
6.81 240.55 1
6.82 246.61 1
6.83 257.52 1
6.84 265.84 1
6.85 280.23 1
6.86 291.09 1
6.87 293.04 1
6.88 291.09 1
6.89 291.11 1
6.9 296.98 1
6.91 294.99 1
6.92 296.71 1
6.93 298.54 1
6.94 295.94 1
6.95 293.41 1
6.96 291.56 1
6.97 287.98 1
6.98 282.99 1
6.99 272.52 1
7.0 271.83 1
7.01 265.49 1
7.02 258.8 1
7.03 254.18 1
7.04 251.39 1
7.05 254.17 1
7.06 245.65 1
7.07 244.29 1
7.08 239.02 1
7.09 237.49 1
7.1 244.29 1
7.11 245.81 1
7.12 250.34 1
7.13 255.52 1
7.14 258.66 1
7.15 263.29 1
7.16 272.41 1
7.17 282.85 1
7.18 277.17 1
7.19 288.07 1
7.2 288.17 1
7.21 293.0 1
7.22 290.76 1
7.23 294.2 1
7.24 295.59 1
7.25 294.1 1
7.26 294.73 1
7.27 294.79 1
7.28 294.23 1
7.29 293.02 1
7.3 294.99 1
7.31 292.17 1
7.32 292.94 1
7.33 293.04 1
7.34 295.94 1
7.35 292.82 1
7.36 291.17 1
7.37 293.05 1
7.38 0.0 1
7.39 0.0 1
7.4 0.0 1
7.41 0.0 1
7.42 0.0 1
7.43 0.0 1
7.44 0.0 1
7.45 0.0 1
7.46 0.0 1
7.47 196.46 1
7.48 197.26 1
7.49 196.43 1
7.5 198.14 1
7.51 196.41 1
7.52 196.24 1
7.53 196.38 1
7.54 196.14 1
7.55 196.43 1
7.56 197.27 1
7.57 198.14 1
7.58 0.0 1
7.59 0.0 1
7.6 0.0 1
7.61 0.0 1
7.62 0.0 1
7.63 0.0 1
7.64 0.0 1
7.65 0.0 1
7.66 0.0 1
7.67 369.43 1
7.68 373.36 1
7.69 388.52 1
7.7 396.4 1
7.71 401.24 1
7.72 403.58 1
7.73 401.86 1
7.74 402.82 1
7.75 401.77 1
7.76 401.62 1
7.77 402.58 1
7.78 403.4 1
7.79 402.82 1
7.8 402.41 1
7.81 402.27 1
7.82 400.77 1
7.83 399.19 1
7.84 389.51 1
7.85 385.13 1
7.86 378.5 1
7.87 369.13 1
7.88 357.3 1
7.89 351.26 1
7.9 342.58 1
7.91 335.21 1
7.92 331.78 1
7.93 332.16 1
7.94 328.52 1
7.95 324.83 1
7.96 323.41 1
7.97 319.56 1
7.98 320.68 1
7.99 320.72 1
8.0 320.69 1
8.01 320.7 1
8.02 322.95 1
8.03 321.51 1
8.04 323.68 1
8.05 329.93 1
8.06 341.41 1
8.07 343.45 1
8.08 378.59 1
8.09 363.3 1
8.1 381.62 1
8.11 381.78 1
8.12 381.69 1
8.13 375.04 1
8.14 368.0 1
8.15 362.05 1
8.16 355.83 1
8.17 343.47 1
8.18 347.08 1
8.19 340.64 1
8.2 341.19 1
8.21 337.1 1
8.22 334.64 1
8.23 334.61 1
8.24 333.58 1
8.25 333.05 1
8.26 331.99 1
8.27 333.09 1
8.28 337.79 1
8.29 341.49 1
8.3 346.16 1
8.31 348.94 1
8.32 350.09 1
8.33 355.12 1
8.34 354.3 1
8.35 354.29 1
8.36 352.6 1
8.37 343.06 1
8.38 329.43 1
8.39 307.28 1
8.4 294.66 1
8.41 292.44 1
8.42 288.86 1
8.43 290.3 1
8.44 292.07 1
8.45 292.92 1
8.46 294.57 1
8.47 294.57 1
8.48 293.49 1
8.49 292.9 1
8.5 292.19 1
8.51 291.75 1
8.52 291.27 1
8.53 291.05 1
8.54 291.34 1
8.55 292.08 1
8.56 292.13 1
8.57 292.84 1
8.58 293.23 1
8.59 293.03 1
8.6 293.02 1
8.61 293.22 1
8.62 294.07 1
8.63 292.71 1
8.64 291.72 1
8.65 291.09 1
8.66 290.42 1
8.67 290.16 1
8.68 290.1 1
8.69 289.74 1
8.7 289.88 1
8.71 288.92 1
8.72 290.7 1
8.73 288.69 1
8.74 289.87 1
8.75 289.64 1
8.76 289.1 1
8.77 285.45 1
8.78 275.3 1
8.79 271.33 1
8.8 264.05 1
8.81 258.65 1
8.82 257.82 1
8.83 250.8 1
8.84 216.62 1
8.85 207.09 1
8.86 204.64 1
8.87 201.08 1
8.88 200.14 1
8.89 200.94 1
8.9 202.8 1
8.91 210.55 1
8.92 219.78 1
8.93 230.32 1
8.94 246.75 1
8.95 260.23 1
8.96 274.72 1
8.97 278.4 1
8.98 282.4 1
8.99 286.54 1
9.0 287.06 1
9.01 286.53 1
9.02 285.17 1
9.03 282.09 1
9.04 279.97 1
9.05 273.52 1
9.06 274.7 1
9.07 268.73 1
9.08 261.79 1
9.09 257.2 1
9.1 254.21 1
9.11 255.59 1
9.12 248.47 1
9.13 247.0 1
9.14 482.17 1
9.15 481.89 1
9.16 481.8 1
9.17 239.4 1
9.18 244.24 1
9.19 247.0 1
9.2 249.59 1
9.21 260.19 1
9.22 272.29 1
9.23 278.41 1
9.24 278.69 1
9.25 281.58 1
9.26 284.81 1
9.27 286.03 1
9.28 286.47 1
9.29 288.43 1
9.3 289.73 1
9.31 289.65 1
9.32 291.37 1
9.33 293.04 1
9.34 292.74 1
9.35 293.28 1
9.36 293.03 1
9.37 290.91 1
9.38 290.37 1
9.39 289.64 1
9.4 289.84 1
9.41 290.83 1
9.42 290.47 1
9.43 290.05 1
9.44 290.59 1
9.45 290.49 1
9.46 291.75 1
9.47 291.08 1
9.48 290.93 1
9.49 290.4 1
9.5 289.82 1
9.51 289.44 1
9.52 289.52 1
9.53 289.16 1
9.54 288.95 1
9.55 289.32 1
9.56 287.83 1
9.57 287.03 1
9.58 286.04 1
9.59 285.14 1
9.6 284.26 1
9.61 283.8 1
9.62 282.27 1
9.63 279.87 1
9.64 279.97 1
9.65 277.84 1
9.66 277.4 1
9.67 279.9 1
9.68 279.28 1
9.69 282.63 1
9.7 288.68 1
9.71 297.05 1
9.72 309.51 1
9.73 327.97 1
9.74 327.85 1
9.75 344.24 1
9.76 336.08 1
9.77 340.61 1
9.78 381.63 1
9.79 381.71 1
9.8 378.48 1
9.81 378.47 1
9.82 376.17 1
9.83 373.7 1
9.84 375.17 1
9.85 368.04 1
9.86 362.1 1
9.87 178.74 1
9.88 356.3 1
9.89 353.52 1
9.9 348.67 1
9.91 343.29 1
9.92 343.25 1
9.93 340.59 1
9.94 338.48 1
9.95 336.04 1
9.96 338.73 1
9.97 336.18 1
9.98 336.81 1
9.99 338.27 1
10.0 340.6 1
10.01 345.95 1
10.02 345.91 1
10.03 345.84 1
10.04 375.3 1
10.05 385.11 1
10.06 383.52 1
10.07 382.02 1
10.08 381.8 1
10.09 375.29 1
10.1 375.24 1
10.11 366.02 1
10.12 360.33 1
10.13 365.98 1
10.14 377.8 1
10.15 369.45 1
10.16 375.98 1
10.17 381.7 1
10.18 381.0 1
10.19 385.08 1
10.2 386.71 1
10.21 389.25 1
10.22 388.42 1
10.23 386.21 1
10.24 383.6 1
10.25 379.35 1
10.26 381.51 1
10.27 376.13 1
10.28 372.06 1
10.29 371.15 1
10.3 371.94 1
10.31 354.69 1
10.32 357.11 1
10.33 354.37 1
10.34 348.89 1
10.35 354.97 1
10.36 351.58 1
10.37 362.43 1
10.38 366.51 1
10.39 376.43 1
10.4 378.53 1
10.41 384.63 1
10.42 391.85 1
10.43 388.96 1
10.44 393.68 1
10.45 392.58 1
10.46 393.0 1
10.47 393.24 1
10.48 394.46 1
10.49 396.26 1
10.5 396.76 1
10.51 396.63 1
10.52 397.88 1
10.53 398.22 1
10.54 396.49 1
10.55 394.71 1
10.56 395.11 1
10.57 393.22 1
10.58 393.12 1
10.59 392.81 1
10.6 392.44 1
10.61 391.78 1
10.62 393.08 1
10.63 392.25 1
10.64 392.65 1
10.65 392.74 1
10.66 392.71 1
10.67 391.9 1
10.68 390.87 1
10.69 391.14 1
10.7 390.45 1
10.71 389.79 1
10.72 388.74 1
10.73 389.46 1
10.74 386.9 1
10.75 387.94 1
10.76 388.96 1
10.77 389.66 1
10.78 389.77 1
10.79 391.87 1
10.8 391.23 1
10.81 392.82 1
10.82 391.86 1
10.83 392.16 1
10.84 392.86 1
10.85 392.88 1
10.86 392.28 1
10.87 392.3 1
10.88 391.4 1
10.89 390.53 1
10.9 387.7 1
10.91 385.42 1
10.92 381.3 1
10.93 376.31 1
10.94 370.71 1
10.95 365.93 1
10.96 368.73 1
10.97 357.58 1
10.98 366.16 1
10.99 378.31 1
11.0 383.18 1
11.01 388.5 1
11.02 395.55 1
11.03 397.03 1
11.04 400.17 1
11.05 407.34 1
11.06 398.07 1
11.07 401.51 1
11.08 392.18 1
11.09 0.0 1
11.1 0.0 1
11.11 0.0 1
11.12 0.0 1
11.13 0.0 1
11.14 0.0 1
11.15 0.0 1
11.16 0.0 1
11.17 0.0 1
11.18 388.53 1
11.19 384.49 1
11.2 390.41 1
11.21 394.13 1
11.22 394.84 1
11.23 393.86 1
11.24 392.53 1
11.25 392.07 1
11.26 392.36 1
11.27 393.42 1
11.28 393.22 1
11.29 392.88 1
11.3 393.23 1
11.31 394.12 1
11.32 393.65 1
11.33 393.94 1
11.34 394.12 1
11.35 393.1 1
11.36 391.39 1
11.37 391.51 1
11.38 391.33 1
11.39 392.09 1
11.4 392.46 1
11.41 393.45 1
11.42 393.66 1
11.43 393.12 1
11.44 392.91 1
11.45 393.24 1
11.46 392.34 1
11.47 390.5 1
11.48 390.57 1
11.49 392.0 1
11.5 196.03 1
11.51 195.56 1
11.52 196.12 1
11.53 196.01 1
11.54 196.41 1
11.55 198.09 1
11.56 197.28 1
11.57 196.22 1
11.58 195.64 1
11.59 196.17 1
11.6 196.42 1
11.61 196.21 1
11.62 196.43 1
11.63 196.14 1
11.64 196.69 1
11.65 98.1 1
11.66 97.9 1
11.67 98.06 1
11.68 97.47 1
11.69 98.32 1
11.7 98.0 1
11.71 98.13 1
11.72 98.32 1
11.73 98.11 1
11.74 98.09 1
11.75 98.19 1
11.76 98.01 1
11.77 98.13 1
11.78 98.11 1
11.79 97.47 1
11.8 98.54 1
11.81 97.47 1
11.82 98.15 1
11.83 97.47 1
11.84 98.76 1
11.85 97.04 1
11.86 98.54 1
11.87 98.01 1
11.88 98.1 1
11.89 98.1 1
11.9 98.54 1
11.91 98.76 1
11.92 105.12 1
11.93 154.42 1
11.94 152.56 1
11.95 154.16 1
11.96 154.94 1
11.97 155.04 1
11.98 155.0 1
11.99 155.27 1
12.0 311.17 1
12.01 315.21 1
12.02 327.68 1
12.03 337.38 1
12.04 336.09 1
12.05 387.28 1
12.06 402.89 1
12.07 418.24 1
12.08 447.72 1
12.09 481.62 1
12.1 492.13 1
12.11 501.06 1
12.12 500.5 1
12.13 513.31 1
12.14 513.71 1
12.15 507.15 1
12.16 500.29 1
12.17 496.54 1
12.18 487.91 1
12.19 478.59 1
12.2 476.6 1
12.21 471.43 1
12.22 453.5 1
12.23 452.25 1
12.24 439.87 1
12.25 438.99 1
12.26 430.58 1
12.27 430.55 1
12.28 430.56 1
12.29 426.41 1
12.3 439.03 1
12.31 434.67 1
12.32 451.83 1
12.33 456.53 1
12.34 470.5 1
12.35 471.4 1
12.36 481.72 1
12.37 481.29 1
12.38 492.78 1
12.39 507.54 1
12.4 487.18 1
12.41 499.76 1
12.42 500.06 1
12.43 498.97 1
12.44 497.15 1
12.45 494.92 1
12.46 494.87 1
12.47 495.15 1
12.48 495.05 1
12.49 496.37 1
12.5 497.07 1
12.51 494.81 1
12.52 493.19 1
12.53 490.93 1
12.54 490.95 1
12.55 489.62 1
12.56 490.9 1
12.57 495.63 1
12.58 499.89 1
12.59 502.48 1
12.6 507.86 1
12.61 523.95 1
12.62 531.75 1
12.63 521.93 1
12.64 520.31 1
12.65 506.2 1
12.66 494.79 1
12.67 527.18 1
12.68 518.11 1
12.69 505.39 1
