0.01 266.43 1
0.02 266.5 1
0.03 260.17 1
0.04 285.45 1
0.05 297.72 1
0.06 293.03 1
0.07 293.04 1
0.08 298.16 1
0.09 296.98 1
0.1 298.09 1
0.11 294.99 1
0.12 289.74 1
0.13 297.37 1
0.14 296.97 1
0.15 296.31 1
0.16 294.99 1
0.17 296.6 1
0.18 294.99 1
0.19 296.76 1
0.2 295.93 1
0.21 296.5 1
0.22 295.83 1
0.23 294.99 1
0.24 295.05 1
0.25 295.08 1
0.26 294.93 1
0.27 294.25 1
0.28 294.43 1
0.29 293.4 1
0.3 293.03 1
0.31 293.72 1
0.32 293.03 1
0.33 293.62 1
0.34 294.3 1
0.35 294.35 1
0.36 294.31 1
0.37 294.31 1
0.38 294.05 1
0.39 294.2 1
0.4 294.44 1
0.41 294.66 1
0.42 293.6 1
0.43 294.37 1
0.44 293.06 1
0.45 294.16 1
0.46 294.7 1
0.47 294.41 1
0.48 294.88 1
0.49 294.71 1
0.5 295.06 1
0.51 295.3 1
0.52 294.99 1
0.53 293.04 1
0.54 294.8 1
0.55 293.05 1
0.56 294.45 1
0.57 294.73 1
0.58 295.79 1
0.59 294.99 1
0.6 294.83 1
0.61 295.49 1
0.62 295.13 1
0.63 294.99 1
0.64 295.56 1
0.65 295.72 1
0.66 294.99 1
0.67 294.04 1
0.68 293.14 1
0.69 292.4 1
0.7 290.59 1
0.71 289.76 1
0.72 288.75 1
0.73 288.57 1
0.74 288.19 1
0.75 291.45 1
0.76 292.25 1
0.77 298.99 1
0.78 318.34 1
0.79 333.68 1
0.8 349.46 1
0.81 343.25 1
0.82 369.38 1
0.83 373.55 1
0.84 385.12 1
0.85 385.43 1
0.86 382.73 1
0.87 383.53 1
0.88 382.18 1
0.89 383.63 1
0.9 379.62 1
0.91 375.36 1
0.92 374.89 1
0.93 370.31 1
0.94 365.83 1
0.95 359.98 1
0.96 346.75 1
0.97 339.47 1
0.98 327.6 1
0.99 323.0 1
1.0 316.78 1
1.01 318.37 1
1.02 315.86 1
1.03 317.72 1
1.04 321.52 1
1.05 328.68 1
1.06 335.4 1
1.07 345.92 1
1.08 356.24 1
1.09 361.29 1
1.1 376.74 1
1.11 379.62 1
1.12 379.02 1
1.13 378.07 1
1.14 383.93 1
1.15 384.01 1
1.16 388.45 1
1.17 391.44 1
1.18 391.47 1
1.19 391.79 1
1.2 388.38 1
1.21 387.07 1
1.22 383.23 1
1.23 374.67 1
1.24 363.1 1
1.25 365.97 1
1.26 357.2 1
1.27 343.58 1
1.28 363.25 1
1.29 363.76 1
1.3 375.3 1
1.31 384.98 1
1.32 389.38 1
1.33 388.74 1
1.34 393.58 1
1.35 393.24 1
1.36 389.25 1
1.37 385.76 1
1.38 379.81 1
1.39 363.03 1
1.4 368.99 1
1.41 368.97 1
1.42 366.75 1
1.43 404.93 1
1.44 410.04 1
1.45 385.14 1
1.46 389.15 1
1.47 393.61 1
1.48 398.67 1
1.49 400.26 1
1.5 399.37 1
1.51 396.29 1
1.52 401.91 1
1.53 0.0 1
1.54 0.0 1
1.55 0.0 1
1.56 0.0 1
1.57 0.0 1
1.58 400.65 1
1.59 400.56 1
1.6 406.26 1
1.61 400.72 1
1.62 399.98 1
1.63 399.55 1
1.64 399.5 1
1.65 398.32 1
1.66 396.66 1
1.67 395.15 1
1.68 393.67 1
1.69 392.02 1
1.7 388.66 1
1.71 378.03 1
1.72 360.01 1
1.73 332.84 1
1.74 301.06 1
1.75 391.15 1
1.76 380.66 1
1.77 347.35 1
1.78 290.99 1
1.79 288.2 1
1.8 288.32 1
1.81 288.57 1
1.82 286.69 1
1.83 286.12 1
1.84 284.01 1
1.85 282.78 1
1.86 282.71 1
1.87 283.0 1
1.88 281.55 1
1.89 281.55 1
1.9 281.25 1
1.91 281.78 1
1.92 282.04 1
1.93 282.4 1
1.94 283.44 1
1.95 287.08 1
1.96 290.02 1
1.97 291.15 1
1.98 293.17 1
1.99 295.19 1
2.0 299.17 1
2.01 155.56 1
2.02 156.18 1
2.03 165.99 1
2.04 168.67 1
2.05 178.72 1
2.06 181.84 1
2.07 188.24 1
2.08 188.07 1
2.09 192.13 1
2.1 193.26 1
2.11 195.56 1
2.12 193.24 1
2.13 194.03 1
2.14 195.56 1
2.15 193.47 1
2.16 191.97 1
2.17 193.15 1
2.18 190.57 1
2.19 192.18 1
2.2 191.3 1
2.21 191.05 1
2.22 189.02 1
2.23 188.42 1
2.24 188.21 1
2.25 189.62 1
2.26 186.88 1
2.27 186.95 1
2.28 184.54 1
2.29 182.17 1
2.3 180.37 1
2.31 180.35 1
2.32 180.46 1
2.33 181.09 1
2.34 183.36 1
2.35 183.16 1
2.36 185.13 1
2.37 187.21 1
2.38 190.54 1
2.39 192.14 1
2.4 193.84 1
2.41 196.33 1
2.42 194.7 1
2.43 195.56 1
2.44 194.82 1
2.45 192.89 1
2.46 194.67 1
2.47 191.43 1
2.48 190.1 1
2.49 188.06 1
2.5 186.45 1
2.51 183.52 1
2.52 181.87 1
2.53 178.9 1
2.54 348.78 1
2.55 348.7 1
2.56 345.9 1
2.57 340.56 1
2.58 337.98 1
2.59 338.94 1
2.6 332.53 1
2.61 332.35 1
2.62 331.26 1
2.63 331.21 1
2.64 322.98 1
2.65 325.08 1
2.66 323.14 1
2.67 322.09 1
2.68 326.16 1
2.69 324.1 1
2.7 330.17 1
2.71 332.88 1
2.72 340.74 1
2.73 340.56 1
2.74 340.07 1
2.75 330.84 1
2.76 330.45 1
2.77 327.91 1
2.78 305.21 1
2.79 318.47 1
2.8 322.56 1
2.81 301.01 1
2.82 289.29 1
2.83 0.0 1
2.84 0.0 1
2.85 294.8 1
2.86 294.04 1
2.87 289.3 1
2.88 289.22 1
2.89 290.33 1
2.9 290.43 1
2.91 291.42 1
2.92 291.79 1
2.93 292.22 1
2.94 292.31 1
2.95 290.11 1
2.96 290.05 1
2.97 289.01 1
2.98 289.61 1
2.99 289.5 1
3.0 290.26 1
3.01 290.69 1
3.02 291.84 1
3.03 291.07 1
3.04 291.89 1
3.05 291.0 1
3.06 291.17 1
3.07 290.38 1
3.08 289.44 1
3.09 289.78 1
3.1 289.63 1
3.11 290.3 1
3.12 290.38 1
3.13 290.39 1
3.14 290.63 1
3.15 290.39 1
3.16 291.56 1
3.17 292.41 1
3.18 292.79 1
3.19 293.31 1
3.2 291.12 1
3.21 292.83 1
3.22 292.55 1
3.23 293.03 1
3.24 293.05 1
3.25 293.04 1
3.26 293.03 1
3.27 292.9 1
3.28 293.02 1
3.29 292.57 1
3.3 291.01 1
3.31 288.77 1
3.32 287.03 1
3.33 284.68 1
3.34 273.04 1
3.35 276.47 1
3.36 266.45 1
3.37 261.73 1
3.38 260.2 1
3.39 255.65 1
3.4 251.14 1
3.41 260.1 1
3.42 247.05 1
3.43 238.03 1
3.44 234.95 1
3.45 230.35 1
3.46 236.22 1
3.47 241.57 1
3.48 241.63 1
3.49 245.67 1
3.5 246.43 1
3.51 251.75 1
3.52 251.6 1
3.53 254.18 1
3.54 262.95 1
3.55 261.75 1
3.56 265.52 1
3.57 260.21 1
3.58 257.18 1
3.59 257.16 1
3.6 256.84 1
3.61 254.59 1
3.62 254.18 1
3.63 249.25 1
3.64 250.32 1
3.65 247.11 1
3.66 247.03 1
3.67 242.96 1
3.68 239.12 1
3.69 240.17 1
3.7 244.29 1
3.71 241.61 1
3.72 238.83 1
3.73 242.94 1
3.74 239.39 1
3.75 242.92 1
3.76 240.06 1
3.77 240.33 1
3.78 241.64 1
3.79 240.77 1
3.8 240.32 1
3.81 240.28 1
3.82 231.51 1
3.83 230.31 1
3.84 227.99 1
3.85 234.71 1
3.86 236.75 1
3.87 242.97 1
3.88 245.67 1
3.89 247.02 1
3.9 253.07 1
3.91 254.21 1
3.92 258.47 1
3.93 258.67 1
3.94 255.66 1
3.95 254.47 1
3.96 253.65 1
3.97 247.4 1
3.98 247.04 1
3.99 241.9 1
4.0 241.46 1
4.01 237.73 1
4.02 232.05 1
4.03 229.57 1
4.04 226.78 1
4.05 222.59 1
4.06 220.99 1
4.07 217.77 1
4.08 216.44 1
4.09 216.71 1
4.1 217.74 1
4.11 216.7 1
4.12 218.07 1
4.13 217.77 1
4.14 218.22 1
4.15 219.7 1
4.16 219.92 1
4.17 218.86 1
4.18 218.84 1
4.19 217.79 1
4.2 218.3 1
4.21 217.78 1
4.22 218.17 1
4.23 217.8 1
4.24 218.85 1
4.25 217.94 1
4.26 217.77 1
4.27 218.29 1
4.28 219.03 1
4.29 220.17 1
4.3 222.61 1
4.31 223.28 1
4.32 226.75 1
4.33 229.11 1
4.34 235.22 1
4.35 242.62 1
4.36 238.88 1
4.37 243.42 1
4.38 243.32 1
4.39 244.31 1
4.4 243.03 1
4.41 244.31 1
4.42 244.05 1
4.43 244.91 1
4.44 245.14 1
4.45 243.1 1
4.46 245.76 1
4.47 246.1 1
4.48 244.98 1
4.49 245.42 1
4.5 244.49 1
4.51 244.92 1
4.52 244.32 1
4.53 245.06 1
4.54 244.62 1
4.55 244.69 1
4.56 244.32 1
4.57 242.97 1
4.58 244.32 1
4.59 243.6 1
4.6 243.45 1
4.61 243.09 1
4.62 242.1 1
4.63 242.25 1
4.64 244.28 1
4.65 242.97 1
4.66 244.48 1
4.67 243.81 1
4.68 244.44 1
4.69 246.1 1
4.7 245.25 1
4.71 244.62 1
4.72 244.34 1
4.73 244.31 1
4.74 243.79 1
4.75 244.01 1
4.76 244.35 1
4.77 244.12 1
4.78 243.03 1
4.79 242.19 1
4.8 244.27 1
4.81 241.94 1
4.82 244.28 1
4.83 242.98 1
4.84 243.52 1
4.85 242.27 1
4.86 243.12 1
4.87 243.56 1
4.88 244.32 1
4.89 244.69 1
4.9 246.96 1
4.91 246.6 1
4.92 246.57 1
4.93 245.28 1
4.94 241.8 1
4.95 241.33 1
4.96 240.69 1
4.97 240.33 1
4.98 240.32 1
4.99 240.31 1
5.0 239.02 1
5.01 241.56 1
5.02 240.44 1
5.03 244.26 1
5.04 242.97 1
5.05 245.68 1
5.06 245.65 1
5.07 245.68 1
5.08 246.93 1
5.09 245.02 1
5.1 247.96 1
5.11 247.18 1
5.12 248.28 1
5.13 249.4 1
5.14 250.55 1
5.15 250.27 1
5.16 250.33 1
5.17 250.22 1
5.18 248.84 1
5.19 247.56 1
5.2 245.78 1
5.21 244.93 1
5.22 241.91 1
5.23 240.66 1
5.24 240.33 1
5.25 238.11 1
5.26 238.48 1
5.27 241.46 1
5.28 245.62 1
5.29 251.34 1
5.3 257.14 1
5.31 264.87 1
5.32 279.44 1
5.33 291.11 1
5.34 296.17 1
5.35 296.97 1
5.36 300.11 1
5.37 299.01 1
5.38 295.0 1
5.39 291.12 1
5.4 291.05 1
5.41 286.08 1
5.42 281.78 1
5.43 269.72 1
5.44 259.77 1
5.45 258.82 1
5.46 252.05 1
5.47 250.76 1
5.48 250.7 1
5.49 250.81 1
5.5 248.12 1
5.51 248.95 1
5.52 242.98 1
5.53 240.13 1
5.54 243.0 1
5.55 244.33 1
5.56 257.1 1
5.57 246.02 1
5.58 248.19 1
5.59 245.7 1
5.6 243.52 1
5.61 245.62 1
5.62 245.65 1
5.63 247.49 1
5.64 244.86 1
5.65 249.92 1
5.66 252.64 1
5.67 253.88 1
5.68 254.11 1
5.69 266.54 1
5.7 274.03 1
5.71 289.78 1
5.72 289.81 1
5.73 290.04 1
5.74 289.78 1
5.75 287.32 1
5.76 286.87 1
5.77 288.65 1
5.78 288.41 1
5.79 287.64 1
5.8 281.8 1
5.81 286.93 1
5.82 286.77 1
5.83 288.59 1
5.84 289.56 1
5.85 291.62 1
5.86 292.11 1
5.87 294.68 1
5.88 296.72 1
5.89 296.42 1
5.9 297.94 1
5.91 297.05 1
5.92 295.0 1
5.93 295.9 1
5.94 293.03 1
5.95 295.07 1
5.96 295.19 1
5.97 295.12 1
5.98 293.88 1
5.99 294.27 1
6.0 295.22 1
6.01 295.01 1
6.02 296.13 1
6.03 296.79 1
6.04 296.79 1
6.05 297.84 1
6.06 296.45 1
6.07 295.75 1
6.08 294.99 1
6.09 294.99 1
6.1 294.63 1
6.11 295.22 1
6.12 294.92 1
6.13 294.98 1
6.14 293.91 1
6.15 294.62 1
6.16 293.03 1
6.17 293.79 1
6.18 294.0 1
6.19 293.05 1
6.2 293.89 1
6.21 293.61 1
6.22 294.07 1
6.23 291.12 1
6.24 294.16 1
6.25 292.82 1
6.26 293.81 1
6.27 293.03 1
6.28 293.87 1
6.29 294.04 1
6.3 294.55 1
6.31 293.04 1
6.32 294.5 1
6.33 293.03 1
6.34 294.81 1
6.35 294.21 1
6.36 294.4 1
6.37 293.59 1
6.38 292.36 1
6.39 291.83 1
6.4 290.19 1
6.41 287.18 1
6.42 284.68 1
6.43 281.73 1
6.44 276.33 1
6.45 271.4 1
6.46 268.51 1
6.47 263.06 1
6.48 258.9 1
6.49 254.19 1
6.5 258.52 1
6.51 229.39 1
6.52 243.31 1
6.53 235.26 1
6.54 240.89 1
6.55 241.16 1
6.56 236.47 1
6.57 241.86 1
6.58 241.24 1
6.59 241.74 1
6.6 248.84 1
6.61 263.29 1
6.62 290.54 1
6.63 291.11 1
6.64 272.12 1
6.65 295.24 1
6.66 289.92 1
6.67 285.35 1
6.68 280.0 1
6.69 254.64 1
6.7 278.24 1
6.71 256.21 1
6.72 269.72 1
6.73 258.66 1
6.74 264.19 1
6.75 255.4 1
6.76 250.69 1
6.77 244.38 1
6.78 246.16 1
6.79 245.05 1
6.8 243.17 1
6.81 245.61 1
6.82 243.7 1
6.83 243.66 1
6.84 243.08 1
6.85 242.26 1
6.86 240.56 1
6.87 238.25 1
6.88 241.48 1
6.89 241.02 1
6.9 243.67 1
6.91 261.76 1
6.92 257.15 1
6.93 255.68 1
6.94 268.72 1
6.95 146.73 1
6.96 163.36 1
6.97 165.67 1
6.98 168.41 1
6.99 170.38 1
7.0 169.29 1
7.01 170.61 1
7.02 171.73 1
7.03 171.89 1
7.04 171.48 1
7.05 170.54 1
7.06 168.5 1
7.07 160.08 1
7.08 161.22 1
7.09 165.51 1
7.1 330.43 1
7.11 328.43 1
7.12 328.1 1
7.13 327.52 1
7.14 325.54 1
7.15 330.18 1
7.16 332.13 1
7.17 336.49 1
7.18 340.43 1
7.19 348.76 1
7.2 348.62 1
7.21 352.23 1
7.22 351.41 1
7.23 351.4 1
7.24 342.19 1
7.25 329.56 1
7.26 318.26 1
7.27 311.22 1
7.28 303.13 1
7.29 298.27 1
7.3 296.18 1
7.31 293.69 1
7.32 293.11 1
7.33 291.13 1
7.34 147.29 1
7.35 147.72 1
7.36 147.36 1
7.37 146.97 1
7.38 147.62 1
7.39 146.13 1
7.4 147.74 1
7.41 148.73 1
7.42 146.27 1
7.43 148.65 1
7.44 147.25 1
7.45 147.91 1
7.46 74.01 1
7.47 148.73 1
7.48 146.07 1
7.49 147.22 1
7.5 148.42 1
7.51 147.25 1
7.52 146.27 1
7.53 149.24 1
7.54 147.42 1
7.55 148.13 1
7.56 145.29 1
7.57 148.72 1
7.58 147.16 1
7.59 146.92 1
7.6 146.31 1
7.61 146.78 1
7.62 145.25 1
7.63 146.91 1
7.64 145.48 1
7.65 147.74 1
7.66 144.47 1
7.67 164.41 1
7.68 293.01 1
7.69 289.64 1
7.7 292.95 1
7.71 293.71 1
7.72 293.04 1
7.73 293.04 1
7.74 292.97 1
7.75 291.11 1
7.76 290.97 1
7.77 288.13 1
7.78 285.62 1
7.79 285.89 1
7.8 286.52 1
7.81 288.01 1
7.82 290.32 1
7.83 292.54 1
7.84 293.85 1
7.85 307.07 1
7.86 307.28 1
7.87 317.71 1
7.88 330.09 1
7.89 338.12 1
7.9 345.92 1
7.91 340.64 1
7.92 345.99 1
7.93 384.8 1
7.94 398.52 1
7.95 406.51 1
7.96 410.25 1
7.97 402.84 1
7.98 393.55 1
7.99 393.14 1
8.0 394.75 1
8.01 393.94 1
8.02 398.68 1
8.03 395.54 1
8.04 393.43 1
8.05 392.65 1
8.06 394.25 1
8.07 398.04 1
8.08 390.07 1
8.09 385.92 1
8.1 384.15 1
8.11 379.79 1
8.12 377.64 1
8.13 376.17 1
8.14 374.18 1
8.15 374.72 1
8.16 371.74 1
8.17 369.78 1
8.18 370.47 1
8.19 373.51 1
8.2 379.16 1
8.21 382.35 1
8.22 390.26 1
8.23 395.11 1
8.24 400.95 1
8.25 388.75 1
8.26 389.06 1
8.27 392.93 1
8.28 388.89 1
8.29 385.47 1
8.3 380.36 1
8.31 374.55 1
8.32 371.49 1
8.33 366.32 1
8.34 357.09 1
8.35 354.23 1
8.36 354.33 1
8.37 345.88 1
8.38 344.5 1
8.39 337.96 1
8.4 336.42 1
8.41 330.81 1
8.42 331.5 1
8.43 324.26 1
8.44 337.89 1
8.45 323.13 1
8.46 327.84 1
8.47 327.79 1
8.48 327.83 1
8.49 327.79 1
8.5 329.95 1
8.51 332.16 1
8.52 332.93 1
8.53 335.7 1
8.54 337.45 1
8.55 338.4 1
8.56 330.45 1
8.57 330.83 1
8.58 320.54 1
8.59 315.36 1
8.6 309.47 1
8.61 293.02 1
8.62 290.46 1
8.63 288.18 1
8.64 291.13 1
8.65 291.1 1
8.66 294.22 1
8.67 295.75 1
8.68 294.99 1
8.69 296.53 1
8.7 294.95 1
8.71 293.05 1
8.72 294.99 1
8.73 294.99 1
8.74 294.98 1
8.75 295.58 1
8.76 293.03 1
8.77 293.03 1
8.78 293.02 1
8.79 293.03 1
8.8 293.74 1
8.81 293.02 1
8.82 293.21 1
8.83 292.6 1
8.84 292.27 1
8.85 291.1 1
8.86 291.07 1
8.87 289.61 1
8.88 291.09 1
8.89 291.09 1
8.9 292.98 1
8.91 292.9 1
8.92 293.02 1
8.93 293.02 1
8.94 291.11 1
8.95 291.1 1
8.96 289.3 1
8.97 287.95 1
8.98 283.49 1
8.99 278.24 1
9.0 271.95 1
9.01 269.72 1
9.02 265.74 1
9.03 260.42 1
9.04 258.65 1
9.05 255.08 1
9.06 247.59 1
9.07 245.74 1
9.08 241.97 1
9.09 231.51 1
9.1 240.26 1
9.11 240.81 1
9.12 238.79 1
9.13 241.71 1
9.14 243.67 1
9.15 263.29 1
9.16 255.81 1
9.17 260.19 1
9.18 267.81 1
9.19 274.34 1
9.2 266.55 1
9.21 250.86 1
9.22 255.51 1
9.23 270.05 1
9.24 250.49 1
9.25 246.12 1
9.26 238.71 1
9.27 241.4 1
9.28 243.36 1
9.29 243.26 1
9.3 247.24 1
9.31 242.21 1
9.32 244.54 1
9.33 248.03 1
9.34 247.79 1
9.35 246.49 1
9.36 244.18 1
9.37 246.24 1
9.38 245.6 1
9.39 244.74 1
9.4 248.38 1
9.41 246.88 1
9.42 245.84 1
9.43 246.22 1
9.44 245.41 1
9.45 246.22 1
9.46 245.36 1
9.47 245.57 1
9.48 245.58 1
9.49 244.4 1
9.5 246.28 1
9.51 244.86 1
9.52 247.05 1
9.53 246.77 1
9.54 272.87 1
9.55 243.03 1
9.56 278.91 1
9.57 275.72 1
9.58 251.22 1
9.59 251.26 1
9.6 248.99 1
9.61 250.1 1
9.62 251.15 1
9.63 258.65 1
9.64 267.43 1
9.65 260.79 1
9.66 266.07 1
9.67 264.98 1
9.68 263.26 1
9.69 263.74 1
9.7 258.66 1
9.71 260.24 1
9.72 260.18 1
9.73 250.17 1
9.74 244.93 1
9.75 241.21 1
9.76 229.1 1
9.77 240.33 1
9.78 237.59 1
9.79 237.77 1
9.8 238.33 1
9.81 237.99 1
9.82 215.63 1
9.83 254.85 1
9.84 260.18 1
9.85 257.14 1
9.86 271.38 1
9.87 264.88 1
9.88 266.46 1
9.89 267.81 1
9.9 258.69 1
9.91 262.81 1
9.92 262.75 1
9.93 255.24 1
9.94 261.72 1
9.95 258.54 1
9.96 251.15 1
9.97 246.25 1
9.98 241.47 1
9.99 241.16 1
10.0 235.2 1
10.01 241.46 1
10.02 235.97 1
10.03 232.57 1
10.04 228.19 1
10.05 227.41 1
10.06 210.49 1
10.07 224.8 1
10.08 224.23 1
10.09 222.73 1
10.1 209.04 1
10.11 222.51 1
10.12 218.28 1
10.13 219.36 1
10.14 217.47 1
10.15 217.86 1
10.16 216.56 1
10.17 214.97 1
10.18 217.95 1
10.19 216.89 1
10.2 220.46 1
10.21 218.55 1
10.22 227.91 1
10.23 239.02 1
10.24 231.52 1
10.25 245.06 1
10.26 230.27 1
10.27 275.07 1
10.28 241.66 1
10.29 235.51 1
10.3 247.64 1
10.31 244.54 1
10.32 255.22 1
10.33 245.62 1
10.34 247.65 1
10.35 251.28 1
10.36 251.26 1
10.37 251.1 1
10.38 253.1 1
10.39 248.33 1
10.4 247.74 1
10.41 245.7 1
10.42 254.18 1
10.43 247.02 1
10.44 246.67 1
10.45 260.18 1
10.46 258.67 1
10.47 254.44 1
10.48 257.04 1
10.49 248.92 1
10.5 264.9 1
10.51 146.8 1
10.52 145.33 1
10.53 148.74 1
10.54 146.27 1
10.55 148.73 1
10.56 147.41 1
10.57 147.49 1
10.58 147.95 1
10.59 145.79 1
10.6 147.23 1
10.61 146.76 1
10.62 147.25 1
10.63 146.28 1
10.64 147.25 1
10.65 146.76 1
10.66 147.66 1
10.67 146.07 1
10.68 147.97 1
10.69 145.56 1
10.7 148.8 1
10.71 145.79 1
10.72 148.45 1
10.73 145.31 1
10.74 149.58 1
10.75 146.51 1
10.76 146.63 1
10.77 147.69 1
10.78 146.76 1
10.79 146.41 1
