0.01 0.0 1
0.02 0.0 1
0.03 0.0 1
0.04 0.0 1
0.05 309.91 1
0.06 309.41 1
0.07 324.96 1
0.08 342.94 1
0.09 338.59 1
0.1 339.19 1
0.11 340.65 1
0.12 350.55 1
0.13 346.15 1
0.14 352.9 1
0.15 354.94 1
0.16 378.01 1
0.17 394.56 1
0.18 411.57 1
0.19 426.45 1
0.2 452.51 1
0.21 461.91 1
0.22 471.98 1
0.23 478.94 1
0.24 486.36 1
0.25 492.79 1
0.26 492.18 1
0.27 493.38 1
0.28 495.0 1
0.29 492.47 1
0.3 490.32 1
0.31 482.94 1
0.32 487.29 1
0.33 480.33 1
0.34 0.0 1
0.35 469.52 1
0.36 459.37 1
0.37 466.56 1
0.38 475.79 1
0.39 455.21 1
0.4 452.5 1
0.41 450.64 1
0.42 466.31 1
0.43 453.1 1
0.44 450.33 1
0.45 448.52 1
0.46 438.96 1
0.47 422.1 1
0.48 466.61 1
0.49 454.35 1
0.5 471.46 1
0.51 453.95 1
0.52 443.53 1
0.53 466.58 1
0.54 456.39 1
0.55 450.72 1
0.56 461.77 1
0.57 474.26 1
0.58 481.27 1
0.59 482.87 1
0.6 483.98 1
0.61 485.68 1
0.62 487.19 1
0.63 486.47 1
0.64 488.09 1
0.65 489.05 1
0.66 488.13 1
0.67 488.41 1
0.68 488.77 1
0.69 488.27 1
0.7 488.55 1
0.71 489.39 1
0.72 490.41 1
0.73 491.77 1
0.74 494.12 1
0.75 496.81 1
0.76 498.51 1
0.77 497.57 1
0.78 496.99 1
0.79 496.65 1
0.8 496.57 1
0.81 494.85 1
0.82 495.09 1
0.83 491.07 1
0.84 486.31 1
0.85 481.45 1
0.86 462.05 1
0.87 447.91 1
0.88 481.85 1
0.89 0.0 1
0.9 0.0 1
0.91 0.0 1
0.92 0.0 1
0.93 0.0 1
0.94 0.0 1
0.95 0.0 1
0.96 0.0 1
0.97 294.98 1
0.98 295.95 1
0.99 291.13 1
1.0 291.57 1
1.01 292.56 1
1.02 291.13 1
1.03 292.66 1
1.04 292.89 1
1.05 292.13 1
1.06 291.14 1
1.07 291.13 1
1.08 291.16 1
1.09 291.18 1
1.1 291.15 1
1.11 293.05 1
1.12 291.18 1
1.13 293.06 1
1.14 291.19 1
1.15 293.07 1
1.16 291.27 1
1.17 291.34 1
1.18 299.49 1
1.19 295.11 1
1.2 299.25 1
1.21 322.75 1
1.22 327.7 1
1.23 336.41 1
1.24 346.08 1
1.25 351.48 1
1.26 381.03 1
1.27 400.1 1
1.28 421.55 1
1.29 426.37 1
1.3 456.58 1
1.31 467.6 1
1.32 484.91 1
1.33 497.84 1
1.34 499.29 1
1.35 511.62 1
1.36 510.66 1
1.37 515.79 1
1.38 508.5 1
1.39 500.11 1
1.4 471.73 1
1.41 509.02 1
1.42 489.18 1
1.43 507.19 1
1.44 500.8 1
1.45 509.52 1
1.46 521.63 1
1.47 516.89 1
1.48 475.0 1
1.49 474.33 1
1.5 478.41 1
1.51 490.13 1
1.52 490.22 1
1.53 486.68 1
1.54 484.17 1
1.55 483.74 1
1.56 485.22 1
1.57 485.39 1
1.58 488.45 1
1.59 493.25 1
1.6 495.03 1
1.61 496.32 1
1.62 496.63 1
1.63 493.57 1
1.64 494.1 1
1.65 491.98 1
1.66 491.26 1
1.67 489.13 1
1.68 488.35 1
1.69 491.96 1
1.7 495.37 1
1.71 494.47 1
1.72 494.25 1
1.73 492.44 1
1.74 492.92 1
1.75 489.54 1
1.76 487.97 1
1.77 487.32 1
1.78 482.33 1
1.79 488.26 1
1.8 487.99 1
1.81 479.25 1
1.82 470.1 1
1.83 490.18 1
1.84 490.45 1
1.85 491.13 1
1.86 493.26 1
1.87 491.26 1
1.88 493.26 1
1.89 492.77 1
1.9 493.32 1
1.91 491.27 1
1.92 491.11 1
1.93 489.24 1
1.94 486.52 1
1.95 484.13 1
1.96 480.86 1
1.97 477.95 1
1.98 477.7 1
1.99 0.0 1
2.0 0.0 1
2.01 474.94 1
2.02 471.62 1
2.03 466.55 1
2.04 457.04 1
2.05 455.86 1
2.06 449.6 1
2.07 448.29 1
2.08 444.72 1
2.09 427.58 1
2.1 447.29 1
2.11 439.0 1
2.12 440.0 1
2.13 434.2 1
2.14 433.81 1
2.15 433.13 1
2.16 433.72 1
2.17 433.97 1
2.18 426.59 1
2.19 436.49 1
2.2 430.62 1
2.21 433.89 1
2.22 0.0 1
2.23 0.0 1
2.24 0.0 1
2.25 0.0 1
2.26 434.58 1
2.27 435.42 1
2.28 438.81 1
2.29 436.73 1
2.3 452.12 1
2.31 443.69 1
2.32 487.71 1
2.33 510.32 1
2.34 519.28 1
2.35 505.26 1
2.36 502.33 1
2.37 501.12 1
2.38 497.42 1
2.39 495.2 1
2.4 494.31 1
2.41 493.22 1
2.42 495.46 1
2.43 496.18 1
2.44 494.47 1
2.45 495.19 1
2.46 498.54 1
2.47 504.13 1
2.48 503.98 1
2.49 505.37 1
2.5 501.51 1
2.51 499.75 1
2.52 499.22 1
2.53 494.11 1
2.54 487.08 1
2.55 481.95 1
2.56 477.39 1
2.57 481.58 1
2.58 479.75 1
2.59 485.1 1
2.6 490.37 1
2.61 495.64 1
2.62 503.49 1
2.63 509.95 1
2.64 512.89 1
2.65 504.44 1
2.66 502.16 1
2.67 505.3 1
2.68 507.16 1
2.69 504.01 1
2.7 505.52 1
2.71 506.15 1
2.72 501.19 1
2.73 496.69 1
2.74 491.28 1
2.75 489.33 1
2.76 486.91 1
2.77 481.62 1
2.78 476.28 1
2.79 472.03 1
2.8 464.93 1
2.81 462.89 1
2.82 462.37 1
2.83 456.51 1
2.84 456.33 1
2.85 456.73 1
2.86 451.04 1
2.87 449.37 1
2.88 445.35 1
2.89 438.98 1
2.9 439.05 1
2.91 438.77 1
2.92 435.47 1
2.93 430.57 1
2.94 434.53 1
2.95 438.73 1
2.96 441.99 1
2.97 446.35 1
2.98 449.47 1
2.99 453.06 1
3.0 453.34 1
3.01 458.56 1
3.02 463.39 1
3.03 466.47 1
3.04 462.98 1
3.05 466.24 1
3.06 461.75 1
3.07 459.19 1
3.08 443.25 1
3.09 466.34 1
3.1 452.26 1
3.11 447.67 1
3.12 447.45 1
3.13 464.44 1
3.14 471.25 1
3.15 443.42 1
3.16 399.07 1
3.17 390.79 1
3.18 384.31 1
3.19 388.52 1
3.2 380.01 1
3.21 380.57 1
3.22 381.97 1
3.23 383.82 1
3.24 384.51 1
3.25 385.34 1
3.26 386.28 1
3.27 391.58 1
3.28 387.87 1
3.29 388.36 1
3.3 388.75 1
3.31 388.46 1
3.32 387.79 1
3.33 390.14 1
3.34 390.27 1
3.35 389.72 1
3.36 388.55 1
3.37 389.05 1
3.38 389.32 1
3.39 390.31 1
3.4 390.22 1
3.41 390.26 1
3.42 392.51 1
3.43 392.0 1
3.44 392.63 1
3.45 392.77 1
3.46 392.44 1
3.47 391.88 1
3.48 391.61 1
3.49 391.12 1
3.5 391.33 1
3.51 391.76 1
3.52 390.64 1
3.53 382.01 1
3.54 385.19 1
3.55 381.63 1
3.56 386.91 1
3.57 380.15 1
3.58 391.71 1
3.59 390.09 1
3.6 391.0 1
3.61 395.11 1
3.62 391.28 1
3.63 390.34 1
3.64 390.9 1
3.65 391.22 1
3.66 392.7 1
3.67 392.66 1
3.68 394.66 1
3.69 395.23 1
3.7 394.43 1
3.71 393.86 1
3.72 391.26 1
3.73 388.51 1
3.74 379.69 1
3.75 370.69 1
3.76 365.01 1
3.77 368.35 1
3.78 355.23 1
3.79 356.53 1
3.8 359.28 1
3.81 363.0 1
3.82 374.66 1
3.83 384.41 1
3.84 388.46 1
3.85 398.08 1
3.86 409.94 1
3.87 413.97 1
3.88 413.77 1
3.89 406.46 1
3.9 0.0 1
3.91 0.0 1
3.92 0.0 1
3.93 0.0 1
3.94 0.0 1
3.95 0.0 1
3.96 418.02 1
3.97 411.94 1
3.98 398.53 1
3.99 385.14 1
4.0 372.11 1
4.01 357.28 1
4.02 354.24 1
4.03 348.17 1
4.04 356.92 1
4.05 355.83 1
4.06 362.13 1
4.07 375.17 1
4.08 379.51 1
4.09 388.4 1
4.1 394.08 1
4.11 394.67 1
4.12 395.07 1
4.13 395.6 1
4.14 393.04 1
4.15 390.98 1
4.16 388.54 1
4.17 385.12 1
4.18 384.99 1
4.19 375.18 1
4.2 357.43 1
4.21 352.75 1
4.22 339.44 1
4.23 330.32 1
4.24 322.94 1
4.25 320.17 1
4.26 297.68 1
4.27 299.27 1
4.28 297.22 1
4.29 295.32 1
4.3 293.39 1
4.31 293.43 1
4.32 295.33 1
4.33 293.27 1
4.34 291.19 1
4.35 291.16 1
4.36 291.19 1
4.37 293.05 1
4.38 283.84 1
4.39 266.5 1
4.4 327.98 1
4.41 298.12 1
4.42 292.04 1
4.43 290.03 1
4.44 289.01 1
4.45 286.39 1
4.46 286.66 1
4.47 286.48 1
4.48 285.87 1
4.49 284.87 1
4.5 285.1 1
4.51 284.73 1
4.52 285.75 1
4.53 288.24 1
4.54 291.14 1
4.55 291.22 1
4.56 288.6 1
4.57 297.77 1
4.58 340.29 1
4.59 348.85 1
4.6 363.15 1
4.61 381.65 1
4.62 391.61 1
4.63 386.5 1
4.64 388.37 1
4.65 388.26 1
4.66 384.66 1
4.67 385.08 1
4.68 381.65 1
4.69 378.18 1
4.7 366.16 1
4.71 360.04 1
4.72 351.4 1
4.73 343.25 1
4.74 337.18 1
4.75 330.69 1
4.76 324.37 1
4.77 320.82 1
4.78 325.28 1
4.79 325.3 1
4.8 325.39 1
4.81 327.7 1
4.82 326.6 1
4.83 327.82 1
4.84 330.61 1
4.85 334.96 1
4.86 330.73 1
4.87 332.01 1
4.88 332.81 1
4.89 354.4 1
4.9 357.09 1
4.91 387.01 1
4.92 391.19 1
4.93 385.22 1
4.94 391.11 1
4.95 392.56 1
4.96 392.84 1
4.97 392.02 1
4.98 393.08 1
4.99 393.96 1
5.0 395.78 1
5.01 396.87 1
5.02 399.49 1
5.03 397.64 1
5.04 395.6 1
5.05 391.78 1
5.06 384.07 1
5.07 377.62 1
5.08 367.36 1
5.09 353.2 1
5.1 346.29 1
5.11 350.37 1
5.12 353.95 1
5.13 359.5 1
5.14 368.99 1
5.15 381.55 1
5.16 391.84 1
5.17 394.28 1
5.18 399.77 1
5.19 400.4 1
5.2 399.17 1
5.21 385.6 1
5.22 374.07 1
5.23 357.1 1
5.24 0.0 1
5.25 0.0 1
5.26 366.32 1
5.27 367.99 1
5.28 362.95 1
5.29 0.0 1
5.3 0.0 1
5.31 0.0 1
5.32 402.52 1
5.33 390.76 1
5.34 393.04 1
5.35 390.01 1
5.36 391.76 1
5.37 389.24 1
5.38 390.26 1
5.39 392.21 1
5.4 392.86 1
5.41 393.12 1
5.42 392.62 1
5.43 393.07 1
5.44 392.06 1
5.45 391.36 1
5.46 390.99 1
5.47 390.13 1
5.48 390.21 1
5.49 391.89 1
5.5 390.59 1
5.51 389.8 1
5.52 389.36 1
5.53 389.7 1
5.54 390.51 1
5.55 391.38 1
5.56 390.62 1
5.57 389.63 1
5.58 387.98 1
5.59 386.83 1
5.6 388.4 1
5.61 385.12 1
5.62 383.9 1
5.63 385.14 1
5.64 385.11 1
5.65 391.68 1
5.66 385.13 1
5.67 388.37 1
5.68 385.55 1
5.69 391.79 1
5.7 391.96 1
5.71 393.64 1
5.72 391.94 1
5.73 391.92 1
5.74 388.74 1
5.75 386.73 1
5.76 385.55 1
5.77 384.51 1
5.78 388.38 1
5.79 388.33 1
5.8 388.27 1
5.81 382.68 1
5.82 384.78 1
5.83 387.56 1
5.84 388.6 1
5.85 390.44 1
5.86 392.7 1
5.87 391.09 1
5.88 391.07 1
5.89 389.4 1
5.9 386.5 1
5.91 382.43 1
5.92 381.49 1
5.93 360.51 1
5.94 368.84 1
5.95 357.38 1
5.96 368.96 1
5.97 375.93 1
5.98 385.66 1
5.99 388.95 1
6.0 391.93 1
6.01 434.98 1
6.02 457.53 1
6.03 418.03 1
6.04 434.49 1
6.05 406.68 1
6.06 0.0 1
6.07 0.0 1
6.08 0.0 1
6.09 0.0 1
6.1 0.0 1
6.11 0.0 1
6.12 299.85 1
6.13 303.89 1
6.14 311.6 1
6.15 302.43 1
6.16 303.12 1
6.17 305.22 1
6.18 309.61 1
6.19 318.18 1
6.2 320.08 1
6.21 326.33 1
6.22 329.09 1
6.23 334.04 1
6.24 339.14 1
6.25 340.73 1
6.26 340.8 1
6.27 343.31 1
6.28 343.33 1
6.29 340.71 1
6.3 340.45 1
6.31 337.06 1
6.32 333.87 1
6.33 329.89 1
6.34 327.43 1
6.35 325.36 1
6.36 322.52 1
6.37 318.26 1
6.38 311.82 1
6.39 315.91 1
6.4 311.51 1
6.41 301.23 1
6.42 301.0 1
6.43 297.09 1
6.44 295.07 1
6.45 291.33 1
6.46 293.83 1
6.47 292.64 1
6.48 290.89 1
6.49 291.09 1
6.5 290.3 1
6.51 290.11 1
6.52 289.59 1
6.53 289.79 1
6.54 289.16 1
6.55 288.46 1
6.56 287.73 1
6.57 289.53 1
6.58 290.96 1
6.59 289.86 1
6.6 290.16 1
6.61 288.23 1
6.62 289.45 1
6.63 290.37 1
6.64 292.26 1
6.65 290.29 1
6.66 289.29 1
6.67 291.12 1
6.68 291.45 1
6.69 293.04 1
6.7 288.89 1
6.71 291.09 1
6.72 293.02 1
6.73 288.45 1
6.74 294.99 1
6.75 195.93 1
6.76 197.23 1
6.77 197.39 1
6.78 197.26 1
6.79 195.1 1
6.8 196.42 1
6.81 197.28 1
6.82 198.16 1
6.83 196.36 1
6.84 197.26 1
6.85 196.42 1
6.86 196.43 1
6.87 196.08 1
6.88 197.26 1
6.89 196.26 1
6.9 196.42 1
6.91 196.48 1
6.92 198.12 1
6.93 196.39 1
6.94 198.12 1
6.95 196.28 1
6.96 196.88 1
6.97 196.42 1
6.98 0.0 1
6.99 0.0 1
7.0 291.88 1
7.01 287.76 1
7.02 280.03 1
7.03 281.78 1
7.04 282.85 1
7.05 280.48 1
7.06 279.94 1
7.07 278.2 1
7.08 277.36 1
7.09 278.19 1
7.1 279.89 1
7.11 277.05 1
7.12 279.94 1
7.13 279.12 1
7.14 281.76 1
7.15 282.17 1
7.16 280.12 1
7.17 279.98 1
7.18 279.77 1
7.19 281.66 1
7.2 282.27 1
7.21 282.7 1
7.22 283.77 1
7.23 288.24 1
7.24 291.63 1
7.25 295.08 1
7.26 307.64 1
7.27 309.68 1
7.28 325.39 1
7.29 337.53 1
7.3 348.65 1
7.31 356.22 1
7.32 360.93 1
7.33 383.89 1
7.34 385.97 1
7.35 393.64 1
7.36 397.28 1
7.37 402.5 1
7.38 405.84 1
7.39 405.74 1
7.4 402.62 1
7.41 400.36 1
7.42 388.58 1
7.43 388.55 1
7.44 388.55 1
7.45 371.67 1
7.46 372.49 1
7.47 373.4 1
7.48 392.87 1
7.49 389.53 1
7.5 390.45 1
7.51 391.97 1
7.52 391.99 1
7.53 392.48 1
7.54 393.58 1
7.55 395.19 1
7.56 394.87 1
7.57 394.37 1
7.58 393.68 1
7.59 392.74 1
7.6 391.2 1
7.61 390.52 1
7.62 390.31 1
7.63 388.49 1
7.64 388.02 1
7.65 178.76 1
7.66 184.22 1
7.67 182.56 1
7.68 181.01 1
7.69 177.98 1
7.7 178.58 1
7.71 362.77 1
7.72 368.94 1
7.73 384.84 1
7.74 404.79 1
7.75 396.94 1
7.76 407.08 1
7.77 410.3 1
7.78 405.31 1
7.79 399.16 1
7.8 403.93 1
7.81 411.8 1
7.82 430.21 1
7.83 406.51 1
7.84 400.41 1
7.85 394.31 1
7.86 387.33 1
7.87 388.3 1
7.88 384.72 1
7.89 378.26 1
7.9 366.82 1
7.91 362.76 1
7.92 355.9 1
7.93 347.97 1
7.94 341.23 1
7.95 335.37 1
7.96 328.75 1
7.97 327.16 1
7.98 325.43 1
7.99 327.8 1
8.0 325.5 1
8.01 325.44 1
8.02 327.74 1
8.03 327.74 1
8.04 327.76 1
8.05 327.79 1
8.06 324.58 1
8.07 327.83 1
8.08 327.05 1
8.09 327.89 1
8.1 330.1 1
8.11 331.01 1
8.12 331.28 1
8.13 331.14 1
8.14 328.58 1
8.15 324.47 1
8.16 325.11 1
8.17 0.0 1
8.18 0.0 1
8.19 0.0 1
8.2 0.0 1
8.21 0.0 1
8.22 0.0 1
8.23 0.0 1
8.24 0.0 1
8.25 0.0 1
8.26 0.0 1
8.27 0.0 1
8.28 299.04 1
8.29 299.83 1
8.3 301.29 1
8.31 298.95 1
8.32 297.04 1
8.33 297.1 1
8.34 299.04 1
8.35 295.18 1
8.36 295.16 1
8.37 295.14 1
8.38 295.1 1
8.39 293.16 1
8.4 293.16 1
8.41 291.35 1
8.42 291.36 1
8.43 294.96 1
8.44 291.35 1
8.45 291.27 1
8.46 293.13 1
8.47 293.1 1
8.48 293.1 1
8.49 293.1 1
8.5 291.2 1
8.51 293.07 1
8.52 291.19 1
8.53 291.19 1
8.54 293.07 1
8.55 291.18 1
8.56 291.18 1
8.57 293.05 1
8.58 291.13 1
8.59 291.1 1
8.6 290.06 1
8.61 286.7 1
8.62 282.28 1
8.63 282.5 1
8.64 276.63 1
8.65 279.93 1
8.66 271.33 1
8.67 126.25 1
8.68 126.93 1
8.69 124.08 1
8.7 123.07 1
8.71 121.64 1
8.72 118.77 1
8.73 242.92 1
8.74 244.22 1
8.75 245.6 1
8.76 242.95 1
8.77 245.58 1
8.78 242.93 1
8.79 240.31 1
8.8 240.61 1
8.81 245.65 1
8.82 249.73 1
8.83 255.72 1
8.84 258.72 1
8.85 268.52 1
8.86 278.26 1
8.87 284.08 1
8.88 287.48 1
8.89 289.57 1
8.9 293.04 1
8.91 295.04 1
8.92 293.09 1
8.93 293.13 1
8.94 293.08 1
8.95 293.96 1
8.96 292.0 1
8.97 291.71 1
8.98 291.74 1
8.99 291.01 1
9.0 291.48 1
9.01 291.33 1
9.02 290.97 1
9.03 291.16 1
9.04 290.55 1
9.05 290.31 1
9.06 288.92 1
9.07 287.5 1
9.08 287.51 1
9.09 290.17 1
9.1 288.95 1
9.11 287.49 1
9.12 286.7 1
9.13 285.97 1
9.14 287.62 1
9.15 287.04 1
9.16 292.17 1
9.17 293.15 1
9.18 292.81 1
9.19 293.05 1
9.2 293.08 1
9.21 294.98 1
9.22 293.09 1
9.23 293.06 1
9.24 293.03 1
9.25 292.78 1
9.26 292.69 1
9.27 292.98 1
9.28 292.24 1
9.29 291.1 1
9.3 290.34 1
9.31 289.65 1
9.32 287.51 1
9.33 284.88 1
9.34 282.52 1
9.35 281.67 1
9.36 274.63 1
9.37 126.21 1
9.38 124.93 1
9.39 123.33 1
9.4 118.41 1
9.41 116.49 1
9.42 234.75 1
9.43 246.84 1
9.44 247.02 1
9.45 255.5 1
9.46 258.9 1
9.47 279.91 1
9.48 288.15 1
9.49 291.5 1
9.5 295.02 1
9.51 297.07 1
9.52 295.11 1
9.53 284.69 1
9.54 283.21 1
9.55 281.49 1
9.56 280.72 1
9.57 197.53 1
9.58 211.52 1
9.59 211.51 1
9.6 212.87 1
9.61 220.99 1
9.62 238.94 1
9.63 240.32 1
9.64 239.59 1
9.65 239.02 1
9.66 239.92 1
9.67 241.57 1
9.68 241.5 1
9.69 242.96 1
9.7 242.1 1
9.71 243.0 1
9.72 242.93 1
9.73 244.4 1
9.74 246.69 1
9.75 246.51 1
9.76 247.83 1
9.77 247.24 1
9.78 247.31 1
9.79 247.07 1
9.8 248.38 1
9.81 246.68 1
9.82 246.18 1
9.83 245.58 1
9.84 244.96 1
9.85 244.89 1
9.86 244.53 1
9.87 244.22 1
9.88 243.91 1
9.89 242.53 1
9.9 242.54 1
9.91 241.04 1
9.92 231.53 1
9.93 217.54 1
9.94 241.52 1
9.95 237.81 1
9.96 242.97 1
9.97 237.91 1
9.98 236.59 1
9.99 242.48 1
10.0 251.73 1
10.01 251.3 1
10.02 254.59 1
10.03 254.23 1
10.04 255.89 1
10.05 253.67 1
10.06 251.15 1
10.07 250.06 1
10.08 246.59 1
10.09 244.84 1
10.1 243.14 1
10.11 240.3 1
10.12 235.27 1
10.13 231.7 1
10.14 229.91 1
10.15 229.61 1
10.16 226.72 1
10.17 223.89 1
10.18 225.41 1
10.19 223.54 1
10.2 221.5 1
10.21 220.78 1
10.22 220.36 1
10.23 221.36 1
10.24 221.95 1
10.25 222.76 1
10.26 223.01 1
10.27 224.72 1
10.28 227.71 1
10.29 229.19 1
10.3 230.66 1
10.31 231.46 1
10.32 230.29 1
10.33 231.76 1
10.34 227.0 1
10.35 225.59 1
10.36 229.61 1
10.37 0.0 1
10.38 0.0 1
10.39 0.0 1
10.4 0.0 1
10.41 0.0 1
10.42 0.0 1
10.43 0.0 1
10.44 0.0 1
10.45 203.69 1
10.46 198.41 1
10.47 198.01 1
10.48 195.92 1
10.49 195.63 1
10.5 194.93 1
10.51 194.85 1
10.52 196.15 1
10.53 196.08 1
10.54 197.31 1
10.55 196.79 1
10.56 197.6 1
10.57 197.09 1
10.58 196.98 1
10.59 197.25 1
10.6 197.71 1
10.61 197.89 1
10.62 198.66 1
10.63 197.08 1
10.64 196.8 1
10.65 195.89 1
10.66 195.3 1
10.67 196.15 1
10.68 195.45 1
10.69 195.03 1
10.7 195.38 1
10.71 195.0 1
10.72 195.6 1
10.73 195.9 1
10.74 195.5 1
10.75 195.04 1
10.76 194.88 1
10.77 192.54 1
10.78 195.61 1
10.79 195.88 1
10.8 193.91 1
10.81 195.59 1
10.82 196.47 1
10.83 197.33 1
10.84 192.71 1
10.85 194.45 1
10.86 195.61 1
10.87 196.51 1
10.88 196.46 1
10.89 196.98 1
10.9 197.38 1
10.91 197.62 1
10.92 197.48 1
10.93 198.11 1
10.94 198.51 1
10.95 197.95 1
10.96 197.1 1
10.97 197.3 1
10.98 196.75 1
10.99 197.31 1
11.0 197.45 1
11.01 198.84 1
11.02 201.52 1
11.03 204.65 1
11.04 213.28 1
11.05 223.75 1
11.06 236.46 1
11.07 239.06 1
11.08 245.77 1
11.09 246.96 1
11.1 245.89 1
11.11 243.96 1
11.12 241.87 1
11.13 238.46 1
11.14 235.2 1
11.15 228.87 1
11.16 224.51 1
11.17 224.4 1
11.18 218.68 1
11.19 219.92 1
11.2 214.64 1
11.21 216.68 1
11.22 217.73 1
11.23 211.61 1
11.24 221.88 1
11.25 222.18 1
11.26 228.78 1
11.27 231.51 1
11.28 236.48 1
11.29 243.0 1
11.3 247.31 1
11.31 245.03 1
11.32 241.72 1
11.33 239.01 1
11.34 233.94 1
11.35 225.59 1
11.36 222.77 1
11.37 224.41 1
11.38 216.69 1
11.39 98.55 1
11.4 95.31 1
11.41 99.21 1
11.42 101.54 1
11.43 96.39 1
11.44 98.77 1
11.45 97.03 1
11.46 97.85 1
11.47 97.8 1
11.48 98.01 1
11.49 98.38 1
11.5 99.21 1
11.51 97.68 1
11.52 98.12 1
11.53 98.37 1
11.54 98.58 1
11.55 98.77 1
11.56 96.83 1
11.57 97.97 1
11.58 98.77 1
11.59 98.77 1
11.6 98.07 1
11.61 98.05 1
11.62 98.11 1
11.63 98.26 1
11.64 97.89 1
11.65 97.92 1
11.66 98.14 1
11.67 98.03 1
11.68 98.33 1
11.69 98.16 1
11.7 97.92 1
11.71 98.6 1
11.72 243.0 1
11.73 234.52 1
11.74 233.95 1
11.75 237.63 1
11.76 239.0 1
11.77 242.97 1
11.78 244.45 1
11.79 241.97 1
11.8 241.04 1
11.81 241.64 1
11.82 242.95 1
11.83 242.96 1
11.84 242.94 1
11.85 240.4 1
11.86 241.6 1
11.87 239.9 1
11.88 241.04 1
11.89 242.71 1
11.9 243.1 1
11.91 243.91 1
11.92 244.31 1
11.93 244.7 1
11.94 244.31 1
11.95 244.32 1
11.96 244.58 1
11.97 244.87 1
11.98 245.66 1
11.99 245.49 1
12.0 246.32 1
12.01 246.62 1
12.02 246.1 1
12.03 246.8 1
12.04 245.7 1
12.05 245.73 1
12.06 244.94 1
12.07 243.96 1
12.08 233.97 1
12.09 245.08 1
12.1 244.17 1
12.11 243.54 1
12.12 243.09 1
12.13 242.94 1
12.14 240.68 1
12.15 240.63 1
12.16 322.91 1
12.17 238.48 1
12.18 241.59 1
12.19 241.6 1
12.2 238.15 1
12.21 237.55 1
12.22 239.83 1
12.23 239.93 1
12.24 240.29 1
12.25 241.73 1
12.26 245.55 1
12.27 241.64 1
12.28 241.84 1
12.29 241.63 1
12.3 242.97 1
12.31 243.37 1
12.32 242.97 1
12.33 245.66 1
12.34 246.5 1
12.35 247.05 1
12.36 246.93 1
12.37 245.68 1
12.38 244.31 1
12.39 241.6 1
12.4 227.11 1
12.41 231.36 1
12.42 227.15 1
12.43 230.26 1
12.44 236.46 1
12.45 249.31 1
12.46 257.24 1
12.47 276.51 1
12.48 289.22 1
12.49 291.24 1
12.5 299.12 1
12.51 0.0 1
12.52 0.0 1
12.53 0.0 1
12.54 0.0 1
12.55 0.0 1
12.56 0.0 1
12.57 0.0 1
12.58 309.51 1
12.59 304.31 1
12.6 296.95 1
12.61 281.9 1
12.62 278.14 1
12.63 266.41 1
12.64 0.0 1
12.65 0.0 1
12.66 249.15 1
12.67 249.23 1
12.68 252.56 1
12.69 257.5 1
12.7 269.49 1
12.71 268.17 1
12.72 278.01 1
12.73 280.36 1
12.74 283.9 1
12.75 290.81 1
12.76 290.68 1
12.77 291.1 1
12.78 291.32 1
12.79 293.17 1
12.8 291.38 1
12.81 294.24 1
12.82 291.29 1
12.83 294.02 1
12.84 294.03 1
12.85 294.36 1
12.86 293.14 1
12.87 294.33 1
12.88 294.45 1
12.89 294.7 1
12.9 293.1 1
12.91 294.16 1
12.92 293.05 1
12.93 291.13 1
12.94 291.17 1
12.95 287.42 1
12.96 291.16 1
12.97 293.05 1
12.98 291.12 1
12.99 292.86 1
13.0 291.13 1
13.01 290.97 1
13.02 291.52 1
13.03 290.83 1
13.04 289.46 1
13.05 290.05 1
13.06 291.03 1
13.07 290.97 1
13.08 290.55 1
13.09 290.17 1
13.1 289.01 1
13.11 287.85 1
13.12 286.91 1
13.13 288.64 1
13.14 290.69 1
13.15 291.14 1
13.16 292.59 1
13.17 300.28 1
13.18 299.39 1
13.19 290.81 1
13.2 191.23 1
13.21 188.9 1
13.22 196.6 1
13.23 195.57 1
13.24 195.49 1
13.25 193.07 1
13.26 193.69 1
13.27 188.94 1
13.28 186.07 1
13.29 371.59 1
13.3 359.9 1
13.31 346.13 1
13.32 340.72 1
13.33 340.12 1
13.34 335.53 1
13.35 336.31 1
13.36 334.02 1
13.37 334.51 1
13.38 335.43 1
13.39 337.88 1
13.4 341.53 1
13.41 335.84 1
13.42 340.8 1
13.43 337.79 1
13.44 342.43 1
13.45 184.91 1
13.46 184.14 1
13.47 182.45 1
13.48 199.41 1
13.49 194.69 1
13.5 199.04 1
13.51 198.2 1
13.52 199.06 1
13.53 198.47 1
13.54 199.53 1
13.55 200.02 1
13.56 201.12 1
13.57 201.4 1
13.58 200.39 1
13.59 199.92 1
13.6 199.39 1
13.61 198.49 1
13.62 197.22 1
13.63 193.97 1
13.64 193.69 1
13.65 187.92 1
13.66 184.18 1
13.67 184.73 1
13.68 184.04 1
13.69 184.17 1
13.7 186.45 1
13.71 378.64 1
13.72 376.23 1
13.73 388.99 1
13.74 388.9 1
13.75 397.57 1
13.76 401.33 1
13.77 399.69 1
13.78 384.43 1
13.79 380.24 1
