0.01 0.0 1
0.02 0.0 1
0.03 0.0 1
0.04 0.0 1
0.05 0.0 1
0.06 379.23 1
0.07 384.84 1
0.08 384.7 1
0.09 384.5 1
0.1 383.0 1
0.11 388.41 1
0.12 384.97 1
0.13 384.85 1
0.14 384.94 1
0.15 378.45 1
0.16 374.81 1
0.17 375.11 1
0.18 371.26 1
0.19 378.15 1
0.2 381.34 1
0.21 385.02 1
0.22 393.39 1
0.23 391.94 1
0.24 377.28 1
0.25 0.0 1
0.26 0.0 1
0.27 442.91 1
0.28 450.78 1
0.29 452.01 1
0.3 457.61 1
0.31 453.02 1
0.32 448.96 1
0.33 444.19 1
0.34 434.82 1
0.35 434.51 1
0.36 438.06 1
0.37 438.1 1
0.38 442.51 1
0.39 448.77 1
0.4 450.85 1
0.41 456.5 1
0.42 452.9 1
0.43 446.35 1
0.44 460.22 1
0.45 461.71 1
0.46 451.94 1
0.47 460.38 1
0.48 450.98 1
0.49 423.4 1
0.5 420.65 1
0.51 402.69 1
0.52 391.94 1
0.53 388.37 1
0.54 391.31 1
0.55 384.5 1
0.56 384.63 1
0.57 366.6 1
0.58 378.24 1
0.59 367.17 1
0.6 371.99 1
0.61 366.19 1
0.62 369.98 1
0.63 365.58 1
0.64 366.05 1
0.65 360.04 1
0.66 365.99 1
0.67 370.17 1
0.68 379.86 1
0.69 401.97 1
0.7 400.85 1
0.71 409.08 1
0.72 406.46 1
0.73 403.32 1
0.74 399.09 1
0.75 398.98 1
0.76 398.46 1
0.77 399.44 1
0.78 399.43 1
0.79 401.0 1
0.8 402.98 1
0.81 402.96 1
0.82 399.01 1
0.83 391.19 1
0.84 392.0 1
0.85 391.22 1
0.86 381.85 1
0.87 387.64 1
0.88 391.81 1
0.89 385.0 1
0.9 381.56 1
0.91 384.71 1
0.92 375.23 1
0.93 365.88 1
0.94 347.27 1
0.95 332.97 1
0.96 318.41 1
0.97 322.81 1
0.98 309.35 1
0.99 293.1 1
1.0 322.81 1
1.01 323.74 1
1.02 330.86 1
1.03 350.78 1
1.04 327.8 1
1.05 323.07 1
1.06 349.15 1
1.07 386.14 1
1.08 340.45 1
1.09 337.69 1
1.1 351.49 1
1.11 337.97 1
1.12 334.91 1
1.13 329.14 1
1.14 321.06 1
1.15 325.93 1
1.16 330.68 1
1.17 304.12 1
1.18 354.3 1
1.19 360.31 1
1.2 375.81 1
1.21 384.9 1
1.22 192.86 1
1.23 193.33 1
1.24 192.46 1
1.25 185.69 1
1.26 183.83 1
1.27 186.47 1
1.28 179.7 1
1.29 190.59 1
1.3 187.27 1
1.31 202.79 1
1.32 195.56 1
1.33 196.42 1
1.34 196.44 1
1.35 197.36 1
1.36 197.3 1
1.37 196.04 1
1.38 195.67 1
1.39 195.23 1
1.4 198.11 1
1.41 195.22 1
1.42 197.24 1
1.43 195.03 1
1.44 195.56 1
1.45 190.55 1
1.46 0.0 1
1.47 0.0 1
1.48 0.0 1
1.49 0.0 1
1.5 0.0 1
1.51 0.0 1
1.52 301.08 1
1.53 303.8 1
1.54 305.18 1
1.55 297.76 1
1.56 291.24 1
1.57 293.11 1
1.58 293.13 1
1.59 295.03 1
1.6 293.19 1
1.61 295.14 1
1.62 297.07 1
1.63 297.09 1
1.64 296.99 1
1.65 296.88 1
1.66 295.03 1
1.67 291.12 1
1.68 291.12 1
1.69 291.18 1
1.7 291.11 1
1.71 299.32 1
1.72 295.91 1
1.73 285.05 1
1.74 278.21 1
1.75 281.65 1
1.76 279.83 1
1.77 281.82 1
1.78 291.13 1
1.79 305.33 1
1.8 323.4 1
1.81 329.11 1
1.82 352.52 1
1.83 394.64 1
1.84 407.39 1
1.85 411.51 1
1.86 418.14 1
1.87 388.61 1
1.88 399.1 1
1.89 377.78 1
1.9 360.02 1
1.91 347.31 1
1.92 327.91 1
1.93 330.89 1
1.94 364.9 1
1.95 366.93 1
1.96 344.94 1
1.97 343.61 1
1.98 367.91 1
1.99 374.97 1
2.0 380.13 1
2.01 384.75 1
2.02 389.04 1
2.03 391.33 1
2.04 392.76 1
2.05 394.03 1
2.06 393.16 1
2.07 389.65 1
2.08 385.92 1
2.09 378.19 1
2.1 348.89 1
2.11 357.08 1
2.12 332.89 1
2.13 376.43 1
2.14 371.03 1
2.15 381.82 1
2.16 387.62 1
2.17 393.26 1
2.18 381.51 1
2.19 382.54 1
2.2 388.18 1
2.21 385.06 1
2.22 388.17 1
2.23 386.29 1
2.24 388.76 1
2.25 390.49 1
2.26 391.2 1
2.27 392.3 1
2.28 393.37 1
2.29 394.67 1
2.3 395.69 1
2.31 392.32 1
2.32 384.88 1
2.33 375.34 1
2.34 375.33 1
2.35 372.14 1
2.36 347.97 1
2.37 336.84 1
2.38 327.72 1
2.39 320.43 1
2.4 311.55 1
2.41 311.59 1
2.42 311.6 1
2.43 315.99 1
2.44 319.24 1
2.45 328.64 1
2.46 332.08 1
2.47 335.44 1
2.48 334.7 1
2.49 330.85 1
2.5 327.38 1
2.51 311.69 1
2.52 316.21 1
2.53 326.84 1
2.54 307.7 1
2.55 307.35 1
2.56 309.52 1
2.57 305.16 1
2.58 303.92 1
2.59 294.38 1
2.6 294.66 1
2.61 290.82 1
2.62 292.38 1
2.63 291.11 1
2.64 293.35 1
2.65 293.54 1
2.66 295.0 1
2.67 293.14 1
2.68 295.02 1
2.69 293.08 1
2.7 293.05 1
2.71 295.0 1
2.72 290.8 1
2.73 291.1 1
2.74 293.55 1
2.75 287.11 1
2.76 282.81 1
2.77 285.45 1
2.78 274.34 1
2.79 249.51 1
2.8 236.48 1
2.81 225.58 1
2.82 221.21 1
2.83 214.26 1
2.84 218.81 1
2.85 227.99 1
2.86 246.13 1
2.87 261.74 1
2.88 280.98 1
2.89 293.05 1
2.9 301.03 1
2.91 313.85 1
2.92 297.14 1
2.93 294.96 1
2.94 291.1 1
2.95 295.53 1
2.96 286.53 1
2.97 287.27 1
2.98 282.7 1
2.99 291.31 1
3.0 290.89 1
3.01 290.27 1
3.02 291.14 1
3.03 293.75 1
3.04 293.07 1
3.05 294.21 1
3.06 293.4 1
3.07 292.41 1
3.08 291.23 1
3.09 291.03 1
3.1 291.1 1
3.11 292.25 1
3.12 293.07 1
3.13 291.14 1
3.14 291.09 1
3.15 289.19 1
3.16 292.76 1
3.17 293.04 1
3.18 291.15 1
3.19 365.95 1
3.2 346.86 1
3.21 342.89 1
3.22 333.02 1
3.23 325.95 1
3.24 318.41 1
3.25 322.33 1
3.26 320.41 1
3.27 320.38 1
3.28 325.13 1
3.29 327.63 1
3.3 332.49 1
3.31 340.58 1
3.32 343.21 1
3.33 353.11 1
3.34 332.99 1
3.35 347.67 1
3.36 410.27 1
3.37 369.01 1
3.38 350.73 1
3.39 338.02 1
3.4 335.28 1
3.41 325.44 1
3.42 313.49 1
3.43 306.81 1
3.44 295.5 1
3.45 286.47 1
3.46 281.64 1
3.47 265.07 1
3.48 278.06 1
3.49 251.55 1
3.5 261.57 1
3.51 255.88 1
3.52 257.24 1
3.53 254.23 1
3.54 249.89 1
3.55 257.2 1
3.56 248.5 1
3.57 254.24 1
3.58 254.33 1
3.59 254.3 1
3.6 263.28 1
3.61 291.05 1
3.62 292.62 1
3.63 295.03 1
3.64 292.47 1
3.65 292.78 1
3.66 293.9 1
3.67 294.72 1
3.68 293.06 1
3.69 291.14 1
3.7 290.4 1
3.71 288.94 1
3.72 287.03 1
3.73 287.42 1
3.74 286.29 1
3.75 280.14 1
3.76 283.61 1
3.77 268.1 1
3.78 269.32 1
3.79 278.26 1
3.8 281.69 1
3.81 281.85 1
3.82 258.63 1
3.83 246.36 1
3.84 241.61 1
3.85 224.73 1
3.86 217.95 1
3.87 218.89 1
3.88 229.03 1
3.89 227.94 1
3.9 234.01 1
3.91 245.65 1
3.92 249.88 1
3.93 255.68 1
3.94 254.23 1
3.95 254.18 1
3.96 250.84 1
3.97 226.73 1
3.98 245.79 1
3.99 248.31 1
4.0 238.35 1
4.01 241.63 1
4.02 272.04 1
4.03 253.37 1
4.04 245.78 1
4.05 251.01 1
4.06 254.24 1
4.07 255.78 1
4.08 258.74 1
4.09 261.8 1
4.1 260.33 1
4.11 258.78 1
4.12 257.31 1
4.13 257.26 1
4.14 255.74 1
4.15 258.66 1
4.16 244.46 1
4.17 254.25 1
4.18 258.68 1
4.19 255.68 1
4.2 252.75 1
4.21 254.2 1
4.22 255.67 1
4.23 265.08 1
4.24 275.42 1
4.25 300.96 1
4.26 307.93 1
4.27 308.63 1
4.28 308.75 1
4.29 309.46 1
4.3 307.34 1
4.31 305.87 1
4.32 303.65 1
4.33 300.63 1
4.34 297.06 1
4.35 294.55 1
4.36 291.18 1
4.37 290.67 1
4.38 288.82 1
4.39 285.68 1
4.4 290.73 1
4.41 268.16 1
4.42 290.61 1
4.43 292.77 1
4.44 255.74 1
4.45 246.99 1
4.46 226.79 1
4.47 211.52 1
4.48 207.47 1
4.49 203.45 1
4.5 204.5 1
4.51 206.62 1
4.52 214.56 1
4.53 213.6 1
4.54 217.83 1
4.55 218.85 1
4.56 219.08 1
4.57 219.5 1
4.58 216.71 1
4.59 213.53 1
4.6 208.88 1
4.61 199.17 1
4.62 198.74 1
4.63 193.4 1
4.64 202.85 1
4.65 198.19 1
4.66 208.19 1
4.67 233.53 1
4.68 241.73 1
4.69 241.64 1
4.7 241.42 1
4.71 242.93 1
4.72 241.62 1
4.73 241.7 1
4.74 244.24 1
4.75 244.27 1
4.76 244.25 1
4.77 242.93 1
4.78 240.47 1
4.79 239.78 1
4.8 237.77 1
4.81 240.66 1
4.82 238.94 1
4.83 241.61 1
4.84 246.28 1
4.85 244.92 1
4.86 121.99 1
4.87 119.35 1
4.88 118.71 1
4.89 119.79 1
4.9 121.17 1
4.91 118.92 1
4.92 120.66 1
4.93 119.58 1
4.94 119.63 1
4.95 119.03 1
4.96 119.69 1
4.97 119.35 1
4.98 120.27 1
4.99 118.23 1
5.0 119.35 1
5.01 118.74 1
5.02 148.73 1
5.03 149.74 1
5.04 148.23 1
5.05 147.92 1
5.06 147.25 1
5.07 150.75 1
5.08 148.0 1
5.09 149.73 1
5.1 148.04 1
5.11 291.1 1
5.12 285.73 1
5.13 282.84 1
5.14 278.23 1
5.15 274.71 1
5.16 265.23 1
5.17 255.78 1
5.18 251.21 1
5.19 244.27 1
5.2 230.08 1
5.21 256.34 1
5.22 203.81 1
5.23 201.86 1
5.24 198.46 1
5.25 189.71 1
5.26 189.67 1
5.27 187.15 1
5.28 184.23 1
5.29 184.14 1
5.3 183.35 1
5.31 188.08 1
5.32 187.35 1
5.33 187.25 1
5.34 185.78 1
5.35 186.73 1
5.36 186.01 1
5.37 190.37 1
5.38 192.12 1
5.39 194.74 1
5.4 202.72 1
5.41 211.6 1
5.42 226.74 1
5.43 232.82 1
5.44 251.15 1
5.45 260.23 1
5.46 265.1 1
5.47 268.01 1
5.48 241.58 1
5.49 226.7 1
5.5 245.7 1
5.51 241.77 1
5.52 243.0 1
5.53 237.73 1
5.54 229.19 1
5.55 229.11 1
5.56 231.91 1
5.57 230.34 1
5.58 235.22 1
5.59 237.73 1
5.6 242.85 1
5.61 239.7 1
5.62 242.48 1
5.63 242.94 1
5.64 241.38 1
5.65 244.3 1
5.66 244.31 1
5.67 242.97 1
5.68 243.37 1
5.69 240.33 1
5.7 243.0 1
5.71 244.98 1
5.72 243.08 1
5.73 243.32 1
5.74 248.41 1
5.75 237.73 1
5.76 235.66 1
5.77 229.14 1
5.78 229.12 1
5.79 229.13 1
5.8 228.04 1
5.81 244.97 1
5.82 255.67 1
5.83 277.46 1
5.84 293.09 1
5.85 307.37 1
5.86 319.95 1
5.87 340.57 1
5.88 338.09 1
5.89 340.61 1
5.9 319.28 1
5.91 297.21 1
5.92 281.04 1
5.93 299.02 1
5.94 299.12 1
5.95 281.78 1
5.96 285.17 1
5.97 282.87 1
5.98 269.65 1
5.99 271.1 1
6.0 258.5 1
6.01 258.14 1
6.02 257.28 1
6.03 264.51 1
6.04 272.82 1
6.05 277.99 1
6.06 285.11 1
6.07 287.45 1
6.08 291.17 1
6.09 297.13 1
6.1 295.12 1
6.11 297.11 1
6.12 297.14 1
6.13 293.04 1
6.14 296.97 1
6.15 293.08 1
6.16 294.35 1
6.17 301.44 1
6.18 297.54 1
6.19 294.15 1
6.2 293.07 1
6.21 289.77 1
6.22 286.56 1
6.23 286.75 1
6.24 289.54 1
6.25 293.05 1
6.26 297.2 1
6.27 307.61 1
6.28 304.97 1
6.29 301.12 1
6.3 378.19 1
6.31 405.73 1
6.32 410.31 1
6.33 395.53 1
6.34 403.4 1
6.35 426.04 1
6.36 416.13 1
6.37 400.97 1
6.38 385.4 1
6.39 378.13 1
6.4 356.07 1
6.41 350.46 1
6.42 347.78 1
6.43 341.33 1
6.44 343.74 1
6.45 359.83 1
6.46 366.57 1
6.47 381.83 1
6.48 391.39 1
6.49 388.22 1
6.5 387.99 1
6.51 383.61 1
6.52 375.42 1
6.53 350.09 1
6.54 345.92 1
6.55 353.04 1
6.56 372.2 1
6.57 360.05 1
6.58 378.56 1
6.59 379.21 1
6.6 378.42 1
6.61 375.6 1
6.62 376.94 1
6.63 375.47 1
6.64 376.82 1
6.65 377.19 1
6.66 381.2 1
6.67 384.08 1
6.68 384.25 1
6.69 385.23 1
6.7 385.65 1
6.71 391.58 1
6.72 391.05 1
