0.01 279.98 1
0.02 276.31 1
0.03 257.69 1
0.04 281.76 1
0.05 279.33 1
0.06 279.47 1
0.07 280.55 1
0.08 283.09 1
0.09 284.86 1
0.1 284.84 1
0.11 285.45 1
0.12 287.14 1
0.13 289.76 1
0.14 291.06 1
0.15 293.01 1
0.16 293.46 1
0.17 294.46 1
0.18 293.05 1
0.19 296.74 1
0.2 295.83 1
0.21 295.01 1
0.22 296.94 1
0.23 297.0 1
0.24 295.44 1
0.25 295.11 1
0.26 293.06 1
0.27 296.01 1
0.28 296.93 1
0.29 296.36 1
0.3 296.14 1
0.31 295.95 1
0.32 294.99 1
0.33 295.83 1
0.34 294.71 1
0.35 294.5 1
0.36 294.24 1
0.37 293.02 1
0.38 292.13 1
0.39 290.84 1
0.4 290.07 1
0.41 290.63 1
0.42 290.94 1
0.43 290.49 1
0.44 290.34 1
0.45 290.39 1
0.46 290.48 1
0.47 290.76 1
0.48 290.95 1
0.49 291.24 1
0.5 290.9 1
0.51 290.23 1
0.52 290.17 1
0.53 289.94 1
0.54 290.57 1
0.55 290.42 1
0.56 290.95 1
0.57 291.09 1
0.58 291.15 1
0.59 291.72 1
0.6 291.04 1
0.61 290.82 1
0.62 291.02 1
0.63 292.1 1
0.64 292.39 1
0.65 292.54 1
0.66 292.43 1
0.67 292.43 1
0.68 292.33 1
0.69 293.12 1
0.7 293.02 1
0.71 292.86 1
0.72 293.34 1
0.73 294.05 1
0.74 294.27 1
0.75 293.16 1
0.76 292.37 1
0.77 292.46 1
0.78 292.54 1
0.79 292.31 1
0.8 291.89 1
0.81 292.19 1
0.82 291.94 1
0.83 291.13 1
0.84 291.44 1
0.85 290.78 1
0.86 289.16 1
0.87 288.14 1
0.88 285.91 1
0.89 285.89 1
0.9 288.68 1
0.91 290.87 1
0.92 297.02 1
0.93 307.33 1
0.94 321.46 1
0.95 336.49 1
0.96 354.06 1
0.97 348.61 1
0.98 373.98 1
0.99 381.8 1
1.0 387.06 1
1.01 384.07 1
1.02 388.98 1
1.03 389.38 1
1.04 387.73 1
1.05 386.87 1
1.06 386.61 1
1.07 383.07 1
1.08 380.46 1
1.09 375.67 1
1.1 372.1 1
1.11 369.02 1
1.12 365.95 1
1.13 351.95 1
1.14 354.35 1
1.15 349.55 1
1.16 348.92 1
1.17 350.92 1
1.18 351.5 1
1.19 363.68 1
1.2 365.21 1
1.21 375.48 1
1.22 377.88 1
1.23 378.2 1
1.24 374.91 1
1.25 373.54 1
1.26 372.11 1
1.27 365.86 1
1.28 360.19 1
1.29 354.68 1
1.3 368.94 1
1.31 373.45 1
1.32 378.38 1
1.33 377.92 1
1.34 384.84 1
1.35 387.35 1
1.36 387.75 1
1.37 388.33 1
1.38 386.86 1
1.39 386.14 1
1.4 385.41 1
1.41 385.32 1
1.42 384.82 1
1.43 385.66 1
1.44 386.32 1
1.45 387.54 1
1.46 388.04 1
1.47 387.08 1
1.48 386.04 1
1.49 383.38 1
1.5 381.85 1
1.51 378.42 1
1.52 372.34 1
1.53 370.87 1
1.54 372.1 1
1.55 371.64 1
1.56 370.59 1
1.57 371.86 1
1.58 370.86 1
1.59 369.45 1
1.6 372.67 1
1.61 373.02 1
1.62 372.37 1
1.63 374.02 1
1.64 377.68 1
1.65 379.38 1
1.66 382.01 1
1.67 384.38 1
1.68 389.87 1
1.69 399.04 1
1.7 395.46 1
1.71 389.56 1
1.72 391.59 1
1.73 390.63 1
1.74 390.02 1
1.75 392.82 1
1.76 391.77 1
1.77 390.29 1
1.78 389.06 1
1.79 389.44 1
1.8 387.83 1
1.81 388.5 1
1.82 388.88 1
1.83 391.76 1
1.84 387.39 1
1.85 388.45 1
1.86 385.91 1
1.87 388.31 1
1.88 391.39 1
1.89 391.33 1
1.9 391.54 1
1.91 391.44 1
1.92 384.96 1
1.93 372.37 1
1.94 348.0 1
1.95 0.0 1
1.96 0.0 1
1.97 95.03 1
1.98 94.94 1
1.99 99.35 1
2.0 97.46 1
2.01 98.33 1
2.02 123.47 1
2.03 133.15 1
2.04 260.19 1
2.05 263.28 1
2.06 269.63 1
2.07 269.62 1
2.08 266.48 1
2.09 268.0 1
2.1 265.64 1
2.11 264.89 1
2.12 264.89 1
2.13 266.15 1
2.14 266.51 1
2.15 268.46 1
2.16 273.05 1
2.17 274.76 1
2.18 278.22 1
2.19 278.21 1
2.2 277.38 1
2.21 279.94 1
2.22 278.12 1
2.23 279.97 1
2.24 279.05 1
2.25 279.96 1
2.26 279.25 1
2.27 279.97 1
2.28 278.45 1
2.29 279.98 1
2.3 280.51 1
2.31 283.9 1
2.32 291.15 1
2.33 295.05 1
2.34 319.15 1
2.35 337.1 1
2.36 353.5 1
2.37 342.85 1
2.38 385.07 1
2.39 409.45 1
2.4 396.53 1
2.41 398.9 1
2.42 398.48 1
2.43 396.76 1
2.44 395.72 1
2.45 397.94 1
2.46 393.06 1
2.47 393.53 1
2.48 392.52 1
2.49 392.73 1
2.5 391.39 1
2.51 390.32 1
2.52 389.24 1
2.53 389.87 1
2.54 390.47 1
2.55 389.15 1
2.56 389.12 1
2.57 387.53 1
2.58 385.05 1
2.59 379.5 1
2.6 378.35 1
2.61 366.73 1
2.62 361.46 1
2.63 346.38 1
2.64 357.14 1
2.65 361.9 1
2.66 360.21 1
2.67 384.84 1
2.68 382.32 1
2.69 385.89 1
2.7 388.34 1
2.71 398.13 1
2.72 399.39 1
2.73 401.91 1
2.74 400.88 1
2.75 399.38 1
2.76 394.87 1
2.77 405.63 1
2.78 388.51 1
2.79 381.81 1
2.8 372.68 1
2.81 366.97 1
2.82 359.18 1
2.83 351.57 1
2.84 348.62 1
2.85 343.21 1
2.86 340.01 1
2.87 333.61 1
2.88 328.62 1
2.89 328.23 1
2.9 324.0 1
2.91 324.02 1
2.92 324.24 1
2.93 322.09 1
2.94 327.79 1
2.95 321.18 1
2.96 323.05 1
2.97 321.83 1
2.98 322.61 1
2.99 323.96 1
3.0 325.3 1
3.01 329.57 1
3.02 331.35 1
3.03 334.44 1
3.04 334.91 1
3.05 335.65 1
3.06 336.1 1
3.07 333.83 1
3.08 328.07 1
3.09 326.07 1
3.1 320.83 1
3.11 333.08 1
3.12 320.9 1
3.13 294.79 1
3.14 302.78 1
3.15 281.78 1
3.16 285.42 1
3.17 296.98 1
3.18 286.24 1
3.19 298.99 1
3.2 289.07 1
3.21 293.54 1
3.22 294.42 1
3.23 295.3 1
3.24 293.67 1
3.25 293.2 1
3.26 293.19 1
3.27 293.24 1
3.28 292.21 1
3.29 293.5 1
3.3 292.51 1
3.31 293.28 1
3.32 293.31 1
3.33 293.04 1
3.34 293.03 1
3.35 293.42 1
3.36 293.02 1
3.37 292.77 1
3.38 292.64 1
3.39 292.36 1
3.4 292.48 1
3.41 291.11 1
3.42 291.44 1
3.43 291.31 1
3.44 290.97 1
3.45 290.75 1
3.46 290.32 1
3.47 289.63 1
3.48 289.34 1
3.49 289.37 1
3.5 289.53 1
3.51 289.91 1
3.52 290.04 1
3.53 290.34 1
3.54 289.96 1
3.55 289.61 1
3.56 288.92 1
3.57 288.46 1
3.58 288.72 1
3.59 289.66 1
3.6 289.91 1
3.61 290.55 1
3.62 291.1 1
3.63 290.99 1
3.64 291.39 1
3.65 291.61 1
3.66 291.1 1
3.67 290.96 1
3.68 290.05 1
3.69 289.07 1
3.7 288.24 1
3.71 284.98 1
3.72 282.13 1
3.73 278.22 1
3.74 266.71 1
3.75 260.17 1
3.76 250.4 1
3.77 118.08 1
3.78 114.18 1
3.79 111.34 1
3.8 111.71 1
3.81 112.36 1
3.82 115.09 1
3.83 117.98 1
3.84 122.37 1
3.85 255.2 1
3.86 260.21 1
3.87 261.77 1
3.88 274.66 1
3.89 273.99 1
3.9 274.76 1
3.91 274.73 1
3.92 269.45 1
3.93 266.61 1
3.94 260.03 1
3.95 254.18 1
3.96 253.78 1
3.97 251.96 1
3.98 250.65 1
3.99 251.24 1
4.0 251.42 1
4.01 250.5 1
4.02 251.75 1
4.03 249.24 1
4.04 249.27 1
4.05 247.54 1
4.06 248.09 1
4.07 247.96 1
4.08 248.16 1
4.09 247.06 1
4.1 245.39 1
4.11 245.59 1
4.12 236.65 1
4.13 241.61 1
4.14 239.19 1
4.15 241.6 1
4.16 240.25 1
4.17 241.62 1
4.18 244.28 1
4.19 242.95 1
4.2 247.0 1
4.21 245.62 1
4.22 246.95 1
4.23 241.6 1
4.24 236.65 1
4.25 236.34 1
4.26 235.63 1
4.27 237.37 1
4.28 238.07 1
4.29 244.28 1
4.3 245.9 1
4.31 247.19 1
4.32 248.91 1
4.33 248.54 1
4.34 248.26 1
4.35 245.17 1
4.36 246.98 1
4.37 246.97 1
4.38 241.0 1
4.39 234.01 1
4.4 233.95 1
4.41 235.21 1
4.42 240.32 1
4.43 244.28 1
4.44 248.43 1
4.45 251.59 1
4.46 257.06 1
4.47 257.21 1
4.48 258.68 1
4.49 258.67 1
4.5 254.2 1
4.51 252.91 1
4.52 248.22 1
4.53 249.15 1
4.54 246.94 1
4.55 230.43 1
4.56 235.2 1
4.57 230.3 1
4.58 225.63 1
4.59 225.6 1
4.6 223.1 1
4.61 222.07 1
4.62 221.11 1
4.63 220.04 1
4.64 218.45 1
4.65 217.77 1
4.66 217.77 1
4.67 217.77 1
4.68 217.74 1
4.69 216.71 1
4.7 215.08 1
4.71 214.52 1
4.72 216.68 1
4.73 216.7 1
4.74 218.83 1
4.75 220.01 1
4.76 222.74 1
4.77 227.42 1
4.78 225.55 1
4.79 240.33 1
4.8 242.19 1
4.81 244.33 1
4.82 248.87 1
4.83 247.02 1
4.84 246.94 1
4.85 246.86 1
4.86 246.76 1
4.87 245.36 1
4.88 245.54 1
4.89 245.5 1
4.9 245.66 1
4.91 245.42 1
4.92 247.0 1
4.93 245.48 1
4.94 245.99 1
4.95 246.41 1
4.96 247.06 1
4.97 246.92 1
4.98 246.73 1
4.99 245.47 1
5.0 244.98 1
5.01 243.72 1
5.02 243.47 1
5.03 243.4 1
5.04 243.32 1
5.05 243.74 1
5.06 242.67 1
5.07 243.24 1
5.08 242.8 1
5.09 242.86 1
5.1 244.3 1
5.11 243.37 1
5.12 245.59 1
5.13 243.32 1
5.14 243.48 1
5.15 243.48 1
5.16 242.92 1
5.17 243.12 1
5.18 242.59 1
5.19 243.22 1
5.2 244.3 1
5.21 243.1 1
5.22 243.59 1
5.23 244.29 1
5.24 243.05 1
5.25 244.29 1
5.26 244.3 1
5.27 242.96 1
5.28 242.95 1
5.29 243.31 1
5.3 243.14 1
5.31 242.97 1
5.32 243.02 1
5.33 243.06 1
5.34 242.97 1
5.35 242.21 1
5.36 242.95 1
5.37 242.94 1
5.38 243.38 1
5.39 244.27 1
5.4 243.36 1
5.41 243.05 1
5.42 244.26 1
5.43 242.98 1
5.44 243.23 1
5.45 242.22 1
5.46 241.91 1
5.47 241.63 1
5.48 239.59 1
5.49 240.65 1
5.5 241.63 1
5.51 241.63 1
5.52 244.27 1
5.53 243.51 1
5.54 245.58 1
5.55 242.95 1
5.56 241.67 1
5.57 240.58 1
5.58 240.63 1
5.59 242.94 1
5.6 244.3 1
5.61 244.31 1
5.62 244.31 1
5.63 243.74 1
5.64 244.29 1
5.65 242.45 1
5.66 244.25 1
5.67 242.93 1
5.68 241.24 1
5.69 242.95 1
5.7 245.58 1
5.71 244.02 1
5.72 245.66 1
5.73 245.7 1
5.74 247.41 1
5.75 247.51 1
5.76 247.99 1
5.77 247.78 1
5.78 245.51 1
5.79 245.0 1
5.8 240.3 1
5.81 231.5 1
5.82 227.96 1
5.83 227.92 1
5.84 225.63 1
5.85 230.32 1
5.86 246.2 1
5.87 251.98 1
5.88 258.89 1
5.89 263.3 1
5.9 275.94 1
5.91 282.24 1
5.92 283.81 1
5.93 290.01 1
5.94 288.63 1
5.95 289.64 1
5.96 290.1 1
5.97 289.94 1
5.98 288.65 1
5.99 288.9 1
6.0 287.58 1
6.01 284.43 1
6.02 280.03 1
6.03 273.75 1
6.04 266.43 1
6.05 255.63 1
6.06 244.0 1
6.07 234.32 1
6.08 233.89 1
6.09 237.68 1
6.1 235.22 1
6.11 233.86 1
6.12 232.73 1
6.13 235.23 1
6.14 119.66 1
6.15 117.43 1
6.16 116.52 1
6.17 117.58 1
6.18 117.13 1
6.19 0.0 1
6.2 0.0 1
6.21 0.0 1
6.22 0.0 1
6.23 0.0 1
6.24 0.0 1
6.25 0.0 1
6.26 0.0 1
6.27 0.0 1
6.28 0.0 1
6.29 0.0 1
6.3 0.0 1
6.31 301.86 1
6.32 300.95 1
6.33 300.74 1
6.34 300.76 1
6.35 294.99 1
6.36 298.99 1
6.37 295.0 1
6.38 298.99 1
6.39 293.06 1
6.4 295.02 1
6.41 294.99 1
6.42 294.57 1
6.43 293.03 1
6.44 291.99 1
6.45 290.66 1
6.46 289.96 1
6.47 290.47 1
6.48 291.11 1
6.49 291.61 1
6.5 292.17 1
6.51 292.47 1
6.52 292.79 1
6.53 292.02 1
6.54 292.36 1
6.55 291.11 1
6.56 290.76 1
6.57 290.99 1
6.58 291.09 1
6.59 291.84 1
6.6 292.32 1
6.61 293.52 1
6.62 293.03 1
6.63 294.65 1
6.64 293.84 1
6.65 293.49 1
6.66 293.36 1
6.67 292.8 1
6.68 293.0 1
6.69 292.6 1
6.7 292.37 1
6.71 291.91 1
6.72 291.71 1
6.73 291.51 1
6.74 291.1 1
6.75 291.24 1
6.76 290.58 1
6.77 290.4 1
6.78 290.56 1
6.79 291.08 1
6.8 291.04 1
6.81 291.31 1
6.82 291.39 1
6.83 292.4 1
6.84 291.64 1
6.85 291.48 1
6.86 290.92 1
6.87 291.18 1
6.88 290.51 1
6.89 290.48 1
6.9 289.25 1
6.91 291.57 1
6.92 291.09 1
6.93 291.5 1
6.94 290.92 1
6.95 290.99 1
6.96 291.16 1
6.97 291.14 1
6.98 290.79 1
6.99 291.21 1
7.0 290.34 1
7.01 290.14 1
7.02 290.61 1
7.03 292.73 1
7.04 294.02 1
7.05 294.56 1
7.06 295.51 1
7.07 295.68 1
7.08 295.03 1
7.09 297.01 1
7.1 296.35 1
7.11 294.97 1
7.12 294.21 1
7.13 293.13 1
7.14 290.88 1
7.15 287.88 1
7.16 280.15 1
7.17 281.5 1
7.18 279.98 1
7.19 272.92 1
7.2 272.17 1
7.21 254.29 1
7.22 240.18 1
7.23 227.41 1
7.24 230.29 1
7.25 244.92 1
7.26 205.6 1
7.27 196.43 1
7.28 208.34 1
7.29 202.57 1
7.3 202.8 1
7.31 200.91 1
7.32 211.52 1
7.33 203.78 1
7.34 213.55 1
7.35 285.08 1
7.36 282.16 1
7.37 283.62 1
7.38 287.81 1
7.39 289.5 1
7.4 296.29 1
7.41 291.65 1
7.42 292.24 1
7.43 290.98 1
7.44 291.5 1
7.45 290.88 1
7.46 290.34 1
7.47 289.44 1
7.48 288.08 1
7.49 287.11 1
7.5 288.1 1
7.51 287.27 1
7.52 287.06 1
7.53 288.01 1
7.54 288.83 1
7.55 290.87 1
7.56 292.72 1
7.57 296.96 1
7.58 297.9 1
7.59 300.25 1
7.6 299.0 1
7.61 297.59 1
7.62 293.91 1
7.63 289.45 1
7.64 283.79 1
7.65 278.77 1
7.66 271.38 1
7.67 264.66 1
7.68 260.71 1
7.69 252.84 1
7.7 244.93 1
7.71 232.74 1
7.72 227.92 1
7.73 239.44 1
7.74 225.58 1
7.75 225.59 1
7.76 232.54 1
7.77 237.76 1
7.78 244.89 1
7.79 246.41 1
7.8 260.12 1
7.81 266.05 1
7.82 292.93 1
7.83 289.01 1
7.84 285.91 1
7.85 160.08 1
7.86 172.04 1
7.87 166.03 1
7.88 334.58 1
7.89 330.47 1
7.9 325.54 1
7.91 340.47 1
7.92 335.9 1
7.93 337.08 1
7.94 334.57 1
7.95 331.94 1
7.96 329.69 1
7.97 321.79 1
7.98 315.54 1
7.99 316.12 1
8.0 312.48 1
8.01 309.51 1
8.02 315.97 1
8.03 314.88 1
8.04 318.34 1
8.05 335.35 1
8.06 340.55 1
8.07 345.89 1
8.08 354.23 1
8.09 354.23 1
8.1 361.52 1
8.11 350.96 1
8.12 349.87 1
8.13 340.54 1
8.14 354.08 1
8.15 325.42 1
8.16 304.9 1
8.17 305.16 1
8.18 301.64 1
8.19 300.39 1
8.2 293.04 1
8.21 303.13 1
8.22 0.0 1
8.23 0.0 1
8.24 0.0 1
8.25 0.0 1
8.26 0.0 1
8.27 0.0 1
8.28 0.0 1
8.29 0.0 1
8.3 0.0 1
8.31 0.0 1
8.32 0.0 1
8.33 0.0 1
8.34 0.0 1
8.35 0.0 1
8.36 0.0 1
8.37 0.0 1
8.38 0.0 1
8.39 0.0 1
8.4 0.0 1
8.41 0.0 1
8.42 0.0 1
8.43 198.05 1
8.44 196.3 1
8.45 197.21 1
8.46 196.33 1
8.47 196.05 1
8.48 196.43 1
8.49 197.27 1
8.5 196.08 1
8.51 198.12 1
8.52 196.23 1
8.53 198.1 1
8.54 196.43 1
8.55 197.25 1
8.56 197.26 1
8.57 219.0 1
8.58 285.99 1
8.59 301.78 1
8.6 305.38 1
8.61 297.06 1
8.62 295.06 1
8.63 295.06 1
8.64 293.07 1
8.65 291.15 1
8.66 293.07 1
8.67 293.03 1
8.68 292.11 1
8.69 291.42 1
8.7 290.95 1
8.71 290.03 1
8.72 290.97 1
8.73 291.1 1
8.74 291.42 1
8.75 291.96 1
8.76 291.16 1
8.77 293.02 1
8.78 296.17 1
8.79 295.21 1
8.8 302.93 1
8.81 208.53 1
8.82 183.49 1
8.83 185.0 1
8.84 185.87 1
8.85 200.67 1
8.86 195.75 1
8.87 197.03 1
8.88 198.66 1
8.89 200.79 1
8.9 402.45 1
8.91 402.35 1
8.92 397.77 1
8.93 396.62 1
8.94 397.26 1
8.95 397.59 1
8.96 395.05 1
8.97 395.69 1
8.98 394.8 1
8.99 394.11 1
9.0 394.09 1
9.01 391.15 1
9.02 388.31 1
9.03 385.32 1
9.04 381.36 1
9.05 381.09 1
9.06 384.6 1
9.07 380.15 1
9.08 384.77 1
9.09 388.33 1
9.1 391.74 1
9.11 378.53 1
9.12 369.63 1
9.13 357.09 1
9.14 371.8 1
9.15 0.0 1
9.16 0.0 1
9.17 0.0 1
9.18 384.64 1
9.19 382.58 1
9.2 381.34 1
9.21 392.44 1
9.22 396.38 1
9.23 402.99 1
9.24 404.02 1
9.25 407.55 1
9.26 402.82 1
9.27 397.28 1
9.28 394.67 1
9.29 388.67 1
9.3 384.16 1
9.31 381.77 1
9.32 378.53 1
9.33 0.0 1
9.34 181.09 1
9.35 174.04 1
9.36 171.79 1
9.37 175.35 1
9.38 165.48 1
9.39 164.01 1
9.4 163.59 1
9.41 162.14 1
9.42 161.16 1
9.43 160.06 1
9.44 160.13 1
9.45 161.22 1
9.46 161.21 1
9.47 160.89 1
9.48 161.81 1
9.49 161.8 1
9.5 164.24 1
9.51 165.9 1
9.52 168.42 1
9.53 169.3 1
9.54 166.91 1
9.55 174.68 1
9.56 173.98 1
9.57 171.31 1
9.58 167.93 1
9.59 158.94 1
9.6 307.39 1
9.61 289.26 1
9.62 289.14 1
9.63 286.8 1
9.64 284.67 1
9.65 284.87 1
9.66 285.66 1
9.67 283.64 1
9.68 286.21 1
9.69 286.77 1
9.7 288.33 1
9.71 288.78 1
9.72 289.51 1
9.73 289.76 1
9.74 288.89 1
9.75 287.33 1
9.76 287.95 1
9.77 288.74 1
9.78 289.76 1
9.79 290.34 1
9.8 290.96 1
9.81 291.53 1
9.82 291.09 1
9.83 291.1 1
9.84 290.94 1
9.85 290.54 1
9.86 289.84 1
9.87 289.9 1
9.88 290.13 1
9.89 290.65 1
9.9 290.99 1
9.91 291.09 1
9.92 291.6 1
9.93 291.03 1
9.94 291.06 1
9.95 290.8 1
9.96 291.47 1
9.97 291.1 1
9.98 291.95 1
9.99 290.95 1
10.0 291.09 1
10.01 290.52 1
10.02 289.72 1
10.03 287.93 1
10.04 285.27 1
10.05 279.74 1
10.06 276.71 1
10.07 271.42 1
10.08 266.92 1
10.09 261.17 1
10.1 255.73 1
10.11 251.05 1
10.12 258.34 1
10.13 242.56 1
10.14 236.36 1
10.15 235.93 1
10.16 233.28 1
10.17 232.17 1
10.18 231.36 1
10.19 233.01 1
10.2 236.87 1
10.21 238.66 1
10.22 239.38 1
10.23 243.0 1
10.24 257.15 1
10.25 253.77 1
10.26 253.68 1
10.27 260.18 1
10.28 264.03 1
10.29 260.18 1
10.3 262.0 1
10.31 257.11 1
10.32 247.22 1
10.33 244.93 1
10.34 247.8 1
10.35 278.24 1
10.36 272.3 1
10.37 276.48 1
10.38 264.88 1
10.39 260.18 1
10.4 243.87 1
10.41 264.86 1
10.42 257.15 1
10.43 257.15 1
10.44 251.76 1
10.45 250.17 1
10.46 240.01 1
10.47 240.12 1
10.48 240.53 1
10.49 239.4 1
10.5 240.0 1
10.51 240.69 1
10.52 238.93 1
10.53 242.22 1
10.54 240.83 1
10.55 242.32 1
10.56 242.66 1
10.57 239.65 1
10.58 243.16 1
10.59 242.15 1
10.6 244.63 1
10.61 243.27 1
10.62 245.52 1
10.63 249.7 1
10.64 244.56 1
10.65 255.66 1
10.66 243.64 1
10.67 245.68 1
10.68 242.04 1
10.69 241.85 1
10.7 239.6 1
10.71 240.2 1
10.72 240.05 1
10.73 238.37 1
10.74 239.45 1
10.75 239.74 1
10.76 238.53 1
10.77 239.47 1
10.78 242.48 1
10.79 245.83 1
10.8 271.13 1
10.81 269.76 1
10.82 246.78 1
10.83 255.65 1
10.84 275.11 1
10.85 258.65 1
10.86 273.52 1
10.87 266.47 1
10.88 270.86 1
10.89 268.08 1
10.9 260.18 1
10.91 264.88 1
10.92 255.07 1
10.93 248.85 1
10.94 226.28 1
10.95 233.77 1
10.96 243.99 1
10.97 233.21 1
10.98 233.22 1
10.99 236.4 1
11.0 240.93 1
11.01 240.53 1
11.02 249.41 1
11.03 261.72 1
11.04 267.1 1
11.05 271.86 1
11.06 266.47 1
11.07 264.88 1
11.08 276.81 1
11.09 257.15 1
11.1 264.81 1
11.11 261.07 1
11.12 257.28 1
11.13 253.04 1
11.14 251.34 1
11.15 252.15 1
11.16 251.3 1
11.17 247.87 1
11.18 247.47 1
11.19 245.69 1
11.2 257.15 1
11.21 241.99 1
11.22 241.64 1
11.23 238.53 1
11.24 233.54 1
11.25 232.41 1
11.26 230.38 1
11.27 226.22 1
11.28 222.15 1
11.29 217.79 1
11.3 217.99 1
11.31 216.21 1
11.32 203.31 1
11.33 212.74 1
11.34 206.57 1
11.35 222.72 1
11.36 207.57 1
11.37 206.59 1
11.38 207.54 1
11.39 214.59 1
11.4 210.8 1
11.41 220.36 1
11.42 213.19 1
11.43 218.31 1
11.44 215.01 1
11.45 217.33 1
11.46 213.92 1
11.47 215.88 1
11.48 214.85 1
11.49 216.87 1
11.5 218.56 1
11.51 220.04 1
11.52 221.81 1
11.53 227.52 1
11.54 229.65 1
11.55 233.96 1
11.56 248.85 1
11.57 239.2 1
11.58 261.73 1
11.59 247.06 1
11.6 241.87 1
11.61 245.13 1
11.62 244.73 1
11.63 245.09 1
11.64 244.69 1
11.65 242.41 1
11.66 243.8 1
11.67 243.35 1
11.68 242.83 1
11.69 245.45 1
11.7 242.64 1
11.71 244.31 1
11.72 241.87 1
11.73 242.01 1
11.74 242.25 1
11.75 241.57 1
11.76 244.63 1
11.77 252.35 1
11.78 256.92 1
11.79 254.4 1
11.8 252.96 1
11.81 267.08 1
11.82 260.18 1
11.83 253.22 1
11.84 255.76 1
11.85 238.44 1
11.86 243.36 1
11.87 236.76 1
11.88 240.33 1
11.89 242.61 1
11.9 245.51 1
11.91 260.18 1
11.92 259.35 1
11.93 255.66 1
11.94 248.92 1
11.95 120.4 1
11.96 121.66 1
11.97 122.19 1
11.98 119.79 1
11.99 118.46 1
