0.01 0.0 1
0.02 428.6 1
0.03 381.68 1
0.04 371.97 1
0.05 368.69 1
0.06 351.81 1
0.07 351.8 1
0.08 360.14 1
0.09 378.13 1
0.1 391.83 1
0.11 404.25 1
0.12 418.3 1
0.13 422.62 1
0.14 471.51 1
0.15 494.08 1
0.16 520.81 1
0.17 516.23 1
0.18 528.15 1
0.19 534.79 1
0.2 528.17 1
0.21 521.61 1
0.22 509.88 1
0.23 500.52 1
0.24 485.52 1
0.25 481.96 1
0.26 482.08 1
0.27 477.04 1
0.28 471.49 1
0.29 471.25 1
0.3 466.39 1
0.31 471.27 1
0.32 476.25 1
0.33 486.72 1
0.34 486.94 1
0.35 489.63 1
0.36 491.05 1
0.37 490.44 1
0.38 488.28 1
0.39 488.84 1
0.4 478.22 1
0.41 476.6 1
0.42 443.46 1
0.43 426.12 1
0.44 416.04 1
0.45 418.06 1
0.46 421.32 1
0.47 418.32 1
0.48 425.99 1
0.49 422.3 1
0.5 422.38 1
0.51 426.33 1
0.52 422.49 1
0.53 426.5 1
0.54 422.73 1
0.55 422.76 1
0.56 422.6 1
0.57 418.7 1
0.58 432.17 1
0.59 422.59 1
0.6 426.69 1
0.61 420.5 1
0.62 407.93 1
0.63 390.22 1
0.64 410.27 1
0.65 293.42 1
0.66 381.45 1
0.67 418.27 1
0.68 381.55 1
0.69 378.9 1
0.7 385.01 1
0.71 388.53 1
0.72 391.91 1
0.73 392.63 1
0.74 392.55 1
0.75 393.76 1
0.76 394.34 1
0.77 394.83 1
0.78 395.35 1
0.79 396.59 1
0.8 395.48 1
0.81 394.39 1
0.82 393.5 1
0.83 391.79 1
0.84 388.51 1
0.85 385.28 1
0.86 378.39 1
0.87 371.8 1
0.88 364.68 1
0.89 374.93 1
0.9 349.37 1
0.91 371.9 1
0.92 387.52 1
0.93 381.69 1
0.94 383.18 1
0.95 387.61 1
0.96 389.29 1
0.97 391.76 1
0.98 388.99 1
0.99 388.76 1
1.0 384.9 1
1.01 382.42 1
1.02 384.66 1
1.03 384.7 1
1.04 378.47 1
1.05 378.59 1
1.06 369.58 1
1.07 388.03 1
1.08 391.04 1
1.09 442.27 1
1.1 399.55 1
1.11 410.4 1
1.12 410.9 1
1.13 417.68 1
1.14 414.65 1
1.15 414.76 1
1.16 418.5 1
1.17 422.09 1
1.18 422.18 1
1.19 422.04 1
1.2 414.49 1
1.21 418.12 1
1.22 414.12 1
1.23 409.59 1
1.24 406.59 1
1.25 0.0 1
1.26 70.34 1
1.27 71.18 1
1.28 71.57 1
1.29 73.05 1
1.3 74.08 1
1.31 74.18 1
1.32 74.09 1
1.33 72.99 1
1.34 73.77 1
1.35 95.13 1
1.36 95.97 1
1.37 95.96 1
1.38 94.47 1
1.39 97.66 1
1.4 96.31 1
1.41 96.19 1
1.42 96.32 1
1.43 96.11 1
1.44 96.13 1
1.45 96.45 1
1.46 193.82 1
1.47 193.92 1
1.48 197.25 1
1.49 196.36 1
1.5 192.42 1
1.51 192.94 1
1.52 190.47 1
1.53 187.24 1
1.54 184.2 1
1.55 184.01 1
1.56 185.71 1
1.57 180.79 1
1.58 180.61 1
1.59 181.12 1
1.6 183.46 1
1.61 186.42 1
1.62 192.07 1
1.63 187.31 1
1.64 196.35 1
1.65 193.96 1
1.66 198.85 1
1.67 198.98 1
1.68 198.22 1
1.69 197.3 1
1.7 194.7 1
1.71 192.15 1
1.72 181.81 1
1.73 179.6 1
1.74 340.99 1
1.75 346.2 1
1.76 321.32 1
1.77 325.43 1
1.78 317.87 1
1.79 327.77 1
1.8 325.03 1
1.81 329.8 1
1.82 336.59 1
1.83 340.55 1
1.84 343.25 1
1.85 340.84 1
1.86 340.76 1
1.87 339.69 1
1.88 335.0 1
1.89 326.41 1
1.9 322.94 1
1.91 305.77 1
1.92 296.47 1
1.93 291.01 1
1.94 289.15 1
1.95 287.52 1
1.96 287.82 1
1.97 289.07 1
1.98 291.24 1
1.99 292.66 1
2.0 293.93 1
2.01 294.78 1
2.02 294.99 1
2.03 295.0 1
2.04 295.32 1
2.05 294.64 1
2.06 293.06 1
2.07 295.36 1
2.08 295.02 1
2.09 295.89 1
2.1 285.71 1
2.11 0.0 1
2.12 0.0 1
2.13 0.0 1
2.14 302.94 1
2.15 284.33 1
2.16 281.7 1
2.17 255.6 1
2.18 274.53 1
2.19 272.86 1
2.2 274.54 1
2.21 273.06 1
2.22 285.1 1
2.23 291.15 1
2.24 301.24 1
2.25 165.46 1
2.26 171.97 1
2.27 184.44 1
2.28 195.56 1
2.29 200.92 1
2.3 201.89 1
2.31 220.28 1
2.32 392.56 1
2.33 385.84 1
2.34 399.49 1
2.35 329.28 1
2.36 340.56 1
2.37 332.85 1
2.38 332.61 1
2.39 334.94 1
2.4 340.53 1
2.41 346.14 1
2.42 354.57 1
2.43 372.82 1
2.44 384.73 1
2.45 389.69 1
2.46 392.25 1
2.47 199.73 1
2.48 198.43 1
2.49 199.24 1
2.5 197.89 1
2.51 195.53 1
2.52 197.18 1
2.53 182.47 1
2.54 180.31 1
2.55 180.36 1
2.56 180.76 1
2.57 181.89 1
2.58 184.86 1
2.59 195.55 1
2.6 190.45 1
2.61 191.49 1
2.62 194.78 1
2.63 196.71 1
2.64 197.37 1
2.65 196.85 1
2.66 196.34 1
2.67 195.5 1
2.68 195.22 1
2.69 195.05 1
2.7 194.05 1
2.71 193.79 1
2.72 191.41 1
2.73 190.88 1
2.74 387.95 1
2.75 381.74 1
2.76 383.57 1
2.77 389.79 1
2.78 396.93 1
2.79 406.79 1
2.8 410.36 1
2.81 418.49 1
2.82 430.55 1
2.83 443.95 1
2.84 456.62 1
2.85 444.03 1
2.86 438.87 1
2.87 434.86 1
2.88 418.62 1
2.89 418.47 1
2.9 418.25 1
2.91 413.27 1
2.92 431.55 1
2.93 434.15 1
2.94 428.89 1
2.95 372.92 1
2.96 381.58 1
2.97 0.0 1
2.98 0.0 1
2.99 369.75 1
3.0 376.52 1
3.01 381.54 1
3.02 384.88 1
3.03 385.04 1
3.04 385.35 1
3.05 388.32 1
3.06 388.4 1
3.07 388.41 1
3.08 388.36 1
3.09 387.37 1
3.1 388.48 1
3.11 388.76 1
3.12 391.92 1
3.13 393.36 1
3.14 392.69 1
3.15 393.05 1
3.16 392.85 1
3.17 196.44 1
3.18 195.75 1
3.19 195.63 1
3.2 196.41 1
3.21 196.67 1
3.22 196.45 1
3.23 197.19 1
3.24 195.52 1
3.25 197.28 1
3.26 196.41 1
3.27 196.12 1
3.28 98.17 1
3.29 98.19 1
3.3 98.13 1
3.31 97.9 1
3.32 98.32 1
3.33 97.27 1
3.34 98.03 1
3.35 98.07 1
3.36 98.11 1
3.37 97.9 1
3.38 97.7 1
3.39 112.96 1
3.4 226.78 1
3.41 226.82 1
3.42 246.97 1
3.43 247.03 1
3.44 254.06 1
3.45 260.3 1
3.46 282.19 1
3.47 291.32 1
3.48 325.39 1
3.49 340.79 1
3.5 378.4 1
3.51 393.91 1
3.52 406.79 1
3.53 410.34 1
3.54 410.28 1
3.55 410.24 1
3.56 0.0 1
3.57 391.93 1
3.58 374.13 1
3.59 385.07 1
3.6 339.81 1
3.61 329.95 1
3.62 327.66 1
3.63 320.95 1
3.64 325.14 1
3.65 322.84 1
3.66 327.61 1
3.67 328.52 1
3.68 334.85 1
3.69 339.53 1
3.7 340.57 1
3.71 338.04 1
3.72 331.28 1
3.73 320.21 1
3.74 310.53 1
3.75 295.41 1
3.76 291.89 1
3.77 289.29 1
3.78 289.27 1
3.79 289.5 1
3.8 290.9 1
3.81 293.34 1
3.82 293.65 1
3.83 293.49 1
3.84 294.59 1
3.85 293.22 1
3.86 295.22 1
3.87 297.06 1
3.88 295.1 1
3.89 295.08 1
3.9 295.04 1
3.91 293.03 1
3.92 291.2 1
3.93 253.12 1
3.94 284.17 1
3.95 283.77 1
3.96 291.16 1
3.97 291.21 1
3.98 285.51 1
3.99 287.35 1
4.0 289.28 1
4.01 291.23 1
4.02 275.96 1
4.03 245.38 1
4.04 254.2 1
4.05 272.58 1
4.06 268.71 1
4.07 274.01 1
4.08 280.06 1
4.09 286.34 1
4.1 289.18 1
4.11 291.27 1
4.12 289.02 1
4.13 288.34 1
4.14 285.15 1
4.15 285.25 1
4.16 283.79 1
4.17 279.61 1
4.18 273.97 1
4.19 273.06 1
4.2 263.29 1
4.21 256.46 1
4.22 251.77 1
4.23 235.12 1
4.24 227.95 1
4.25 230.36 1
4.26 226.38 1
4.27 235.56 1
4.28 244.07 1
4.29 254.59 1
4.3 271.97 1
4.31 281.13 1
4.32 281.86 1
4.33 285.56 1
4.34 291.25 1
4.35 289.31 1
4.36 293.22 1
4.37 295.06 1
4.38 295.11 1
4.39 293.12 1
4.4 297.01 1
4.41 294.99 1
4.42 292.04 1
4.43 290.73 1
4.44 279.47 1
4.45 271.45 1
4.46 269.78 1
4.47 258.81 1
4.48 245.43 1
4.49 230.33 1
4.5 223.66 1
4.51 236.46 1
4.52 235.84 1
4.53 242.31 1
4.54 249.7 1
4.55 259.14 1
4.56 266.6 1
4.57 286.02 1
4.58 287.26 1
4.59 276.63 1
4.6 281.69 1
4.61 278.85 1
4.62 263.3 1
4.63 257.1 1
4.64 244.32 1
4.65 235.21 1
4.66 232.81 1
4.67 237.85 1
4.68 230.5 1
4.69 229.04 1
4.7 236.95 1
4.71 236.83 1
4.72 236.8 1
4.73 239.51 1
4.74 242.44 1
4.75 242.19 1
4.76 248.4 1
4.77 242.36 1
4.78 244.31 1
4.79 242.95 1
4.8 239.54 1
4.81 239.01 1
4.82 235.77 1
4.83 234.16 1
4.84 233.82 1
4.85 233.41 1
4.86 227.14 1
4.87 220.94 1
4.88 216.07 1
4.89 207.11 1
4.9 217.65 1
4.91 208.7 1
4.92 207.55 1
4.93 217.44 1
4.94 216.1 1
4.95 229.72 1
4.96 235.46 1
4.97 243.36 1
4.98 237.13 1
4.99 239.8 1
5.0 240.36 1
5.01 221.77 1
5.02 224.28 1
5.03 216.47 1
5.04 206.99 1
5.05 228.46 1
5.06 202.17 1
5.07 219.95 1
5.08 201.84 1
5.09 199.03 1
5.1 197.09 1
5.11 197.91 1
5.12 196.66 1
5.13 195.15 1
5.14 195.55 1
5.15 194.69 1
5.16 193.21 1
5.17 196.41 1
5.18 196.34 1
5.19 198.92 1
5.2 192.44 1
5.21 190.81 1
5.22 190.8 1
5.23 189.66 1
5.24 0.0 1
5.25 0.0 1
5.26 192.04 1
5.27 193.83 1
5.28 194.37 1
5.29 196.05 1
5.3 195.79 1
5.31 195.55 1
5.32 195.74 1
5.33 194.75 1
5.34 195.52 1
5.35 192.99 1
5.36 190.42 1
5.37 167.3 1
5.38 192.12 1
5.39 192.15 1
5.4 197.48 1
5.41 203.72 1
5.42 216.71 1
5.43 244.0 1
5.44 289.25 1
5.45 277.29 1
5.46 261.78 1
5.47 269.95 1
5.48 255.74 1
5.49 264.82 1
5.5 263.29 1
5.51 0.0 1
5.52 0.0 1
5.53 229.11 1
5.54 223.28 1
5.55 211.37 1
5.56 208.12 1
5.57 202.8 1
5.58 204.73 1
5.59 202.79 1
5.6 202.86 1
5.61 202.87 1
5.62 214.52 1
5.63 214.62 1
5.64 219.39 1
5.65 0.0 1
5.66 0.0 1
5.67 0.0 1
5.68 0.0 1
5.69 0.0 1
5.7 0.0 1
5.71 0.0 1
5.72 0.0 1
5.73 0.0 1
5.74 0.0 1
5.75 0.0 1
5.76 118.85 1
5.77 118.73 1
5.78 120.26 1
5.79 120.35 1
5.8 123.1 1
5.81 123.74 1
5.82 128.19 1
5.83 131.16 1
5.84 131.42 1
5.85 140.47 1
5.86 144.8 1
5.87 144.35 1
5.88 144.46 1
5.89 144.46 1
5.9 150.57 1
5.91 152.72 1
5.92 293.3 1
5.93 285.97 1
5.94 279.95 1
5.95 287.68 1
5.96 281.29 1
5.97 257.17 1
5.98 257.02 1
5.99 258.13 1
6.0 261.51 1
6.01 261.86 1
6.02 271.03 1
6.03 277.05 1
6.04 281.04 1
6.05 285.42 1
6.06 288.43 1
6.07 287.5 1
6.08 288.06 1
6.09 287.22 1
6.1 286.37 1
6.11 286.46 1
6.12 286.77 1
6.13 287.56 1
6.14 287.19 1
6.15 287.45 1
6.16 287.49 1
6.17 287.97 1
6.18 288.79 1
6.19 290.11 1
6.2 291.1 1
6.21 291.78 1
6.22 291.42 1
6.23 291.35 1
6.24 290.92 1
6.25 290.37 1
6.26 289.88 1
6.27 289.87 1
6.28 289.31 1
6.29 288.25 1
6.3 286.74 1
6.31 285.12 1
6.32 281.74 1
6.33 279.88 1
6.34 277.85 1
6.35 279.91 1
6.36 276.34 1
6.37 271.59 1
6.38 280.83 1
6.39 293.08 1
6.4 295.19 1
6.41 0.0 1
6.42 0.0 1
6.43 0.0 1
6.44 0.0 1
6.45 0.0 1
6.46 399.35 1
6.47 402.82 1
6.48 397.92 1
6.49 391.9 1
6.5 388.11 1
6.51 406.51 1
6.52 396.06 1
6.53 385.47 1
6.54 349.89 1
6.55 346.11 1
6.56 346.61 1
6.57 349.79 1
6.58 352.04 1
6.59 362.76 1
6.6 366.84 1
6.61 375.71 1
6.62 388.19 1
6.63 391.97 1
6.64 393.02 1
6.65 394.78 1
6.66 394.51 1
6.67 397.28 1
6.68 406.45 1
6.69 395.27 1
6.7 393.85 1
6.71 388.7 1
6.72 372.23 1
6.73 361.67 1
