0.01 196.7 1
0.02 199.96 1
0.03 193.49 1
0.04 193.29 1
0.05 194.07 1
0.06 195.55 1
0.07 194.76 1
0.08 194.77 1
0.09 196.36 1
0.1 195.55 1
0.11 195.06 1
0.12 195.55 1
0.13 195.55 1
0.14 194.69 1
0.15 194.33 1
0.16 194.21 1
0.17 194.69 1
0.18 194.16 1
0.19 194.7 1
0.2 194.23 1
0.21 195.52 1
0.22 195.09 1
0.23 196.42 1
0.24 196.12 1
0.25 197.24 1
0.26 195.23 1
0.27 195.54 1
0.28 194.69 1
0.29 196.38 1
0.3 194.76 1
0.31 195.51 1
0.32 193.86 1
0.33 194.68 1
0.34 194.69 1
0.35 194.7 1
0.36 194.8 1
0.37 195.98 1
0.38 195.95 1
0.39 391.82 1
0.4 391.76 1
0.41 390.73 1
0.42 387.58 1
0.43 381.92 1
0.44 327.87 1
0.45 340.08 1
0.46 326.8 1
0.47 327.83 1
0.48 314.56 1
0.49 286.64 1
0.5 279.98 1
0.51 257.81 1
0.52 252.72 1
0.53 253.25 1
0.54 255.96 1
0.55 255.79 1
0.56 278.22 1
0.57 293.49 1
0.58 311.93 1
0.59 332.86 1
0.6 340.95 1
0.61 374.1 1
0.62 394.91 1
0.63 402.11 1
0.64 414.24 1
0.65 403.49 1
0.66 405.3 1
0.67 394.91 1
0.68 369.82 1
0.69 362.56 1
0.7 380.34 1
0.71 364.92 1
0.72 331.48 1
0.73 321.4 1
0.74 322.01 1
0.75 325.62 1
0.76 325.24 1
0.77 331.44 1
0.78 334.68 1
0.79 337.12 1
0.8 337.98 1
0.81 338.75 1
0.82 337.34 1
0.83 335.81 1
0.84 333.75 1
0.85 320.41 1
0.86 313.85 1
0.87 302.63 1
0.88 295.3 1
0.89 290.87 1
0.9 291.92 1
0.91 293.0 1
0.92 293.92 1
0.93 293.04 1
0.94 294.99 1
0.95 295.83 1
0.96 294.46 1
0.97 293.04 1
0.98 293.03 1
0.99 293.54 1
1.0 294.51 1
1.01 293.06 1
1.02 294.98 1
1.03 294.46 1
1.04 293.04 1
1.05 293.04 1
1.06 293.04 1
1.07 293.04 1
1.08 293.04 1
1.09 293.03 1
1.1 292.39 1
1.11 290.39 1
1.12 286.89 1
1.13 284.49 1
1.14 282.06 1
1.15 261.77 1
1.16 270.32 1
1.17 244.26 1
1.18 225.65 1
1.19 223.55 1
1.2 226.75 1
1.21 227.53 1
1.22 232.74 1
1.23 243.09 1
1.24 254.21 1
1.25 263.29 1
1.26 261.63 1
1.27 263.31 1
1.28 266.46 1
1.29 290.46 1
1.3 287.78 1
1.31 294.06 1
1.32 284.07 1
1.33 290.92 1
1.34 296.89 1
1.35 287.46 1
1.36 281.78 1
1.37 279.82 1
1.38 269.68 1
1.39 256.12 1
1.4 248.91 1
1.41 242.91 1
1.42 249.69 1
1.43 237.59 1
1.44 236.46 1
1.45 226.85 1
1.46 235.87 1
1.47 240.3 1
1.48 244.24 1
1.49 244.13 1
1.5 249.8 1
1.51 254.19 1
1.52 260.2 1
1.53 266.82 1
1.54 269.39 1
1.55 274.84 1
1.56 276.47 1
1.57 274.64 1
1.58 285.54 1
1.59 286.67 1
1.6 287.45 1
1.61 291.04 1
1.62 292.76 1
1.63 292.59 1
1.64 294.99 1
1.65 296.91 1
1.66 296.37 1
1.67 297.18 1
1.68 296.63 1
1.69 296.73 1
1.7 295.0 1
1.71 296.97 1
1.72 296.98 1
1.73 296.51 1
1.74 294.22 1
1.75 293.03 1
1.76 293.38 1
1.77 296.75 1
1.78 295.85 1
1.79 296.58 1
1.8 287.32 1
1.81 263.25 1
1.82 223.48 1
1.83 215.67 1
1.84 211.62 1
1.85 206.77 1
1.86 213.17 1
1.87 222.65 1
1.88 243.95 1
1.89 267.53 1
1.9 272.8 1
1.91 297.97 1
1.92 299.0 1
1.93 295.07 1
1.94 313.72 1
1.95 151.84 1
1.96 317.03 1
1.97 309.82 1
1.98 291.1 1
1.99 284.41 1
2.0 279.8 1
2.01 266.43 1
2.02 261.73 1
2.03 264.17 1
2.04 259.95 1
2.05 260.18 1
2.06 261.09 1
2.07 249.45 1
2.08 247.81 1
2.09 250.52 1
2.1 253.72 1
2.11 254.2 1
2.12 254.81 1
2.13 255.83 1
2.14 258.3 1
2.15 260.18 1
2.16 264.02 1
2.17 262.02 1
2.18 265.45 1
2.19 267.42 1
2.2 267.37 1
2.21 267.73 1
2.22 261.49 1
2.23 260.18 1
2.24 260.91 1
2.25 257.37 1
2.26 249.23 1
2.27 243.3 1
2.28 244.43 1
2.29 232.56 1
2.3 236.76 1
2.31 242.92 1
2.32 242.93 1
2.33 244.79 1
2.34 256.9 1
2.35 254.29 1
2.36 253.32 1
2.37 256.32 1
2.38 264.16 1
2.39 266.13 1
2.4 258.95 1
2.41 257.99 1
2.42 257.12 1
2.43 248.46 1
2.44 242.51 1
2.45 229.09 1
2.46 230.12 1
2.47 222.0 1
2.48 217.74 1
2.49 215.22 1
2.5 209.98 1
2.51 210.77 1
2.52 216.97 1
2.53 214.2 1
2.54 220.88 1
2.55 227.45 1
2.56 226.81 1
2.57 229.12 1
2.58 229.57 1
2.59 225.08 1
2.6 221.4 1
2.61 217.16 1
2.62 215.03 1
2.63 202.78 1
2.64 209.52 1
2.65 191.33 1
2.66 143.42 1
2.67 148.23 1
2.68 193.1 1
2.69 188.74 1
2.7 203.46 1
2.71 194.19 1
2.72 198.74 1
2.73 189.51 1
2.74 195.56 1
2.75 194.07 1
2.76 193.83 1
2.77 194.07 1
2.78 193.33 1
2.79 195.26 1
2.8 194.93 1
2.81 194.21 1
2.82 194.89 1
2.83 194.02 1
2.84 194.83 1
2.85 195.47 1
2.86 194.76 1
2.87 195.9 1
2.88 194.68 1
2.89 195.59 1
2.9 193.99 1
2.91 195.56 1
2.92 191.63 1
2.93 192.74 1
2.94 191.36 1
2.95 191.75 1
2.96 191.22 1
2.97 188.07 1
2.98 188.06 1
2.99 190.61 1
3.0 191.1 1
3.01 195.01 1
3.02 198.96 1
3.03 216.16 1
3.04 239.27 1
3.05 255.65 1
3.06 261.89 1
3.07 273.41 1
3.08 279.31 1
3.09 243.49 1
3.1 270.66 1
3.11 254.95 1
3.12 259.6 1
3.13 251.28 1
3.14 239.35 1
3.15 234.79 1
3.16 232.21 1
3.17 229.09 1
3.18 219.13 1
3.19 225.54 1
3.2 222.31 1
3.21 226.25 1
3.22 227.32 1
3.23 237.67 1
3.24 251.06 1
3.25 255.55 1
3.26 253.61 1
3.27 263.29 1
3.28 271.54 1
3.29 264.93 1
3.3 270.07 1
3.31 258.47 1
3.32 248.6 1
3.33 251.38 1
3.34 231.43 1
3.35 224.19 1
3.36 216.26 1
3.37 212.39 1
3.38 198.19 1
3.39 200.15 1
3.4 191.68 1
3.41 190.62 1
3.42 192.33 1
3.43 189.32 1
3.44 192.8 1
3.45 191.48 1
3.46 195.65 1
3.47 192.62 1
3.48 196.5 1
3.49 195.17 1
3.5 198.2 1
3.51 193.68 1
3.52 197.39 1
3.53 192.91 1
3.54 195.84 1
3.55 0.0 1
3.56 0.0 1
3.57 0.0 1
3.58 0.0 1
3.59 216.8 1
3.6 206.75 1
3.61 199.09 1
3.62 196.16 1
3.63 193.45 1
3.64 191.92 1
3.65 190.38 1
3.66 186.11 1
3.67 183.42 1
3.68 179.95 1
3.69 181.57 1
3.7 177.5 1
3.71 181.14 1
3.72 183.28 1
3.73 188.06 1
3.74 194.45 1
3.75 190.69 1
3.76 192.45 1
3.77 195.98 1
3.78 194.64 1
3.79 193.14 1
3.8 191.68 1
3.81 190.55 1
3.82 187.8 1
3.83 184.48 1
3.84 179.71 1
3.85 181.48 1
3.86 175.35 1
3.87 177.91 1
3.88 168.65 1
3.89 172.71 1
3.9 170.16 1
3.91 158.93 1
3.92 154.62 1
3.93 155.41 1
3.94 144.35 1
3.95 147.72 1
3.96 147.32 1
3.97 144.74 1
3.98 144.2 1
3.99 140.37 1
4.0 137.48 1
4.01 138.95 1
4.02 133.96 1
4.03 136.27 1
4.04 133.38 1
4.05 140.81 1
4.06 141.4 1
4.07 140.63 1
4.08 142.83 1
4.09 145.19 1
4.1 146.26 1
4.11 150.73 1
4.12 155.53 1
4.13 158.92 1
4.14 176.04 1
4.15 176.88 1
4.16 185.69 1
4.17 193.62 1
4.18 193.73 1
4.19 192.66 1
4.2 191.04 1
4.21 188.56 1
4.22 180.9 1
4.23 172.61 1
4.24 172.78 1
4.25 172.26 1
4.26 169.94 1
4.27 167.76 1
4.28 170.6 1
4.29 175.15 1
4.3 183.01 1
4.31 190.39 1
4.32 194.88 1
4.33 199.72 1
4.34 204.0 1
4.35 201.91 1
4.36 197.5 1
4.37 195.58 1
4.38 193.29 1
4.39 191.22 1
4.4 190.41 1
4.41 184.54 1
4.42 182.38 1
4.43 182.19 1
4.44 177.83 1
4.45 187.85 1
4.46 184.94 1
4.47 187.07 1
4.48 191.34 1
4.49 186.34 1
4.5 188.17 1
4.51 189.17 1
4.52 188.66 1
4.53 187.26 1
4.54 192.11 1
4.55 195.54 1
4.56 195.63 1
4.57 193.77 1
4.58 194.67 1
4.59 196.77 1
4.6 197.16 1
4.61 198.2 1
4.62 195.63 1
4.63 195.17 1
4.64 197.3 1
4.65 198.18 1
4.66 189.68 1
4.67 195.32 1
4.68 196.04 1
4.69 196.4 1
4.7 195.97 1
4.71 197.3 1
4.72 196.42 1
4.73 196.03 1
4.74 195.95 1
4.75 196.91 1
4.76 197.45 1
4.77 195.43 1
4.78 196.16 1
4.79 196.23 1
4.8 198.08 1
4.81 190.52 1
4.82 196.01 1
4.83 196.43 1
4.84 195.74 1
4.85 195.85 1
4.86 197.27 1
4.87 208.51 1
4.88 196.15 1
4.89 197.29 1
4.9 196.32 1
4.91 198.15 1
4.92 196.23 1
4.93 196.43 1
4.94 206.57 1
4.95 198.19 1
4.96 197.31 1
4.97 197.03 1
4.98 196.0 1
4.99 187.81 1
5.0 185.68 1
5.01 186.42 1
5.02 184.08 1
5.03 181.14 1
5.04 191.27 1
5.05 195.87 1
5.06 201.87 1
5.07 225.53 1
5.08 256.99 1
5.09 276.47 1
5.1 289.0 1
5.11 294.99 1
5.12 298.73 1
5.13 307.28 1
5.14 300.85 1
5.15 293.31 1
5.16 283.18 1
5.17 268.02 1
5.18 264.81 1
5.19 241.62 1
5.2 182.17 1
5.21 226.72 1
5.22 222.27 1
5.23 219.95 1
5.24 215.19 1
5.25 217.75 1
5.26 218.56 1
5.27 225.17 1
5.28 223.63 1
5.29 247.42 1
5.3 257.17 1
5.31 275.87 1
5.32 282.27 1
5.33 283.99 1
5.34 283.9 1
5.35 282.06 1
5.36 268.13 1
5.37 269.71 1
5.38 261.75 1
5.39 252.65 1
5.4 248.12 1
5.41 247.05 1
5.42 243.36 1
5.43 236.76 1
5.44 226.77 1
5.45 229.82 1
5.46 231.39 1
5.47 232.76 1
5.48 237.86 1
5.49 243.01 1
5.5 251.25 1
5.51 255.05 1
5.52 255.67 1
5.53 262.82 1
5.54 264.86 1
5.55 257.16 1
5.56 259.28 1
5.57 256.31 1
5.58 253.97 1
5.59 251.33 1
5.6 222.56 1
5.61 231.53 1
5.62 223.64 1
5.63 219.92 1
5.64 218.4 1
5.65 218.86 1
5.66 217.24 1
5.67 218.81 1
5.68 217.56 1
5.69 217.77 1
5.7 218.82 1
5.71 217.77 1
5.72 218.19 1
5.73 218.81 1
5.74 217.78 1
5.75 218.22 1
5.76 216.42 1
5.77 217.81 1
5.78 219.46 1
5.79 216.72 1
5.8 218.92 1
5.81 96.1 1
5.82 98.99 1
5.83 115.29 1
5.84 117.44 1
5.85 116.82 1
5.86 118.35 1
5.87 120.14 1
5.88 119.03 1
5.89 120.65 1
5.9 119.98 1
5.91 120.53 1
5.92 119.48 1
5.93 120.2 1
5.94 119.03 1
5.95 119.84 1
5.96 120.28 1
5.97 120.63 1
5.98 121.43 1
5.99 122.1 1
6.0 122.4 1
6.01 122.03 1
6.02 122.13 1
6.03 121.66 1
6.04 121.66 1
6.05 120.66 1
6.06 120.33 1
6.07 119.28 1
6.08 117.83 1
6.09 117.02 1
6.1 116.87 1
6.11 116.97 1
6.12 234.54 1
6.13 243.54 1
6.14 255.67 1
6.15 264.86 1
6.16 249.87 1
6.17 268.04 1
6.18 281.73 1
6.19 311.6 1
6.2 280.01 1
6.21 296.99 1
6.22 273.06 1
6.23 288.63 1
6.24 288.51 1
6.25 287.35 1
6.26 286.08 1
6.27 279.99 1
6.28 269.74 1
6.29 117.68 1
6.3 114.1 1
6.31 111.67 1
6.32 111.32 1
6.33 111.28 1
6.34 225.02 1
6.35 226.77 1
6.36 247.04 1
6.37 249.59 1
6.38 260.77 1
6.39 271.38 1
6.4 278.19 1
6.41 275.76 1
6.42 285.21 1
6.43 287.36 1
6.44 286.61 1
6.45 287.28 1
6.46 287.2 1
6.47 288.03 1
6.48 286.82 1
6.49 289.23 1
6.5 289.8 1
6.51 290.53 1
6.52 290.55 1
6.53 291.17 1
6.54 289.38 1
6.55 289.62 1
6.56 289.11 1
6.57 289.04 1
6.58 289.32 1
6.59 290.91 1
6.6 291.08 1
6.61 292.02 1
6.62 292.08 1
6.63 292.48 1
6.64 293.69 1
6.65 293.99 1
6.66 294.49 1
6.67 294.0 1
6.68 294.65 1
6.69 293.03 1
6.7 292.21 1
6.71 290.0 1
6.72 287.31 1
6.73 282.62 1
6.74 281.73 1
6.75 278.11 1
6.76 278.15 1
6.77 271.38 1
6.78 276.42 1
6.79 280.55 1
6.8 293.03 1
6.81 295.04 1
6.82 319.68 1
6.83 330.34 1
6.84 181.83 1
6.85 188.39 1
6.86 195.51 1
6.87 194.45 1
6.88 195.8 1
6.89 196.38 1
6.9 190.54 1
6.91 190.49 1
6.92 188.08 1
6.93 185.65 1
6.94 173.95 1
6.95 171.42 1
6.96 170.61 1
6.97 171.08 1
6.98 170.66 1
6.99 178.14 1
7.0 185.66 1
7.01 187.32 1
7.02 192.13 1
7.03 195.74 1
7.04 196.86 1
7.05 197.06 1
7.06 197.71 1
7.07 197.78 1
7.08 193.87 1
7.09 98.84 1
7.1 99.05 1
7.11 99.01 1
7.12 98.55 1
