0.01 0.0 1
0.02 0.0 1
0.03 286.57 1
0.04 309.89 1
0.05 322.47 1
0.06 330.32 1
0.07 337.19 1
0.08 346.34 1
0.09 351.83 1
0.1 363.26 1
0.11 351.3 1
0.12 0.0 1
0.13 403.12 1
0.14 432.71 1
0.15 447.43 1
0.16 461.47 1
0.17 473.19 1
0.18 483.43 1
0.19 491.24 1
0.2 490.27 1
0.21 491.38 1
0.22 492.03 1
0.23 489.07 1
0.24 490.33 1
0.25 490.61 1
0.26 484.44 1
0.27 478.18 1
0.28 474.04 1
0.29 471.19 1
0.3 464.24 1
0.31 458.4 1
0.32 445.94 1
0.33 436.45 1
0.34 437.36 1
0.35 438.63 1
0.36 437.35 1
0.37 439.42 1
0.38 438.49 1
0.39 441.26 1
0.4 430.39 1
0.41 418.1 1
0.42 439.0 1
0.43 438.71 1
0.44 426.51 1
0.45 434.51 1
0.46 0.0 1
0.47 0.0 1
0.48 461.15 1
0.49 476.71 1
0.5 481.66 1
0.51 481.71 1
0.52 482.45 1
0.53 480.75 1
0.54 479.49 1
0.55 477.82 1
0.56 476.29 1
0.57 477.11 1
0.58 476.75 1
0.59 476.63 1
0.6 481.81 1
0.61 480.03 1
0.62 479.05 1
0.63 481.84 1
0.64 481.91 1
0.65 487.22 1
0.66 491.93 1
0.67 494.5 1
0.68 492.04 1
0.69 491.27 1
0.7 490.98 1
0.71 493.18 1
0.72 493.25 1
0.73 496.3 1
0.74 494.98 1
0.75 487.87 1
0.76 482.1 1
0.77 481.79 1
0.78 476.41 1
0.79 476.74 1
0.8 480.43 1
0.81 466.75 1
0.82 476.81 1
0.83 418.31 1
0.84 327.07 1
0.85 309.52 1
0.86 309.42 1
0.87 297.41 1
0.88 298.91 1
0.89 289.38 1
0.9 292.15 1
0.91 297.01 1
0.92 291.32 1
0.93 286.61 1
0.94 285.39 1
0.95 284.76 1
0.96 286.49 1
0.97 287.12 1
0.98 288.99 1
0.99 291.06 1
1.0 292.27 1
1.01 291.25 1
1.02 293.19 1
1.03 295.1 1
1.04 297.08 1
1.05 295.15 1
1.06 301.53 1
1.07 301.06 1
1.08 303.62 1
1.09 306.69 1
1.1 299.27 1
1.11 315.7 1
1.12 316.02 1
1.13 320.38 1
1.14 323.74 1
1.15 335.01 1
1.16 0.0 1
1.17 0.0 1
1.18 0.0 1
1.19 0.0 1
1.2 0.0 1
1.21 0.0 1
1.22 466.2 1
1.23 481.81 1
1.24 498.83 1
1.25 511.17 1
1.26 513.03 1
1.27 511.18 1
1.28 512.99 1
1.29 512.73 1
1.3 514.24 1
1.31 507.05 1
1.32 472.51 1
1.33 496.67 1
1.34 510.32 1
1.35 514.99 1
1.36 534.41 1
1.37 521.62 1
1.38 498.3 1
1.39 489.91 1
1.4 484.12 1
1.41 487.29 1
1.42 488.12 1
1.43 487.86 1
1.44 489.06 1
1.45 490.13 1
1.46 489.0 1
1.47 488.64 1
1.48 487.25 1
1.49 485.2 1
1.5 485.82 1
1.51 487.04 1
1.52 488.33 1
1.53 488.98 1
1.54 488.5 1
1.55 487.61 1
1.56 487.77 1
1.57 489.9 1
1.58 492.98 1
1.59 496.16 1
1.6 496.7 1
1.61 498.64 1
1.62 498.6 1
1.63 496.56 1
1.64 494.34 1
1.65 492.44 1
1.66 489.87 1
1.67 486.52 1
1.68 474.97 1
1.69 482.08 1
1.7 487.36 1
1.71 466.06 1
1.72 466.64 1
1.73 481.96 1
1.74 480.49 1
1.75 484.75 1
1.76 490.44 1
1.77 490.74 1
1.78 490.41 1
1.79 488.15 1
1.8 484.19 1
1.81 479.75 1
1.82 473.53 1
1.83 476.12 1
1.84 456.22 1
1.85 456.85 1
1.86 443.03 1
1.87 447.42 1
1.88 435.15 1
1.89 452.17 1
1.9 436.56 1
1.91 447.57 1
1.92 434.04 1
1.93 434.44 1
1.94 446.57 1
1.95 430.48 1
1.96 429.11 1
1.97 429.71 1
1.98 430.29 1
1.99 432.15 1
2.0 433.58 1
2.01 442.29 1
2.02 455.46 1
2.03 438.78 1
2.04 441.14 1
2.05 445.95 1
2.06 448.09 1
2.07 445.78 1
2.08 0.0 1
2.09 0.0 1
2.1 0.0 1
2.11 0.0 1
2.12 0.0 1
2.13 0.0 1
2.14 0.0 1
2.15 0.0 1
2.16 510.65 1
2.17 496.02 1
2.18 495.34 1
2.19 491.41 1
2.2 494.88 1
2.21 489.74 1
2.22 489.0 1
2.23 489.81 1
2.24 490.04 1
2.25 494.28 1
2.26 497.83 1
2.27 501.05 1
2.28 502.11 1
2.29 505.8 1
2.3 507.04 1
2.31 509.84 1
2.32 508.51 1
2.33 502.64 1
2.34 494.4 1
2.35 485.41 1
2.36 486.48 1
2.37 481.69 1
2.38 479.07 1
2.39 487.91 1
2.4 498.03 1
2.41 505.42 1
2.42 512.27 1
2.43 518.26 1
2.44 520.34 1
2.45 517.76 1
2.46 514.21 1
2.47 502.25 1
2.48 463.26 1
2.49 502.55 1
2.5 514.01 1
2.51 487.59 1
2.52 507.78 1
2.53 462.57 1
2.54 467.51 1
2.55 476.0 1
2.56 487.16 1
2.57 491.99 1
2.58 493.65 1
2.59 492.73 1
2.6 489.82 1
2.61 485.14 1
2.62 480.06 1
2.63 469.26 1
2.64 459.56 1
2.65 452.18 1
2.66 452.19 1
2.67 431.02 1
2.68 447.65 1
2.69 434.77 1
2.7 438.73 1
2.71 428.49 1
2.72 426.75 1
2.73 425.47 1
2.74 422.02 1
2.75 427.4 1
2.76 430.31 1
2.77 430.48 1
2.78 442.92 1
2.79 451.5 1
2.8 448.83 1
2.81 454.45 1
2.82 466.46 1
2.83 459.95 1
2.84 458.05 1
2.85 451.23 1
2.86 434.27 1
2.87 415.95 1
2.88 430.25 1
2.89 430.25 1
2.9 409.55 1
2.91 424.63 1
2.92 427.47 1
2.93 417.02 1
2.94 430.29 1
2.95 447.06 1
2.96 410.77 1
2.97 392.06 1
2.98 395.51 1
2.99 391.75 1
3.0 383.49 1
3.01 394.97 1
3.02 381.45 1
3.03 384.59 1
3.04 387.7 1
3.05 385.03 1
3.06 386.11 1
3.07 386.35 1
3.08 427.07 1
3.09 358.5 1
3.1 388.88 1
3.11 390.71 1
3.12 390.9 1
3.13 391.79 1
3.14 393.22 1
3.15 393.13 1
3.16 391.36 1
3.17 389.75 1
3.18 389.17 1
3.19 388.41 1
3.2 388.58 1
3.21 387.34 1
3.22 387.7 1
3.23 387.59 1
3.24 389.38 1
3.25 390.69 1
3.26 390.9 1
3.27 390.29 1
3.28 389.3 1
3.29 386.22 1
3.3 349.17 1
3.31 340.72 1
3.32 346.0 1
3.33 371.7 1
3.34 354.17 1
3.35 348.58 1
3.36 362.95 1
3.37 391.4 1
3.38 386.33 1
3.39 389.73 1
3.4 394.98 1
3.41 390.04 1
3.42 389.46 1
3.43 388.24 1
3.44 386.69 1
3.45 387.58 1
3.46 388.71 1
3.47 388.09 1
3.48 386.55 1
3.49 384.55 1
3.5 384.24 1
3.51 379.8 1
3.52 373.97 1
3.53 382.99 1
3.54 384.65 1
3.55 350.28 1
3.56 359.47 1
3.57 361.72 1
3.58 370.58 1
3.59 380.19 1
3.6 393.18 1
3.61 406.45 1
3.62 414.25 1
3.63 417.91 1
3.64 403.98 1
3.65 403.01 1
3.66 395.49 1
3.67 414.92 1
3.68 410.32 1
3.69 419.29 1
3.7 418.02 1
3.71 408.34 1
3.72 399.07 1
3.73 384.94 1
3.74 366.83 1
3.75 357.21 1
3.76 347.26 1
3.77 340.6 1
3.78 340.56 1
3.79 346.05 1
3.8 354.26 1
3.81 360.26 1
3.82 369.41 1
3.83 373.1 1
3.84 385.5 1
3.85 386.66 1
3.86 385.96 1
3.87 391.05 1
3.88 380.95 1
3.89 375.64 1
3.9 371.86 1
3.91 360.24 1
3.92 352.39 1
3.93 341.32 1
3.94 332.97 1
3.95 324.39 1
3.96 320.18 1
3.97 318.11 1
3.98 305.53 1
3.99 0.0 1
4.0 299.01 1
4.01 293.16 1
4.02 295.0 1
4.03 291.76 1
4.04 291.07 1
4.05 291.1 1
4.06 290.44 1
4.07 287.34 1
4.08 273.05 1
4.09 0.0 1
4.1 0.0 1
4.11 0.0 1
4.12 0.0 1
4.13 0.0 1
4.14 0.0 1
4.15 286.1 1
4.16 286.8 1
4.17 288.49 1
4.18 287.23 1
4.19 288.64 1
4.2 288.5 1
4.21 288.27 1
4.22 286.49 1
4.23 285.63 1
4.24 285.35 1
4.25 286.35 1
4.26 288.11 1
4.27 291.18 1
4.28 295.17 1
4.29 297.03 1
4.3 0.0 1
4.31 0.0 1
4.32 0.0 1
4.33 0.0 1
4.34 0.0 1
4.35 0.0 1
4.36 0.0 1
4.37 0.0 1
4.38 0.0 1
4.39 0.0 1
4.4 0.0 1
4.41 356.55 1
4.42 348.63 1
4.43 340.07 1
4.44 335.23 1
4.45 332.1 1
4.46 330.93 1
4.47 330.07 1
4.48 327.33 1
4.49 325.45 1
4.5 324.57 1
4.51 323.65 1
4.52 323.01 1
4.53 318.45 1
4.54 318.79 1
4.55 320.63 1
4.56 322.86 1
4.57 323.06 1
4.58 325.4 1
4.59 326.33 1
4.6 337.8 1
4.61 348.64 1
4.62 337.92 1
4.63 343.21 1
4.64 387.1 1
4.65 385.64 1
4.66 389.43 1
4.67 345.24 1
4.68 389.9 1
4.69 438.97 1
4.7 391.14 1
4.71 354.11 1
4.72 389.7 1
4.73 389.55 1
4.74 382.5 1
4.75 384.73 1
4.76 378.54 1
4.77 0.0 1
4.78 0.0 1
4.79 0.0 1
4.8 0.0 1
4.81 0.0 1
4.82 0.0 1
4.83 0.0 1
4.84 0.0 1
4.85 397.09 1
4.86 405.86 1
4.87 412.92 1
4.88 410.25 1
4.89 402.8 1
4.9 392.09 1
4.91 366.37 1
4.92 384.99 1
4.93 0.0 1
4.94 0.0 1
4.95 97.24 1
4.96 96.98 1
4.97 98.34 1
4.98 98.53 1
4.99 97.47 1
5.0 98.33 1
5.01 104.19 1
5.02 99.88 1
5.03 96.31 1
5.04 96.36 1
5.05 100.83 1
5.06 96.05 1
5.07 96.15 1
5.08 96.01 1
5.09 192.52 1
5.1 391.18 1
5.11 391.6 1
5.12 389.2 1
5.13 391.5 1
5.14 391.67 1
5.15 391.68 1
5.16 391.52 1
5.17 390.43 1
5.18 391.44 1
5.19 392.74 1
5.2 392.28 1
5.21 196.39 1
5.22 197.27 1
5.23 198.15 1
5.24 198.13 1
5.25 197.48 1
5.26 197.98 1
5.27 198.71 1
5.28 197.95 1
5.29 197.92 1
5.3 197.95 1
5.31 197.22 1
5.32 197.17 1
5.33 194.88 1
5.34 197.13 1
5.35 194.6 1
5.36 192.98 1
5.37 193.79 1
5.38 196.24 1
5.39 194.04 1
5.4 388.41 1
5.41 385.97 1
5.42 391.36 1
5.43 391.39 1
5.44 0.0 1
5.45 0.0 1
5.46 0.0 1
5.47 0.0 1
5.48 96.52 1
5.49 96.4 1
5.5 98.93 1
5.51 96.42 1
5.52 195.3 1
5.53 193.77 1
5.54 193.0 1
5.55 0.0 1
5.56 0.0 1
5.57 0.0 1
5.58 0.0 1
5.59 0.0 1
5.6 0.0 1
5.61 0.0 1
5.62 0.0 1
5.63 0.0 1
5.64 0.0 1
5.65 0.0 1
5.66 0.0 1
5.67 0.0 1
5.68 0.0 1
5.69 0.0 1
5.7 0.0 1
5.71 0.0 1
5.72 0.0 1
5.73 0.0 1
5.74 0.0 1
5.75 0.0 1
5.76 0.0 1
5.77 0.0 1
5.78 0.0 1
5.79 0.0 1
5.8 152.06 1
5.81 153.38 1
5.82 155.72 1
5.83 151.28 1
5.84 153.03 1
5.85 155.56 1
5.86 325.16 1
5.87 321.57 1
5.88 327.02 1
5.89 331.52 1
5.9 335.42 1
5.91 309.83 1
5.92 330.79 1
5.93 335.87 1
5.94 333.67 1
5.95 331.62 1
5.96 328.79 1
5.97 326.12 1
5.98 327.45 1
5.99 321.52 1
6.0 318.38 1
6.01 315.28 1
6.02 155.14 1
6.03 153.32 1
6.04 152.29 1
6.05 183.48 1
6.06 181.09 1
6.07 146.4 1
6.08 145.19 1
6.09 144.89 1
6.1 174.96 1
6.11 287.39 1
6.12 289.05 1
6.13 289.06 1
6.14 287.58 1
6.15 286.83 1
6.16 286.8 1
6.17 284.92 1
6.18 282.55 1
6.19 285.47 1
6.2 225.67 1
6.21 284.66 1
6.22 285.13 1
6.23 284.84 1
6.24 287.21 1
6.25 284.36 1
6.26 289.43 1
6.27 288.77 1
6.28 288.08 1
6.29 289.67 1
6.3 288.2 1
6.31 289.28 1
6.32 289.28 1
6.33 290.21 1
6.34 289.17 1
6.35 289.71 1
6.36 288.04 1
6.37 290.21 1
6.38 289.26 1
6.39 287.74 1
6.4 288.29 1
6.41 287.01 1
6.42 287.02 1
6.43 289.14 1
6.44 143.87 1
6.45 144.35 1
6.46 144.55 1
6.47 150.14 1
6.48 143.31 1
6.49 146.23 1
6.5 145.79 1
6.51 147.06 1
6.52 145.79 1
6.53 145.59 1
6.54 146.0 1
6.55 144.88 1
6.56 145.8 1
6.57 145.96 1
6.58 144.83 1
6.59 144.87 1
6.6 146.03 1
6.61 145.83 1
6.62 143.62 1
6.63 0.0 1
6.64 0.0 1
6.65 0.0 1
6.66 281.61 1
6.67 288.99 1
6.68 286.17 1
6.69 286.76 1
6.7 286.66 1
6.71 283.69 1
6.72 283.79 1
6.73 282.36 1
6.74 282.12 1
6.75 282.8 1
6.76 282.66 1
6.77 282.17 1
6.78 282.0 1
6.79 281.75 1
6.8 280.91 1
6.81 281.61 1
6.82 281.05 1
6.83 281.98 1
6.84 283.75 1
6.85 285.78 1
6.86 287.21 1
6.87 291.12 1
6.88 295.02 1
6.89 295.14 1
6.9 315.96 1
6.91 320.71 1
6.92 335.41 1
6.93 346.09 1
6.94 366.12 1
6.95 0.0 1
6.96 0.0 1
6.97 0.0 1
6.98 0.0 1
6.99 0.0 1
7.0 0.0 1
7.01 0.0 1
7.02 0.0 1
7.03 0.0 1
7.04 183.72 1
7.05 182.29 1
7.06 180.47 1
7.07 189.81 1
7.08 200.01 1
7.09 200.96 1
7.1 197.35 1
7.11 194.6 1
7.12 196.15 1
7.13 193.74 1
7.14 193.71 1
7.15 195.34 1
7.16 193.56 1
7.17 0.0 1
7.18 0.0 1
7.19 0.0 1
7.2 377.46 1
7.21 375.69 1
7.22 373.64 1
7.23 368.09 1
7.24 368.74 1
7.25 362.72 1
7.26 355.04 1
7.27 360.33 1
7.28 365.6 1
7.29 374.42 1
7.3 374.64 1
7.31 410.83 1
7.32 382.45 1
7.33 389.37 1
7.34 390.37 1
7.35 393.61 1
7.36 395.81 1
7.37 391.95 1
7.38 0.0 1
7.39 0.0 1
7.4 0.0 1
7.41 0.0 1
7.42 0.0 1
7.43 0.0 1
7.44 0.0 1
7.45 378.09 1
7.46 374.9 1
7.47 358.42 1
7.48 351.29 1
7.49 344.9 1
7.5 336.99 1
7.51 332.31 1
7.52 328.92 1
7.53 325.79 1
7.54 323.06 1
7.55 323.02 1
7.56 322.93 1
7.57 322.93 1
7.58 322.9 1
7.59 322.93 1
7.6 320.62 1
7.61 320.6 1
7.62 320.63 1
7.63 320.62 1
7.64 318.37 1
7.65 320.62 1
7.66 322.94 1
7.67 325.28 1
7.68 325.32 1
7.69 323.47 1
7.7 325.05 1
7.71 325.84 1
7.72 325.46 1
7.73 323.94 1
7.74 316.28 1
7.75 323.17 1
7.76 325.37 1
7.77 322.3 1
7.78 323.35 1
7.79 325.29 1
7.8 157.26 1
7.81 158.97 1
7.82 321.37 1
7.83 325.37 1
7.84 319.04 1
7.85 319.47 1
7.86 288.66 1
7.87 296.96 1
7.88 295.72 1
7.89 295.42 1
7.9 294.74 1
7.91 295.2 1
7.92 294.16 1
7.93 294.48 1
7.94 294.21 1
7.95 294.35 1
7.96 293.07 1
7.97 293.54 1
7.98 292.55 1
7.99 291.1 1
8.0 292.79 1
8.01 292.32 1
8.02 291.14 1
8.03 291.12 1
8.04 290.84 1
8.05 289.63 1
8.06 290.13 1
8.07 290.43 1
8.08 288.92 1
8.09 288.26 1
8.1 287.91 1
8.11 286.69 1
8.12 286.33 1
8.13 286.49 1
8.14 286.43 1
8.15 286.24 1
8.16 285.99 1
8.17 285.01 1
8.18 284.05 1
8.19 281.9 1
8.2 278.79 1
8.21 278.13 1
8.22 261.92 1
8.23 266.37 1
8.24 254.83 1
8.25 247.72 1
8.26 478.79 1
8.27 237.7 1
8.28 225.61 1
8.29 225.61 1
8.3 226.82 1
8.31 242.84 1
8.32 245.59 1
8.33 254.26 1
8.34 257.21 1
8.35 266.91 1
8.36 273.26 1
8.37 276.11 1
8.38 283.06 1
8.39 284.61 1
8.4 289.31 1
8.41 288.73 1
8.42 294.72 1
8.43 290.77 1
8.44 289.55 1
8.45 292.3 1
8.46 292.79 1
8.47 290.96 1
8.48 292.0 1
8.49 291.37 1
8.5 292.09 1
8.51 291.09 1
8.52 291.51 1
8.53 291.12 1
8.54 293.04 1
8.55 294.98 1
8.56 294.8 1
8.57 293.04 1
8.58 293.03 1
8.59 292.54 1
8.6 290.25 1
8.61 287.47 1
8.62 281.8 1
8.63 285.58 1
8.64 278.31 1
8.65 287.39 1
8.66 287.32 1
8.67 286.05 1
8.68 290.97 1
8.69 290.13 1
8.7 291.3 1
8.71 289.85 1
8.72 290.01 1
8.73 289.95 1
8.74 290.3 1
8.75 290.33 1
8.76 291.45 1
8.77 291.35 1
8.78 290.57 1
8.79 290.94 1
8.8 291.19 1
8.81 290.24 1
8.82 288.94 1
8.83 288.42 1
8.84 286.8 1
8.85 284.46 1
8.86 280.7 1
8.87 274.94 1
8.88 269.72 1
8.89 258.7 1
8.9 252.71 1
8.91 333.05 1
8.92 225.59 1
8.93 220.83 1
8.94 222.71 1
8.95 227.38 1
8.96 234.04 1
8.97 251.76 1
8.98 266.16 1
8.99 279.83 1
9.0 288.79 1
9.01 289.19 1
9.02 289.32 1
9.03 290.15 1
9.04 293.03 1
9.05 285.4 1
9.06 289.33 1
9.07 287.39 1
9.08 293.08 1
9.09 291.1 1
9.1 298.18 1
9.11 287.35 1
9.12 235.18 1
9.13 242.95 1
9.14 245.68 1
9.15 247.02 1
9.16 230.09 1
9.17 242.75 1
9.18 244.12 1
9.19 244.42 1
9.2 244.88 1
9.21 246.97 1
9.22 246.43 1
9.23 247.05 1
9.24 247.36 1
9.25 247.03 1
9.26 247.38 1
9.27 248.31 1
9.28 247.03 1
9.29 248.06 1
9.3 244.39 1
9.31 245.59 1
9.32 242.95 1
9.33 242.97 1
9.34 245.62 1
9.35 242.37 1
9.36 245.6 1
9.37 240.93 1
9.38 241.09 1
9.39 240.12 1
9.4 232.74 1
9.41 231.5 1
9.42 0.0 1
9.43 0.0 1
9.44 0.0 1
9.45 0.0 1
9.46 199.09 1
9.47 214.85 1
9.48 221.64 1
9.49 231.5 1
9.5 238.04 1
9.51 245.76 1
9.52 247.48 1
9.53 248.53 1
9.54 250.46 1
9.55 252.54 1
9.56 251.49 1
9.57 251.85 1
9.58 249.43 1
9.59 247.36 1
9.6 243.43 1
9.61 241.74 1
9.62 238.79 1
9.63 236.03 1
9.64 233.95 1
9.65 230.78 1
9.66 224.96 1
9.67 221.95 1
9.68 218.7 1
9.69 217.47 1
9.7 216.61 1
9.71 213.62 1
9.72 217.11 1
9.73 218.08 1
9.74 221.17 1
9.75 224.7 1
9.76 230.64 1
9.77 233.96 1
9.78 237.79 1
9.79 246.42 1
9.8 249.32 1
9.81 0.0 1
9.82 0.0 1
9.83 0.0 1
9.84 0.0 1
9.85 0.0 1
9.86 0.0 1
9.87 0.0 1
9.88 0.0 1
9.89 0.0 1
9.9 0.0 1
9.91 0.0 1
9.92 0.0 1
9.93 0.0 1
9.94 192.9 1
9.95 191.77 1
9.96 189.71 1
9.97 190.43 1
9.98 188.55 1
9.99 187.27 1
10.0 188.83 1
10.01 189.67 1
10.02 190.96 1
10.03 191.4 1
10.04 182.51 1
10.05 192.13 1
10.06 191.17 1
10.07 192.97 1
10.08 193.83 1
10.09 193.94 1
10.1 193.09 1
10.11 193.91 1
10.12 194.58 1
10.13 194.5 1
10.14 196.02 1
10.15 194.97 1
10.16 195.86 1
10.17 196.92 1
10.18 195.97 1
10.19 197.11 1
10.2 196.07 1
10.21 195.77 1
10.22 195.71 1
10.23 196.08 1
10.24 195.06 1
10.25 196.63 1
10.26 195.31 1
10.27 195.48 1
10.28 189.68 1
10.29 200.88 1
10.3 188.12 1
10.31 197.79 1
10.32 192.97 1
10.33 196.4 1
10.34 195.1 1
10.35 197.24 1
10.36 195.88 1
10.37 196.74 1
10.38 197.05 1
10.39 197.22 1
10.4 197.26 1
10.41 197.1 1
10.42 196.71 1
10.43 197.27 1
10.44 196.63 1
10.45 197.66 1
10.46 197.77 1
10.47 197.6 1
10.48 199.01 1
10.49 200.1 1
10.5 210.96 1
10.51 217.58 1
10.52 220.59 1
10.53 237.73 1
10.54 234.93 1
10.55 244.1 1
10.56 244.92 1
10.57 243.85 1
10.58 241.71 1
10.59 237.31 1
10.6 233.42 1
10.61 228.6 1
10.62 225.76 1
10.63 221.46 1
10.64 218.03 1
10.65 217.01 1
10.66 216.17 1
10.67 217.97 1
10.68 219.01 1
10.69 222.35 1
10.7 227.05 1
10.71 231.5 1
10.72 233.98 1
10.73 238.13 1
10.74 240.32 1
10.75 238.2 1
10.76 235.47 1
10.77 232.05 1
10.78 227.47 1
10.79 224.94 1
10.8 221.43 1
10.81 217.57 1
10.82 217.75 1
10.83 228.98 1
10.84 224.73 1
10.85 0.0 1
10.86 0.0 1
10.87 0.0 1
10.88 0.0 1
10.89 0.0 1
10.9 0.0 1
10.91 0.0 1
10.92 0.0 1
10.93 0.0 1
10.94 0.0 1
10.95 0.0 1
10.96 0.0 1
10.97 0.0 1
10.98 0.0 1
10.99 0.0 1
11.0 0.0 1
11.01 199.77 1
11.02 196.17 1
11.03 195.88 1
11.04 199.84 1
11.05 198.08 1
11.06 198.1 1
11.07 197.25 1
11.08 197.26 1
11.09 98.13 1
11.1 126.54 1
11.11 98.1 1
11.12 98.52 1
11.13 196.15 1
11.14 198.98 1
11.15 216.68 1
11.16 216.69 1
11.17 227.9 1
11.18 236.46 1
11.19 232.82 1
11.2 234.88 1
11.21 234.84 1
11.22 236.46 1
11.23 236.46 1
11.24 236.13 1
11.25 237.1 1
11.26 238.07 1
11.27 238.83 1
11.28 239.98 1
11.29 241.57 1
11.3 241.62 1
11.31 242.38 1
11.32 244.85 1
11.33 245.01 1
11.34 246.08 1
11.35 245.58 1
11.36 245.61 1
11.37 243.25 1
11.38 241.86 1
11.39 239.99 1
11.4 238.68 1
11.41 241.57 1
11.42 240.28 1
11.43 240.3 1
11.44 241.56 1
11.45 237.92 1
11.46 236.51 1
11.47 238.62 1
11.48 238.15 1
11.49 237.2 1
11.5 239.63 1
11.51 239.02 1
11.52 239.17 1
11.53 239.72 1
11.54 240.34 1
11.55 240.32 1
11.56 238.27 1
11.57 240.31 1
11.58 238.04 1
11.59 237.07 1
11.6 241.59 1
11.61 242.92 1
11.62 243.31 1
11.63 244.3 1
11.64 244.3 1
11.65 244.34 1
11.66 245.63 1
11.67 243.08 1
11.68 241.58 1
11.69 244.25 1
11.7 243.0 1
11.71 244.3 1
11.72 245.65 1
11.73 245.64 1
11.74 245.44 1
11.75 246.96 1
11.76 244.36 1
11.77 245.57 1
11.78 242.88 1
11.79 234.01 1
11.8 229.16 1
11.81 224.74 1
11.82 220.34 1
11.83 219.92 1
11.84 222.53 1
11.85 226.77 1
11.86 244.53 1
11.87 253.0 1
11.88 266.26 1
11.89 0.0 1
11.9 0.0 1
11.91 0.0 1
11.92 0.0 1
11.93 0.0 1
11.94 0.0 1
11.95 0.0 1
11.96 0.0 1
11.97 0.0 1
11.98 299.09 1
11.99 301.23 1
12.0 292.53 1
12.01 281.75 1
12.02 258.69 1
12.03 250.96 1
12.04 245.7 1
12.05 246.94 1
12.06 246.97 1
12.07 249.53 1
12.08 255.74 1
12.09 260.27 1
12.1 265.08 1
12.11 277.85 1
12.12 283.84 1
12.13 291.08 1
12.14 291.27 1
12.15 291.44 1
12.16 293.09 1
12.17 291.28 1
12.18 293.24 1
12.19 293.16 1
12.2 295.17 1
12.21 297.05 1
12.22 295.08 1
12.23 293.07 1
12.24 293.06 1
12.25 291.21 1
12.26 293.03 1
12.27 292.64 1
12.28 291.16 1
12.29 289.32 1
12.3 289.18 1
12.31 287.9 1
12.32 281.8 1
12.33 290.38 1
12.34 271.41 1
12.35 282.28 1
12.36 249.98 1
12.37 273.07 1
12.38 279.93 1
12.39 287.06 1
12.4 288.37 1
12.41 288.5 1
12.42 289.58 1
12.43 287.97 1
12.44 286.48 1
12.45 285.13 1
12.46 284.16 1
12.47 283.12 1
12.48 283.96 1
12.49 286.68 1
12.5 291.1 1
12.51 293.29 1
12.52 293.2 1
12.53 0.0 1
12.54 0.0 1
12.55 0.0 1
12.56 0.0 1
12.57 0.0 1
12.58 0.0 1
12.59 0.0 1
12.6 0.0 1
12.61 0.0 1
12.62 0.0 1
12.63 0.0 1
12.64 0.0 1
12.65 356.26 1
12.66 348.81 1
12.67 343.48 1
12.68 338.29 1
12.69 334.02 1
12.7 329.63 1
12.71 325.41 1
12.72 323.88 1
12.73 323.04 1
12.74 323.63 1
12.75 323.74 1
12.76 323.67 1
12.77 325.05 1
12.78 328.9 1
12.79 329.28 1
12.8 332.91 1
12.81 325.48 1
12.82 327.7 1
12.83 335.2 1
12.84 337.8 1
12.85 337.84 1
12.86 395.46 1
12.87 346.1 1
12.88 392.71 1
12.89 392.02 1
12.9 393.28 1
12.91 391.65 1
12.92 392.66 1
12.93 392.93 1
12.94 392.39 1
12.95 390.81 1
12.96 389.9 1
12.97 387.85 1
12.98 386.83 1
12.99 382.88 1
13.0 378.23 1
13.01 315.04 1
13.02 365.52 1
13.03 333.08 1
13.04 334.95 1
13.05 371.39 1
13.06 372.87 1
13.07 192.85 1
13.08 195.43 1
13.09 196.56 1
13.1 199.55 1
13.11 199.36 1
13.12 197.68 1
13.13 192.45 1
13.14 184.19 1
13.15 172.6 1
13.16 184.37 1
13.17 171.04 1
13.18 183.77 1
13.19 185.33 1
13.2 190.39 1
