0.01 299.52 1
0.02 296.25 1
0.03 294.86 1
0.04 291.16 1
0.05 290.86 1
0.06 289.62 1
0.07 289.0 1
0.08 288.87 1
0.09 290.01 1
0.1 290.62 1
0.11 290.51 1
0.12 290.6 1
0.13 290.8 1
0.14 291.12 1
0.15 291.12 1
0.16 291.14 1
0.17 293.05 1
0.18 294.24 1
0.19 293.1 1
0.2 295.06 1
0.21 297.01 1
0.22 299.04 1
0.23 302.54 1
0.24 299.18 1
0.25 305.26 1
0.26 313.84 1
0.27 318.32 1
0.28 318.4 1
0.29 323.01 1
0.3 329.61 1
0.31 334.03 1
0.32 337.92 1
0.33 340.73 1
0.34 343.3 1
0.35 348.75 1
0.36 354.4 1
0.37 351.67 1
0.38 362.86 1
0.39 366.24 1
0.4 369.58 1
0.41 372.05 1
0.42 374.02 1
0.43 375.83 1
0.44 378.67 1
0.45 380.27 1
0.46 382.15 1
0.47 384.64 1
0.48 386.29 1
0.49 387.61 1
0.5 389.41 1
0.51 390.22 1
0.52 390.43 1
0.53 390.43 1
0.54 390.5 1
0.55 389.52 1
0.56 389.47 1
0.57 389.61 1
0.58 389.6 1
0.59 388.66 1
0.6 388.42 1
0.61 356.58 1
0.62 386.17 1
0.63 381.88 1
0.64 380.38 1
0.65 383.17 1
0.66 387.84 1
0.67 391.06 1
0.68 392.4 1
0.69 395.27 1
0.7 393.25 1
0.71 393.1 1
0.72 390.82 1
0.73 386.71 1
0.74 384.72 1
0.75 378.13 1
0.76 369.94 1
0.77 368.76 1
0.78 362.67 1
0.79 362.46 1
0.8 363.53 1
0.81 378.05 1
0.82 388.15 1
0.83 398.03 1
0.84 408.63 1
0.85 417.26 1
0.86 420.7 1
0.87 417.1 1
0.88 413.07 1
0.89 404.37 1
0.9 388.77 1
0.91 377.74 1
0.92 395.55 1
0.93 406.47 1
0.94 406.47 1
0.95 395.78 1
0.96 409.69 1
0.97 395.19 1
0.98 386.94 1
0.99 390.61 1
1.0 392.11 1
1.01 392.5 1
1.02 392.08 1
1.03 390.15 1
1.04 389.97 1
1.05 390.44 1
1.06 389.53 1
1.07 389.65 1
1.08 390.56 1
1.09 390.26 1
1.1 390.23 1
1.11 391.72 1
1.12 391.88 1
1.13 391.01 1
1.14 389.41 1
1.15 387.35 1
1.16 385.11 1
1.17 384.74 1
1.18 382.61 1
1.19 391.16 1
1.2 397.97 1
1.21 402.6 1
1.22 417.66 1
1.23 422.29 1
1.24 444.77 1
1.25 456.5 1
1.26 467.05 1
1.27 473.08 1
1.28 479.88 1
1.29 483.85 1
1.3 477.35 1
1.31 475.48 1
1.32 469.54 1
1.33 465.42 1
1.34 461.26 1
1.35 456.98 1
1.36 439.04 1
1.37 447.68 1
1.38 440.4 1
1.39 422.67 1
1.4 433.8 1
1.41 426.3 1
1.42 431.16 1
1.43 426.21 1
1.44 432.14 1
1.45 430.37 1
1.46 430.51 1
1.47 444.3 1
1.48 453.63 1
1.49 471.2 1
1.5 465.91 1
1.51 476.68 1
1.52 473.93 1
1.53 453.7 1
1.54 431.27 1
1.55 433.54 1
1.56 430.47 1
1.57 444.12 1
1.58 443.13 1
1.59 0.0 1
1.6 0.0 1
1.61 0.0 1
1.62 395.38 1
1.63 406.77 1
1.64 418.02 1
1.65 409.99 1
1.66 395.94 1
1.67 396.68 1
1.68 398.1 1
1.69 399.39 1
1.7 398.71 1
1.71 397.89 1
1.72 397.18 1
1.73 395.71 1
1.74 394.1 1
1.75 392.55 1
1.76 391.83 1
1.77 390.49 1
1.78 389.47 1
1.79 389.79 1
1.8 389.54 1
1.81 389.48 1
1.82 389.08 1
1.83 388.32 1
1.84 389.55 1
1.85 387.77 1
1.86 386.57 1
1.87 332.38 1
1.88 380.07 1
1.89 380.21 1
1.9 378.53 1
1.91 377.57 1
1.92 375.35 1
1.93 411.94 1
1.94 386.51 1
1.95 382.79 1
1.96 384.26 1
1.97 384.71 1
1.98 388.36 1
1.99 386.24 1
2.0 388.36 1
2.01 386.21 1
2.02 386.79 1
2.03 385.74 1
2.04 391.54 1
2.05 385.04 1
2.06 385.01 1
2.07 385.06 1
2.08 385.97 1
2.09 391.64 1
2.1 392.74 1
2.11 396.63 1
2.12 403.11 1
2.13 412.31 1
2.14 414.37 1
2.15 422.17 1
2.16 426.46 1
2.17 456.6 1
2.18 471.48 1
2.19 488.93 1
2.2 500.97 1
2.21 500.1 1
2.22 482.04 1
2.23 492.3 1
2.24 515.94 1
2.25 516.0 1
2.26 496.72 1
2.27 493.2 1
2.28 488.57 1
2.29 492.42 1
2.3 496.09 1
2.31 496.78 1
2.32 494.13 1
2.33 491.04 1
2.34 487.93 1
2.35 483.51 1
2.36 482.75 1
2.37 484.0 1
2.38 480.21 1
2.39 479.47 1
2.4 477.54 1
2.41 476.61 1
2.42 477.43 1
2.43 486.79 1
2.44 484.99 1
2.45 489.93 1
2.46 492.82 1
2.47 500.16 1
2.48 503.47 1
2.49 508.57 1
2.5 514.17 1
2.51 516.69 1
2.52 521.53 1
2.53 511.25 1
2.54 507.19 1
2.55 505.36 1
2.56 511.82 1
2.57 515.07 1
2.58 506.75 1
2.59 498.64 1
2.6 495.84 1
2.61 484.1 1
2.62 474.49 1
2.63 471.65 1
2.64 463.73 1
2.65 443.3 1
2.66 445.36 1
2.67 441.38 1
2.68 452.16 1
2.69 391.98 1
2.7 436.71 1
2.71 435.73 1
2.72 433.97 1
2.73 434.57 1
2.74 432.87 1
2.75 434.9 1
2.76 426.49 1
2.77 437.21 1
2.78 445.52 1
2.79 451.07 1
2.8 422.09 1
2.81 434.49 1
2.82 437.14 1
2.83 426.3 1
2.84 441.82 1
2.85 484.88 1
2.86 439.5 1
2.87 482.52 1
2.88 495.49 1
2.89 499.47 1
2.9 501.7 1
2.91 506.9 1
2.92 505.14 1
2.93 503.24 1
2.94 494.79 1
2.95 494.55 1
2.96 490.37 1
2.97 488.72 1
2.98 483.34 1
2.99 480.26 1
3.0 478.67 1
3.01 472.73 1
3.02 476.36 1
3.03 471.5 1
3.04 471.6 1
3.05 476.55 1
3.06 483.26 1
3.07 488.8 1
3.08 494.02 1
3.09 498.33 1
3.1 498.86 1
3.11 495.96 1
3.12 494.71 1
3.13 485.31 1
3.14 496.63 1
3.15 497.11 1
3.16 501.79 1
3.17 507.48 1
3.18 498.98 1
3.19 488.32 1
3.2 501.22 1
3.21 502.96 1
3.22 505.37 1
3.23 511.75 1
3.24 512.19 1
3.25 498.13 1
3.26 489.33 1
3.27 479.57 1
3.28 476.87 1
3.29 476.59 1
3.3 476.51 1
3.31 471.4 1
3.32 471.49 1
3.33 476.68 1
3.34 482.04 1
3.35 484.99 1
3.36 491.59 1
3.37 492.91 1
3.38 500.1 1
3.39 498.64 1
3.4 501.43 1
3.41 501.09 1
3.42 498.22 1
3.43 490.97 1
3.44 487.5 1
3.45 479.85 1
3.46 472.13 1
3.47 471.52 1
3.48 461.64 1
3.49 443.3 1
3.5 430.38 1
3.51 426.12 1
3.52 418.13 1
3.53 417.08 1
3.54 412.28 1
3.55 407.32 1
3.56 403.3 1
3.57 399.95 1
3.58 398.51 1
3.59 396.09 1
3.6 391.32 1
3.61 391.14 1
3.62 390.42 1
3.63 392.64 1
3.64 392.6 1
3.65 391.16 1
3.66 390.8 1
3.67 388.52 1
3.68 386.65 1
3.69 388.5 1
3.7 388.93 1
3.71 389.96 1
3.72 389.16 1
3.73 388.38 1
3.74 388.9 1
3.75 389.24 1
3.76 388.48 1
3.77 389.09 1
3.78 389.11 1
3.79 388.53 1
3.8 388.56 1
3.81 388.41 1
3.82 388.79 1
3.83 387.36 1
3.84 385.18 1
3.85 386.55 1
3.86 383.76 1
3.87 392.99 1
3.88 400.07 1
3.89 401.48 1
3.9 395.53 1
3.91 398.84 1
3.92 396.93 1
3.93 391.37 1
3.94 387.36 1
3.95 378.01 1
3.96 361.16 1
3.97 349.15 1
3.98 345.86 1
3.99 343.57 1
4.0 343.92 1
4.01 349.16 1
4.02 354.86 1
4.03 372.14 1
4.04 387.71 1
4.05 391.05 1
4.06 401.34 1
4.07 420.82 1
4.08 371.47 1
4.09 378.52 1
4.1 410.34 1
4.11 414.23 1
4.12 410.26 1
4.13 402.45 1
4.14 416.82 1
4.15 421.5 1
4.16 423.53 1
4.17 407.86 1
4.18 409.59 1
4.19 405.43 1
4.2 398.37 1
4.21 395.95 1
4.22 393.19 1
4.23 388.54 1
4.24 385.45 1
4.25 381.7 1
4.26 374.18 1
4.27 360.09 1
4.28 342.36 1
4.29 331.33 1
4.3 322.07 1
4.31 313.86 1
4.32 306.96 1
4.33 295.21 1
4.34 293.13 1
4.35 291.16 1
4.36 290.19 1
4.37 290.37 1
4.38 289.34 1
4.39 290.49 1
4.4 289.48 1
4.41 283.44 1
4.42 283.72 1
4.43 279.6 1
4.44 273.05 1
4.45 289.55 1
4.46 288.75 1
4.47 293.04 1
4.48 295.49 1
4.49 291.88 1
4.5 291.64 1
4.51 286.63 1
4.52 287.32 1
4.53 287.13 1
4.54 289.52 1
4.55 293.07 1
4.56 307.32 1
4.57 317.82 1
4.58 331.56 1
4.59 346.03 1
4.6 346.08 1
4.61 375.98 1
4.62 384.53 1
4.63 386.63 1
4.64 383.37 1
4.65 377.88 1
4.66 371.56 1
4.67 361.49 1
4.68 345.97 1
4.69 336.99 1
4.7 332.5 1
4.71 326.29 1
4.72 323.96 1
4.73 321.48 1
4.74 322.01 1
4.75 321.06 1
4.76 329.65 1
4.77 334.66 1
4.78 317.8 1
4.79 331.23 1
4.8 327.82 1
4.81 336.66 1
4.82 357.1 1
4.83 403.16 1
4.84 388.62 1
4.85 392.08 1
4.86 402.56 1
4.87 397.73 1
4.88 396.26 1
4.89 395.62 1
4.9 393.15 1
4.91 390.36 1
4.92 385.09 1
4.93 378.51 1
4.94 369.11 1
4.95 367.32 1
4.96 367.49 1
4.97 375.27 1
4.98 379.39 1
4.99 386.28 1
5.0 395.95 1
5.01 409.61 1
5.02 407.61 1
5.03 404.94 1
5.04 378.82 1
5.05 392.14 1
5.06 379.55 1
5.07 382.23 1
5.08 397.92 1
5.09 391.81 1
5.1 377.17 1
5.11 185.96 1
5.12 186.31 1
5.13 212.72 1
5.14 212.72 1
5.15 204.82 1
5.16 207.57 1
5.17 207.99 1
5.18 200.37 1
5.19 200.35 1
5.2 199.38 1
5.21 199.51 1
5.22 198.97 1
5.23 198.51 1
5.24 198.53 1
5.25 197.94 1
5.26 197.29 1
5.27 196.58 1
5.28 196.54 1
5.29 196.64 1
5.3 196.42 1
5.31 196.01 1
5.32 195.81 1
5.33 195.23 1
5.34 195.3 1
5.35 194.71 1
5.36 194.38 1
5.37 194.49 1
5.38 193.96 1
5.39 194.69 1
5.4 194.39 1
5.41 193.87 1
5.42 193.48 1
5.43 194.68 1
5.44 194.19 1
5.45 196.34 1
5.46 195.23 1
5.47 195.29 1
5.48 194.98 1
5.49 195.5 1
5.5 195.64 1
5.51 196.42 1
5.52 195.11 1
5.53 196.34 1
5.54 194.94 1
5.55 196.32 1
5.56 194.68 1
5.57 196.31 1
5.58 194.65 1
5.59 194.64 1
5.6 194.6 1
5.61 192.81 1
5.62 192.37 1
5.63 192.96 1
5.64 195.49 1
5.65 195.38 1
5.66 197.25 1
5.67 196.76 1
5.68 196.61 1
5.69 196.57 1
5.7 196.43 1
5.71 193.01 1
5.72 192.18 1
5.73 179.03 1
5.74 193.14 1
5.75 196.27 1
5.76 194.32 1
5.77 194.62 1
5.78 197.28 1
5.79 195.33 1
5.8 197.06 1
5.81 197.44 1
5.82 394.91 1
5.83 369.0 1
5.84 360.59 1
5.85 338.83 1
5.86 327.58 1
5.87 320.57 1
5.88 313.71 1
5.89 293.15 1
5.9 290.37 1
5.91 289.33 1
5.92 288.71 1
5.93 288.79 1
5.94 288.52 1
5.95 290.7 1
5.96 291.11 1
5.97 291.13 1
5.98 293.04 1
5.99 294.99 1
6.0 293.1 1
6.01 295.04 1
6.02 295.12 1
6.03 295.25 1
6.04 310.39 1
6.05 315.17 1
6.06 321.08 1
6.07 330.59 1
6.08 334.19 1
6.09 336.75 1
6.1 339.47 1
6.11 343.24 1
6.12 179.59 1
6.13 181.79 1
6.14 181.89 1
6.15 188.09 1
6.16 186.36 1
6.17 190.46 1
6.18 188.06 1
6.19 187.29 1
6.2 186.74 1
6.21 187.13 1
6.22 187.91 1
6.23 188.54 1
6.24 188.76 1
6.25 190.08 1
6.26 188.88 1
6.27 192.98 1
6.28 190.5 1
6.29 188.9 1
6.3 192.14 1
6.31 191.29 1
6.32 191.45 1
6.33 191.65 1
6.34 193.76 1
6.35 193.8 1
6.36 192.63 1
6.37 195.48 1
6.38 193.41 1
6.39 193.81 1
6.4 192.21 1
6.41 192.95 1
6.42 192.37 1
6.43 191.34 1
6.44 185.69 1
6.45 188.06 1
6.46 184.91 1
6.47 188.06 1
6.48 192.9 1
6.49 191.95 1
6.5 190.51 1
6.51 193.01 1
6.52 194.88 1
6.53 194.68 1
6.54 194.61 1
6.55 192.1 1
6.56 197.37 1
6.57 190.54 1
6.58 189.72 1
6.59 354.35 1
6.6 340.87 1
6.61 340.86 1
6.62 340.1 1
6.63 337.9 1
6.64 340.59 1
6.65 340.8 1
6.66 353.75 1
6.67 363.07 1
6.68 369.35 1
6.69 385.23 1
6.7 393.11 1
6.71 402.29 1
6.72 404.92 1
6.73 405.04 1
6.74 370.47 1
6.75 369.88 1
6.76 377.7 1
6.77 371.13 1
6.78 376.07 1
6.79 342.97 1
6.8 368.98 1
6.81 358.43 1
6.82 345.46 1
6.83 338.01 1
6.84 332.02 1
6.85 325.53 1
6.86 324.23 1
6.87 320.48 1
6.88 320.7 1
6.89 316.12 1
6.9 316.11 1
6.91 316.1 1
6.92 318.34 1
6.93 318.38 1
6.94 320.7 1
6.95 320.92 1
6.96 326.85 1
6.97 326.53 1
6.98 328.9 1
6.99 330.41 1
7.0 337.3 1
7.01 332.86 1
7.02 323.75 1
7.03 319.36 1
7.04 322.25 1
7.05 325.57 1
7.06 324.03 1
7.07 320.75 1
7.08 325.47 1
7.09 320.74 1
7.1 276.37 1
7.11 291.13 1
7.12 313.7 1
7.13 281.76 1
7.14 291.37 1
7.15 288.47 1
7.16 293.03 1
7.17 291.85 1
7.18 292.12 1
7.19 292.08 1
7.2 292.05 1
7.21 293.03 1
7.22 294.22 1
7.23 294.52 1
7.24 293.02 1
7.25 293.44 1
7.26 293.34 1
7.27 292.54 1
7.28 292.61 1
7.29 292.79 1
7.3 293.03 1
7.31 291.11 1
7.32 292.89 1
7.33 292.75 1
7.34 291.1 1
7.35 291.64 1
7.36 291.09 1
7.37 291.39 1
7.38 291.19 1
7.39 290.56 1
7.4 288.79 1
7.41 290.45 1
7.42 291.28 1
7.43 290.96 1
7.44 290.27 1
7.45 291.12 1
7.46 291.89 1
7.47 291.91 1
7.48 290.62 1
7.49 292.04 1
7.5 195.09 1
7.51 195.68 1
7.52 197.3 1
7.53 199.91 1
7.54 194.61 1
7.55 195.35 1
7.56 195.85 1
7.57 196.15 1
7.58 196.43 1
7.59 196.23 1
7.6 199.01 1
7.61 0.0 1
7.62 0.0 1
7.63 0.0 1
7.64 0.0 1
7.65 0.0 1
7.66 0.0 1
7.67 0.0 1
7.68 0.0 1
7.69 0.0 1
7.7 0.0 1
7.71 0.0 1
7.72 0.0 1
7.73 0.0 1
7.74 0.0 1
7.75 0.0 1
7.76 0.0 1
7.77 0.0 1
7.78 0.0 1
7.79 0.0 1
7.8 273.05 1
7.81 277.23 1
7.82 281.06 1
7.83 286.99 1
7.84 296.97 1
7.85 298.99 1
7.86 298.99 1
7.87 296.99 1
7.88 294.99 1
7.89 292.63 1
7.9 286.31 1
7.91 279.73 1
7.92 266.55 1
7.93 260.41 1
7.94 250.49 1
7.95 241.63 1
7.96 229.17 1
7.97 227.92 1
7.98 225.62 1
7.99 230.33 1
8.0 238.96 1
8.01 247.54 1
8.02 257.17 1
8.03 271.16 1
8.04 286.14 1
8.05 290.5 1
8.06 288.35 1
8.07 291.11 1
8.08 276.48 1
8.09 265.61 1
8.1 271.44 1
8.11 237.77 1
8.12 236.44 1
8.13 283.71 1
8.14 253.07 1
8.15 247.97 1
8.16 245.57 1
8.17 245.37 1
8.18 249.39 1
8.19 250.29 1
8.2 249.55 1
8.21 249.99 1
8.22 248.34 1
8.23 247.55 1
8.24 248.66 1
8.25 247.32 1
8.26 245.98 1
8.27 246.13 1
8.28 244.97 1
8.29 246.02 1
8.3 246.24 1
8.31 245.79 1
8.32 244.05 1
8.33 243.24 1
8.34 242.75 1
8.35 241.3 1
8.36 239.07 1
8.37 237.61 1
8.38 229.09 1
8.39 217.23 1
8.4 231.54 1
8.41 235.22 1
8.42 231.78 1
8.43 238.6 1
8.44 241.96 1
8.45 242.58 1
8.46 246.46 1
8.47 244.6 1
8.48 242.42 1
8.49 238.34 1
8.5 236.87 1
8.51 230.48 1
8.52 225.88 1
8.53 219.55 1
8.54 216.19 1
8.55 214.83 1
8.56 214.6 1
8.57 214.6 1
8.58 214.96 1
8.59 218.07 1
8.6 220.11 1
8.61 222.43 1
8.62 216.92 1
8.63 219.35 1
8.64 211.93 1
8.65 219.94 1
8.66 213.56 1
8.67 216.67 1
8.68 216.51 1
8.69 214.66 1
8.7 218.86 1
8.71 215.67 1
8.72 224.87 1
8.73 0.0 1
8.74 0.0 1
8.75 0.0 1
8.76 260.18 1
8.77 261.07 1
8.78 251.72 1
8.79 245.67 1
8.8 236.44 1
8.81 228.31 1
8.82 221.77 1
8.83 218.2 1
8.84 217.76 1
8.85 215.62 1
8.86 215.62 1
8.87 215.62 1
8.88 215.61 1
8.89 216.69 1
8.9 218.02 1
8.91 219.63 1
8.92 221.93 1
8.93 227.91 1
8.94 226.23 1
8.95 229.12 1
8.96 229.13 1
8.97 230.31 1
8.98 227.5 1
8.99 226.74 1
9.0 223.65 1
9.01 221.11 1
9.02 218.89 1
9.03 216.7 1
9.04 213.07 1
9.05 211.19 1
9.06 208.52 1
9.07 207.53 1
9.08 203.72 1
9.09 200.79 1
9.1 199.53 1
9.11 198.55 1
9.12 197.48 1
9.13 195.58 1
9.14 193.84 1
9.15 192.99 1
9.16 192.15 1
9.17 191.09 1
9.18 190.51 1
9.19 191.33 1
9.2 191.11 1
9.21 190.91 1
9.22 192.28 1
9.23 192.41 1
9.24 192.23 1
9.25 191.87 1
9.26 192.21 1
9.27 191.66 1
9.28 189.8 1
9.29 194.19 1
9.3 192.84 1
9.31 184.91 1
9.32 191.64 1
9.33 192.98 1
9.34 192.58 1
9.35 192.52 1
9.36 193.67 1
9.37 195.14 1
9.38 195.2 1
9.39 196.78 1
9.4 197.07 1
9.41 197.77 1
9.42 197.74 1
9.43 197.71 1
9.44 197.85 1
9.45 197.72 1
9.46 196.93 1
9.47 195.25 1
9.48 193.17 1
9.49 193.02 1
9.5 192.16 1
9.51 194.97 1
9.52 199.01 1
9.53 207.54 1
9.54 225.35 1
9.55 227.17 1
9.56 247.62 1
9.57 269.28 1
9.58 257.12 1
9.59 224.43 1
9.6 233.96 1
9.61 258.66 1
9.62 247.12 1
9.63 271.43 1
9.64 278.53 1
9.65 278.23 1
9.66 275.84 1
9.67 259.96 1
9.68 249.85 1
9.69 241.62 1
9.7 226.74 1
9.71 220.65 1
9.72 217.77 1
9.73 219.36 1
9.74 224.69 1
9.75 227.97 1
9.76 241.62 1
9.77 244.34 1
9.78 250.86 1
9.79 252.89 1
9.8 252.32 1
9.81 253.07 1
9.82 250.24 1
9.83 247.99 1
9.84 245.52 1
9.85 244.82 1
9.86 244.08 1
9.87 243.74 1
9.88 244.32 1
9.89 243.76 1
9.9 243.63 1
9.91 232.72 1
9.92 245.82 1
9.93 240.33 1
9.94 244.31 1
9.95 242.44 1
9.96 241.86 1
9.97 236.47 1
9.98 248.93 1
9.99 247.64 1
10.0 240.46 1
10.01 241.63 1
10.02 242.95 1
10.03 242.66 1
10.04 244.32 1
10.05 246.51 1
10.06 248.18 1
10.07 249.57 1
10.08 247.88 1
10.09 244.89 1
10.1 241.59 1
10.11 235.19 1
10.12 233.94 1
10.13 236.46 1
10.14 245.89 1
10.15 260.2 1
10.16 270.81 1
10.17 287.56 1
10.18 293.07 1
10.19 297.01 1
10.2 299.03 1
10.21 301.53 1
10.22 293.03 1
