0.01 275.34 1
0.02 280.41 1
0.03 288.88 1
0.04 297.02 1
0.05 314.07 1
0.06 332.69 1
0.07 348.71 1
0.08 357.22 1
0.09 375.4 1
0.1 382.85 1
0.11 379.8 1
0.12 374.15 1
0.13 368.47 1
0.14 365.26 1
0.15 345.42 1
0.16 335.02 1
0.17 360.01 1
0.18 348.73 1
0.19 330.31 1
0.2 332.96 1
0.21 344.03 1
0.22 354.24 1
0.23 354.27 1
0.24 368.92 1
0.25 373.46 1
0.26 376.49 1
0.27 376.18 1
0.28 372.82 1
0.29 365.24 1
0.3 362.92 1
0.31 354.26 1
0.32 355.56 1
0.33 354.35 1
0.34 351.42 1
0.35 359.79 1
0.36 366.01 1
0.37 378.52 1
0.38 382.46 1
0.39 384.65 1
0.4 389.66 1
0.41 393.17 1
0.42 393.91 1
0.43 393.82 1
0.44 394.13 1
0.45 396.02 1
0.46 398.13 1
0.47 397.6 1
0.48 393.17 1
0.49 386.43 1
0.5 377.0 1
0.51 367.25 1
0.52 345.83 1
0.53 322.64 1
0.54 330.32 1
0.55 313.83 1
0.56 297.79 1
0.57 296.13 1
0.58 294.73 1
0.59 299.0 1
0.6 309.36 1
0.61 325.27 1
0.62 335.7 1
0.63 340.99 1
0.64 384.58 1
0.65 382.34 1
0.66 391.99 1
0.67 398.29 1
0.68 398.0 1
0.69 395.35 1
0.7 387.6 1
0.71 382.11 1
0.72 378.54 1
0.73 373.72 1
0.74 342.23 1
0.75 362.88 1
0.76 361.97 1
0.77 346.16 1
0.78 357.28 1
0.79 360.83 1
0.8 360.07 1
0.81 385.09 1
0.82 388.1 1
0.83 396.69 1
0.84 406.01 1
0.85 410.27 1
0.86 413.63 1
0.87 409.78 1
0.88 400.39 1
0.89 383.77 1
0.9 392.02 1
0.91 345.2 1
0.92 338.6 1
0.93 332.19 1
0.94 328.95 1
0.95 329.4 1
0.96 332.39 1
0.97 334.3 1
0.98 335.39 1
0.99 336.15 1
1.0 336.14 1
1.01 336.15 1
1.02 331.77 1
1.03 323.69 1
1.04 317.77 1
1.05 0.0 1
1.06 0.0 1
1.07 0.0 1
1.08 0.0 1
1.09 0.0 1
1.1 0.0 1
1.11 0.0 1
1.12 283.65 1
1.13 281.76 1
1.14 283.0 1
1.15 285.73 1
1.16 288.43 1
1.17 291.0 1
1.18 291.93 1
1.19 292.58 1
1.2 291.15 1
1.21 289.99 1
1.22 288.72 1
1.23 286.14 1
1.24 283.64 1
1.25 278.85 1
1.26 274.73 1
1.27 267.97 1
1.28 255.24 1
1.29 255.88 1
1.3 295.2 1
1.31 225.59 1
1.32 221.8 1
1.33 225.63 1
1.34 245.54 1
1.35 251.05 1
1.36 255.73 1
1.37 264.91 1
1.38 273.59 1
1.39 276.47 1
1.4 276.46 1
1.41 274.73 1
1.42 269.07 1
1.43 261.75 1
1.44 257.16 1
1.45 254.2 1
1.46 257.23 1
1.47 242.63 1
1.48 242.85 1
1.49 114.1 1
1.5 243.85 1
1.51 233.31 1
1.52 235.21 1
1.53 239.58 1
1.54 245.53 1
1.55 248.35 1
1.56 254.38 1
1.57 254.28 1
1.58 255.75 1
1.59 259.14 1
1.6 258.41 1
1.61 254.19 1
1.62 250.19 1
1.63 244.87 1
1.64 239.47 1
1.65 247.76 1
1.66 229.07 1
1.67 223.94 1
1.68 221.09 1
1.69 219.3 1
1.7 218.23 1
1.71 218.83 1
1.72 217.17 1
1.73 218.84 1
1.74 217.78 1
1.75 217.76 1
1.76 218.85 1
1.77 217.95 1
1.78 217.77 1
1.79 215.67 1
1.8 214.89 1
1.81 214.22 1
1.82 210.56 1
1.83 217.24 1
1.84 219.22 1
1.85 220.17 1
1.86 115.81 1
1.87 117.24 1
1.88 118.81 1
1.89 121.43 1
1.9 122.15 1
1.91 121.32 1
1.92 121.0 1
1.93 123.34 1
1.94 121.66 1
1.95 123.88 1
1.96 123.97 1
1.97 124.88 1
1.98 125.34 1
1.99 124.61 1
2.0 124.39 1
2.01 118.9 1
2.02 121.33 1
2.03 100.8 1
2.04 97.46 1
2.05 97.88 1
2.06 98.06 1
2.07 97.82 1
2.08 97.9 1
2.09 98.22 1
2.1 97.48 1
2.11 98.24 1
2.12 97.89 1
2.13 98.55 1
2.14 97.67 1
2.15 98.48 1
2.16 147.12 1
2.17 146.76 1
2.18 149.0 1
2.19 147.1 1
2.2 148.09 1
2.21 148.24 1
2.22 148.91 1
2.23 146.76 1
2.24 147.74 1
2.25 146.95 1
2.26 148.24 1
2.27 146.76 1
2.28 146.76 1
2.29 147.11 1
2.3 146.27 1
2.31 147.36 1
2.32 145.79 1
2.33 146.27 1
2.34 146.76 1
2.35 147.66 1
2.36 145.79 1
2.37 146.57 1
2.38 147.25 1
2.39 147.15 1
2.4 146.34 1
2.41 145.79 1
2.42 146.43 1
2.43 146.44 1
2.44 147.25 1
2.45 146.27 1
2.46 146.42 1
2.47 147.44 1
2.48 146.76 1
2.49 146.27 1
2.5 147.1 1
2.51 147.25 1
2.52 146.27 1
2.53 147.6 1
2.54 145.79 1
2.55 146.76 1
2.56 147.36 1
2.57 0.0 1
2.58 0.0 1
2.59 0.0 1
2.6 0.0 1
2.61 0.0 1
2.62 0.0 1
2.63 0.0 1
2.64 0.0 1
2.65 279.61 1
2.66 284.65 1
2.67 296.69 1
2.68 303.17 1
2.69 307.27 1
2.7 303.19 1
2.71 303.74 1
2.72 301.82 1
2.73 301.11 1
2.74 302.95 1
2.75 304.45 1
2.76 301.42 1
2.77 305.01 1
2.78 304.58 1
2.79 302.96 1
2.8 301.18 1
2.81 300.21 1
2.82 297.16 1
2.83 297.0 1
2.84 295.13 1
2.85 295.09 1
2.86 294.21 1
2.87 294.4 1
2.88 294.68 1
2.89 294.81 1
2.9 294.89 1
2.91 294.22 1
2.92 293.42 1
2.93 290.85 1
2.94 288.13 1
2.95 284.52 1
2.96 279.52 1
2.97 278.06 1
2.98 268.08 1
2.99 270.4 1
3.0 251.38 1
3.01 241.62 1
3.02 218.06 1
3.03 225.58 1
3.04 225.04 1
3.05 228.75 1
3.06 233.2 1
3.07 239.81 1
3.08 253.96 1
3.09 271.64 1
3.1 248.94 1
3.11 293.05 1
3.12 298.99 1
3.13 304.86 1
3.14 295.04 1
3.15 299.45 1
3.16 295.45 1
3.17 287.33 1
3.18 281.65 1
3.19 267.56 1
3.2 262.7 1
3.21 248.98 1
3.22 242.97 1
3.23 233.0 1
3.24 236.19 1
3.25 236.31 1
3.26 235.54 1
3.27 225.34 1
3.28 238.91 1
3.29 239.87 1
3.3 240.99 1
3.31 242.44 1
3.32 245.04 1
3.33 251.26 1
3.34 257.16 1
3.35 251.66 1
3.36 276.68 1
3.37 288.07 1
3.38 295.39 1
3.39 311.82 1
3.4 327.9 1
3.41 336.84 1
3.42 342.74 1
3.43 322.64 1
3.44 338.21 1
3.45 330.65 1
3.46 324.03 1
3.47 315.95 1
3.48 326.26 1
3.49 297.29 1
3.5 294.17 1
3.51 290.01 1
3.52 288.16 1
3.53 287.07 1
3.54 286.96 1
3.55 288.2 1
3.56 289.42 1
3.57 291.73 1
3.58 293.9 1
3.59 294.82 1
3.6 294.13 1
3.61 292.7 1
3.62 290.37 1
3.63 291.11 1
3.64 294.82 1
3.65 291.13 1
3.66 294.06 1
3.67 291.3 1
3.68 293.69 1
3.69 302.86 1
3.7 301.97 1
3.71 296.87 1
3.72 291.15 1
3.73 290.71 1
3.74 291.09 1
3.75 291.2 1
3.76 297.07 1
3.77 324.15 1
3.78 338.15 1
3.79 357.74 1
3.8 397.59 1
3.81 418.31 1
3.82 430.29 1
3.83 443.75 1
3.84 434.65 1
3.85 425.95 1
3.86 411.72 1
3.87 397.53 1
3.88 384.02 1
3.89 369.8 1
3.9 359.72 1
3.91 382.91 1
3.92 352.39 1
3.93 356.4 1
3.94 360.92 1
3.95 374.93 1
3.96 375.05 1
3.97 378.26 1
3.98 374.34 1
3.99 370.26 1
4.0 368.44 1
4.01 364.67 1
4.02 332.39 1
4.03 343.26 1
4.04 351.42 1
4.05 340.67 1
4.06 311.56 1
4.07 309.67 1
4.08 311.88 1
4.09 316.04 1
4.1 318.34 1
4.11 325.03 1
4.12 327.23 1
4.13 331.87 1
4.14 332.9 1
4.15 335.46 1
4.16 335.19 1
4.17 330.72 1
4.18 322.96 1
4.19 313.74 1
4.2 302.66 1
4.21 292.49 1
4.22 283.73 1
4.23 278.12 1
4.24 270.88 1
4.25 271.99 1
4.26 272.61 1
4.27 277.68 1
4.28 282.16 1
4.29 287.57 1
4.3 290.4 1
4.31 291.09 1
4.32 294.9 1
4.33 293.09 1
4.34 297.68 1
4.35 297.16 1
4.36 295.34 1
4.37 292.19 1
4.38 287.73 1
4.39 280.99 1
4.4 272.5 1
4.41 259.66 1
4.42 248.45 1
4.43 237.92 1
4.44 230.61 1
4.45 229.62 1
4.46 231.51 1
4.47 237.58 1
4.48 245.22 1
4.49 249.86 1
4.5 260.33 1
4.51 257.19 1
4.52 264.65 1
4.53 257.22 1
4.54 264.81 1
4.55 251.99 1
4.56 245.68 1
4.57 236.8 1
4.58 232.73 1
4.59 231.51 1
4.6 233.85 1
4.61 235.94 1
4.62 238.36 1
4.63 240.63 1
4.64 242.31 1
4.65 243.86 1
4.66 247.33 1
4.67 247.02 1
4.68 243.99 1
4.69 242.49 1
4.7 242.14 1
4.71 241.13 1
4.72 240.08 1
4.73 238.87 1
4.74 238.56 1
4.75 236.51 1
4.76 233.59 1
4.77 232.35 1
4.78 232.64 1
4.79 232.74 1
4.8 234.97 1
4.81 238.73 1
4.82 244.82 1
4.83 253.07 1
4.84 261.74 1
4.85 254.73 1
4.86 270.39 1
4.87 270.54 1
4.88 261.94 1
4.89 260.19 1
4.9 257.87 1
4.91 251.8 1
4.92 243.48 1
4.93 233.81 1
4.94 226.59 1
4.95 218.85 1
4.96 217.72 1
4.97 211.52 1
4.98 212.28 1
4.99 213.89 1
5.0 214.91 1
5.01 217.77 1
5.02 220.14 1
5.03 222.42 1
5.04 223.95 1
5.05 223.98 1
5.06 224.73 1
5.07 224.69 1
5.08 222.82 1
5.09 218.6 1
5.1 215.44 1
5.11 212.18 1
5.12 214.68 1
5.13 215.5 1
5.14 218.76 1
5.15 226.23 1
5.16 232.31 1
5.17 237.09 1
5.18 236.46 1
5.19 253.7 1
5.2 252.74 1
5.21 249.88 1
5.22 248.59 1
5.23 223.14 1
5.24 236.87 1
5.25 235.13 1
5.26 238.83 1
5.27 0.0 1
5.28 0.0 1
5.29 0.0 1
5.3 0.0 1
