0.01 194.0 1
0.02 199.39 1
0.03 196.92 1
0.04 198.2 1
0.05 195.15 1
0.06 198.17 1
0.07 194.69 1
0.08 388.53 1
0.09 387.23 1
0.1 388.43 1
0.11 387.23 1
0.12 391.85 1
0.13 389.5 1
0.14 391.9 1
0.15 390.57 1
0.16 391.99 1
0.17 391.04 1
0.18 391.43 1
0.19 392.42 1
0.2 392.64 1
0.21 392.06 1
0.22 392.21 1
0.23 392.03 1
0.24 392.44 1
0.25 392.68 1
0.26 393.21 1
0.27 392.78 1
0.28 392.95 1
0.29 392.26 1
0.3 392.42 1
0.31 391.83 1
0.32 391.93 1
0.33 392.31 1
0.34 394.19 1
0.35 388.66 1
0.36 0.0 1
0.37 0.0 1
0.38 0.0 1
0.39 0.0 1
0.4 459.57 1
0.41 457.31 1
0.42 467.92 1
0.43 481.87 1
0.44 489.63 1
0.45 482.85 1
0.46 482.64 1
0.47 474.9 1
0.48 471.86 1
0.49 473.29 1
0.5 469.5 1
0.51 462.72 1
0.52 459.47 1
0.53 460.23 1
0.54 454.26 1
0.55 451.8 1
0.56 449.75 1
0.57 450.55 1
0.58 447.71 1
0.59 434.75 1
0.6 444.55 1
0.61 442.17 1
0.62 441.13 1
0.63 437.7 1
0.64 436.73 1
0.65 433.28 1
0.66 430.97 1
0.67 415.2 1
0.68 426.21 1
0.69 432.53 1
0.7 432.97 1
0.71 435.87 1
0.72 434.92 1
0.73 440.1 1
0.74 0.0 1
0.75 0.0 1
0.76 438.8 1
0.77 447.42 1
0.78 486.0 1
0.79 470.29 1
0.8 455.91 1
0.81 452.24 1
0.82 436.57 1
0.83 430.24 1
0.84 427.22 1
0.85 422.29 1
0.86 422.46 1
0.87 425.33 1
0.88 435.09 1
0.89 442.95 1
0.9 449.14 1
0.91 451.15 1
0.92 450.5 1
0.93 455.55 1
0.94 458.52 1
0.95 452.23 1
0.96 445.3 1
0.97 442.34 1
0.98 422.22 1
0.99 421.18 1
1.0 407.76 1
1.01 396.7 1
1.02 390.01 1
1.03 388.44 1
1.04 383.54 1
1.05 384.82 1
1.06 381.31 1
1.07 375.27 1
1.08 374.02 1
1.09 373.95 1
1.1 375.31 1
1.11 374.98 1
1.12 363.16 1
1.13 374.64 1
1.14 366.0 1
1.15 357.14 1
1.16 385.11 1
1.17 366.03 1
1.18 0.0 1
1.19 0.0 1
1.2 0.0 1
1.21 0.0 1
1.22 418.04 1
1.23 408.6 1
1.24 391.98 1
1.25 390.4 1
1.26 388.3 1
1.27 387.93 1
1.28 388.25 1
1.29 387.34 1
1.3 385.7 1
1.31 387.15 1
1.32 384.66 1
1.33 386.19 1
1.34 193.54 1
1.35 386.12 1
1.36 385.21 1
1.37 378.9 1
1.38 391.83 1
1.39 388.51 1
1.4 385.15 1
1.41 391.95 1
1.42 391.99 1
1.43 399.04 1
1.44 0.0 1
1.45 0.0 1
1.46 0.0 1
1.47 0.0 1
1.48 0.0 1
1.49 0.0 1
1.5 0.0 1
1.51 0.0 1
1.52 0.0 1
1.53 0.0 1
1.54 0.0 1
1.55 0.0 1
1.56 0.0 1
1.57 0.0 1
1.58 0.0 1
1.59 0.0 1
1.6 0.0 1
1.61 0.0 1
1.62 0.0 1
1.63 0.0 1
1.64 294.44 1
1.65 284.85 1
1.66 284.76 1
1.67 293.07 1
1.68 289.26 1
1.69 287.62 1
1.7 288.18 1
1.71 291.09 1
1.72 295.02 1
1.73 303.19 1
1.74 305.4 1
1.75 326.15 1
1.76 343.24 1
1.77 388.66 1
1.78 367.59 1
1.79 384.99 1
1.8 385.11 1
1.81 391.99 1
1.82 392.29 1
1.83 393.15 1
1.84 393.25 1
1.85 389.32 1
1.86 388.54 1
1.87 384.79 1
1.88 378.54 1
1.89 374.22 1
1.9 357.27 1
1.91 367.43 1
1.92 348.76 1
1.93 348.64 1
1.94 345.94 1
1.95 340.58 1
1.96 338.55 1
1.97 333.82 1
1.98 332.7 1
1.99 328.01 1
2.0 331.96 1
2.01 326.2 1
2.02 328.99 1
2.03 328.23 1
2.04 327.18 1
2.05 327.41 1
2.06 328.76 1
2.07 329.14 1
2.08 288.99 1
2.09 330.43 1
2.1 318.56 1
2.11 329.93 1
2.12 329.71 1
2.13 337.69 1
2.14 340.3 1
2.15 351.33 1
2.16 369.09 1
2.17 371.98 1
2.18 385.14 1
2.19 380.27 1
2.2 383.01 1
2.21 384.1 1
2.22 384.4 1
2.23 383.87 1
2.24 388.08 1
2.25 383.72 1
2.26 384.31 1
2.27 384.94 1
2.28 385.28 1
2.29 388.05 1
2.3 379.11 1
2.31 379.07 1
2.32 369.73 1
2.33 369.54 1
2.34 365.98 1
2.35 370.49 1
2.36 373.57 1
2.37 378.25 1
2.38 381.81 1
2.39 388.49 1
2.4 391.29 1
2.41 391.2 1
2.42 370.47 1
2.43 369.06 1
2.44 366.69 1
2.45 378.54 1
2.46 384.32 1
2.47 375.76 1
2.48 375.34 1
2.49 377.2 1
2.5 370.18 1
2.51 432.54 1
2.52 385.11 1
2.53 406.07 1
2.54 401.16 1
2.55 392.94 1
2.56 395.48 1
2.57 391.95 1
2.58 388.53 1
2.59 391.85 1
2.6 388.52 1
2.61 391.87 1
2.62 389.09 1
2.63 391.91 1
2.64 388.54 1
2.65 391.8 1
2.66 388.49 1
2.67 386.2 1
2.68 385.11 1
2.69 388.38 1
2.7 383.36 1
2.71 383.44 1
2.72 385.07 1
2.73 385.14 1
2.74 388.48 1
2.75 388.86 1
2.76 388.52 1
2.77 387.94 1
2.78 386.77 1
2.79 384.51 1
2.8 384.13 1
2.81 388.44 1
2.82 384.29 1
2.83 388.39 1
2.84 391.83 1
2.85 0.0 1
2.86 0.0 1
2.87 0.0 1
2.88 442.74 1
2.89 414.03 1
2.9 388.52 1
2.91 385.14 1
2.92 381.65 1
2.93 360.11 1
2.94 360.3 1
2.95 356.04 1
2.96 362.94 1
2.97 368.94 1
2.98 378.42 1
2.99 385.12 1
3.0 391.82 1
3.01 391.97 1
3.02 393.64 1
3.03 393.74 1
3.04 392.0 1
3.05 390.43 1
3.06 388.52 1
3.07 385.08 1
3.08 377.99 1
3.09 375.13 1
3.1 357.27 1
3.11 351.5 1
3.12 344.55 1
3.13 331.53 1
3.14 323.07 1
3.15 315.95 1
3.16 295.53 1
3.17 299.02 1
3.18 291.23 1
3.19 293.08 1
3.2 293.04 1
3.21 291.13 1
3.22 291.81 1
3.23 290.36 1
3.24 288.92 1
3.25 285.45 1
3.26 274.77 1
3.27 273.07 1
3.28 226.62 1
3.29 219.94 1
3.3 280.1 1
3.31 283.71 1
3.32 281.87 1
3.33 290.63 1
3.34 290.93 1
3.35 290.9 1
3.36 284.22 1
3.37 284.03 1
3.38 284.63 1
3.39 286.82 1
3.4 289.02 1
3.41 291.09 1
3.42 296.46 1
3.43 297.05 1
3.44 305.22 1
3.45 311.8 1
3.46 330.33 1
3.47 368.62 1
3.48 381.82 1
3.49 371.5 1
3.5 392.26 1
3.51 381.72 1
3.52 382.93 1
3.53 376.32 1
3.54 387.8 1
3.55 363.1 1
3.56 348.79 1
3.57 345.61 1
3.58 340.4 1
3.59 331.42 1
3.6 327.26 1
3.61 326.01 1
3.62 325.43 1
3.63 325.89 1
3.64 326.19 1
3.65 326.25 1
3.66 326.89 1
3.67 325.48 1
3.68 326.31 1
3.69 327.97 1
3.7 328.0 1
3.71 328.54 1
3.72 399.07 1
3.73 329.34 1
3.74 328.14 1
3.75 343.09 1
3.76 337.83 1
3.77 381.49 1
3.78 337.81 1
3.79 388.05 1
3.8 389.37 1
3.81 388.39 1
3.82 387.4 1
3.83 382.0 1
3.84 395.14 1
3.85 353.73 1
3.86 388.84 1
3.87 382.48 1
3.88 388.33 1
3.89 385.19 1
3.9 384.57 1
3.91 378.58 1
3.92 372.16 1
3.93 366.63 1
3.94 361.58 1
3.95 345.79 1
3.96 359.01 1
3.97 361.37 1
3.98 360.25 1
3.99 368.92 1
4.0 388.39 1
4.01 384.8 1
4.02 388.49 1
4.03 391.94 1
4.04 388.95 1
4.05 382.2 1
4.06 357.44 1
4.07 353.46 1
4.08 368.66 1
4.09 0.0 1
4.1 0.0 1
4.11 0.0 1
4.12 0.0 1
4.13 0.0 1
4.14 0.0 1
4.15 0.0 1
4.16 408.35 1
4.17 404.4 1
4.18 389.72 1
4.19 387.35 1
4.2 388.26 1
4.21 389.08 1
4.22 387.57 1
4.23 389.46 1
4.24 390.03 1
4.25 390.5 1
4.26 390.67 1
4.27 390.21 1
4.28 389.83 1
4.29 389.4 1
4.3 389.54 1
4.31 389.19 1
4.32 389.46 1
4.33 388.52 1
4.34 388.91 1
4.35 389.28 1
4.36 389.91 1
4.37 389.54 1
4.38 389.78 1
4.39 389.23 1
4.4 387.07 1
4.41 385.01 1
4.42 383.93 1
4.43 385.11 1
4.44 383.49 1
4.45 357.55 1
4.46 323.03 1
4.47 332.73 1
4.48 340.49 1
4.49 378.69 1
4.5 363.01 1
4.51 395.48 1
4.52 402.72 1
4.53 389.5 1
4.54 393.83 1
4.55 392.03 1
4.56 386.31 1
4.57 385.22 1
4.58 385.04 1
4.59 372.99 1
4.6 372.06 1
4.61 351.68 1
4.62 348.82 1
4.63 353.84 1
4.64 348.69 1
4.65 340.59 1
4.66 335.48 1
4.67 337.13 1
4.68 325.45 1
4.69 324.2 1
4.7 321.12 1
4.71 319.07 1
4.72 325.23 1
4.73 318.35 1
4.74 322.91 1
4.75 322.99 1
4.76 327.68 1
4.77 323.96 1
4.78 327.88 1
4.79 330.93 1
4.8 334.25 1
4.81 335.24 1
4.82 335.53 1
4.83 335.7 1
4.84 331.66 1
4.85 0.0 1
4.86 0.0 1
4.87 0.0 1
4.88 0.0 1
4.89 0.0 1
4.9 0.0 1
4.91 0.0 1
4.92 0.0 1
4.93 0.0 1
4.94 0.0 1
4.95 287.29 1
4.96 294.26 1
4.97 294.82 1
4.98 292.65 1
4.99 292.41 1
5.0 293.03 1
5.01 292.69 1
5.02 291.12 1
5.03 292.94 1
5.04 293.04 1
5.05 292.97 1
5.06 291.14 1
5.07 293.03 1
5.08 293.04 1
5.09 293.04 1
5.1 293.54 1
5.11 293.04 1
5.12 293.04 1
5.13 293.04 1
5.14 293.62 1
5.15 294.14 1
5.16 293.04 1
5.17 293.03 1
5.18 293.03 1
5.19 293.02 1
5.2 293.03 1
5.21 293.27 1
5.22 292.52 1
5.23 292.43 1
5.24 291.1 1
5.25 290.46 1
5.26 288.28 1
5.27 281.95 1
5.28 289.26 1
5.29 291.09 1
5.3 290.92 1
5.31 291.5 1
5.32 290.14 1
5.33 291.76 1
5.34 293.07 1
5.35 290.1 1
5.36 288.65 1
5.37 288.61 1
5.38 288.23 1
5.39 289.15 1
5.4 289.24 1
5.41 288.76 1
5.42 289.31 1
5.43 289.63 1
5.44 289.8 1
5.45 290.28 1
5.46 289.81 1
5.47 289.66 1
5.48 289.13 1
5.49 289.33 1
5.5 288.68 1
5.51 288.53 1
5.52 287.91 1
5.53 286.36 1
5.54 285.39 1
5.55 279.69 1
5.56 269.66 1
5.57 253.14 1
5.58 240.22 1
5.59 229.15 1
5.6 231.3 1
5.61 229.06 1
5.62 223.3 1
5.63 231.53 1
5.64 239.83 1
5.65 257.94 1
5.66 270.91 1
5.67 282.88 1
5.68 289.66 1
5.69 287.25 1
5.7 291.1 1
5.71 287.7 1
5.72 0.0 1
5.73 0.0 1
5.74 0.0 1
5.75 0.0 1
5.76 316.11 1
5.77 298.52 1
5.78 279.33 1
5.79 268.61 1
5.8 255.65 1
5.81 252.46 1
5.82 245.64 1
5.83 237.37 1
5.84 231.57 1
5.85 237.73 1
5.86 241.63 1
5.87 248.88 1
5.88 251.84 1
5.89 257.15 1
5.9 264.87 1
5.91 273.06 1
5.92 279.27 1
5.93 277.85 1
5.94 284.93 1
5.95 286.78 1
5.96 287.48 1
5.97 288.85 1
5.98 288.51 1
5.99 288.97 1
6.0 290.0 1
6.01 291.1 1
6.02 289.69 1
6.03 288.16 1
6.04 288.58 1
6.05 289.48 1
6.06 288.66 1
6.07 289.11 1
6.08 287.59 1
6.09 289.76 1
6.1 290.07 1
6.11 288.19 1
6.12 288.02 1
6.13 285.36 1
6.14 286.74 1
6.15 287.12 1
6.16 395.6 1
6.17 342.22 1
6.18 338.85 1
6.19 336.33 1
6.2 334.34 1
6.21 330.55 1
6.22 320.66 1
6.23 318.37 1
6.24 316.07 1
6.25 305.32 1
6.26 318.27 1
6.27 318.34 1
6.28 318.39 1
6.29 324.31 1
6.3 328.45 1
6.31 334.2 1
6.32 336.81 1
6.33 337.53 1
6.34 336.46 1
6.35 332.44 1
6.36 327.0 1
6.37 320.46 1
6.38 318.35 1
6.39 316.05 1
6.4 310.93 1
6.41 311.61 1
6.42 309.17 1
6.43 313.79 1
6.44 313.86 1
6.45 318.37 1
6.46 323.47 1
6.47 327.75 1
6.48 0.0 1
6.49 327.85 1
6.5 332.79 1
6.51 337.14 1
6.52 337.87 1
6.53 369.03 1
6.54 357.3 1
6.55 362.94 1
6.56 345.93 1
6.57 340.59 1
6.58 328.47 1
6.59 323.02 1
6.6 312.95 1
6.61 306.91 1
6.62 307.36 1
6.63 313.83 1
6.64 316.09 1
6.65 322.99 1
6.66 330.05 1
6.67 335.77 1
6.68 340.55 1
6.69 339.73 1
6.7 339.26 1
6.71 334.84 1
6.72 332.88 1
6.73 325.8 1
6.74 318.4 1
6.75 318.37 1
6.76 295.18 1
6.77 295.03 1
6.78 290.39 1
6.79 281.76 1
6.8 276.43 1
6.81 269.64 1
6.82 257.23 1
6.83 254.27 1
6.84 253.23 1
6.85 250.29 1
6.86 248.54 1
6.87 248.5 1
6.88 246.24 1
6.89 0.0 1
6.9 0.0 1
6.91 0.0 1
6.92 0.0 1
6.93 0.0 1
6.94 0.0 1
6.95 0.0 1
6.96 0.0 1
6.97 0.0 1
6.98 293.02 1
6.99 294.68 1
7.0 296.76 1
7.01 294.98 1
7.02 296.57 1
7.03 295.02 1
7.04 295.01 1
7.05 294.3 1
7.06 293.04 1
7.07 291.12 1
7.08 293.06 1
7.09 293.06 1
7.1 293.78 1
7.11 294.14 1
7.12 290.67 1
7.13 98.22 1
7.14 98.24 1
7.15 97.68 1
7.16 98.77 1
7.17 98.55 1
7.18 98.41 1
7.19 97.68 1
7.2 98.83 1
7.21 98.2 1
7.22 97.9 1
7.23 97.89 1
7.24 98.77 1
7.25 98.33 1
7.26 97.46 1
7.27 98.35 1
7.28 98.54 1
7.29 97.78 1
7.3 98.23 1
7.31 97.9 1
7.32 98.25 1
7.33 97.98 1
7.34 98.51 1
7.35 97.46 1
7.36 99.21 1
7.37 97.03 1
7.38 98.55 1
7.39 97.78 1
7.4 98.77 1
7.41 119.34 1
7.42 119.35 1
7.43 120.66 1
7.44 123.01 1
7.45 288.6 1
7.46 280.43 1
7.47 292.03 1
7.48 292.08 1
7.49 294.6 1
7.5 298.19 1
7.51 300.2 1
7.52 301.49 1
7.53 301.08 1
7.54 300.22 1
7.55 298.99 1
7.56 296.98 1
7.57 295.03 1
7.58 295.03 1
7.59 293.08 1
7.6 294.35 1
7.61 293.03 1
7.62 290.2 1
7.63 286.43 1
7.64 281.93 1
7.65 273.82 1
7.66 273.04 1
7.67 261.74 1
7.68 255.71 1
7.69 252.77 1
7.7 247.02 1
7.71 254.82 1
7.72 244.29 1
7.73 245.7 1
7.74 244.25 1
7.75 244.29 1
7.76 244.26 1
7.77 244.31 1
7.78 236.5 1
7.79 247.02 1
7.8 252.34 1
7.81 244.32 1
7.82 247.05 1
7.83 255.61 1
7.84 247.01 1
7.85 256.43 1
7.86 255.35 1
7.87 252.2 1
7.88 242.86 1
7.89 247.0 1
7.9 232.8 1
7.91 239.12 1
7.92 241.59 1
7.93 243.13 1
7.94 246.73 1
7.95 252.96 1
7.96 257.89 1
7.97 260.18 1
7.98 263.29 1
7.99 266.45 1
8.0 258.68 1
8.01 261.36 1
8.02 260.19 1
8.03 248.98 1
8.04 252.74 1
8.05 241.8 1
8.06 244.32 1
8.07 241.13 1
8.08 245.64 1
8.09 247.21 1
8.1 251.89 1
8.11 254.19 1
8.12 257.0 1
8.13 260.19 1
8.14 260.31 1
8.15 258.48 1
8.16 259.92 1
8.17 254.21 1
8.18 258.54 1
8.19 0.0 1
8.2 0.0 1
8.21 0.0 1
8.22 0.0 1
8.23 0.0 1
8.24 0.0 1
8.25 0.0 1
8.26 284.9 1
8.27 292.35 1
8.28 294.98 1
8.29 293.07 1
8.3 291.76 1
8.31 290.48 1
8.32 289.05 1
8.33 290.11 1
8.34 290.32 1
8.35 290.43 1
8.36 291.32 1
8.37 292.1 1
8.38 292.63 1
8.39 292.83 1
8.4 292.4 1
8.41 293.03 1
8.42 293.34 1
8.43 292.79 1
8.44 293.03 1
8.45 291.97 1
8.46 291.35 1
8.47 290.47 1
8.48 289.66 1
8.49 289.2 1
8.5 288.3 1
8.51 288.78 1
8.52 288.28 1
8.53 288.24 1
8.54 288.68 1
8.55 289.28 1
8.56 289.95 1
8.57 289.97 1
8.58 290.56 1
8.59 291.09 1
8.6 291.09 1
8.61 291.14 1
8.62 291.56 1
8.63 291.01 1
8.64 287.34 1
8.65 294.96 1
8.66 293.05 1
8.67 293.02 1
8.68 288.92 1
8.69 283.86 1
8.7 278.61 1
8.71 279.88 1
8.72 274.72 1
8.73 275.93 1
8.74 278.5 1
8.75 282.14 1
8.76 285.92 1
8.77 290.47 1
8.78 293.34 1
8.79 296.13 1
8.8 296.36 1
8.81 293.84 1
8.82 291.49 1
8.83 286.45 1
8.84 279.45 1
8.85 273.94 1
8.86 268.05 1
8.87 259.37 1
8.88 254.11 1
8.89 246.61 1
8.9 236.5 1
8.91 237.72 1
8.92 233.64 1
8.93 229.1 1
8.94 227.64 1
8.95 226.3 1
8.96 224.43 1
8.97 225.31 1
8.98 225.59 1
8.99 228.4 1
9.0 231.46 1
9.01 0.0 1
9.02 0.0 1
9.03 0.0 1
9.04 0.0 1
9.05 0.0 1
9.06 0.0 1
9.07 0.0 1
9.08 245.37 1
9.09 251.7 1
9.1 252.43 1
9.11 249.83 1
9.12 248.44 1
9.13 248.98 1
9.14 248.64 1
9.15 248.37 1
9.16 248.16 1
9.17 247.65 1
9.18 248.37 1
9.19 248.38 1
9.2 248.6 1
9.21 247.45 1
9.22 247.25 1
9.23 246.38 1
9.24 246.27 1
9.25 246.65 1
9.26 246.47 1
9.27 246.76 1
9.28 246.32 1
9.29 244.23 1
9.3 243.51 1
9.31 243.31 1
9.32 242.97 1
9.33 244.28 1
9.34 245.06 1
9.35 241.67 1
9.36 243.01 1
9.37 252.57 1
9.38 242.98 1
9.39 252.85 1
9.4 246.9 1
9.41 258.07 1
9.42 254.27 1
9.43 275.77 1
9.44 263.0 1
9.45 254.22 1
9.46 250.09 1
9.47 245.1 1
9.48 242.96 1
9.49 244.22 1
9.5 242.93 1
9.51 244.03 1
9.52 248.55 1
9.53 252.0 1
9.54 256.6 1
9.55 259.94 1
9.56 257.24 1
9.57 261.81 1
9.58 262.89 1
9.59 258.67 1
9.6 256.09 1
9.61 251.44 1
9.62 248.58 1
9.63 244.21 1
9.64 238.01 1
9.65 240.18 1
9.66 237.87 1
9.67 241.31 1
9.68 243.74 1
9.69 249.79 1
9.7 257.21 1
9.71 268.14 1
9.72 273.47 1
9.73 271.18 1
9.74 266.48 1
9.75 0.0 1
9.76 0.0 1
9.77 0.0 1
9.78 0.0 1
9.79 0.0 1
9.8 0.0 1
9.81 0.0 1
9.82 0.0 1
9.83 0.0 1
9.84 296.23 1
9.85 281.77 1
9.86 283.77 1
9.87 255.74 1
9.88 249.34 1
9.89 246.92 1
9.9 232.72 1
9.91 224.91 1
9.92 234.07 1
9.93 242.16 1
9.94 249.86 1
9.95 258.47 1
9.96 258.8 1
9.97 260.23 1
9.98 271.28 1
9.99 258.74 1
10.0 261.72 1
10.01 257.08 1
10.02 249.81 1
10.03 251.62 1
10.04 232.75 1
10.05 240.7 1
10.06 222.68 1
10.07 217.18 1
10.08 202.65 1
10.09 202.4 1
10.1 202.04 1
10.11 198.16 1
10.12 196.44 1
10.13 195.01 1
10.14 194.64 1
10.15 193.71 1
10.16 192.74 1
10.17 191.73 1
10.18 184.91 1
10.19 187.26 1
10.2 165.48 1
10.21 182.46 1
10.22 182.51 1
10.23 190.34 1
10.24 193.98 1
10.25 97.47 1
10.26 98.22 1
10.27 98.07 1
10.28 98.67 1
10.29 96.82 1
10.3 97.25 1
10.31 97.6 1
10.32 98.53 1
10.33 97.53 1
10.34 97.46 1
10.35 98.28 1
10.36 98.38 1
10.37 98.35 1
10.38 98.63 1
10.39 98.71 1
10.4 196.67 1
10.41 196.39 1
10.42 195.92 1
10.43 193.56 1
10.44 196.03 1
10.45 194.67 1
10.46 194.6 1
10.47 194.63 1
10.48 193.77 1
10.49 194.55 1
10.5 193.35 1
10.51 192.33 1
10.52 194.69 1
10.53 197.43 1
10.54 200.42 1
10.55 203.8 1
10.56 204.91 1
10.57 224.1 1
10.58 232.86 1
10.59 252.87 1
10.6 241.67 1
10.61 231.5 1
10.62 252.88 1
10.63 246.68 1
10.64 274.73 1
10.65 269.72 1
10.66 266.43 1
10.67 251.09 1
10.68 242.95 1
10.69 234.02 1
10.7 226.97 1
10.71 289.21 1
10.72 213.98 1
10.73 211.31 1
10.74 217.75 1
10.75 216.81 1
10.76 222.13 1
10.77 226.79 1
10.78 226.85 1
10.79 238.05 1
10.8 244.24 1
10.81 246.46 1
10.82 248.41 1
10.83 249.28 1
10.84 249.19 1
10.85 124.02 1
10.86 243.25 1
10.87 246.49 1
10.88 246.13 1
10.89 119.56 1
10.9 118.78 1
10.91 122.84 1
10.92 118.96 1
10.93 122.94 1
10.94 121.02 1
10.95 121.36 1
10.96 120.48 1
10.97 120.01 1
10.98 119.66 1
10.99 118.72 1
11.0 117.45 1
11.01 117.45 1
11.02 120.96 1
11.03 119.36 1
11.04 120.98 1
11.05 119.89 1
11.06 124.57 1
11.07 119.36 1
11.08 119.69 1
11.09 119.68 1
11.1 120.02 1
11.11 121.3 1
11.12 120.36 1
11.13 122.3 1
11.14 121.03 1
11.15 121.02 1
11.16 119.38 1
11.17 120.02 1
11.18 121.98 1
11.19 120.03 1
11.2 123.0 1
11.21 120.71 1
11.22 124.05 1
11.23 124.95 1
11.24 251.15 1
11.25 245.62 1
11.26 248.36 1
11.27 240.13 1
11.28 236.03 1
11.29 229.13 1
11.3 230.46 1
11.31 234.04 1
11.32 245.48 1
11.33 241.64 1
11.34 247.01 1
11.35 250.9 1
11.36 258.68 1
11.37 276.41 1
11.38 286.66 1
11.39 289.25 1
11.4 268.06 1
11.41 273.05 1
11.42 285.43 1
11.43 287.34 1
11.44 289.04 1
11.45 293.02 1
11.46 301.04 1
11.47 292.46 1
11.48 279.99 1
11.49 276.43 1
11.5 253.83 1
11.51 246.96 1
11.52 118.3 1
11.53 117.11 1
11.54 117.62 1
11.55 241.52 1
11.56 246.97 1
11.57 253.61 1
11.58 271.06 1
11.59 270.15 1
11.6 277.09 1
11.61 283.2 1
11.62 287.33 1
11.63 290.85 1
11.64 291.1 1
11.65 292.55 1
11.66 290.95 1
11.67 289.57 1
11.68 288.98 1
11.69 288.12 1
11.7 288.22 1
11.71 288.32 1
11.72 288.69 1
11.73 289.81 1
11.74 289.33 1
11.75 289.5 1
11.76 289.26 1
11.77 289.98 1
11.78 290.18 1
11.79 290.31 1
11.8 289.16 1
11.81 287.18 1
11.82 274.8 1
11.83 285.47 1
11.84 285.45 1
11.85 287.03 1
11.86 145.77 1
11.87 287.6 1
11.88 288.19 1
11.89 288.35 1
11.9 288.53 1
11.91 289.47 1
11.92 289.52 1
11.93 288.99 1
11.94 288.6 1
11.95 289.08 1
11.96 289.89 1
11.97 291.1 1
11.98 290.86 1
11.99 290.22 1
12.0 290.31 1
12.01 290.49 1
12.02 291.41 1
12.03 292.17 1
12.04 292.37 1
12.05 291.16 1
12.06 291.42 1
12.07 289.98 1
12.08 288.48 1
12.09 287.05 1
12.1 285.55 1
12.11 284.07 1
12.12 281.98 1
12.13 281.26 1
12.14 282.06 1
12.15 284.04 1
12.16 287.79 1
12.17 293.08 1
12.18 303.22 1
12.19 295.91 1
12.2 0.0 1
12.21 0.0 1
12.22 0.0 1
12.23 0.0 1
12.24 199.12 1
12.25 200.0 1
12.26 200.92 1
12.27 196.0 1
12.28 191.22 1
12.29 189.67 1
12.3 196.43 1
12.31 194.57 1
12.32 181.69 1
12.33 184.24 1
12.34 172.47 1
12.35 174.82 1
12.36 83.58 1
12.37 83.58 1
12.38 84.57 1
12.39 86.38 1
12.4 175.32 1
12.41 179.18 1
12.42 181.91 1
12.43 188.07 1
12.44 192.05 1
12.45 193.8 1
12.46 193.65 1
12.47 194.62 1
12.48 193.72 1
12.49 190.74 1
12.5 192.68 1
12.51 193.56 1
12.52 181.74 1
12.53 188.14 1
12.54 181.84 1
12.55 182.74 1
12.56 186.47 1
12.57 200.94 1
12.58 194.56 1
12.59 197.34 1
12.6 198.64 1
12.61 197.56 1
12.62 193.2 1
12.63 184.81 1
12.64 173.97 1
12.65 185.07 1
12.66 183.51 1
12.67 189.29 1
12.68 186.1 1
12.69 192.19 1
12.7 197.0 1
12.71 186.46 1
12.72 197.27 1
12.73 200.51 1
12.74 192.83 1
12.75 201.1 1
12.76 194.58 1
12.77 194.51 1
12.78 195.54 1
12.79 195.91 1
12.8 194.75 1
12.81 195.24 1
12.82 195.16 1
12.83 195.54 1
12.84 195.55 1
12.85 195.28 1
12.86 195.47 1
12.87 195.11 1
12.88 196.42 1
