0.01 415.89 1
0.02 405.03 1
0.03 386.65 1
0.04 384.87 1
0.05 385.88 1
0.06 389.1 1
0.07 390.16 1
0.08 388.06 1
0.09 388.82 1
0.1 387.77 1
0.11 388.34 1
0.12 389.07 1
0.13 389.73 1
0.14 390.64 1
0.15 390.41 1
0.16 390.25 1
0.17 390.58 1
0.18 391.26 1
0.19 390.63 1
0.2 391.96 1
0.21 391.73 1
0.22 390.68 1
0.23 389.8 1
0.24 389.96 1
0.25 389.76 1
0.26 389.64 1
0.27 389.13 1
0.28 389.58 1
0.29 389.55 1
0.3 394.16 1
0.31 395.6 1
0.32 394.06 1
0.33 394.17 1
0.34 399.04 1
0.35 447.73 1
0.36 399.62 1
0.37 393.11 1
0.38 455.32 1
0.39 466.72 1
0.4 476.04 1
0.41 473.01 1
0.42 469.37 1
0.43 468.22 1
0.44 465.44 1
0.45 462.69 1
0.46 457.76 1
0.47 450.82 1
0.48 448.8 1
0.49 443.15 1
0.5 445.34 1
0.51 439.23 1
0.52 437.87 1
0.53 438.13 1
0.54 438.75 1
0.55 441.06 1
0.56 441.37 1
0.57 440.77 1
0.58 439.23 1
0.59 436.32 1
0.6 430.31 1
0.61 429.18 1
0.62 418.82 1
0.63 424.18 1
0.64 428.44 1
0.65 429.19 1
0.66 436.99 1
0.67 428.26 1
0.68 436.23 1
0.69 438.04 1
0.7 443.25 1
0.71 452.3 1
0.72 456.99 1
0.73 469.41 1
0.74 465.89 1
0.75 458.03 1
0.76 446.29 1
0.77 436.2 1
0.78 431.02 1
0.79 426.09 1
0.8 424.3 1
0.81 420.74 1
0.82 419.44 1
0.83 425.13 1
0.84 429.39 1
0.85 433.46 1
0.86 439.21 1
0.87 447.03 1
0.88 446.99 1
0.89 445.43 1
0.9 448.03 1
0.91 445.55 1
0.92 439.93 1
0.93 431.69 1
0.94 425.28 1
0.95 422.02 1
0.96 416.1 1
0.97 409.75 1
0.98 397.1 1
0.99 394.11 1
1.0 388.17 1
1.01 391.93 1
1.02 388.5 1
1.03 381.59 1
1.04 369.49 1
1.05 381.68 1
1.06 375.4 1
1.07 378.33 1
1.08 381.65 1
1.09 374.63 1
1.1 375.32 1
1.11 366.19 1
1.12 351.41 1
1.13 373.69 1
1.14 360.06 1
1.15 374.77 1
1.16 373.58 1
1.17 315.61 1
1.18 372.23 1
1.19 374.53 1
1.2 381.34 1
1.21 385.12 1
1.22 385.3 1
1.23 386.74 1
1.24 384.81 1
1.25 385.0 1
1.26 387.13 1
1.27 386.84 1
1.28 388.07 1
1.29 388.18 1
1.3 388.95 1
1.31 390.15 1
1.32 391.8 1
1.33 391.34 1
1.34 391.69 1
1.35 391.47 1
1.36 392.85 1
1.37 394.16 1
1.38 394.81 1
1.39 394.16 1
1.4 394.49 1
1.41 393.64 1
1.42 392.92 1
1.43 391.47 1
1.44 390.13 1
1.45 389.8 1
1.46 390.5 1
1.47 390.0 1
1.48 390.09 1
1.49 392.67 1
1.5 392.18 1
1.51 392.6 1
1.52 394.79 1
1.53 431.29 1
1.54 430.25 1
1.55 382.38 1
1.56 381.78 1
1.57 360.06 1
1.58 348.7 1
1.59 345.1 1
1.6 338.11 1
1.61 346.0 1
1.62 352.78 1
1.63 364.36 1
1.64 288.03 1
1.65 384.73 1
1.66 391.42 1
1.67 397.26 1
1.68 395.01 1
1.69 398.05 1
1.7 397.71 1
1.71 394.05 1
1.72 392.12 1
1.73 391.74 1
1.74 385.47 1
1.75 381.72 1
1.76 381.16 1
1.77 360.02 1
1.78 348.66 1
1.79 346.82 1
1.8 340.14 1
1.81 337.15 1
1.82 337.8 1
1.83 336.83 1
1.84 332.99 1
1.85 332.12 1
1.86 331.54 1
1.87 329.99 1
1.88 328.16 1
1.89 326.21 1
1.9 326.26 1
1.91 327.49 1
1.92 326.84 1
1.93 329.63 1
1.94 328.25 1
1.95 326.96 1
1.96 372.24 1
1.97 332.68 1
1.98 366.02 1
1.99 337.92 1
2.0 379.81 1
2.01 394.63 1
2.02 389.77 1
2.03 388.84 1
2.04 395.41 1
2.05 393.24 1
2.06 394.06 1
2.07 391.04 1
2.08 387.91 1
2.09 388.52 1
2.1 388.5 1
2.11 388.32 1
2.12 0.0 1
2.13 0.0 1
2.14 122.67 1
2.15 118.5 1
2.16 117.8 1
2.17 119.53 1
2.18 121.26 1
2.19 122.33 1
2.2 125.53 1
2.21 126.83 1
2.22 126.55 1
2.23 129.14 1
2.24 129.71 1
2.25 129.14 1
2.26 125.09 1
2.27 117.47 1
2.28 119.67 1
2.29 121.66 1
2.3 155.3 1
2.31 124.12 1
2.32 122.23 1
2.33 121.29 1
2.34 121.33 1
2.35 123.05 1
2.36 121.53 1
2.37 99.66 1
2.38 102.15 1
2.39 96.61 1
2.4 96.53 1
2.41 98.32 1
2.42 98.1 1
2.43 98.33 1
2.44 98.57 1
2.45 98.98 1
2.46 96.82 1
2.47 97.04 1
2.48 97.26 1
2.49 99.02 1
2.5 97.78 1
2.51 98.55 1
2.52 97.25 1
2.53 98.54 1
2.54 98.45 1
2.55 98.11 1
2.56 98.21 1
2.57 98.58 1
2.58 97.89 1
2.59 98.24 1
2.6 98.14 1
2.61 98.3 1
2.62 98.33 1
2.63 97.68 1
2.64 98.28 1
2.65 98.19 1
2.66 98.11 1
2.67 98.27 1
2.68 97.97 1
2.69 98.25 1
2.7 146.27 1
2.71 145.79 1
2.72 145.98 1
2.73 146.65 1
2.74 145.79 1
2.75 146.6 1
2.76 146.27 1
2.77 147.25 1
2.78 146.76 1
2.79 147.74 1
2.8 146.72 1
2.81 151.29 1
2.82 212.65 1
2.83 203.72 1
2.84 199.82 1
2.85 188.06 1
2.86 190.49 1
2.87 184.18 1
2.88 186.85 1
2.89 189.65 1
2.9 191.31 1
2.91 194.68 1
2.92 197.55 1
2.93 200.01 1
2.94 201.71 1
2.95 202.34 1
2.96 201.08 1
2.97 199.12 1
2.98 197.37 1
2.99 388.54 1
3.0 381.78 1
3.01 363.05 1
3.02 343.44 1
3.03 339.63 1
3.04 324.36 1
3.05 318.25 1
3.06 301.59 1
3.07 294.99 1
3.08 289.15 1
3.09 287.95 1
3.1 287.26 1
3.11 283.29 1
3.12 283.88 1
3.13 280.68 1
3.14 284.07 1
3.15 284.02 1
3.16 279.2 1
3.17 247.05 1
3.18 274.97 1
3.19 282.27 1
3.2 285.08 1
3.21 281.81 1
3.22 276.5 1
3.23 287.95 1
3.24 291.1 1
3.25 291.08 1
3.26 287.53 1
3.27 285.51 1
3.28 284.25 1
3.29 282.68 1
3.3 283.91 1
3.31 285.06 1
3.32 287.08 1
3.33 291.09 1
3.34 297.79 1
3.35 299.03 1
3.36 317.02 1
3.37 332.3 1
3.38 348.71 1
3.39 354.24 1
3.4 0.0 1
3.41 385.43 1
3.42 383.42 1
3.43 386.64 1
3.44 387.76 1
3.45 385.38 1
3.46 380.54 1
3.47 378.91 1
3.48 348.86 1
3.49 348.73 1
3.5 345.81 1
3.51 336.3 1
3.52 335.9 1
3.53 331.48 1
3.54 328.67 1
3.55 326.42 1
3.56 327.6 1
3.57 327.39 1
3.58 324.23 1
3.59 327.13 1
3.6 325.7 1
3.61 326.79 1
3.62 327.99 1
3.63 327.91 1
3.64 330.26 1
3.65 328.29 1
3.66 330.24 1
3.67 177.54 1
3.68 181.82 1
3.69 196.16 1
3.7 196.44 1
3.71 189.52 1
3.72 198.19 1
3.73 195.18 1
3.74 195.49 1
3.75 194.53 1
3.76 194.65 1
3.77 194.04 1
3.78 193.84 1
3.79 189.74 1
3.8 193.79 1
3.81 184.13 1
3.82 184.11 1
3.83 181.83 1
3.84 325.74 1
3.85 348.75 1
3.86 353.13 1
3.87 354.22 1
3.88 355.97 1
3.89 348.68 1
3.9 363.04 1
3.91 391.9 1
3.92 382.28 1
3.93 382.87 1
3.94 384.7 1
3.95 388.53 1
3.96 383.82 1
3.97 357.09 1
3.98 347.25 1
3.99 351.37 1
4.0 340.57 1
4.01 374.43 1
4.02 356.83 1
4.03 0.0 1
4.04 0.0 1
4.05 0.0 1
4.06 0.0 1
4.07 0.0 1
4.08 381.88 1
4.09 404.65 1
4.1 380.06 1
4.11 386.96 1
4.12 387.91 1
4.13 389.96 1
4.14 388.85 1
4.15 389.81 1
4.16 389.09 1
4.17 388.65 1
4.18 386.67 1
4.19 387.4 1
4.2 387.57 1
4.21 387.12 1
4.22 386.73 1
4.23 387.64 1
4.24 388.52 1
4.25 387.53 1
4.26 388.73 1
4.27 388.6 1
4.28 388.77 1
4.29 388.16 1
4.3 388.38 1
4.31 388.21 1
4.32 387.85 1
4.33 385.91 1
4.34 385.44 1
4.35 384.05 1
4.36 381.85 1
4.37 188.95 1
4.38 182.71 1
4.39 363.31 1
4.4 378.67 1
4.41 383.18 1
4.42 383.08 1
4.43 407.04 1
4.44 388.47 1
4.45 382.78 1
4.46 388.49 1
4.47 388.49 1
4.48 388.37 1
4.49 385.27 1
4.5 385.72 1
4.51 381.8 1
4.52 380.88 1
4.53 374.13 1
4.54 371.97 1
4.55 357.24 1
4.56 354.63 1
4.57 343.23 1
4.58 337.01 1
4.59 329.07 1
4.6 328.62 1
4.61 325.35 1
4.62 320.6 1
4.63 318.35 1
4.64 316.07 1
4.65 320.57 1
4.66 318.31 1
4.67 318.39 1
4.68 322.67 1
4.69 327.83 1
4.7 327.87 1
4.71 336.66 1
4.72 337.87 1
4.73 328.83 1
4.74 323.5 1
4.75 319.53 1
4.76 330.4 1
4.77 323.07 1
4.78 333.26 1
4.79 322.14 1
4.8 319.25 1
4.81 323.06 1
4.82 323.08 1
4.83 314.09 1
4.84 292.33 1
4.85 294.99 1
4.86 295.21 1
4.87 291.09 1
4.88 294.69 1
4.89 293.02 1
4.9 294.84 1
4.91 294.92 1
4.92 293.07 1
4.93 294.99 1
4.94 294.99 1
4.95 293.04 1
4.96 293.05 1
4.97 293.03 1
4.98 291.13 1
4.99 291.13 1
5.0 291.09 1
5.01 290.56 1
5.02 290.41 1
5.03 291.1 1
5.04 290.72 1
5.05 291.04 1
5.06 291.11 1
5.07 292.12 1
5.08 292.57 1
5.09 292.73 1
5.1 293.85 1
5.11 293.05 1
5.12 293.85 1
5.13 293.03 1
5.14 292.68 1
5.15 290.8 1
5.16 287.44 1
5.17 281.86 1
5.18 291.95 1
5.19 292.27 1
5.2 287.33 1
5.21 291.51 1
5.22 291.09 1
5.23 289.16 1
5.24 288.96 1
5.25 288.47 1
5.26 289.48 1
5.27 289.46 1
5.28 290.89 1
5.29 291.84 1
5.3 292.23 1
5.31 292.62 1
5.32 292.28 1
5.33 292.35 1
5.34 292.93 1
5.35 291.11 1
5.36 291.09 1
5.37 290.83 1
5.38 290.33 1
5.39 288.87 1
5.4 286.96 1
5.41 284.4 1
5.42 279.68 1
5.43 278.11 1
5.44 260.49 1
5.45 244.28 1
5.46 227.91 1
5.47 216.97 1
5.48 0.0 1
5.49 0.0 1
5.5 0.0 1
5.51 0.0 1
5.52 0.0 1
5.53 0.0 1
5.54 0.0 1
5.55 0.0 1
5.56 0.0 1
5.57 0.0 1
5.58 0.0 1
5.59 0.0 1
5.6 0.0 1
5.61 0.0 1
5.62 309.05 1
5.63 302.29 1
5.64 279.95 1
5.65 258.67 1
5.66 247.05 1
5.67 234.01 1
5.68 236.81 1
5.69 238.52 1
5.7 245.66 1
5.71 251.09 1
5.72 255.68 1
5.73 266.48 1
5.74 278.21 1
5.75 279.43 1
5.76 287.39 1
5.77 291.09 1
5.78 289.05 1
5.79 292.17 1
5.8 292.74 1
5.81 291.14 1
5.82 292.37 1
5.83 291.1 1
5.84 290.77 1
5.85 291.88 1
5.86 291.02 1
5.87 290.82 1
5.88 290.45 1
5.89 290.0 1
5.9 290.6 1
5.91 289.77 1
5.92 288.2 1
5.93 287.32 1
5.94 287.38 1
5.95 290.41 1
5.96 287.33 1
5.97 278.25 1
5.98 290.15 1
5.99 281.11 1
6.0 292.28 1
6.01 347.4 1
6.02 335.4 1
6.03 333.71 1
6.04 329.55 1
6.05 321.23 1
6.06 316.12 1
6.07 313.82 1
6.08 312.03 1
6.09 313.86 1
6.1 316.06 1
6.11 319.67 1
6.12 323.36 1
6.13 333.24 1
6.14 337.1 1
6.15 334.53 1
6.16 340.61 1
6.17 343.21 1
6.18 341.98 1
6.19 336.19 1
6.2 335.23 1
6.21 331.08 1
6.22 325.53 1
6.23 325.0 1
6.24 321.59 1
6.25 320.49 1
6.26 319.27 1
6.27 320.72 1
6.28 318.5 1
6.29 323.61 1
6.3 323.86 1
6.31 327.81 1
6.32 228.03 1
6.33 327.84 1
6.34 337.88 1
6.35 334.33 1
6.36 345.86 1
6.37 381.66 1
6.38 348.43 1
6.39 337.05 1
6.4 327.96 1
6.41 318.41 1
6.42 307.89 1
6.43 295.15 1
6.44 301.18 1
6.45 297.09 1
6.46 309.43 1
6.47 318.23 1
6.48 320.15 1
6.49 326.44 1
6.5 332.08 1
6.51 333.44 1
6.52 332.44 1
6.53 332.71 1
6.54 329.17 1
6.55 325.44 1
6.56 323.06 1
6.57 318.31 1
6.58 309.42 1
6.59 297.08 1
6.6 293.08 1
6.61 286.73 1
6.62 283.38 1
6.63 278.15 1
6.64 274.65 1
6.65 271.36 1
6.66 263.27 1
6.67 260.25 1
6.68 260.19 1
6.69 258.67 1
6.7 257.15 1
6.71 266.49 1
6.72 257.31 1
6.73 0.0 1
6.74 0.0 1
6.75 0.0 1
6.76 0.0 1
6.77 0.0 1
6.78 0.0 1
6.79 0.0 1
6.8 0.0 1
6.81 279.98 1
6.82 293.85 1
6.83 294.12 1
6.84 292.51 1
6.85 293.02 1
6.86 292.02 1
6.87 291.82 1
6.88 291.62 1
6.89 291.45 1
6.9 291.42 1
6.91 290.57 1
6.92 290.08 1
6.93 289.9 1
6.94 289.78 1
6.95 288.94 1
6.96 289.01 1
6.97 288.94 1
6.98 288.48 1
6.99 289.43 1
7.0 288.73 1
7.01 288.79 1
7.02 289.15 1
7.03 289.04 1
7.04 289.52 1
7.05 289.87 1
7.06 289.79 1
7.07 289.39 1
7.08 288.86 1
7.09 289.52 1
7.1 291.94 1
7.11 289.23 1
7.12 290.62 1
7.13 289.47 1
7.14 290.18 1
7.15 289.0 1
7.16 290.13 1
7.17 290.95 1
7.18 286.11 1
7.19 298.99 1
7.2 294.79 1
7.21 285.87 1
7.22 281.76 1
7.23 274.65 1
7.24 271.28 1
7.25 274.65 1
7.26 276.46 1
7.27 280.72 1
7.28 291.19 1
7.29 293.06 1
7.3 302.16 1
7.31 295.06 1
7.32 299.1 1
7.33 293.14 1
7.34 293.22 1
7.35 294.44 1
7.36 290.09 1
7.37 285.33 1
7.38 283.44 1
7.39 278.19 1
7.4 274.72 1
7.41 274.72 1
7.42 261.91 1
7.43 258.66 1
7.44 255.66 1
7.45 250.11 1
7.46 246.99 1
7.47 241.88 1
7.48 244.25 1
7.49 236.54 1
7.5 236.48 1
7.51 237.75 1
7.52 231.52 1
7.53 226.81 1
7.54 236.74 1
7.55 248.55 1
7.56 253.81 1
7.57 279.46 1
7.58 273.07 1
7.59 253.14 1
7.6 270.13 1
7.61 259.91 1
7.62 260.1 1
7.63 253.74 1
7.64 247.14 1
7.65 251.26 1
7.66 245.63 1
7.67 246.96 1
7.68 244.31 1
7.69 246.0 1
7.7 251.92 1
7.71 255.66 1
7.72 263.59 1
7.73 271.36 1
7.74 270.02 1
7.75 268.12 1
7.76 267.87 1
7.77 257.18 1
7.78 255.66 1
7.79 254.94 1
7.8 248.45 1
7.81 248.66 1
7.82 247.05 1
7.83 248.19 1
7.84 251.72 1
7.85 254.86 1
7.86 256.83 1
7.87 263.18 1
7.88 263.29 1
7.89 263.3 1
7.9 265.3 1
7.91 254.19 1
7.92 260.2 1
7.93 271.53 1
7.94 263.34 1
7.95 264.98 1
7.96 261.77 1
7.97 263.2 1
7.98 266.09 1
7.99 196.43 1
8.0 197.57 1
8.01 295.21 1
8.02 296.43 1
8.03 297.04 1
8.04 296.52 1
8.05 294.98 1
8.06 296.98 1
8.07 296.97 1
8.08 296.95 1
8.09 296.4 1
8.1 296.97 1
8.11 295.88 1
8.12 296.16 1
8.13 295.64 1
8.14 293.78 1
8.15 292.87 1
8.16 292.09 1
8.17 291.09 1
8.18 289.94 1
8.19 289.21 1
8.2 290.48 1
8.21 290.57 1
8.22 290.41 1
8.23 290.48 1
8.24 290.34 1
8.25 289.78 1
8.26 288.97 1
8.27 289.78 1
8.28 291.05 1
8.29 290.42 1
8.3 290.06 1
8.31 291.09 1
8.32 287.42 1
8.33 289.19 1
8.34 292.9 1
8.35 290.84 1
8.36 298.99 1
8.37 298.99 1
8.38 293.1 1
8.39 287.12 1
8.4 279.79 1
8.41 276.46 1
8.42 278.16 1
8.43 275.7 1
8.44 279.98 1
8.45 284.04 1
8.46 285.5 1
8.47 289.2 1
8.48 291.13 1
8.49 296.97 1
8.5 293.15 1
8.51 298.74 1
8.52 296.98 1
8.53 295.45 1
8.54 291.14 1
8.55 285.23 1
8.56 275.66 1
8.57 271.13 1
8.58 263.63 1
8.59 264.14 1
8.6 255.56 1
8.61 244.32 1
8.62 234.01 1
8.63 236.44 1
8.64 230.29 1
8.65 221.11 1
8.66 221.28 1
8.67 221.05 1
8.68 221.38 1
8.69 221.12 1
8.7 218.04 1
8.71 221.47 1
8.72 221.52 1
8.73 0.0 1
8.74 0.0 1
8.75 0.0 1
8.76 0.0 1
8.77 0.0 1
8.78 0.0 1
8.79 0.0 1
8.8 0.0 1
8.81 244.1 1
8.82 255.24 1
8.83 250.44 1
8.84 247.6 1
8.85 246.25 1
8.86 247.39 1
8.87 247.06 1
8.88 245.27 1
8.89 243.52 1
8.9 243.67 1
8.91 242.35 1
8.92 243.43 1
8.93 244.97 1
8.94 243.96 1
8.95 244.31 1
8.96 245.68 1
8.97 244.84 1
8.98 244.64 1
8.99 245.08 1
9.0 245.67 1
9.01 244.3 1
9.02 235.3 1
9.03 242.09 1
9.04 240.9 1
9.05 231.51 1
9.06 243.63 1
9.07 247.05 1
9.08 247.05 1
9.09 245.33 1
9.1 260.22 1
9.11 258.68 1
9.12 278.2 1
9.13 262.09 1
9.14 252.18 1
9.15 243.24 1
9.16 239.04 1
9.17 235.14 1
9.18 241.64 1
9.19 237.27 1
9.2 246.8 1
9.21 257.76 1
9.22 257.92 1
9.23 272.84 1
9.24 268.09 1
9.25 267.88 1
9.26 274.74 1
9.27 274.76 1
9.28 256.4 1
9.29 279.91 1
9.3 252.49 1
9.31 98.38 1
9.32 97.61 1
9.33 98.99 1
9.34 97.25 1
9.35 98.04 1
9.36 97.46 1
9.37 99.01 1
9.38 96.61 1
9.39 98.38 1
9.4 98.25 1
9.41 98.1 1
9.42 98.43 1
9.43 97.96 1
9.44 98.18 1
9.45 98.1 1
9.46 97.46 1
9.47 98.55 1
9.48 97.89 1
9.49 98.33 1
9.5 97.98 1
9.51 98.26 1
9.52 97.89 1
9.53 98.4 1
9.54 98.14 1
9.55 97.72 1
9.56 98.33 1
9.57 97.89 1
9.58 98.47 1
9.59 96.61 1
9.6 93.97 1
9.61 196.43 1
9.62 194.42 1
9.63 258.73 1
9.64 262.91 1
9.65 249.68 1
9.66 245.68 1
9.67 247.17 1
9.68 250.4 1
9.69 254.18 1
9.7 255.68 1
9.71 269.7 1
9.72 273.1 1
9.73 274.74 1
9.74 273.05 1
9.75 269.74 1
9.76 262.95 1
9.77 257.0 1
9.78 248.59 1
9.79 239.02 1
9.8 227.15 1
9.81 215.76 1
9.82 212.52 1
9.83 207.48 1
9.84 203.39 1
9.85 202.24 1
9.86 200.13 1
9.87 200.08 1
9.88 199.42 1
9.89 199.04 1
9.9 198.42 1
9.91 199.0 1
9.92 198.44 1
9.93 197.54 1
9.94 196.8 1
9.95 195.53 1
9.96 198.49 1
9.97 200.13 1
9.98 197.33 1
9.99 197.72 1
10.0 195.37 1
10.01 196.0 1
10.02 195.38 1
10.03 193.31 1
10.04 194.7 1
10.05 193.64 1
10.06 197.26 1
10.07 195.18 1
10.08 199.04 1
10.09 196.49 1
10.1 197.3 1
10.11 197.41 1
10.12 199.24 1
10.13 198.08 1
10.14 198.56 1
10.15 198.24 1
10.16 199.83 1
10.17 198.68 1
10.18 198.58 1
10.19 198.38 1
10.2 197.21 1
10.21 198.62 1
10.22 196.04 1
10.23 194.87 1
10.24 193.07 1
10.25 193.97 1
10.26 193.71 1
10.27 194.91 1
10.28 201.84 1
10.29 205.6 1
10.3 215.98 1
10.31 198.25 1
10.32 195.49 1
10.33 200.91 1
10.34 98.62 1
10.35 99.15 1
10.36 102.1 1
10.37 102.21 1
10.38 101.14 1
10.39 98.83 1
10.4 94.75 1
10.41 102.21 1
10.42 102.22 1
10.43 101.27 1
10.44 100.81 1
10.45 101.04 1
10.46 103.15 1
10.47 106.41 1
10.48 110.83 1
10.49 117.8 1
10.5 120.01 1
10.51 123.35 1
10.52 124.59 1
10.53 123.65 1
10.54 124.23 1
10.55 123.97 1
10.56 123.2 1
10.57 122.39 1
10.58 118.75 1
10.59 118.79 1
10.6 118.73 1
10.61 119.7 1
10.62 119.7 1
10.63 120.02 1
10.64 121.33 1
10.65 119.05 1
10.66 121.67 1
10.67 118.74 1
10.68 119.69 1
10.69 117.45 1
10.7 119.03 1
10.71 120.66 1
10.72 118.71 1
10.73 119.07 1
10.74 117.78 1
10.75 117.83 1
10.76 120.47 1
10.77 118.73 1
10.78 118.71 1
10.79 118.43 1
10.8 119.12 1
10.81 118.71 1
10.82 118.07 1
10.83 118.17 1
10.84 118.3 1
10.85 118.37 1
10.86 118.86 1
10.87 119.03 1
10.88 119.04 1
10.89 118.73 1
10.9 118.72 1
10.91 119.35 1
10.92 118.71 1
10.93 119.03 1
10.94 118.71 1
10.95 119.68 1
10.96 118.72 1
10.97 120.0 1
10.98 119.36 1
10.99 118.09 1
11.0 118.14 1
11.01 117.12 1
11.02 116.4 1
11.03 117.07 1
11.04 119.03 1
11.05 121.97 1
11.06 112.96 1
11.07 257.19 1
11.08 276.48 1
11.09 289.54 1
11.1 283.7 1
11.11 298.05 1
11.12 291.11 1
11.13 291.13 1
11.14 288.24 1
11.15 299.01 1
11.16 291.11 1
11.17 301.15 1
11.18 305.4 1
11.19 280.18 1
11.2 262.94 1
11.21 249.83 1
11.22 239.0 1
11.23 198.1 1
11.24 242.89 1
11.25 246.99 1
11.26 247.04 1
11.27 255.19 1
11.28 263.07 1
11.29 273.04 1
11.3 281.21 1
11.31 284.91 1
11.32 290.18 1
11.33 291.1 1
11.34 293.73 1
11.35 293.05 1
11.36 294.99 1
11.37 295.19 1
11.38 294.99 1
11.39 296.98 1
11.4 295.04 1
11.41 295.06 1
11.42 295.12 1
11.43 295.13 1
11.44 293.21 1
11.45 295.11 1
11.46 295.08 1
11.47 296.79 1
11.48 294.97 1
11.49 291.09 1
11.5 293.04 1
11.51 293.04 1
11.52 296.15 1
11.53 295.01 1
11.54 292.91 1
11.55 292.98 1
11.56 293.05 1
11.57 291.25 1
11.58 284.76 1
11.59 287.76 1
11.6 287.53 1
11.61 285.92 1
11.62 286.37 1
11.63 286.11 1
11.64 287.63 1
11.65 287.95 1
11.66 287.86 1
11.67 288.23 1
11.68 288.75 1
11.69 289.52 1
11.7 291.6 1
11.71 292.23 1
11.72 292.22 1
11.73 292.14 1
11.74 292.04 1
11.75 292.07 1
11.76 291.09 1
11.77 290.23 1
11.78 289.36 1
11.79 288.27 1
11.8 286.88 1
11.81 284.6 1
11.82 283.23 1
11.83 283.29 1
11.84 283.63 1
11.85 287.17 1
11.86 290.85 1
11.87 293.69 1
11.88 294.61 1
11.89 323.51 1
11.9 354.42 1
11.91 385.3 1
11.92 388.52 1
11.93 385.1 1
11.94 391.03 1
11.95 385.85 1
11.96 382.96 1
11.97 395.53 1
11.98 379.63 1
11.99 341.05 1
12.0 359.33 1
12.01 349.32 1
12.02 338.4 1
12.03 335.13 1
12.04 351.81 1
12.05 322.7 1
12.06 326.84 1
12.07 331.08 1
12.08 340.43 1
12.09 355.59 1
12.1 354.54 1
12.11 371.04 1
12.12 379.7 1
12.13 384.88 1
12.14 381.51 1
12.15 381.73 1
12.16 378.97 1
12.17 376.52 1
12.18 375.21 1
12.19 368.14 1
12.2 364.57 1
12.21 363.19 1
12.22 363.0 1
12.23 372.07 1
12.24 378.33 1
12.25 382.14 1
12.26 388.58 1
12.27 396.15 1
12.28 395.24 1
12.29 393.15 1
12.3 394.35 1
12.31 392.19 1
12.32 380.19 1
12.33 388.56 1
12.34 370.23 1
12.35 362.96 1
12.36 352.29 1
12.37 369.32 1
12.38 361.2 1
12.39 374.59 1
12.4 401.36 1
12.41 382.11 1
12.42 381.28 1
12.43 382.13 1
12.44 385.16 1
12.45 385.96 1
12.46 388.32 1
12.47 386.28 1
12.48 385.51 1
12.49 387.1 1
12.5 384.92 1
12.51 383.39 1
12.52 192.45 1
12.53 96.4 1
12.54 96.82 1
12.55 96.82 1
12.56 97.34 1
12.57 97.04 1
12.58 98.01 1
12.59 95.97 1
12.6 98.11 1
12.61 98.04 1
12.62 98.12 1
12.63 97.89 1
12.64 98.54 1
12.65 97.68 1
12.66 98.33 1
12.67 98.03 1
12.68 98.06 1
12.69 97.68 1
