0.01 252.7 1
0.02 257.71 1
0.03 257.47 1
0.04 255.92 1
0.05 254.19 1
0.06 256.4 1
0.07 258.23 1
0.08 258.67 1
0.09 260.11 1
0.1 258.71 1
0.11 261.21 1
0.12 259.74 1
0.13 257.17 1
0.14 253.51 1
0.15 248.02 1
0.16 237.69 1
0.17 228.62 1
0.18 221.85 1
0.19 220.87 1
0.2 218.85 1
0.21 220.27 1
0.22 225.42 1
0.23 231.55 1
0.24 245.61 1
0.25 258.99 1
0.26 272.16 1
0.27 286.5 1
0.28 288.96 1
0.29 293.08 1
0.3 280.01 1
0.31 0.0 1
0.32 0.0 1
0.33 0.0 1
0.34 0.0 1
0.35 250.18 1
0.36 268.5 1
0.37 251.0 1
0.38 248.17 1
0.39 249.95 1
0.4 255.2 1
0.41 265.89 1
0.42 276.47 1
0.43 291.12 1
0.44 333.89 1
0.45 369.57 1
0.46 385.48 1
0.47 452.26 1
0.48 466.59 1
0.49 0.0 1
0.5 0.0 1
0.51 0.0 1
0.52 0.0 1
0.53 0.0 1
0.54 0.0 1
0.55 0.0 1
0.56 0.0 1
0.57 0.0 1
0.58 303.0 1
0.59 299.88 1
0.6 291.18 1
0.61 295.0 1
0.62 295.0 1
0.63 295.03 1
0.64 295.04 1
0.65 293.16 1
0.66 293.17 1
0.67 297.02 1
0.68 297.01 1
0.69 293.04 1
0.7 291.11 1
0.71 293.04 1
0.72 291.09 1
0.73 279.98 1
0.74 268.14 1
0.75 266.59 1
0.76 256.34 1
0.77 225.62 1
0.78 226.07 1
0.79 225.56 1
0.8 227.46 1
0.81 230.34 1
0.82 246.96 1
0.83 254.2 1
0.84 267.23 1
0.85 275.76 1
0.86 273.11 1
0.87 258.65 1
0.88 279.99 1
0.89 260.26 1
0.9 244.33 1
0.91 207.52 1
0.92 237.75 1
0.93 241.39 1
0.94 244.48 1
0.95 244.31 1
0.96 242.21 1
0.97 241.89 1
0.98 241.62 1
0.99 238.02 1
1.0 237.87 1
1.01 240.29 1
1.02 240.3 1
1.03 239.68 1
1.04 241.62 1
1.05 240.47 1
1.06 232.73 1
1.07 245.67 1
1.08 242.97 1
1.09 244.32 1
1.1 241.4 1
1.11 239.16 1
1.12 279.21 1
1.13 232.73 1
1.14 230.29 1
1.15 226.5 1
1.16 225.12 1
1.17 225.3 1
1.18 226.77 1
1.19 230.32 1
1.2 240.28 1
1.21 247.98 1
1.22 253.07 1
1.23 255.73 1
1.24 262.29 1
1.25 261.7 1
1.26 256.9 1
1.27 251.73 1
1.28 245.67 1
1.29 239.27 1
1.3 231.56 1
1.31 227.99 1
1.32 226.79 1
1.33 226.82 1
1.34 234.97 1
1.35 241.6 1
1.36 248.48 1
1.37 252.79 1
1.38 258.65 1
1.39 270.62 1
1.4 249.83 1
1.41 255.35 1
1.42 248.44 1
1.43 254.24 1
1.44 254.18 1
1.45 254.21 1
1.46 260.26 1
1.47 255.43 1
1.48 276.48 1
1.49 281.4 1
1.5 296.54 1
1.51 293.48 1
1.52 291.1 1
1.53 293.36 1
1.54 292.29 1
1.55 291.12 1
1.56 291.36 1
1.57 290.18 1
1.58 288.25 1
1.59 287.04 1
1.6 283.21 1
1.61 265.97 1
1.62 278.3 1
1.63 288.49 1
1.64 281.83 1
1.65 290.05 1
1.66 289.39 1
1.67 291.11 1
1.68 225.86 1
1.69 224.97 1
1.7 226.86 1
1.71 227.27 1
1.72 228.56 1
1.73 230.33 1
1.74 234.97 1
1.75 242.88 1
1.76 248.24 1
1.77 249.72 1
1.78 253.29 1
1.79 253.51 1
1.8 249.65 1
1.81 256.58 1
1.82 249.1 1
1.83 242.56 1
1.84 240.55 1
1.85 239.44 1
1.86 244.87 1
1.87 232.47 1
1.88 228.53 1
1.89 228.55 1
1.9 228.58 1
1.91 229.13 1
1.92 234.0 1
1.93 240.44 1
1.94 246.99 1
1.95 252.77 1
1.96 257.21 1
1.97 261.76 1
1.98 260.2 1
1.99 254.18 1
2.0 245.51 1
2.01 263.84 1
2.02 238.31 1
2.03 204.53 1
2.04 210.77 1
2.05 205.96 1
2.06 208.5 1
2.07 207.57 1
2.08 209.15 1
2.09 212.64 1
2.1 213.24 1
2.11 215.43 1
2.12 217.19 1
2.13 218.75 1
2.14 219.93 1
2.15 220.14 1
2.16 218.81 1
2.17 218.57 1
2.18 220.24 1
2.19 216.11 1
2.2 216.72 1
2.21 223.05 1
2.22 258.36 1
2.23 263.29 1
2.24 255.51 1
2.25 252.2 1
2.26 249.26 1
2.27 246.5 1
2.28 245.26 1
2.29 245.23 1
2.3 248.45 1
2.31 250.45 1
2.32 253.98 1
2.33 252.42 1
2.34 248.83 1
2.35 245.18 1
2.36 249.15 1
2.37 246.5 1
2.38 0.0 1
2.39 0.0 1
2.4 276.18 1
2.41 285.43 1
2.42 285.3 1
2.43 253.73 1
2.44 251.25 1
2.45 228.0 1
2.46 230.3 1
2.47 227.98 1
2.48 235.53 1
2.49 244.26 1
2.5 248.7 1
2.51 255.94 1
2.52 257.19 1
2.53 261.87 1
2.54 258.66 1
2.55 254.14 1
2.56 244.82 1
2.57 240.23 1
2.58 224.99 1
2.59 213.01 1
2.6 207.13 1
2.61 200.27 1
2.62 197.46 1
2.63 194.99 1
2.64 195.55 1
2.65 194.07 1
2.66 193.92 1
2.67 194.46 1
2.68 195.01 1
2.69 195.4 1
2.7 195.78 1
2.71 189.81 1
2.72 194.88 1
2.73 186.48 1
2.74 190.55 1
2.75 193.53 1
2.76 195.36 1
2.77 185.83 1
2.78 184.03 1
2.79 182.62 1
2.8 177.33 1
2.81 182.57 1
2.82 179.41 1
2.83 184.0 1
2.84 188.06 1
2.85 203.06 1
2.86 210.5 1
2.87 221.48 1
2.88 237.59 1
2.89 0.0 1
2.9 0.0 1
2.91 0.0 1
2.92 0.0 1
2.93 0.0 1
2.94 0.0 1
2.95 0.0 1
2.96 0.0 1
2.97 197.31 1
2.98 193.98 1
2.99 194.73 1
3.0 190.87 1
3.01 190.97 1
3.02 190.98 1
3.03 192.29 1
3.04 193.14 1
3.05 193.5 1
3.06 195.36 1
3.07 197.12 1
3.08 198.04 1
3.09 193.79 1
3.1 195.18 1
3.11 195.81 1
3.12 193.48 1
3.13 192.77 1
3.14 193.84 1
3.15 230.6 1
3.16 193.84 1
3.17 189.68 1
3.18 188.76 1
3.19 188.88 1
3.2 192.98 1
3.21 197.45 1
3.22 204.66 1
3.23 217.01 1
3.24 244.17 1
3.25 264.87 1
3.26 276.63 1
3.27 284.3 1
3.28 285.29 1
3.29 289.83 1
3.3 274.75 1
3.31 264.87 1
3.32 250.71 1
3.33 272.17 1
3.34 258.72 1
3.35 250.1 1
3.36 247.05 1
3.37 247.06 1
3.38 247.03 1
3.39 248.81 1
3.4 256.49 1
3.41 261.79 1
3.42 269.78 1
3.43 274.73 1
3.44 275.05 1
3.45 270.24 1
3.46 258.66 1
3.47 255.66 1
3.48 261.73 1
3.49 257.16 1
3.5 284.79 1
3.51 242.98 1
3.52 206.56 1
3.53 201.83 1
3.54 206.59 1
3.55 211.64 1
3.56 212.01 1
3.57 216.38 1
3.58 220.71 1
3.59 216.91 1
3.6 229.1 1
3.61 240.13 1
3.62 230.3 1
3.63 208.11 1
3.64 219.95 1
3.65 206.05 1
3.66 188.94 1
3.67 219.63 1
3.68 198.22 1
3.69 222.21 1
3.7 196.71 1
3.71 192.94 1
3.72 199.47 1
3.73 197.05 1
3.74 195.56 1
3.75 194.88 1
3.76 194.72 1
3.77 195.34 1
3.78 195.8 1
3.79 196.0 1
3.8 196.75 1
3.81 197.3 1
3.82 196.19 1
3.83 196.5 1
3.84 194.45 1
3.85 197.33 1
3.86 196.2 1
3.87 198.2 1
3.88 193.65 1
3.89 193.66 1
3.9 190.88 1
3.91 189.81 1
3.92 189.29 1
3.93 185.63 1
3.94 184.9 1
3.95 195.8 1
3.96 191.32 1
3.97 195.49 1
3.98 200.35 1
3.99 197.81 1
4.0 198.52 1
4.01 202.33 1
4.02 207.33 1
4.03 200.48 1
4.04 198.2 1
4.05 195.6 1
4.06 199.89 1
4.07 190.77 1
4.08 187.28 1
4.09 175.35 1
4.1 156.68 1
4.11 157.23 1
4.12 154.77 1
4.13 150.25 1
4.14 149.93 1
4.15 156.68 1
4.16 155.58 1
4.17 157.22 1
4.18 83.11 1
4.19 83.24 1
4.2 83.58 1
4.21 82.67 1
4.22 82.97 1
4.23 78.68 1
4.24 81.72 1
4.25 83.25 1
4.26 85.02 1
4.27 83.89 1
4.28 83.58 1
4.29 85.85 1
4.3 171.83 1
4.31 194.14 1
4.32 194.88 1
4.33 201.35 1
4.34 206.13 1
4.35 196.87 1
4.36 198.4 1
4.37 185.7 1
4.38 189.93 1
4.39 198.02 1
4.4 195.37 1
4.41 197.7 1
4.42 200.46 1
4.43 195.98 1
4.44 189.73 1
4.45 189.48 1
4.46 186.9 1
4.47 187.87 1
4.48 188.44 1
4.49 188.86 1
4.5 189.49 1
4.51 190.86 1
4.52 191.34 1
4.53 192.64 1
4.54 192.3 1
4.55 191.6 1
4.56 190.7 1
4.57 187.27 1
4.58 193.78 1
4.59 188.06 1
4.6 191.41 1
4.61 191.62 1
4.62 192.99 1
4.63 192.41 1
4.64 195.59 1
4.65 205.48 1
4.66 214.61 1
4.67 227.01 1
4.68 247.1 1
4.69 261.73 1
4.7 272.02 1
4.71 139.32 1
4.72 137.76 1
4.73 126.16 1
4.74 123.55 1
4.75 116.21 1
4.76 113.81 1
4.77 100.27 1
4.78 98.55 1
4.79 104.89 1
4.8 111.51 1
4.81 113.52 1
4.82 113.12 1
4.83 114.17 1
4.84 116.21 1
4.85 116.53 1
4.86 117.09 1
4.87 117.82 1
4.88 118.24 1
4.89 118.87 1
4.9 118.07 1
4.91 117.06 1
4.92 115.26 1
4.93 117.67 1
4.94 117.42 1
4.95 116.86 1
4.96 116.33 1
4.97 116.65 1
4.98 117.85 1
4.99 236.44 1
5.0 237.91 1
5.01 243.13 1
5.02 250.08 1
5.03 255.71 1
5.04 270.56 1
5.05 281.4 1
5.06 287.1 1
5.07 287.82 1
5.08 283.41 1
5.09 275.62 1
5.1 266.48 1
5.11 255.55 1
5.12 266.49 1
5.13 269.73 1
5.14 270.55 1
5.15 280.96 1
5.16 280.69 1
5.17 276.38 1
5.18 282.63 1
5.19 294.84 1
5.2 296.98 1
5.21 298.99 1
5.22 295.05 1
5.23 299.01 1
5.24 297.0 1
5.25 299.0 1
5.26 295.0 1
5.27 295.04 1
5.28 300.31 1
5.29 296.97 1
5.3 294.99 1
5.31 295.1 1
5.32 300.44 1
5.33 299.08 1
5.34 291.18 1
5.35 291.11 1
5.36 299.0 1
5.37 301.1 1
5.38 289.34 1
5.39 297.03 1
5.4 295.0 1
5.41 295.0 1
5.42 296.97 1
5.43 293.03 1
5.44 295.04 1
5.45 293.1 1
5.46 295.05 1
5.47 294.99 1
5.48 291.12 1
5.49 293.05 1
5.5 583.93 1
5.51 625.44 1
5.52 626.78 1
5.53 591.88 1
5.54 599.97 1
5.55 296.99 1
5.56 295.0 1
5.57 238.53 1
5.58 241.64 1
5.59 247.05 1
5.6 247.8 1
5.61 247.39 1
5.62 246.41 1
5.63 245.65 1
5.64 244.63 1
5.65 245.25 1
5.66 244.06 1
5.67 242.34 1
5.68 240.32 1
5.69 237.73 1
5.7 218.45 1
5.71 239.03 1
5.72 231.52 1
5.73 229.09 1
5.74 213.44 1
5.75 220.54 1
5.76 220.43 1
5.77 220.17 1
5.78 227.05 1
5.79 233.97 1
5.8 245.67 1
5.81 258.69 1
5.82 276.39 1
5.83 289.33 1
5.84 297.05 1
5.85 307.88 1
