0.01 289.19 1
0.02 290.39 1
0.03 287.24 1
0.04 289.49 1
0.05 291.03 1
0.06 302.8 1
0.07 300.69 1
0.08 297.84 1
0.09 295.73 1
0.1 294.34 1
0.11 293.47 1
0.12 292.57 1
0.13 292.37 1
0.14 292.93 1
0.15 292.9 1
0.16 293.24 1
0.17 293.58 1
0.18 293.87 1
0.19 295.37 1
0.2 295.76 1
0.21 295.55 1
0.22 295.9 1
0.23 294.39 1
0.24 294.83 1
0.25 294.94 1
0.26 294.66 1
0.27 294.85 1
0.28 295.26 1
0.29 295.85 1
0.3 296.18 1
0.31 295.7 1
0.32 294.9 1
0.33 293.29 1
0.34 289.47 1
0.35 286.59 1
0.36 284.35 1
0.37 284.73 1
0.38 285.21 1
0.39 289.72 1
0.4 297.04 1
0.41 310.85 1
0.42 327.34 1
0.43 340.7 1
0.44 354.6 1
0.45 375.55 1
0.46 383.07 1
0.47 385.35 1
0.48 385.68 1
0.49 378.62 1
0.5 365.89 1
0.51 346.04 1
0.52 334.69 1
0.53 351.68 1
0.54 353.44 1
0.55 335.03 1
0.56 334.31 1
0.57 342.31 1
0.58 354.9 1
0.59 362.89 1
0.6 370.7 1
0.61 376.33 1
0.62 381.02 1
0.63 380.33 1
0.64 377.81 1
0.65 374.17 1
0.66 364.15 1
0.67 354.67 1
0.68 349.27 1
0.69 346.62 1
0.7 352.85 1
0.71 355.67 1
0.72 351.46 1
0.73 373.59 1
0.74 383.22 1
0.75 391.03 1
0.76 398.44 1
0.77 403.25 1
0.78 404.36 1
0.79 405.53 1
0.8 406.33 1
0.81 403.71 1
0.82 398.39 1
0.83 368.1 1
0.84 351.41 1
0.85 330.39 1
0.86 365.98 1
0.87 323.03 1
0.88 296.16 1
0.89 296.97 1
0.9 279.93 1
0.91 281.78 1
0.92 276.44 1
0.93 276.46 1
0.94 288.22 1
0.95 299.07 1
0.96 322.19 1
0.97 343.26 1
0.98 366.42 1
0.99 384.93 1
1.0 390.11 1
1.01 394.52 1
1.02 391.79 1
1.03 386.65 1
1.04 373.94 1
1.05 375.1 1
1.06 365.84 1
1.07 357.59 1
1.08 354.27 1
1.09 358.21 1
1.1 364.66 1
1.11 378.34 1
1.12 385.71 1
1.13 392.37 1
1.14 395.87 1
1.15 397.86 1
1.16 400.42 1
1.17 393.73 1
1.18 388.47 1
1.19 388.63 1
1.2 372.21 1
1.21 340.06 1
1.22 329.19 1
1.23 325.43 1
1.24 325.45 1
1.25 326.31 1
1.26 328.09 1
1.27 330.45 1
1.28 332.35 1
1.29 334.54 1
1.3 335.97 1
1.31 333.56 1
1.32 330.47 1
1.33 325.59 1
1.34 322.13 1
1.35 291.16 1
1.36 255.6 1
1.37 251.09 1
1.38 218.83 1
1.39 231.72 1
1.4 264.0 1
1.41 292.08 1
1.42 293.47 1
1.43 290.58 1
1.44 291.56 1
1.45 294.22 1
1.46 294.99 1
1.47 296.52 1
1.48 298.89 1
1.49 299.88 1
1.5 298.99 1
1.51 296.4 1
1.52 290.99 1
1.53 285.19 1
1.54 278.19 1
1.55 266.47 1
1.56 258.68 1
1.57 248.32 1
1.58 244.29 1
1.59 233.95 1
1.6 229.67 1
1.61 225.67 1
1.62 239.7 1
1.63 250.69 1
1.64 268.99 1
1.65 277.03 1
1.66 288.4 1
1.67 291.09 1
1.68 291.15 1
1.69 285.16 1
1.7 278.23 1
1.71 261.78 1
1.72 255.66 1
1.73 119.69 1
1.74 115.89 1
1.75 117.43 1
1.76 115.3 1
1.77 116.48 1
1.78 117.44 1
1.79 237.84 1
1.8 244.29 1
1.81 249.95 1
1.82 255.77 1
1.83 260.3 1
1.84 258.72 1
1.85 258.71 1
1.86 253.55 1
1.87 245.54 1
1.88 241.58 1
1.89 227.96 1
1.9 220.63 1
1.91 218.83 1
1.92 218.81 1
1.93 216.97 1
1.94 216.7 1
1.95 218.82 1
1.96 217.77 1
1.97 218.83 1
1.98 218.86 1
1.99 218.86 1
2.0 219.4 1
2.01 219.19 1
2.02 218.86 1
2.03 218.85 1
2.04 219.94 1
2.05 220.28 1
2.06 221.64 1
2.07 221.42 1
2.08 222.38 1
2.09 224.54 1
2.1 227.94 1
2.11 233.33 1
2.12 240.29 1
2.13 245.0 1
2.14 248.61 1
2.15 252.43 1
2.16 253.96 1
2.17 254.19 1
2.18 252.96 1
2.19 251.87 1
2.2 250.4 1
2.21 250.28 1
2.22 249.46 1
2.23 249.1 1
2.24 248.73 1
2.25 248.63 1
2.26 248.17 1
2.27 246.76 1
2.28 246.61 1
2.29 246.04 1
2.3 245.69 1
2.31 245.22 1
2.32 245.64 1
2.33 244.89 1
2.34 245.34 1
2.35 245.07 1
2.36 245.66 1
2.37 245.74 1
2.38 246.03 1
2.39 245.68 1
2.4 244.31 1
2.41 242.78 1
2.42 241.61 1
2.43 237.33 1
2.44 234.42 1
2.45 231.6 1
2.46 237.11 1
2.47 244.94 1
2.48 252.25 1
2.49 265.5 1
2.5 274.91 1
2.51 286.37 1
2.52 292.19 1
2.53 292.94 1
2.54 289.45 1
2.55 282.62 1
2.56 274.74 1
2.57 258.7 1
2.58 245.3 1
2.59 247.05 1
2.6 229.26 1
2.61 229.47 1
2.62 226.84 1
2.63 231.52 1
2.64 237.62 1
2.65 243.18 1
2.66 242.04 1
2.67 252.75 1
2.68 0.0 1
2.69 0.0 1
2.7 0.0 1
2.71 0.0 1
2.72 0.0 1
2.73 0.0 1
2.74 0.0 1
2.75 0.0 1
2.76 0.0 1
2.77 0.0 1
2.78 0.0 1
2.79 0.0 1
2.8 0.0 1
2.81 0.0 1
2.82 0.0 1
2.83 288.99 1
2.84 296.98 1
2.85 291.14 1
2.86 294.2 1
2.87 291.17 1
2.88 295.35 1
2.89 293.12 1
2.9 294.21 1
2.91 293.03 1
2.92 292.98 1
2.93 293.56 1
2.94 294.47 1
2.95 295.08 1
2.96 294.99 1
2.97 295.02 1
2.98 295.16 1
2.99 297.1 1
3.0 298.87 1
3.01 299.13 1
3.02 299.1 1
3.03 299.18 1
3.04 300.05 1
3.05 299.0 1
3.06 296.49 1
3.07 294.3 1
3.08 289.22 1
3.09 279.93 1
3.1 271.47 1
3.11 262.92 1
3.12 252.26 1
3.13 244.62 1
3.14 236.67 1
3.15 233.29 1
3.16 228.31 1
3.17 231.22 1
3.18 234.96 1
3.19 241.98 1
3.2 252.42 1
3.21 271.25 1
3.22 247.11 1
3.23 258.69 1
3.24 298.99 1
3.25 315.09 1
3.26 348.61 1
3.27 309.44 1
3.28 343.86 1
3.29 308.24 1
3.3 295.35 1
3.31 282.65 1
3.32 256.99 1
3.33 266.19 1
3.34 254.82 1
3.35 249.32 1
3.36 244.43 1
3.37 241.84 1
3.38 242.0 1
3.39 242.45 1
3.4 245.74 1
3.41 254.17 1
3.42 265.05 1
3.43 275.52 1
3.44 276.05 1
3.45 268.06 1
3.46 318.24 1
3.47 329.79 1
3.48 335.04 1
3.49 339.54 1
3.5 343.34 1
3.51 342.54 1
3.52 340.95 1
3.53 337.21 1
3.54 335.0 1
3.55 331.94 1
3.56 328.02 1
3.57 322.14 1
3.58 314.39 1
3.59 303.63 1
3.6 299.42 1
3.61 294.12 1
3.62 290.41 1
3.63 290.27 1
3.64 291.92 1
3.65 294.6 1
3.66 295.35 1
3.67 295.71 1
3.68 293.78 1
3.69 294.5 1
3.7 295.57 1
3.71 294.89 1
3.72 287.35 1
3.73 268.1 1
3.74 283.61 1
3.75 287.34 1
3.76 287.35 1
3.77 295.56 1
3.78 296.67 1
3.79 296.98 1
3.8 296.11 1
3.81 285.74 1
3.82 284.32 1
3.83 284.29 1
3.84 287.7 1
3.85 291.15 1
3.86 307.41 1
3.87 331.68 1
3.88 371.85 1
3.89 397.12 1
3.9 418.02 1
3.91 431.21 1
3.92 432.79 1
3.93 433.34 1
3.94 428.37 1
3.95 420.17 1
3.96 413.15 1
3.97 404.58 1
3.98 399.16 1
3.99 395.59 1
4.0 394.33 1
4.01 395.48 1
4.02 391.96 1
4.03 388.53 1
4.04 389.15 1
4.05 391.94 1
4.06 391.96 1
4.07 384.04 1
4.08 382.0 1
4.09 372.16 1
4.1 361.85 1
4.11 367.7 1
4.12 360.01 1
4.13 354.23 1
4.14 348.42 1
4.15 330.47 1
4.16 311.87 1
4.17 313.47 1
4.18 318.14 1
4.19 318.48 1
4.2 321.42 1
4.21 323.37 1
4.22 326.15 1
4.23 324.02 1
4.24 318.76 1
4.25 311.55 1
4.26 297.19 1
4.27 290.46 1
4.28 280.46 1
4.29 272.63 1
4.3 274.55 1
4.31 271.81 1
4.32 273.93 1
4.33 279.86 1
4.34 282.42 1
4.35 285.53 1
4.36 287.1 1
4.37 288.77 1
4.38 290.69 1
4.39 292.22 1
4.4 291.09 1
4.41 288.25 1
4.42 285.18 1
4.43 280.62 1
4.44 274.03 1
4.45 266.55 1
4.46 259.36 1
4.47 249.35 1
4.48 240.29 1
4.49 235.25 1
4.5 234.53 1
4.51 238.64 1
4.52 243.66 1
4.53 251.72 1
4.54 257.69 1
4.55 247.33 1
4.56 264.73 1
4.57 257.34 1
4.58 257.34 1
4.59 252.07 1
4.6 245.65 1
4.61 238.01 1
4.62 236.46 1
4.63 235.31 1
4.64 235.32 1
4.65 229.1 1
4.66 237.93 1
4.67 239.43 1
4.68 241.16 1
4.69 242.15 1
4.7 243.06 1
4.71 244.23 1
4.72 242.48 1
4.73 243.35 1
4.74 243.48 1
4.75 243.61 1
4.76 244.02 1
4.77 243.84 1
4.78 243.5 1
4.79 241.96 1
4.8 239.27 1
4.81 236.43 1
4.82 233.67 1
4.83 232.76 1
4.84 234.21 1
4.85 236.76 1
4.86 240.75 1
4.87 245.68 1
4.88 255.69 1
4.89 249.68 1
4.9 251.34 1
4.91 256.89 1
4.92 276.27 1
4.93 266.68 1
4.94 263.92 1
4.95 254.14 1
4.96 243.22 1
4.97 231.62 1
4.98 220.27 1
4.99 213.52 1
5.0 218.94 1
5.01 207.63 1
5.02 221.09 1
5.03 215.67 1
5.04 220.06 1
5.05 230.09 1
5.06 230.35 1
5.07 234.07 1
5.08 234.0 1
5.09 237.72 1
5.1 236.42 1
5.11 225.56 1
5.12 216.73 1
5.13 212.5 1
5.14 209.86 1
5.15 222.63 1
5.16 217.71 1
5.17 223.23 1
5.18 226.43 1
5.19 231.53 1
5.2 239.82 1
5.21 246.76 1
5.22 252.93 1
5.23 252.78 1
5.24 251.31 1
5.25 248.98 1
5.26 245.61 1
5.27 227.93 1
5.28 230.62 1
5.29 240.28 1
5.3 225.7 1
5.31 229.29 1
5.32 235.08 1
5.33 242.84 1
5.34 251.36 1
5.35 249.27 1
5.36 263.32 1
5.37 272.94 1
5.38 266.53 1
5.39 261.77 1
5.4 258.69 1
5.41 249.83 1
5.42 240.26 1
