0.01 313.66 1
0.02 318.3 1
0.03 320.7 1
0.04 326.62 1
0.05 331.98 1
0.06 333.02 1
0.07 336.5 1
0.08 335.91 1
0.09 332.7 1
0.1 331.91 1
0.11 330.25 1
0.12 329.17 1
0.13 328.14 1
0.14 329.31 1
0.15 329.18 1
0.16 328.74 1
0.17 328.74 1
0.18 330.35 1
0.19 334.68 1
0.2 339.18 1
0.21 340.66 1
0.22 343.53 1
0.23 348.65 1
0.24 348.72 1
0.25 351.46 1
0.26 351.03 1
0.27 381.72 1
0.28 391.55 1
0.29 401.18 1
0.3 410.38 1
0.31 418.32 1
0.32 426.28 1
0.33 461.45 1
0.34 476.38 1
0.35 481.8 1
0.36 487.23 1
0.37 486.01 1
0.38 499.68 1
0.39 503.07 1
0.4 505.24 1
0.41 502.47 1
0.42 521.3 1
0.43 523.86 1
0.44 512.44 1
0.45 512.93 1
0.46 515.05 1
0.47 514.64 1
0.48 508.68 1
0.49 503.07 1
0.5 497.79 1
0.51 495.52 1
0.52 495.32 1
0.53 491.81 1
0.54 492.97 1
0.55 492.65 1
0.56 488.92 1
0.57 487.43 1
0.58 486.2 1
0.59 488.04 1
0.6 489.79 1
0.61 489.82 1
0.62 488.65 1
0.63 487.26 1
0.64 487.25 1
0.65 487.84 1
0.66 490.83 1
0.67 492.48 1
0.68 495.47 1
0.69 498.28 1
0.7 501.04 1
0.71 500.32 1
0.72 503.15 1
0.73 502.38 1
0.74 505.58 1
0.75 505.8 1
0.76 506.69 1
0.77 511.85 1
0.78 508.72 1
0.79 507.12 1
0.8 515.15 1
0.81 514.14 1
0.82 511.67 1
0.83 510.09 1
0.84 507.72 1
0.85 503.77 1
0.86 498.62 1
0.87 489.18 1
0.88 487.08 1
0.89 476.48 1
0.9 466.49 1
0.91 456.83 1
0.92 452.27 1
0.93 447.6 1
0.94 447.66 1
0.95 220.9 1
0.96 220.3 1
0.97 220.6 1
0.98 219.71 1
0.99 219.54 1
1.0 219.23 1
1.01 219.6 1
1.02 221.15 1
1.03 221.34 1
1.04 222.55 1
1.05 223.08 1
1.06 223.39 1
1.07 222.57 1
1.08 221.08 1
1.09 220.47 1
1.1 220.42 1
1.11 219.94 1
1.12 206.62 1
1.13 183.29 1
1.14 186.43 1
1.15 183.27 1
1.16 182.85 1
1.17 178.19 1
1.18 178.37 1
1.19 179.73 1
1.2 181.3 1
1.21 183.44 1
1.22 184.95 1
1.23 209.33 1
1.24 184.06 1
1.25 192.56 1
1.26 193.82 1
1.27 197.16 1
1.28 194.63 1
1.29 193.83 1
1.3 194.57 1
1.31 194.61 1
1.32 193.91 1
1.33 195.39 1
1.34 195.46 1
1.35 195.53 1
1.36 195.5 1
1.37 195.56 1
1.38 195.55 1
1.39 195.56 1
1.4 196.01 1
1.41 196.26 1
1.42 196.39 1
1.43 195.41 1
1.44 195.55 1
1.45 194.78 1
1.46 194.35 1
1.47 194.05 1
1.48 196.34 1
1.49 194.95 1
1.5 196.33 1
1.51 194.98 1
1.52 195.53 1
1.53 194.7 1
1.54 195.48 1
1.55 194.23 1
1.56 193.95 1
1.57 387.02 1
1.58 384.87 1
1.59 380.81 1
1.6 379.18 1
1.61 375.77 1
1.62 375.22 1
1.63 375.0 1
1.64 375.31 1
1.65 378.38 1
1.66 378.46 1
1.67 378.86 1
1.68 380.06 1
1.69 382.11 1
1.7 384.14 1
1.71 385.17 1
1.72 387.39 1
1.73 388.88 1
1.74 389.05 1
1.75 389.5 1
1.76 388.61 1
1.77 389.3 1
1.78 390.13 1
1.79 389.62 1
1.8 389.93 1
1.81 390.45 1
1.82 389.93 1
1.83 389.47 1
1.84 390.93 1
1.85 391.24 1
1.86 389.72 1
1.87 390.06 1
1.88 389.3 1
1.89 387.52 1
1.9 386.52 1
1.91 385.84 1
1.92 387.15 1
1.93 387.9 1
1.94 392.17 1
1.95 396.59 1
1.96 410.27 1
1.97 414.23 1
1.98 430.38 1
1.99 452.45 1
2.0 476.41 1
2.01 490.71 1
2.02 496.3 1
2.03 500.14 1
2.04 498.21 1
2.05 496.17 1
2.06 491.76 1
2.07 487.11 1
2.08 478.34 1
2.09 471.62 1
2.1 461.76 1
2.11 453.8 1
2.12 456.86 1
2.13 443.77 1
2.14 441.78 1
2.15 430.53 1
2.16 430.53 1
2.17 430.53 1
2.18 426.39 1
2.19 430.41 1
2.2 430.55 1
2.21 430.57 1
2.22 435.72 1
2.23 434.76 1
2.24 434.77 1
2.25 224.02 1
2.26 225.59 1
2.27 231.36 1
2.28 461.52 1
2.29 466.21 1
2.3 461.39 1
2.31 443.3 1
2.32 430.28 1
2.33 414.47 1
2.34 407.02 1
2.35 368.58 1
2.36 351.62 1
2.37 378.51 1
2.38 402.97 1
2.39 399.59 1
2.4 410.44 1
2.41 426.66 1
2.42 372.1 1
2.43 374.91 1
2.44 381.81 1
2.45 386.74 1
2.46 388.64 1
2.47 389.41 1
2.48 388.93 1
2.49 388.54 1
2.5 388.93 1
2.51 389.39 1
2.52 387.98 1
2.53 387.35 1
2.54 385.75 1
2.55 386.27 1
2.56 386.45 1
2.57 388.48 1
2.58 388.01 1
2.59 388.21 1
2.6 388.95 1
2.61 388.93 1
2.62 391.21 1
2.63 392.65 1
2.64 393.5 1
2.65 393.23 1
2.66 393.67 1
2.67 394.35 1
2.68 396.19 1
2.69 393.63 1
2.7 392.03 1
2.71 392.35 1
2.72 392.15 1
2.73 390.7 1
2.74 392.31 1
2.75 393.19 1
2.76 394.87 1
2.77 393.2 1
2.78 394.4 1
2.79 393.73 1
2.8 394.98 1
2.81 395.04 1
2.82 395.73 1
2.83 395.17 1
2.84 394.04 1
2.85 392.88 1
2.86 393.12 1
2.87 394.5 1
2.88 394.02 1
2.89 392.64 1
2.9 391.09 1
2.91 391.99 1
2.92 389.2 1
2.93 387.57 1
2.94 385.85 1
2.95 383.69 1
2.96 385.07 1
2.97 381.81 1
2.98 375.32 1
2.99 372.14 1
3.0 372.06 1
3.01 369.01 1
3.02 365.65 1
3.03 375.27 1
3.04 375.24 1
3.05 375.74 1
3.06 382.64 1
3.07 387.34 1
3.08 391.69 1
3.09 395.5 1
3.1 396.67 1
3.11 396.84 1
3.12 396.61 1
3.13 392.39 1
3.14 391.93 1
3.15 388.47 1
3.16 378.81 1
3.17 378.47 1
3.18 367.6 1
3.19 362.27 1
3.2 360.9 1
3.21 356.19 1
3.22 349.65 1
3.23 345.15 1
3.24 340.56 1
3.25 338.33 1
3.26 336.56 1
3.27 331.33 1
3.28 328.4 1
3.29 327.43 1
3.3 325.09 1
3.31 324.44 1
3.32 323.89 1
3.33 325.29 1
3.34 323.94 1
3.35 323.39 1
3.36 324.3 1
3.37 326.09 1
3.38 325.39 1
3.39 329.53 1
3.4 332.94 1
3.41 335.7 1
3.42 339.68 1
3.43 340.21 1
3.44 340.63 1
3.45 339.35 1
3.46 334.12 1
3.47 327.74 1
3.48 314.53 1
3.49 305.22 1
3.5 291.16 1
3.51 293.49 1
3.52 296.58 1
3.53 292.17 1
3.54 293.03 1
3.55 292.67 1
3.56 292.94 1
3.57 293.78 1
3.58 292.39 1
3.59 292.51 1
3.6 291.76 1
3.61 291.76 1
3.62 290.86 1
3.63 289.71 1
3.64 289.32 1
3.65 290.91 1
3.66 291.43 1
3.67 292.38 1
3.68 292.48 1
3.69 292.58 1
3.7 293.01 1
3.71 293.83 1
3.72 293.35 1
3.73 293.03 1
3.74 293.29 1
3.75 293.46 1
3.76 293.03 1
3.77 292.21 1
3.78 290.99 1
3.79 290.19 1
3.8 291.09 1
3.81 291.97 1
3.82 292.26 1
3.83 291.15 1
3.84 285.57 1
3.85 292.62 1
3.86 278.3 1
3.87 285.4 1
3.88 294.87 1
3.89 291.22 1
3.9 289.93 1
3.91 290.77 1
3.92 290.87 1
3.93 291.09 1
3.94 291.09 1
3.95 289.03 1
3.96 287.65 1
3.97 288.8 1
3.98 291.61 1
3.99 293.14 1
4.0 295.09 1
4.01 315.66 1
4.02 326.41 1
4.03 333.31 1
4.04 343.29 1
4.05 360.47 1
4.06 368.67 1
4.07 377.31 1
4.08 382.99 1
4.09 384.46 1
4.1 385.15 1
4.11 385.08 1
4.12 385.02 1
4.13 381.69 1
4.14 378.4 1
4.15 371.54 1
4.16 363.14 1
4.17 365.09 1
4.18 351.87 1
4.19 351.58 1
4.2 350.19 1
4.21 342.66 1
4.22 339.45 1
4.23 329.63 1
4.24 325.42 1
4.25 325.35 1
4.26 325.39 1
4.27 325.44 1
4.28 329.36 1
4.29 334.47 1
4.3 338.25 1
4.31 343.25 1
4.32 356.42 1
4.33 361.13 1
4.34 374.13 1
4.35 376.69 1
4.36 378.49 1
4.37 381.5 1
4.38 379.3 1
4.39 379.57 1
4.4 379.37 1
4.41 381.46 1
4.42 377.15 1
4.43 376.16 1
4.44 375.27 1
4.45 370.96 1
4.46 374.94 1
4.47 364.85 1
4.48 363.98 1
4.49 354.96 1
4.5 367.44 1
4.51 378.1 1
4.52 376.4 1
4.53 383.07 1
4.54 391.82 1
4.55 397.19 1
4.56 396.64 1
4.57 396.68 1
4.58 394.4 1
4.59 388.16 1
4.6 378.36 1
4.61 360.21 1
4.62 346.47 1
4.63 360.19 1
4.64 361.74 1
4.65 365.65 1
4.66 366.43 1
4.67 381.51 1
4.68 378.43 1
4.69 379.52 1
4.7 385.1 1
4.71 385.1 1
4.72 386.36 1
4.73 386.01 1
4.74 385.13 1
4.75 383.75 1
4.76 385.06 1
4.77 385.21 1
4.78 384.51 1
4.79 383.7 1
4.8 384.23 1
4.81 388.42 1
4.82 385.61 1
4.83 386.55 1
4.84 388.87 1
4.85 389.9 1
4.86 352.66 1
4.87 388.32 1
4.88 387.49 1
4.89 386.27 1
4.9 383.23 1
4.91 379.3 1
4.92 375.52 1
4.93 381.59 1
4.94 379.65 1
4.95 391.58 1
4.96 395.66 1
4.97 407.76 1
4.98 414.27 1
4.99 438.94 1
5.0 452.35 1
5.01 468.84 1
5.02 478.69 1
5.03 478.59 1
5.04 485.25 1
5.05 487.95 1
5.06 485.36 1
5.07 487.25 1
5.08 483.87 1
5.09 481.9 1
5.1 476.73 1
5.11 472.19 1
5.12 471.47 1
5.13 466.49 1
5.14 466.4 1
5.15 466.37 1
5.16 452.42 1
5.17 450.61 1
5.18 461.49 1
5.19 445.05 1
5.2 430.64 1
5.21 434.62 1
5.22 434.64 1
5.23 426.58 1
5.24 430.59 1
5.25 426.77 1
5.26 430.81 1
5.27 430.79 1
5.28 440.69 1
5.29 441.61 1
5.3 430.52 1
5.31 426.38 1
5.32 430.65 1
5.33 434.73 1
5.34 430.41 1
5.35 406.55 1
5.36 296.92 1
5.37 219.87 1
5.38 220.49 1
5.39 182.55 1
5.4 177.4 1
5.41 171.94 1
5.42 180.36 1
5.43 371.38 1
5.44 377.86 1
5.45 384.64 1
5.46 384.97 1
5.47 382.7 1
5.48 382.43 1
5.49 385.3 1
5.5 386.01 1
5.51 386.09 1
5.52 387.62 1
5.53 388.47 1
5.54 388.94 1
5.55 388.75 1
5.56 389.94 1
5.57 389.53 1
5.58 390.56 1
5.59 390.87 1
5.6 390.54 1
5.61 389.11 1
5.62 388.88 1
5.63 387.08 1
5.64 387.29 1
5.65 387.93 1
5.66 387.73 1
5.67 388.02 1
5.68 388.69 1
5.69 389.25 1
5.7 390.04 1
5.71 390.11 1
5.72 389.6 1
5.73 389.35 1
5.74 388.25 1
5.75 388.85 1
5.76 388.67 1
5.77 388.18 1
5.78 387.26 1
5.79 388.0 1
5.8 385.08 1
5.81 194.37 1
5.82 193.58 1
5.83 194.68 1
5.84 193.83 1
5.85 194.68 1
5.86 194.2 1
5.87 196.35 1
5.88 194.69 1
5.89 194.4 1
5.9 194.89 1
5.91 194.82 1
5.92 195.35 1
5.93 194.69 1
5.94 197.2 1
5.95 195.85 1
5.96 195.79 1
5.97 195.56 1
5.98 196.08 1
5.99 198.1 1
6.0 196.12 1
6.01 196.14 1
6.02 196.12 1
6.03 196.12 1
6.04 198.07 1
6.05 195.96 1
6.06 196.54 1
6.07 197.28 1
6.08 197.26 1
6.09 196.03 1
6.1 196.43 1
6.11 196.34 1
6.12 196.43 1
6.13 196.36 1
6.14 196.02 1
6.15 196.49 1
6.16 196.44 1
6.17 196.07 1
6.18 197.27 1
6.19 196.35 1
6.2 196.54 1
6.21 196.1 1
6.22 196.1 1
6.23 196.26 1
6.24 0.0 1
6.25 247.09 1
6.26 217.04 1
6.27 245.66 1
6.28 248.5 1
6.29 248.61 1
6.3 248.63 1
6.31 247.04 1
6.32 246.22 1
6.33 247.05 1
6.34 248.3 1
6.35 249.65 1
6.36 249.52 1
6.37 249.62 1
6.38 250.52 1
6.39 251.68 1
6.4 252.17 1
6.41 252.05 1
6.42 252.29 1
6.43 253.94 1
6.44 255.78 1
6.45 255.75 1
6.46 270.09 1
6.47 271.33 1
6.48 278.93 1
6.49 283.47 1
6.5 293.15 1
6.51 295.14 1
6.52 318.33 1
6.53 327.12 1
6.54 337.07 1
6.55 340.54 1
6.56 345.7 1
6.57 348.86 1
6.58 379.81 1
6.59 388.42 1
6.6 391.09 1
6.61 391.5 1
6.62 389.42 1
6.63 390.33 1
6.64 389.65 1
6.65 386.55 1
6.66 386.25 1
6.67 387.48 1
6.68 386.04 1
6.69 382.96 1
6.7 379.75 1
6.71 381.77 1
6.72 373.35 1
6.73 370.54 1
6.74 367.09 1
6.75 351.58 1
6.76 349.6 1
6.77 345.67 1
6.78 335.69 1
6.79 332.91 1
6.8 329.18 1
6.81 323.54 1
6.82 324.16 1
6.83 322.99 1
6.84 325.33 1
6.85 320.64 1
6.86 322.97 1
6.87 322.96 1
6.88 325.33 1
6.89 325.39 1
6.9 328.2 1
6.91 328.5 1
6.92 332.31 1
6.93 334.15 1
6.94 333.74 1
6.95 330.53 1
6.96 325.22 1
6.97 322.06 1
6.98 303.18 1
6.99 295.1 1
7.0 295.93 1
7.01 295.54 1
7.02 293.64 1
7.03 292.46 1
7.04 291.11 1
7.05 291.7 1
7.06 289.71 1
7.07 290.82 1
7.08 291.09 1
7.09 290.92 1
7.1 291.09 1
7.11 290.85 1
7.12 291.1 1
7.13 291.11 1
7.14 291.1 1
7.15 291.1 1
7.16 291.09 1
7.17 290.25 1
7.18 290.06 1
7.19 290.25 1
7.2 290.02 1
7.21 290.37 1
7.22 290.6 1
7.23 291.09 1
7.24 291.11 1
7.25 291.68 1
7.26 291.11 1
7.27 291.93 1
7.28 289.19 1
7.29 291.11 1
7.3 287.35 1
7.31 143.96 1
7.32 124.05 1
7.33 124.75 1
7.34 117.09 1
7.35 97.21 1
7.36 97.12 1
7.37 97.03 1
7.38 96.41 1
7.39 96.82 1
7.4 97.25 1
7.41 97.03 1
7.42 96.61 1
7.43 97.21 1
7.44 276.64 1
7.45 281.37 1
7.46 286.82 1
7.47 287.21 1
7.48 286.66 1
7.49 282.71 1
7.5 280.03 1
7.51 283.63 1
7.52 286.99 1
7.53 288.23 1
7.54 287.75 1
7.55 285.64 1
7.56 286.91 1
7.57 287.25 1
7.58 290.0 1
7.59 291.31 1
7.6 293.03 1
7.61 293.04 1
7.62 295.46 1
7.63 294.96 1
7.64 293.05 1
7.65 294.31 1
7.66 292.97 1
7.67 290.65 1
7.68 285.97 1
7.69 278.19 1
7.7 274.33 1
7.71 271.07 1
7.72 267.43 1
7.73 260.13 1
7.74 258.19 1
7.75 251.52 1
7.76 255.63 1
7.77 245.68 1
7.78 234.6 1
7.79 237.96 1
7.8 229.11 1
7.81 231.51 1
7.82 243.35 1
7.83 246.58 1
7.84 251.44 1
7.85 258.44 1
7.86 264.86 1
7.87 266.89 1
7.88 286.44 1
7.89 282.35 1
7.9 296.97 1
7.91 287.73 1
7.92 294.98 1
7.93 291.1 1
7.94 292.99 1
7.95 292.45 1
7.96 291.11 1
7.97 290.72 1
7.98 290.79 1
7.99 285.94 1
8.0 291.77 1
8.01 292.51 1
8.02 290.99 1
8.03 291.09 1
8.04 292.0 1
8.05 291.09 1
8.06 291.83 1
8.07 290.5 1
8.08 290.75 1
8.09 291.02 1
8.1 290.66 1
8.11 290.68 1
8.12 290.09 1
8.13 291.39 1
8.14 290.68 1
8.15 292.88 1
8.16 292.36 1
8.17 294.38 1
8.18 293.51 1
8.19 293.95 1
8.2 293.03 1
8.21 293.03 1
8.22 293.39 1
8.23 292.94 1
8.24 291.21 1
8.25 287.59 1
8.26 283.37 1
8.27 279.97 1
8.28 277.13 1
8.29 271.59 1
8.3 269.48 1
8.31 260.35 1
8.32 255.03 1
8.33 250.83 1
8.34 193.23 1
8.35 239.22 1
8.36 238.71 1
8.37 222.17 1
8.38 227.61 1
8.39 235.12 1
8.4 239.02 1
8.41 244.08 1
8.42 252.86 1
8.43 260.16 1
8.44 260.18 1
8.45 274.22 1
8.46 275.5 1
8.47 275.45 1
8.48 271.71 1
8.49 268.7 1
8.5 267.43 1
8.51 258.22 1
8.52 249.5 1
8.53 242.42 1
8.54 248.55 1
8.55 231.51 1
8.56 238.45 1
8.57 238.48 1
8.58 236.84 1
8.59 238.28 1
8.6 238.26 1
8.61 237.52 1
8.62 238.59 1
8.63 241.98 1
8.64 239.33 1
8.65 242.89 1
8.66 239.78 1
8.67 240.21 1
8.68 239.71 1
8.69 239.48 1
8.7 239.42 1
8.71 239.62 1
8.72 238.53 1
8.73 241.58 1
8.74 240.41 1
8.75 241.06 1
8.76 243.37 1
8.77 241.31 1
8.78 244.46 1
8.79 239.77 1
8.8 240.62 1
8.81 240.08 1
8.82 238.42 1
8.83 239.15 1
8.84 241.42 1
8.85 244.37 1
8.86 247.81 1
8.87 250.3 1
8.88 249.25 1
8.89 250.69 1
8.9 249.42 1
8.91 247.97 1
8.92 241.33 1
8.93 231.53 1
8.94 234.97 1
8.95 233.97 1
8.96 225.59 1
8.97 223.55 1
8.98 219.15 1
8.99 223.43 1
9.0 211.56 1
9.01 217.47 1
9.02 215.65 1
9.03 211.51 1
9.04 214.6 1
9.05 210.88 1
9.06 211.27 1
9.07 208.53 1
9.08 214.72 1
9.09 214.54 1
9.1 220.56 1
9.11 226.92 1
9.12 229.56 1
9.13 239.02 1
9.14 235.34 1
9.15 236.7 1
9.16 233.6 1
9.17 234.57 1
9.18 233.95 1
9.19 232.45 1
9.2 218.87 1
9.21 196.42 1
9.22 227.94 1
9.23 198.17 1
9.24 198.19 1
9.25 206.56 1
9.26 236.95 1
9.27 196.12 1
9.28 194.24 1
9.29 194.01 1
9.3 194.41 1
9.31 194.39 1
9.32 194.99 1
9.33 195.54 1
9.34 195.76 1
9.35 195.04 1
9.36 195.56 1
9.37 195.27 1
9.38 195.24 1
9.39 195.3 1
9.4 195.54 1
9.41 195.33 1
9.42 195.49 1
9.43 195.58 1
9.44 195.73 1
9.45 194.74 1
9.46 195.18 1
9.47 195.22 1
9.48 195.18 1
9.49 195.49 1
9.5 195.59 1
9.51 195.98 1
9.52 195.98 1
9.53 196.83 1
9.54 196.58 1
9.55 196.67 1
9.56 196.67 1
9.57 196.91 1
9.58 196.78 1
9.59 196.42 1
9.6 196.27 1
9.61 196.0 1
9.62 195.65 1
9.63 195.23 1
9.64 195.54 1
9.65 194.93 1
9.66 195.19 1
9.67 195.63 1
9.68 195.64 1
9.69 195.84 1
9.7 196.4 1
9.71 196.8 1
9.72 196.97 1
9.73 197.31 1
9.74 196.76 1
9.75 196.09 1
9.76 194.82 1
9.77 194.7 1
9.78 194.64 1
9.79 194.7 1
9.8 195.36 1
9.81 196.42 1
9.82 195.73 1
9.83 196.95 1
9.84 198.35 1
9.85 198.22 1
9.86 198.59 1
9.87 196.51 1
9.88 195.64 1
9.89 194.7 1
9.9 193.83 1
9.91 191.65 1
9.92 187.39 1
9.93 185.85 1
9.94 190.5 1
9.95 192.51 1
9.96 194.7 1
9.97 198.26 1
9.98 211.47 1
9.99 223.5 1
10.0 251.88 1
10.01 257.19 1
10.02 268.07 1
10.03 279.98 1
10.04 276.79 1
10.05 278.21 1
10.06 273.05 1
10.07 266.48 1
10.08 258.71 1
10.09 250.32 1
10.1 243.03 1
10.11 232.7 1
10.12 221.77 1
10.13 217.76 1
10.14 203.7 1
10.15 200.71 1
10.16 198.12 1
10.17 199.92 1
10.18 200.23 1
10.19 202.78 1
10.2 207.61 1
10.21 216.64 1
10.22 223.2 1
10.23 229.18 1
10.24 242.92 1
10.25 235.87 1
10.26 237.77 1
10.27 238.61 1
10.28 241.58 1
10.29 240.3 1
10.3 241.63 1
10.31 242.94 1
10.32 242.93 1
10.33 242.94 1
10.34 242.13 1
10.35 242.03 1
10.36 241.67 1
10.37 242.74 1
10.38 244.25 1
10.39 241.96 1
10.4 242.44 1
10.41 241.82 1
10.42 242.71 1
10.43 242.49 1
10.44 243.74 1
10.45 244.3 1
10.46 244.3 1
10.47 243.77 1
10.48 245.57 1
10.49 243.11 1
10.5 244.27 1
10.51 242.9 1
10.52 241.6 1
10.53 240.3 1
10.54 240.29 1
10.55 238.91 1
10.56 239.19 1
10.57 239.41 1
10.58 239.75 1
10.59 242.92 1
10.6 242.93 1
10.61 242.95 1
10.62 244.29 1
10.63 244.3 1
10.64 243.33 1
10.65 245.59 1
10.66 242.97 1
10.67 241.46 1
10.68 241.62 1
10.69 240.3 1
10.7 237.73 1
10.71 234.97 1
10.72 230.37 1
10.73 236.51 1
10.74 240.31 1
10.75 245.19 1
10.76 255.6 1
10.77 257.19 1
10.78 276.55 1
10.79 285.27 1
10.8 284.47 1
10.81 290.22 1
10.82 291.09 1
10.83 289.27 1
10.84 285.49 1
10.85 297.01 1
10.86 294.22 1
10.87 293.0 1
10.88 288.95 1
10.89 281.76 1
10.9 273.01 1
10.91 263.29 1
10.92 254.81 1
10.93 250.04 1
10.94 246.97 1
10.95 246.96 1
10.96 232.03 1
10.97 227.95 1
10.98 227.94 1
10.99 184.16 1
11.0 240.26 1
11.01 247.69 1
11.02 254.87 1
11.03 258.69 1
11.04 269.37 1
11.05 278.21 1
11.06 278.62 1
11.07 286.65 1
11.08 285.35 1
11.09 287.32 1
11.1 287.22 1
11.11 288.42 1
11.12 289.21 1
11.13 289.03 1
11.14 291.28 1
11.15 291.09 1
11.16 291.09 1
11.17 291.1 1
11.18 292.04 1
11.19 291.48 1
11.2 291.11 1
11.21 293.04 1
11.22 294.04 1
11.23 294.28 1
11.24 293.04 1
11.25 294.07 1
11.26 293.95 1
11.27 293.21 1
11.28 292.56 1
11.29 292.12 1
11.3 291.59 1
11.31 291.12 1
11.32 290.76 1
11.33 289.95 1
11.34 289.41 1
11.35 289.63 1
11.36 290.13 1
11.37 289.55 1
11.38 287.77 1
11.39 286.72 1
11.4 285.7 1
11.41 285.86 1
11.42 286.62 1
11.43 287.77 1
11.44 288.98 1
11.45 289.68 1
11.46 290.83 1
11.47 291.09 1
11.48 291.1 1
11.49 291.75 1
11.5 291.38 1
11.51 290.46 1
11.52 289.78 1
11.53 289.71 1
11.54 290.24 1
11.55 290.83 1
11.56 291.09 1
11.57 291.12 1
11.58 291.14 1
11.59 291.12 1
11.6 292.55 1
11.61 291.12 1
11.62 291.96 1
11.63 291.12 1
11.64 292.7 1
11.65 293.03 1
11.66 293.04 1
11.67 293.04 1
11.68 294.58 1
11.69 293.05 1
11.7 293.05 1
11.71 291.13 1
11.72 289.69 1
11.73 287.53 1
11.74 288.72 1
11.75 288.91 1
11.76 288.93 1
11.77 289.58 1
11.78 292.69 1
11.79 296.99 1
11.8 299.02 1
11.81 323.03 1
11.82 339.42 1
11.83 352.17 1
11.84 370.45 1
11.85 375.3 1
11.86 399.68 1
11.87 401.51 1
11.88 401.2 1
11.89 397.32 1
11.9 395.61 1
11.91 391.53 1
11.92 390.15 1
11.93 383.37 1
11.94 375.07 1
11.95 378.42 1
11.96 365.95 1
11.97 346.29 1
11.98 343.34 1
11.99 340.55 1
12.0 334.31 1
12.01 327.82 1
12.02 323.0 1
12.03 323.05 1
12.04 323.01 1
12.05 325.39 1
12.06 327.49 1
12.07 331.33 1
12.08 344.81 1
12.09 343.25 1
12.1 362.9 1
12.11 362.95 1
12.12 375.68 1
12.13 384.99 1
12.14 381.77 1
12.15 378.37 1
12.16 381.75 1
12.17 380.59 1
12.18 385.01 1
12.19 382.31 1
12.2 382.77 1
12.21 385.03 1
12.22 381.79 1
12.23 375.47 1
12.24 357.45 1
12.25 362.72 1
12.26 181.59 1
12.27 371.89 1
12.28 371.41 1
12.29 379.28 1
12.3 386.36 1
12.31 394.0 1
12.32 399.9 1
12.33 406.27 1
12.34 407.18 1
12.35 402.28 1
12.36 400.88 1
12.37 405.92 1
12.38 0.0 1
12.39 0.0 1
