0.01 424.42 1
0.02 394.15 1
0.03 395.33 1
0.04 391.7 1
0.05 388.77 1
0.06 391.22 1
0.07 391.89 1
0.08 393.89 1
0.09 394.35 1
0.1 395.19 1
0.11 395.31 1
0.12 395.38 1
0.13 394.68 1
0.14 391.91 1
0.15 380.01 1
0.16 0.0 1
0.17 0.0 1
0.18 0.0 1
0.19 0.0 1
0.2 0.0 1
0.21 0.0 1
0.22 0.0 1
0.23 0.0 1
0.24 0.0 1
0.25 0.0 1
0.26 0.0 1
0.27 0.0 1
0.28 0.0 1
0.29 0.0 1
0.3 73.8 1
0.31 73.3 1
0.32 73.73 1
0.33 73.45 1
0.34 73.76 1
0.35 73.32 1
0.36 73.68 1
0.37 73.63 1
0.38 73.47 1
0.39 73.41 1
0.4 0.0 1
0.41 0.0 1
0.42 0.0 1
0.43 0.0 1
0.44 0.0 1
0.45 0.0 1
0.46 298.92 1
0.47 290.98 1
0.48 279.67 1
0.49 279.9 1
0.5 278.04 1
0.51 279.94 1
0.52 284.0 1
0.53 293.12 1
0.54 316.32 1
0.55 339.1 1
0.56 357.33 1
0.57 378.54 1
0.58 401.49 1
0.59 398.85 1
0.6 434.6 1
0.61 431.33 1
0.62 414.17 1
0.63 406.46 1
0.64 378.45 1
0.65 361.96 1
0.66 348.09 1
0.67 335.01 1
0.68 324.41 1
0.69 320.49 1
0.7 320.35 1
0.71 320.41 1
0.72 324.96 1
0.73 323.6 1
0.74 329.23 1
0.75 333.19 1
0.76 333.34 1
0.77 330.95 1
0.78 327.54 1
0.79 323.07 1
0.8 318.58 1
0.81 325.07 1
0.82 0.0 1
0.83 0.0 1
0.84 0.0 1
0.85 0.0 1
0.86 0.0 1
0.87 0.0 1
0.88 0.0 1
0.89 283.72 1
0.9 286.67 1
0.91 289.65 1
0.92 288.09 1
0.93 291.45 1
0.94 292.21 1
0.95 293.02 1
0.96 293.03 1
0.97 292.44 1
0.98 291.14 1
0.99 290.33 1
1.0 290.07 1
1.01 289.62 1
1.02 288.75 1
1.03 287.64 1
1.04 287.36 1
1.05 288.01 1
1.06 287.46 1
1.07 283.26 1
1.08 289.0 1
1.09 273.06 1
1.1 151.29 1
1.11 224.43 1
1.12 220.69 1
1.13 218.78 1
1.14 215.6 1
1.15 218.97 1
1.16 226.61 1
1.17 236.42 1
1.18 246.12 1
1.19 258.71 1
1.2 273.34 1
1.21 283.98 1
1.22 291.16 1
1.23 285.41 1
1.24 283.02 1
1.25 285.97 1
1.26 287.71 1
1.27 288.48 1
1.28 283.56 1
1.29 292.8 1
1.3 296.82 1
1.31 288.33 1
1.32 278.22 1
1.33 279.93 1
1.34 258.36 1
1.35 248.28 1
1.36 236.49 1
1.37 230.32 1
1.38 223.47 1
1.39 224.89 1
1.4 225.32 1
1.41 226.82 1
1.42 237.68 1
1.43 242.18 1
1.44 249.13 1
1.45 255.71 1
1.46 258.81 1
1.47 276.37 1
1.48 276.58 1
1.49 280.21 1
1.5 283.29 1
1.51 284.12 1
1.52 285.69 1
1.53 287.05 1
1.54 289.04 1
1.55 289.45 1
1.56 289.73 1
1.57 289.0 1
1.58 289.35 1
1.59 289.75 1
1.6 290.93 1
1.61 291.16 1
1.62 291.91 1
1.63 290.76 1
1.64 288.11 1
1.65 255.64 1
1.66 285.53 1
1.67 281.89 1
1.68 274.78 1
1.69 0.0 1
1.7 0.0 1
1.71 0.0 1
1.72 269.41 1
1.73 274.67 1
1.74 235.16 1
1.75 210.5 1
1.76 200.05 1
1.77 197.04 1
1.78 202.92 1
1.79 216.57 1
1.8 225.65 1
1.81 248.39 1
1.82 263.34 1
1.83 287.31 1
1.84 295.28 1
1.85 298.92 1
1.86 336.11 1
1.87 316.23 1
1.88 320.83 1
1.89 305.21 1
1.9 305.99 1
1.91 305.29 1
1.92 271.8 1
1.93 266.64 1
1.94 252.34 1
1.95 244.3 1
1.96 236.13 1
1.97 233.89 1
1.98 232.64 1
1.99 232.78 1
2.0 236.51 1
2.01 245.6 1
2.02 249.9 1
2.03 256.83 1
2.04 258.77 1
2.05 267.47 1
2.06 274.91 1
2.07 277.7 1
2.08 274.99 1
2.09 280.57 1
2.1 262.78 1
2.11 249.84 1
2.12 254.25 1
2.13 255.63 1
2.14 276.27 1
2.15 246.85 1
2.16 247.04 1
2.17 245.6 1
2.18 238.92 1
2.19 234.12 1
2.2 234.08 1
2.21 235.55 1
2.22 237.48 1
2.23 241.25 1
2.24 246.35 1
2.25 251.12 1
2.26 256.48 1
2.27 255.75 1
2.28 260.43 1
2.29 257.16 1
2.3 254.18 1
2.31 251.29 1
2.32 254.19 1
2.33 249.88 1
2.34 248.49 1
2.35 226.74 1
2.36 209.87 1
2.37 204.89 1
2.38 202.96 1
2.39 201.64 1
2.4 203.58 1
2.41 205.17 1
2.42 202.85 1
2.43 212.58 1
2.44 219.06 1
2.45 221.19 1
2.46 222.79 1
2.47 223.89 1
2.48 218.14 1
2.49 223.6 1
2.5 0.0 1
2.51 0.0 1
2.52 0.0 1
2.53 0.0 1
2.54 0.0 1
2.55 0.0 1
2.56 0.0 1
2.57 0.0 1
2.58 201.41 1
2.59 200.16 1
2.6 194.98 1
2.61 190.48 1
2.62 190.09 1
2.63 191.99 1
2.64 191.32 1
2.65 193.84 1
2.66 193.84 1
2.67 193.73 1
2.68 193.13 1
2.69 193.16 1
2.7 192.94 1
2.71 193.87 1
2.72 193.45 1
2.73 203.72 1
2.74 197.3 1
2.75 199.1 1
2.76 195.04 1
2.77 213.25 1
2.78 229.25 1
2.79 227.94 1
2.8 226.12 1
2.81 221.12 1
2.82 214.59 1
2.83 206.61 1
2.84 205.27 1
2.85 207.52 1
2.86 207.6 1
2.87 216.2 1
2.88 220.98 1
2.89 230.33 1
2.9 232.73 1
2.91 251.84 1
2.92 212.0 1
2.93 205.51 1
2.94 200.78 1
2.95 200.8 1
2.96 232.09 1
2.97 271.38 1
2.98 259.95 1
2.99 257.13 1
3.0 249.97 1
3.01 243.0 1
3.02 239.55 1
3.03 240.8 1
3.04 243.8 1
3.05 248.67 1
3.06 251.37 1
3.07 255.7 1
3.08 257.17 1
3.09 256.0 1
3.1 250.52 1
3.11 244.97 1
3.12 226.91 1
3.13 0.0 1
3.14 0.0 1
3.15 0.0 1
3.16 0.0 1
3.17 0.0 1
3.18 0.0 1
3.19 0.0 1
3.2 219.94 1
3.21 220.9 1
3.22 208.54 1
3.23 206.55 1
3.24 201.14 1
3.25 196.06 1
3.26 187.31 1
3.27 189.68 1
3.28 189.79 1
3.29 191.61 1
3.3 193.77 1
3.31 194.08 1
3.32 195.56 1
3.33 194.2 1
3.34 196.42 1
3.35 191.94 1
3.36 195.5 1
3.37 191.33 1
3.38 198.19 1
3.39 195.57 1
3.4 205.13 1
3.41 190.51 1
3.42 189.7 1
3.43 192.13 1
3.44 186.48 1
3.45 182.31 1
3.46 186.96 1
3.47 173.59 1
3.48 171.94 1
3.49 182.63 1
3.5 176.04 1
3.51 178.64 1
3.52 183.61 1
3.53 189.66 1
3.54 193.84 1
3.55 189.98 1
3.56 192.16 1
3.57 198.2 1
3.58 195.57 1
3.59 195.75 1
3.6 198.63 1
3.61 203.5 1
3.62 195.56 1
3.63 195.8 1
3.64 180.34 1
3.65 184.14 1
3.66 155.58 1
3.67 155.01 1
3.68 151.65 1
3.69 151.28 1
3.7 145.98 1
3.71 144.83 1
3.72 144.51 1
3.73 145.31 1
3.74 145.31 1
3.75 144.33 1
3.76 143.42 1
3.77 124.38 1
3.78 143.89 1
3.79 145.79 1
3.8 145.79 1
3.81 146.78 1
3.82 142.05 1
3.83 140.42 1
3.84 141.07 1
3.85 146.83 1
3.86 141.13 1
3.87 145.42 1
3.88 144.85 1
3.89 144.05 1
3.9 146.06 1
3.91 151.28 1
3.92 161.89 1
3.93 180.34 1
3.94 184.91 1
3.95 189.69 1
3.96 193.71 1
3.97 198.56 1
3.98 194.48 1
3.99 189.99 1
4.0 183.32 1
4.01 185.69 1
4.02 168.32 1
4.03 166.93 1
4.04 166.78 1
4.05 166.11 1
4.06 172.74 1
4.07 177.2 1
4.08 185.67 1
4.09 188.89 1
4.1 198.2 1
4.11 200.01 1
4.12 208.43 1
4.13 203.26 1
4.14 196.83 1
4.15 196.56 1
4.16 196.01 1
4.17 0.0 1
4.18 0.0 1
4.19 0.0 1
4.2 0.0 1
4.21 0.0 1
4.22 0.0 1
4.23 0.0 1
4.24 0.0 1
4.25 203.4 1
4.26 195.8 1
4.27 195.85 1
4.28 193.81 1
4.29 191.89 1
4.3 193.0 1
4.31 192.64 1
4.32 192.59 1
4.33 191.45 1
4.34 194.19 1
4.35 194.52 1
4.36 194.75 1
4.37 192.27 1
4.38 197.29 1
4.39 0.0 1
4.4 0.0 1
4.41 0.0 1
4.42 0.0 1
4.43 0.0 1
4.44 0.0 1
4.45 0.0 1
4.46 0.0 1
4.47 0.0 1
4.48 0.0 1
4.49 0.0 1
4.5 0.0 1
4.51 0.0 1
4.52 0.0 1
4.53 0.0 1
4.54 0.0 1
4.55 0.0 1
4.56 0.0 1
4.57 0.0 1
4.58 0.0 1
4.59 0.0 1
4.6 0.0 1
4.61 0.0 1
4.62 0.0 1
4.63 198.98 1
4.64 192.27 1
4.65 195.82 1
4.66 213.52 1
4.67 195.55 1
4.68 180.31 1
4.69 169.31 1
4.7 173.89 1
4.71 177.44 1
4.72 182.69 1
4.73 195.74 1
4.74 207.48 1
4.75 244.17 1
4.76 267.96 1
4.77 284.98 1
4.78 295.0 1
4.79 299.01 1
4.8 290.82 1
4.81 303.1 1
4.82 296.37 1
4.83 290.09 1
4.84 277.57 1
4.85 280.02 1
4.86 280.02 1
4.87 244.45 1
4.88 230.96 1
4.89 220.99 1
4.9 208.64 1
4.91 210.5 1
4.92 212.68 1
4.93 218.73 1
4.94 225.63 1
4.95 240.19 1
4.96 261.9 1
4.97 262.1 1
4.98 283.95 1
4.99 291.14 1
5.0 291.34 1
5.01 291.24 1
5.02 263.24 1
5.03 293.1 1
5.04 285.45 1
5.05 269.31 1
5.06 252.62 1
5.07 251.06 1
5.08 247.0 1
5.09 241.61 1
5.1 236.37 1
5.11 230.38 1
5.12 229.69 1
5.13 230.33 1
5.14 232.57 1
5.15 232.77 1
5.16 230.41 1
5.17 237.93 1
5.18 242.88 1
5.19 245.96 1
5.2 247.34 1
5.21 249.52 1
5.22 248.46 1
5.23 254.2 1
5.24 239.03 1
5.25 247.58 1
5.26 252.74 1
5.27 252.01 1
5.28 247.88 1
5.29 235.43 1
5.3 232.15 1
5.31 227.9 1
5.32 222.34 1
5.33 219.93 1
5.34 217.64 1
5.35 216.7 1
5.36 215.66 1
5.37 219.89 1
5.38 216.71 1
5.39 217.38 1
5.4 216.24 1
5.41 217.76 1
5.42 217.78 1
5.43 239.09 1
5.44 242.74 1
5.45 213.6 1
5.46 217.74 1
5.47 223.74 1
5.48 239.01 1
5.49 242.95 1
5.5 240.31 1
5.51 241.64 1
5.52 242.55 1
5.53 241.58 1
5.54 238.96 1
5.55 239.01 1
5.56 241.5 1
5.57 239.01 1
5.58 240.29 1
5.59 239.35 1
5.6 240.32 1
5.61 240.71 1
5.62 240.35 1
5.63 216.7 1
5.64 242.32 1
5.65 240.48 1
5.66 238.96 1
5.67 239.19 1
5.68 241.64 1
5.69 234.11 1
5.7 224.58 1
5.71 231.29 1
5.72 232.64 1
5.73 234.94 1
5.74 241.97 1
5.75 252.66 1
5.76 265.0 1
5.77 285.45 1
5.78 291.28 1
5.79 311.19 1
5.8 324.76 1
5.81 330.48 1
5.82 0.0 1
5.83 0.0 1
5.84 0.0 1
5.85 0.0 1
5.86 0.0 1
5.87 0.0 1
5.88 303.14 1
5.89 303.38 1
5.9 290.04 1
5.91 268.0 1
5.92 195.54 1
5.93 216.69 1
5.94 209.61 1
5.95 212.44 1
5.96 212.51 1
5.97 219.92 1
5.98 235.13 1
5.99 246.59 1
6.0 256.39 1
6.01 263.38 1
6.02 278.73 1
6.03 288.3 1
6.04 291.11 1
6.05 293.11 1
6.06 293.14 1
6.07 291.29 1
6.08 293.18 1
6.09 295.15 1
6.1 293.09 1
6.11 293.05 1
6.12 293.07 1
6.13 293.04 1
6.14 292.23 1
6.15 291.67 1
6.16 292.2 1
6.17 292.29 1
6.18 292.81 1
6.19 292.42 1
6.2 292.2 1
6.21 292.54 1
6.22 291.09 1
6.23 288.86 1
6.24 291.12 1
6.25 291.1 1
6.26 291.1 1
6.27 287.38 1
6.28 285.73 1
6.29 281.95 1
6.3 310.19 1
6.31 287.91 1
6.32 285.41 1
6.33 275.41 1
6.34 279.73 1
6.35 274.57 1
6.36 277.91 1
6.37 280.77 1
6.38 291.31 1
6.39 305.55 1
6.4 327.73 1
6.41 306.94 1
6.42 325.44 1
6.43 388.26 1
6.44 402.92 1
6.45 406.82 1
6.46 413.03 1
6.47 370.31 1
6.48 386.96 1
6.49 378.53 1
6.5 365.98 1
6.51 357.85 1
6.52 348.62 1
6.53 338.37 1
6.54 347.92 1
6.55 341.1 1
6.56 343.7 1
6.57 357.37 1
6.58 372.44 1
6.59 388.35 1
6.6 404.36 1
6.61 415.69 1
6.62 424.52 1
6.63 429.12 1
6.64 421.43 1
