0.01 201.59 1
0.02 197.21 1
0.03 201.57 1
0.04 199.01 1
0.05 194.76 1
0.06 195.98 1
0.07 197.26 1
0.08 198.12 1
0.09 196.26 1
0.1 197.09 1
0.11 196.87 1
0.12 196.74 1
0.13 196.89 1
0.14 196.75 1
0.15 196.7 1
0.16 196.44 1
0.17 196.53 1
0.18 197.09 1
0.19 197.72 1
0.2 197.82 1
0.21 197.84 1
0.22 197.77 1
0.23 197.69 1
0.24 197.35 1
0.25 197.3 1
0.26 197.28 1
0.27 196.6 1
0.28 196.5 1
0.29 196.54 1
0.3 196.18 1
0.31 196.43 1
0.32 196.26 1
0.33 196.43 1
0.34 196.22 1
0.35 196.4 1
0.36 195.73 1
0.37 196.38 1
0.38 195.78 1
0.39 195.9 1
0.4 196.4 1
0.41 195.98 1
0.42 196.35 1
0.43 196.73 1
0.44 197.14 1
0.45 197.61 1
0.46 197.92 1
0.47 196.88 1
0.48 196.11 1
0.49 196.65 1
0.5 196.68 1
0.51 196.61 1
0.52 196.83 1
0.53 196.3 1
0.54 196.46 1
0.55 196.62 1
0.56 196.5 1
0.57 196.92 1
0.58 198.18 1
0.59 196.8 1
0.6 197.28 1
0.61 197.36 1
0.62 196.95 1
0.63 196.29 1
0.64 196.6 1
0.65 196.56 1
0.66 195.06 1
0.67 196.97 1
0.68 195.56 1
0.69 197.61 1
0.7 196.04 1
0.71 196.31 1
0.72 195.86 1
0.73 197.62 1
0.74 195.55 1
0.75 98.25 1
0.76 98.26 1
0.77 98.53 1
0.78 97.47 1
0.79 98.09 1
0.8 97.92 1
0.81 98.1 1
0.82 98.15 1
0.83 98.23 1
0.84 97.89 1
0.85 98.54 1
0.86 97.89 1
0.87 98.32 1
0.88 0.0 1
0.89 390.5 1
0.9 377.75 1
0.91 352.22 1
0.92 340.35 1
0.93 327.73 1
0.94 317.84 1
0.95 322.57 1
0.96 327.27 1
0.97 339.97 1
0.98 346.34 1
0.99 362.71 1
1.0 380.1 1
1.01 394.42 1
1.02 406.55 1
1.03 412.95 1
1.04 411.94 1
1.05 385.18 1
1.06 378.54 1
1.07 0.0 1
1.08 0.0 1
1.09 0.0 1
1.1 0.0 1
1.11 0.0 1
1.12 0.0 1
1.13 389.78 1
1.14 366.87 1
1.15 362.18 1
1.16 359.89 1
1.17 357.71 1
1.18 362.93 1
1.19 368.96 1
1.2 381.3 1
1.21 384.87 1
1.22 390.69 1
1.23 400.25 1
1.24 408.98 1
1.25 414.18 1
1.26 414.35 1
1.27 410.56 1
1.28 423.41 1
1.29 414.09 1
1.3 389.65 1
1.31 405.01 1
1.32 399.1 1
1.33 386.27 1
1.34 336.83 1
1.35 322.81 1
1.36 311.48 1
1.37 307.02 1
1.38 302.68 1
1.39 301.29 1
1.4 297.61 1
1.41 305.75 1
1.42 303.99 1
1.43 323.85 1
1.44 334.29 1
1.45 343.87 1
1.46 352.5 1
1.47 369.38 1
1.48 379.33 1
1.49 344.77 1
1.5 335.27 1
1.51 357.52 1
1.52 354.71 1
1.53 348.27 1
1.54 336.54 1
1.55 329.55 1
1.56 348.8 1
1.57 314.25 1
1.58 318.54 1
1.59 331.95 1
1.6 379.83 1
1.61 360.54 1
1.62 384.13 1
1.63 407.35 1
1.64 424.26 1
1.65 430.29 1
1.66 435.76 1
1.67 418.01 1
1.68 0.0 1
1.69 0.0 1
1.7 0.0 1
1.71 0.0 1
1.72 0.0 1
1.73 0.0 1
1.74 0.0 1
1.75 0.0 1
1.76 318.93 1
1.77 327.69 1
1.78 306.1 1
1.79 297.16 1
1.8 304.29 1
1.81 303.28 1
1.82 310.78 1
1.83 320.31 1
1.84 329.31 1
1.85 337.53 1
1.86 0.0 1
1.87 338.34 1
1.88 340.89 1
1.89 333.44 1
1.9 337.02 1
1.91 332.77 1
1.92 325.13 1
1.93 322.84 1
1.94 315.89 1
1.95 307.32 1
1.96 299.36 1
1.97 295.37 1
1.98 296.77 1
1.99 294.28 1
2.0 291.15 1
2.01 289.93 1
2.02 288.61 1
2.03 288.79 1
2.04 288.7 1
2.05 290.07 1
2.06 287.71 1
2.07 288.25 1
2.08 287.93 1
2.09 286.91 1
2.1 287.95 1
2.11 289.2 1
2.12 292.28 1
2.13 291.11 1
2.14 289.78 1
2.15 291.1 1
2.16 290.14 1
2.17 287.3 1
2.18 282.13 1
2.19 289.9 1
2.2 291.11 1
2.21 225.6 1
2.22 210.51 1
2.23 215.55 1
2.24 205.62 1
2.25 204.66 1
2.26 208.47 1
2.27 211.54 1
2.28 200.88 1
2.29 247.15 1
2.3 250.92 1
2.31 267.97 1
2.32 270.23 1
2.33 276.44 1
2.34 272.25 1
2.35 269.7 1
2.36 242.97 1
2.37 212.64 1
2.38 215.96 1
2.39 200.59 1
2.4 192.16 1
2.41 205.32 1
2.42 252.73 1
2.43 209.31 1
2.44 248.0 1
2.45 258.66 1
2.46 276.49 1
2.47 278.19 1
2.48 281.92 1
2.49 284.18 1
2.5 288.57 1
2.51 290.15 1
2.52 292.75 1
2.53 293.03 1
2.54 293.07 1
2.55 295.56 1
2.56 295.55 1
2.57 293.03 1
2.58 290.12 1
2.59 286.82 1
2.6 290.32 1
2.61 285.61 1
2.62 289.37 1
2.63 285.48 1
2.64 289.16 1
2.65 271.37 1
2.66 273.3 1
2.67 277.73 1
2.68 279.97 1
2.69 281.95 1
2.7 283.9 1
2.71 286.88 1
2.72 290.48 1
2.73 292.83 1
2.74 291.17 1
2.75 294.99 1
2.76 294.71 1
2.77 293.53 1
2.78 292.07 1
2.79 292.01 1
2.8 291.85 1
2.81 291.61 1
2.82 291.26 1
2.83 290.09 1
2.84 288.34 1
2.85 285.02 1
2.86 281.99 1
2.87 277.09 1
2.88 274.6 1
2.89 265.68 1
2.9 254.44 1
2.91 251.56 1
2.92 248.14 1
2.93 241.74 1
2.94 238.98 1
2.95 235.23 1
2.96 244.23 1
2.97 235.16 1
2.98 233.73 1
2.99 234.01 1
3.0 235.4 1
3.01 232.78 1
3.02 233.98 1
3.03 232.74 1
3.04 224.51 1
3.05 233.98 1
3.06 237.72 1
3.07 235.25 1
3.08 260.2 1
3.09 248.44 1
3.1 241.93 1
3.11 242.29 1
3.12 240.33 1
3.13 240.8 1
3.14 244.18 1
3.15 240.32 1
3.16 239.61 1
3.17 244.19 1
3.18 239.36 1
3.19 240.3 1
3.2 239.83 1
3.21 240.31 1
3.22 240.27 1
3.23 240.31 1
3.24 242.84 1
3.25 245.01 1
3.26 246.11 1
3.27 249.15 1
3.28 250.66 1
3.29 251.53 1
3.3 252.39 1
3.31 250.33 1
3.32 246.65 1
3.33 243.14 1
3.34 242.9 1
3.35 230.29 1
3.36 224.03 1
3.37 223.03 1
3.38 228.76 1
3.39 241.62 1
3.4 250.37 1
3.41 263.38 1
3.42 283.98 1
3.43 296.95 1
3.44 312.52 1
3.45 318.46 1
3.46 299.08 1
3.47 312.16 1
3.48 299.01 1
3.49 0.0 1
3.5 0.0 1
3.51 0.0 1
3.52 0.0 1
3.53 298.07 1
3.54 289.15 1
3.55 264.87 1
3.56 253.33 1
3.57 297.03 1
3.58 285.7 1
3.59 218.82 1
3.6 223.62 1
3.61 229.19 1
3.62 243.42 1
3.63 254.23 1
3.64 261.77 1
3.65 272.4 1
3.66 281.31 1
3.67 283.98 1
3.68 288.69 1
3.69 290.04 1
3.7 291.63 1
3.71 291.54 1
3.72 291.78 1
3.73 292.6 1
3.74 291.15 1
3.75 291.65 1
3.76 291.48 1
3.77 291.18 1
3.78 291.12 1
3.79 291.79 1
3.8 291.11 1
3.81 291.54 1
3.82 291.85 1
3.83 291.55 1
3.84 291.54 1
3.85 291.85 1
3.86 291.15 1
3.87 292.24 1
3.88 291.11 1
3.89 290.38 1
3.9 290.88 1
3.91 291.56 1
3.92 291.1 1
3.93 289.27 1
3.94 291.15 1
3.95 289.26 1
3.96 294.07 1
3.97 297.65 1
3.98 294.17 1
3.99 292.58 1
4.0 288.58 1
4.01 282.75 1
4.02 281.65 1
4.03 117.5 1
4.04 134.29 1
4.05 274.55 1
4.06 278.86 1
4.07 288.55 1
4.08 297.18 1
4.09 317.62 1
4.1 330.62 1
4.11 341.42 1
4.12 332.62 1
4.13 360.37 1
4.14 375.14 1
4.15 373.38 1
4.16 376.06 1
4.17 363.24 1
4.18 378.41 1
4.19 346.23 1
4.2 344.37 1
4.21 341.57 1
4.22 339.84 1
4.23 332.92 1
4.24 336.37 1
4.25 343.53 1
4.26 354.5 1
4.27 363.58 1
4.28 377.52 1
4.29 391.45 1
4.3 397.78 1
4.31 405.46 1
4.32 408.62 1
4.33 409.16 1
4.34 403.65 1
4.35 405.23 1
4.36 404.38 1
4.37 402.48 1
4.38 414.16 1
4.39 391.95 1
4.4 416.18 1
4.41 391.65 1
4.42 375.24 1
4.43 371.98 1
4.44 348.68 1
4.45 345.95 1
4.46 346.15 1
4.47 362.09 1
4.48 363.17 1
4.49 376.61 1
4.5 382.61 1
4.51 389.82 1
4.52 396.7 1
4.53 396.86 1
4.54 396.63 1
4.55 393.4 1
4.56 390.64 1
4.57 386.13 1
4.58 384.93 1
4.59 375.5 1
4.6 370.42 1
4.61 361.69 1
4.62 348.82 1
4.63 344.32 1
4.64 337.18 1
4.65 329.33 1
4.66 325.27 1
4.67 325.11 1
4.68 315.89 1
4.69 310.82 1
4.7 303.43 1
4.71 306.34 1
4.72 304.5 1
4.73 301.83 1
4.74 295.26 1
4.75 297.01 1
4.76 293.97 1
4.77 291.73 1
4.78 284.15 1
4.79 293.04 1
4.8 293.07 1
4.81 291.18 1
4.82 272.27 1
4.83 279.83 1
4.84 291.13 1
4.85 287.7 1
4.86 285.23 1
4.87 285.43 1
4.88 283.03 1
4.89 282.95 1
4.9 281.31 1
4.91 281.69 1
4.92 281.76 1
4.93 284.98 1
4.94 290.4 1
4.95 0.0 1
4.96 0.0 1
4.97 0.0 1
4.98 0.0 1
4.99 0.0 1
5.0 0.0 1
5.01 0.0 1
5.02 0.0 1
5.03 197.31 1
5.04 195.68 1
5.05 188.09 1
5.06 180.4 1
5.07 174.43 1
5.08 170.65 1
5.09 169.43 1
5.1 171.17 1
5.11 175.96 1
5.12 360.38 1
5.13 370.46 1
5.14 380.86 1
5.15 401.79 1
5.16 405.77 1
5.17 411.06 1
5.18 413.41 1
5.19 403.61 1
5.2 387.46 1
5.21 396.76 1
5.22 0.0 1
5.23 0.0 1
5.24 0.0 1
5.25 0.0 1
5.26 0.0 1
5.27 0.0 1
5.28 405.22 1
5.29 389.22 1
5.3 375.5 1
5.31 388.31 1
5.32 385.16 1
5.33 388.23 1
5.34 385.02 1
5.35 385.05 1
5.36 391.57 1
5.37 388.46 1
5.38 388.63 1
5.39 386.45 1
5.4 385.58 1
5.41 388.71 1
5.42 393.49 1
5.43 401.36 1
5.44 390.65 1
5.45 471.56 1
5.46 404.98 1
5.47 417.99 1
5.48 406.29 1
5.49 430.25 1
5.5 434.36 1
5.51 436.47 1
5.52 436.41 1
5.53 431.15 1
5.54 429.0 1
5.55 426.15 1
5.56 429.39 1
5.57 436.51 1
5.58 442.66 1
5.59 451.52 1
5.6 457.27 1
5.61 457.36 1
5.62 448.61 1
5.63 426.1 1
5.64 391.98 1
5.65 446.26 1
5.66 451.28 1
5.67 434.49 1
5.68 399.11 1
5.69 385.15 1
5.7 391.77 1
5.71 395.89 1
5.72 397.02 1
5.73 394.65 1
5.74 393.06 1
5.75 390.93 1
5.76 390.58 1
5.77 391.8 1
5.78 388.92 1
5.79 391.79 1
5.8 389.73 1
5.81 389.63 1
5.82 389.1 1
5.83 390.57 1
5.84 392.19 1
5.85 394.81 1
5.86 395.17 1
5.87 388.59 1
5.88 389.79 1
5.89 390.21 1
5.9 387.44 1
5.91 391.94 1
5.92 383.75 1
5.93 374.94 1
5.94 361.53 1
5.95 362.07 1
5.96 353.77 1
5.97 355.95 1
5.98 364.62 1
5.99 374.9 1
6.0 390.88 1
6.01 394.71 1
6.02 406.09 1
6.03 416.05 1
6.04 418.05 1
6.05 421.42 1
6.06 414.09 1
6.07 404.16 1
6.08 394.44 1
6.09 404.99 1
6.1 388.17 1
6.11 395.5 1
6.12 343.03 1
6.13 327.73 1
6.14 317.42 1
6.15 154.57 1
6.16 317.9 1
6.17 311.56 1
6.18 318.09 1
6.19 322.97 1
6.2 328.5 1
6.21 338.57 1
6.22 338.33 1
6.23 342.59 1
6.24 345.75 1
6.25 340.55 1
6.26 323.07 1
6.27 337.93 1
6.28 340.55 1
6.29 323.07 1
6.3 340.53 1
6.31 332.9 1
6.32 319.51 1
6.33 296.97 1
6.34 301.03 1
6.35 293.34 1
6.36 288.37 1
6.37 287.45 1
6.38 286.97 1
6.39 286.14 1
6.4 285.69 1
6.41 286.75 1
6.42 286.96 1
6.43 288.35 1
6.44 288.47 1
6.45 289.9 1
6.46 289.76 1
6.47 289.74 1
6.48 291.04 1
6.49 290.62 1
6.5 290.67 1
6.51 291.1 1
6.52 292.76 1
6.53 293.32 1
6.54 291.8 1
6.55 289.8 1
6.56 286.09 1
6.57 282.05 1
6.58 281.66 1
6.59 283.19 1
6.6 281.56 1
6.61 279.69 1
6.62 283.52 1
6.63 290.24 1
6.64 297.37 1
6.65 315.84 1
6.66 330.47 1
6.67 0.0 1
6.68 0.0 1
6.69 0.0 1
6.7 0.0 1
6.71 194.64 1
6.72 195.01 1
6.73 192.16 1
6.74 199.25 1
6.75 192.15 1
6.76 179.74 1
6.77 184.35 1
6.78 184.26 1
6.79 175.27 1
6.8 178.21 1
6.81 182.63 1
6.82 187.25 1
6.83 191.32 1
6.84 194.57 1
6.85 197.52 1
6.86 198.34 1
6.87 197.12 1
6.88 193.68 1
6.89 189.71 1
6.9 184.91 1
6.91 173.92 1
