0.01 291.16 1
0.02 296.95 1
0.03 293.07 1
0.04 295.57 1
0.05 283.28 1
0.06 291.1 1
0.07 295.99 1
0.08 293.07 1
0.09 295.71 1
0.1 293.08 1
0.11 295.43 1
0.12 295.08 1
0.13 293.09 1
0.14 293.07 1
0.15 294.57 1
0.16 294.04 1
0.17 294.42 1
0.18 294.39 1
0.19 294.8 1
0.2 294.99 1
0.21 295.7 1
0.22 294.9 1
0.23 294.61 1
0.24 293.04 1
0.25 292.57 1
0.26 290.58 1
0.27 288.42 1
0.28 286.96 1
0.29 286.38 1
0.3 286.59 1
0.31 285.23 1
0.32 286.11 1
0.33 284.67 1
0.34 301.11 1
0.35 325.31 1
0.36 336.62 1
0.37 351.52 1
0.38 351.42 1
0.39 388.52 1
0.4 391.93 1
0.41 384.11 1
0.42 378.54 1
0.43 369.11 1
0.44 360.01 1
0.45 356.06 1
0.46 348.93 1
0.47 340.58 1
0.48 348.5 1
0.49 340.68 1
0.5 343.74 1
0.51 348.61 1
0.52 344.87 1
0.53 375.34 1
0.54 388.42 1
0.55 375.79 1
0.56 382.91 1
0.57 384.31 1
0.58 382.44 1
0.59 379.14 1
0.6 362.97 1
0.61 352.59 1
0.62 345.26 1
0.63 348.62 1
0.64 351.06 1
0.65 352.53 1
0.66 349.83 1
0.67 356.46 1
0.68 380.91 1
0.69 391.54 1
0.7 381.82 1
0.71 390.78 1
0.72 392.21 1
0.73 398.84 1
0.74 393.77 1
0.75 393.77 1
0.76 394.59 1
0.77 396.98 1
0.78 395.82 1
0.79 394.73 1
0.8 390.91 1
0.81 362.96 1
0.82 387.31 1
0.83 360.94 1
0.84 328.7 1
0.85 318.31 1
0.86 298.94 1
0.87 287.87 1
0.88 289.23 1
0.89 290.7 1
0.9 297.0 1
0.91 311.63 1
0.92 328.99 1
0.93 325.94 1
0.94 185.65 1
0.95 191.32 1
0.96 196.42 1
0.97 198.14 1
0.98 198.17 1
0.99 195.08 1
1.0 381.77 1
1.01 367.81 1
1.02 346.13 1
1.03 349.42 1
1.04 343.24 1
1.05 346.09 1
1.06 345.91 1
1.07 348.71 1
1.08 362.99 1
1.09 372.14 1
1.1 385.11 1
1.11 389.62 1
1.12 406.59 1
1.13 406.81 1
1.14 409.3 1
1.15 410.26 1
1.16 408.61 1
1.17 392.0 1
1.18 383.94 1
1.19 367.11 1
1.2 352.22 1
1.21 342.48 1
1.22 336.14 1
1.23 333.51 1
1.24 328.88 1
1.25 328.16 1
1.26 332.2 1
1.27 334.76 1
1.28 334.6 1
1.29 335.25 1
1.3 336.79 1
1.31 336.79 1
1.32 335.37 1
1.33 334.62 1
1.34 334.69 1
1.35 303.03 1
1.36 307.3 1
1.37 330.46 1
1.38 335.47 1
1.39 286.6 1
1.4 297.9 1
1.41 291.3 1
1.42 290.18 1
1.43 290.46 1
1.44 292.6 1
1.45 294.01 1
1.46 296.02 1
1.47 296.98 1
1.48 299.85 1
1.49 299.02 1
1.5 300.79 1
1.51 300.84 1
1.52 297.0 1
1.53 294.6 1
1.54 289.19 1
1.55 282.41 1
1.56 276.43 1
1.57 274.74 1
1.58 254.58 1
1.59 245.58 1
1.6 229.16 1
1.61 227.94 1
1.62 232.98 1
1.63 236.46 1
1.64 246.25 1
1.65 255.66 1
1.66 264.9 1
1.67 279.98 1
1.68 287.26 1
1.69 286.23 1
1.7 287.55 1
1.71 284.85 1
1.72 270.41 1
1.73 267.61 1
1.74 254.7 1
1.75 258.67 1
1.76 240.93 1
1.77 244.24 1
1.78 236.43 1
1.79 232.31 1
1.8 230.35 1
1.81 235.95 1
1.82 240.31 1
1.83 245.72 1
1.84 250.86 1
1.85 255.75 1
1.86 263.31 1
1.87 263.32 1
1.88 264.88 1
1.89 260.2 1
1.9 258.58 1
1.91 251.22 1
1.92 242.97 1
1.93 231.03 1
1.94 224.6 1
1.95 221.22 1
1.96 220.02 1
1.97 217.76 1
1.98 216.68 1
1.99 217.44 1
2.0 219.92 1
2.01 218.6 1
2.02 219.93 1
2.03 217.76 1
2.04 217.78 1
2.05 219.91 1
2.06 219.77 1
2.07 220.4 1
2.08 219.43 1
2.09 217.76 1
2.1 214.02 1
2.11 216.66 1
2.12 214.12 1
2.13 214.59 1
2.14 218.86 1
2.15 220.4 1
2.16 227.15 1
2.17 229.41 1
2.18 240.92 1
2.19 240.17 1
2.2 240.96 1
2.21 245.53 1
2.22 246.04 1
2.23 244.53 1
2.24 244.06 1
2.25 245.15 1
2.26 243.43 1
2.27 245.67 1
2.28 244.67 1
2.29 246.5 1
2.3 245.98 1
2.31 245.68 1
2.32 245.24 1
2.33 244.91 1
2.34 245.42 1
2.35 245.25 1
2.36 244.15 1
2.37 245.05 1
2.38 244.85 1
2.39 245.61 1
2.4 244.05 1
2.41 244.14 1
2.42 242.48 1
2.43 241.96 1
2.44 238.94 1
2.45 236.48 1
2.46 234.47 1
2.47 230.32 1
2.48 229.13 1
2.49 233.01 1
2.5 236.14 1
2.51 243.86 1
2.52 251.06 1
2.53 261.73 1
2.54 271.62 1
2.55 279.2 1
2.56 285.45 1
2.57 288.26 1
2.58 287.68 1
2.59 288.74 1
2.6 283.71 1
2.61 281.64 1
2.62 273.96 1
2.63 273.04 1
2.64 261.35 1
2.65 256.25 1
2.66 245.69 1
2.67 245.62 1
2.68 251.27 1
2.69 236.54 1
2.7 240.26 1
2.71 229.14 1
2.72 235.92 1
2.73 236.86 1
2.74 236.43 1
2.75 231.54 1
2.76 236.28 1
2.77 242.94 1
2.78 249.82 1
2.79 240.3 1
2.8 237.68 1
2.81 0.0 1
2.82 0.0 1
2.83 0.0 1
2.84 0.0 1
2.85 0.0 1
2.86 0.0 1
2.87 0.0 1
2.88 0.0 1
2.89 0.0 1
2.9 311.63 1
2.91 305.63 1
2.92 317.26 1
2.93 304.97 1
2.94 304.08 1
2.95 299.02 1
2.96 303.39 1
2.97 303.78 1
2.98 305.16 1
2.99 303.82 1
3.0 303.09 1
3.01 299.08 1
3.02 299.78 1
3.03 297.11 1
3.04 299.79 1
3.05 297.15 1
3.06 301.42 1
3.07 301.04 1
3.08 299.05 1
3.09 300.63 1
3.1 297.03 1
3.11 299.14 1
3.12 299.82 1
3.13 299.32 1
3.14 297.02 1
3.15 297.02 1
3.16 297.28 1
3.17 295.01 1
3.18 293.03 1
3.19 290.1 1
3.2 288.38 1
3.21 276.62 1
3.22 268.75 1
3.23 263.11 1
3.24 253.93 1
3.25 244.18 1
3.26 233.8 1
3.27 227.17 1
3.28 246.72 1
3.29 228.48 1
3.3 228.97 1
3.31 235.01 1
3.32 242.82 1
3.33 248.21 1
3.34 264.87 1
3.35 247.05 1
3.36 278.23 1
3.37 290.03 1
3.38 271.24 1
3.39 290.71 1
3.4 299.58 1
3.41 293.35 1
3.42 283.39 1
3.43 272.28 1
3.44 273.46 1
3.45 256.36 1
3.46 249.99 1
3.47 251.2 1
3.48 243.81 1
3.49 254.16 1
3.5 245.66 1
3.51 118.39 1
3.52 124.4 1
3.53 126.64 1
3.54 129.9 1
3.55 127.54 1
3.56 128.31 1
3.57 143.35 1
3.58 153.38 1
3.59 148.96 1
3.6 152.32 1
3.61 156.11 1
3.62 150.61 1
3.63 168.0 1
3.64 163.81 1
3.65 171.15 1
3.66 169.49 1
3.67 164.23 1
3.68 162.26 1
3.69 161.25 1
3.7 153.72 1
3.71 155.08 1
3.72 153.3 1
3.73 151.79 1
3.74 149.23 1
3.75 146.75 1
3.76 146.76 1
3.77 145.33 1
3.78 144.95 1
3.79 145.57 1
3.8 144.68 1
3.81 144.56 1
3.82 145.46 1
3.83 147.25 1
3.84 147.56 1
3.85 147.32 1
3.86 145.8 1
3.87 146.5 1
3.88 147.02 1
3.89 146.62 1
3.9 148.4 1
3.91 146.98 1
3.92 301.32 1
3.93 305.2 1
3.94 305.68 1
3.95 291.11 1
3.96 290.17 1
3.97 284.86 1
3.98 285.18 1
3.99 289.47 1
4.0 293.27 1
4.01 320.75 1
4.02 330.36 1
4.03 351.7 1
4.04 401.68 1
4.05 426.16 1
4.06 449.51 1
4.07 427.9 1
4.08 430.25 1
4.09 419.01 1
4.1 426.11 1
4.11 481.89 1
4.12 378.54 1
4.13 383.02 1
4.14 388.39 1
4.15 377.28 1
4.16 365.91 1
4.17 351.35 1
4.18 355.2 1
4.19 357.1 1
4.2 371.13 1
4.21 381.74 1
4.22 381.75 1
4.23 372.52 1
4.24 363.01 1
4.25 357.1 1
4.26 330.32 1
4.27 348.62 1
4.28 353.08 1
4.29 341.83 1
4.3 311.15 1
4.31 320.72 1
4.32 320.52 1
4.33 323.85 1
4.34 316.13 1
4.35 327.88 1
4.36 306.81 1
4.37 340.49 1
4.38 333.88 1
4.39 333.64 1
4.4 338.47 1
4.41 338.1 1
4.42 335.38 1
4.43 321.45 1
4.44 307.4 1
4.45 306.15 1
4.46 299.53 1
4.47 289.5 1
4.48 289.16 1
4.49 283.6 1
4.5 283.89 1
4.51 287.88 1
4.52 289.1 1
4.53 294.45 1
4.54 295.36 1
4.55 294.99 1
4.56 308.98 1
4.57 309.46 1
4.58 301.07 1
4.59 306.46 1
4.6 303.11 1
4.61 299.96 1
4.62 286.51 1
4.63 277.23 1
4.64 270.03 1
4.65 262.2 1
4.66 254.18 1
4.67 252.28 1
4.68 248.87 1
4.69 252.27 1
4.7 254.54 1
4.71 254.07 1
4.72 255.73 1
4.73 265.57 1
4.74 270.92 1
4.75 264.88 1
4.76 261.92 1
4.77 265.42 1
4.78 258.47 1
4.79 252.54 1
4.8 241.64 1
4.81 237.68 1
4.82 235.42 1
4.83 241.59 1
4.84 239.48 1
4.85 237.28 1
4.86 241.13 1
4.87 241.86 1
4.88 242.99 1
4.89 250.01 1
4.9 249.57 1
4.91 249.68 1
4.92 251.98 1
4.93 246.45 1
4.94 244.91 1
4.95 244.35 1
4.96 245.31 1
4.97 245.22 1
4.98 245.65 1
4.99 242.22 1
5.0 242.96 1
5.01 240.38 1
5.02 239.98 1
5.03 239.42 1
5.04 240.75 1
5.05 243.66 1
5.06 264.86 1
5.07 252.17 1
5.08 260.18 1
5.09 274.75 1
5.1 263.8 1
5.11 268.1 1
5.12 264.06 1
5.13 256.09 1
5.14 250.9 1
5.15 234.94 1
5.16 237.24 1
5.17 229.8 1
5.18 213.1 1
5.19 213.98 1
5.2 213.56 1
5.21 213.55 1
5.22 214.12 1
5.23 211.52 1
5.24 220.07 1
5.25 218.5 1
5.26 224.4 1
5.27 224.46 1
5.28 225.24 1
5.29 226.98 1
5.3 221.53 1
5.31 218.41 1
5.32 213.6 1
5.33 210.41 1
5.34 211.39 1
5.35 213.34 1
5.36 216.26 1
5.37 221.19 1
5.38 222.87 1
5.39 231.08 1
5.4 235.01 1
5.41 238.15 1
5.42 242.06 1
5.43 241.34 1
5.44 244.81 1
5.45 244.06 1
5.46 244.17 1
5.47 219.94 1
5.48 237.74 1
5.49 242.66 1
5.5 230.99 1
5.51 227.92 1
5.52 119.3 1
5.53 98.32 1
5.54 95.98 1
5.55 99.66 1
5.56 95.98 1
5.57 98.33 1
5.58 96.82 1
5.59 98.11 1
5.6 97.25 1
5.61 96.61 1
