0.01 385.23 1
0.02 387.53 1
0.03 385.07 1
0.04 388.01 1
0.05 400.46 1
0.06 418.16 1
0.07 434.84 1
0.08 457.17 1
0.09 478.53 1
0.1 488.6 1
0.11 501.63 1
0.12 503.01 1
0.13 507.14 1
0.14 502.85 1
0.15 500.4 1
0.16 496.53 1
0.17 482.55 1
0.18 474.9 1
0.19 461.72 1
0.2 443.25 1
0.21 447.72 1
0.22 492.78 1
0.23 491.69 1
0.24 540.59 1
0.25 459.98 1
0.26 470.75 1
0.27 474.19 1
0.28 481.93 1
0.29 481.69 1
0.3 478.99 1
0.31 478.76 1
0.32 479.58 1
0.33 481.36 1
0.34 484.67 1
0.35 490.41 1
0.36 493.09 1
0.37 493.78 1
0.38 494.14 1
0.39 491.69 1
0.4 485.96 1
0.41 485.72 1
0.42 476.76 1
0.43 443.24 1
0.44 434.5 1
0.45 443.25 1
0.46 404.47 1
0.47 410.26 1
0.48 406.75 1
0.49 399.17 1
0.5 371.3 1
0.51 374.63 1
0.52 399.05 1
0.53 371.81 1
0.54 382.04 1
0.55 394.6 1
0.56 408.64 1
0.57 422.6 1
0.58 455.29 1
0.59 448.06 1
0.6 431.6 1
0.61 505.51 1
0.62 518.11 1
0.63 510.32 1
0.64 494.09 1
0.65 456.94 1
0.66 474.6 1
0.67 478.01 1
0.68 478.42 1
0.69 472.68 1
0.7 468.22 1
0.71 471.93 1
0.72 475.31 1
0.73 476.75 1
0.74 476.52 1
0.75 476.69 1
0.76 478.49 1
0.77 481.22 1
0.78 487.16 1
0.79 494.86 1
0.8 497.38 1
0.81 497.48 1
0.82 492.85 1
0.83 489.95 1
0.84 480.82 1
0.85 459.38 1
0.86 431.24 1
0.87 487.18 1
0.88 466.69 1
0.89 426.04 1
0.9 420.94 1
0.91 415.75 1
0.92 425.98 1
0.93 430.45 1
0.94 436.59 1
0.95 426.66 1
0.96 439.3 1
0.97 439.91 1
0.98 439.54 1
0.99 437.74 1
1.0 437.97 1
1.01 435.32 1
1.02 426.27 1
1.03 426.22 1
1.04 379.81 1
1.05 418.18 1
1.06 438.59 1
1.07 422.73 1
1.08 455.65 1
1.09 426.11 1
1.1 395.44 1
1.11 378.53 1
1.12 371.88 1
1.13 413.57 1
1.14 406.82 1
1.15 408.85 1
1.16 410.14 1
1.17 383.84 1
1.18 381.34 1
1.19 387.66 1
1.2 378.86 1
1.21 388.17 1
1.22 381.5 1
1.23 385.0 1
1.24 383.6 1
1.25 382.97 1
1.26 378.58 1
1.27 375.93 1
1.28 374.89 1
1.29 372.22 1
1.3 380.74 1
1.31 380.36 1
1.32 391.89 1
1.33 391.64 1
1.34 388.3 1
1.35 391.87 1
1.36 395.36 1
1.37 398.33 1
1.38 398.38 1
1.39 397.2 1
1.4 394.61 1
1.41 393.6 1
1.42 395.3 1
1.43 396.62 1
1.44 396.63 1
1.45 397.12 1
1.46 395.72 1
1.47 391.67 1
1.48 391.43 1
1.49 387.99 1
1.5 362.64 1
1.51 358.65 1
1.52 391.03 1
1.53 396.27 1
1.54 396.08 1
1.55 399.02 1
1.56 408.58 1
1.57 414.09 1
1.58 426.1 1
1.59 428.89 1
1.6 435.43 1
1.61 436.36 1
1.62 438.56 1
1.63 447.49 1
1.64 438.81 1
1.65 434.51 1
1.66 434.5 1
1.67 412.72 1
1.68 366.4 1
1.69 393.7 1
1.7 442.29 1
1.71 188.31 1
1.72 189.94 1
1.73 193.49 1
1.74 196.37 1
1.75 195.19 1
1.76 184.16 1
1.77 188.85 1
1.78 190.48 1
1.79 188.3 1
1.8 192.95 1
1.81 193.81 1
1.82 194.82 1
1.83 196.15 1
1.84 197.6 1
1.85 198.13 1
1.86 196.62 1
1.87 196.28 1
1.88 196.47 1
1.89 195.66 1
1.9 198.17 1
1.91 192.07 1
1.92 183.05 1
1.93 181.73 1
1.94 192.63 1
1.95 193.84 1
1.96 197.31 1
1.97 195.85 1
1.98 194.68 1
1.99 180.51 1
2.0 184.05 1
2.01 185.66 1
2.02 196.13 1
2.03 190.48 1
2.04 192.91 1
2.05 193.92 1
2.06 197.04 1
2.07 200.53 1
2.08 203.7 1
2.09 200.01 1
2.1 203.7 1
2.11 201.48 1
2.12 185.49 1
2.13 205.6 1
2.14 199.27 1
2.15 208.99 1
2.16 0.0 1
2.17 0.0 1
2.18 0.0 1
2.19 0.0 1
2.2 0.0 1
2.21 0.0 1
2.22 299.97 1
2.23 299.38 1
2.24 311.07 1
2.25 320.42 1
2.26 323.77 1
2.27 328.19 1
2.28 335.35 1
2.29 335.48 1
2.3 336.43 1
2.31 323.22 1
2.32 329.67 1
2.33 0.0 1
2.34 0.0 1
2.35 0.0 1
2.36 0.0 1
2.37 0.0 1
2.38 0.0 1
2.39 301.75 1
2.4 298.14 1
2.41 298.75 1
2.42 296.99 1
2.43 293.2 1
2.44 298.99 1
2.45 297.19 1
2.46 295.32 1
2.47 300.7 1
2.48 293.52 1
2.49 297.11 1
2.5 291.47 1
2.51 296.15 1
2.52 293.19 1
2.53 291.1 1
2.54 287.34 1
2.55 283.78 1
2.56 281.79 1
2.57 291.16 1
2.58 285.52 1
2.59 293.48 1
2.6 286.72 1
2.61 285.41 1
2.62 281.66 1
2.63 279.81 1
2.64 281.58 1
2.65 287.2 1
2.66 293.17 1
2.67 287.32 1
2.68 222.67 1
2.69 191.46 1
2.7 192.9 1
2.71 193.77 1
2.72 195.46 1
2.73 194.38 1
2.74 191.34 1
2.75 188.53 1
2.76 181.53 1
2.77 181.28 1
2.78 174.3 1
2.79 179.6 1
2.8 180.3 1
2.81 178.23 1
2.82 183.21 1
2.83 187.98 1
2.84 193.16 1
2.85 198.32 1
2.86 199.18 1
2.87 202.26 1
2.88 202.94 1
2.89 199.26 1
2.9 197.03 1
2.91 195.57 1
2.92 193.75 1
2.93 184.91 1
2.94 171.56 1
2.95 184.86 1
2.96 86.05 1
2.97 188.5 1
2.98 189.68 1
2.99 194.68 1
3.0 193.92 1
3.01 189.75 1
3.02 196.03 1
3.03 192.98 1
3.04 193.56 1
3.05 195.53 1
3.06 194.93 1
3.07 197.24 1
3.08 196.39 1
3.09 196.43 1
3.1 195.73 1
3.11 195.93 1
3.12 196.7 1
3.13 197.29 1
3.14 197.46 1
3.15 196.91 1
3.16 197.29 1
3.17 196.42 1
3.18 195.67 1
3.19 194.92 1
3.2 194.67 1
3.21 191.78 1
3.22 189.67 1
3.23 186.97 1
3.24 191.34 1
3.25 188.14 1
3.26 182.5 1
3.27 374.96 1
3.28 375.81 1
3.29 387.86 1
3.3 392.75 1
3.31 396.19 1
3.32 391.97 1
3.33 422.05 1
3.34 403.85 1
3.35 402.98 1
3.36 396.82 1
3.37 403.08 1
3.38 388.67 1
3.39 402.61 1
3.4 399.67 1
3.41 273.74 1
3.42 287.05 1
3.43 294.0 1
3.44 294.45 1
3.45 303.86 1
3.46 313.86 1
3.47 320.68 1
3.48 326.85 1
3.49 326.7 1
3.5 326.32 1
3.51 325.53 1
3.52 323.0 1
3.53 316.08 1
3.54 309.75 1
3.55 303.74 1
3.56 298.77 1
3.57 292.89 1
3.58 291.3 1
3.59 286.61 1
3.6 288.09 1
3.61 287.87 1
3.62 284.42 1
3.63 293.04 1
3.64 0.0 1
3.65 291.11 1
3.66 286.05 1
3.67 287.91 1
3.68 0.0 1
3.69 0.0 1
3.7 0.0 1
3.71 0.0 1
3.72 0.0 1
3.73 0.0 1
3.74 0.0 1
3.75 0.0 1
3.76 0.0 1
3.77 0.0 1
3.78 0.0 1
3.79 0.0 1
3.8 0.0 1
3.81 0.0 1
3.82 0.0 1
3.83 0.0 1
3.84 0.0 1
3.85 0.0 1
3.86 0.0 1
3.87 0.0 1
3.88 0.0 1
3.89 0.0 1
3.9 0.0 1
3.91 294.06 1
3.92 295.85 1
3.93 289.28 1
3.94 291.09 1
3.95 293.91 1
3.96 297.06 1
3.97 0.0 1
3.98 0.0 1
3.99 0.0 1
4.0 0.0 1
4.01 0.0 1
4.02 0.0 1
4.03 401.91 1
4.04 405.99 1
4.05 409.64 1
4.06 405.21 1
4.07 404.23 1
4.08 399.11 1
4.09 375.24 1
4.1 367.46 1
4.11 352.88 1
4.12 338.66 1
4.13 373.24 1
4.14 373.0 1
4.15 440.73 1
4.16 365.19 1
4.17 357.78 1
4.18 376.91 1
4.19 390.33 1
4.2 405.33 1
4.21 416.63 1
4.22 415.67 1
4.23 405.14 1
4.24 381.82 1
4.25 372.54 1
4.26 377.5 1
4.27 450.1 1
4.28 457.01 1
4.29 356.35 1
4.3 346.27 1
4.31 330.0 1
4.32 320.52 1
4.33 320.69 1
4.34 324.43 1
4.35 327.87 1
4.36 329.95 1
4.37 331.69 1
4.38 329.92 1
4.39 327.86 1
4.4 327.53 1
4.41 326.09 1
4.42 323.88 1
4.43 307.4 1
4.44 0.0 1
4.45 0.0 1
4.46 0.0 1
4.47 0.0 1
4.48 0.0 1
4.49 0.0 1
4.5 0.0 1
4.51 0.0 1
4.52 0.0 1
4.53 0.0 1
4.54 288.48 1
4.55 293.68 1
4.56 293.16 1
4.57 291.18 1
4.58 294.36 1
4.59 294.99 1
4.6 294.77 1
4.61 291.27 1
4.62 293.12 1
4.63 294.89 1
4.64 293.12 1
4.65 294.65 1
4.66 293.09 1
4.67 293.01 1
4.68 291.15 1
4.69 291.16 1
4.7 290.65 1
4.71 288.03 1
4.72 284.64 1
4.73 278.5 1
4.74 271.19 1
4.75 252.32 1
4.76 245.54 1
4.77 225.6 1
4.78 226.32 1
4.79 229.13 1
4.8 227.81 1
4.81 247.02 1
4.82 253.27 1
4.83 264.91 1
4.84 272.85 1
4.85 282.12 1
4.86 291.11 1
4.87 289.21 1
4.88 291.1 1
4.89 286.35 1
4.9 290.91 1
4.91 289.09 1
4.92 283.04 1
4.93 296.94 1
4.94 278.23 1
4.95 266.97 1
4.96 272.39 1
4.97 0.0 1
4.98 0.0 1
4.99 0.0 1
5.0 0.0 1
5.01 0.0 1
5.02 0.0 1
5.03 0.0 1
5.04 0.0 1
5.05 0.0 1
5.06 0.0 1
5.07 278.85 1
5.08 283.64 1
5.09 261.42 1
5.1 260.71 1
5.11 263.31 1
5.12 281.47 1
5.13 253.18 1
5.14 278.53 1
5.15 284.57 1
5.16 229.16 1
5.17 272.28 1
5.18 253.89 1
5.19 245.67 1
5.2 241.67 1
5.21 242.07 1
5.22 241.15 1
5.23 242.91 1
5.24 241.21 1
5.25 241.63 1
5.26 238.45 1
5.27 237.72 1
5.28 236.85 1
5.29 237.22 1
5.3 236.49 1
5.31 238.68 1
5.32 235.25 1
5.33 231.51 1
5.34 229.39 1
5.35 233.99 1
5.36 238.19 1
5.37 236.04 1
5.38 232.33 1
5.39 222.34 1
5.4 212.53 1
5.41 204.84 1
5.42 200.91 1
5.43 197.39 1
5.44 202.66 1
5.45 206.5 1
5.46 211.95 1
5.47 218.08 1
5.48 225.58 1
5.49 238.41 1
5.5 225.24 1
5.51 206.55 1
5.52 209.85 1
5.53 199.63 1
5.54 203.44 1
5.55 203.36 1
5.56 221.19 1
5.57 196.3 1
5.58 198.18 1
5.59 196.2 1
5.6 193.11 1
5.61 191.86 1
5.62 188.06 1
5.63 188.51 1
5.64 191.17 1
5.65 192.65 1
5.66 193.4 1
5.67 194.29 1
5.68 195.26 1
5.69 194.13 1
5.7 194.58 1
5.71 195.28 1
5.72 194.73 1
5.73 194.78 1
5.74 195.48 1
5.75 195.78 1
5.76 195.57 1
5.77 193.77 1
5.78 196.07 1
5.79 196.2 1
5.8 192.99 1
5.81 195.56 1
5.82 197.26 1
5.83 201.5 1
5.84 205.0 1
5.85 208.09 1
5.86 214.25 1
5.87 221.06 1
5.88 235.23 1
5.89 245.7 1
5.9 247.06 1
5.91 0.0 1
5.92 0.0 1
5.93 0.0 1
5.94 0.0 1
5.95 0.0 1
5.96 0.0 1
5.97 0.0 1
5.98 0.0 1
5.99 0.0 1
6.0 0.0 1
6.01 0.0 1
6.02 0.0 1
6.03 0.0 1
6.04 0.0 1
6.05 0.0 1
6.06 0.0 1
6.07 201.12 1
6.08 199.4 1
6.09 198.2 1
6.1 195.14 1
6.11 197.81 1
6.12 196.38 1
6.13 194.35 1
6.14 195.17 1
6.15 199.1 1
6.16 196.47 1
6.17 198.65 1
6.18 196.44 1
6.19 196.98 1
6.2 196.44 1
6.21 197.05 1
6.22 197.27 1
6.23 196.09 1
6.24 252.98 1
6.25 244.31 1
6.26 240.31 1
6.27 238.99 1
6.28 235.18 1
6.29 234.07 1
6.3 233.96 1
6.31 237.25 1
6.32 237.73 1
6.33 238.82 1
6.34 239.74 1
6.35 239.9 1
6.36 239.9 1
6.37 239.97 1
6.38 231.57 1
6.39 242.8 1
6.4 242.97 1
6.41 242.95 1
6.42 239.37 1
6.43 242.3 1
6.44 237.71 1
6.45 229.15 1
6.46 229.09 1
6.47 230.3 1
6.48 234.74 1
6.49 246.8 1
6.5 260.27 1
6.51 284.5 1
6.52 309.0 1
6.53 317.97 1
6.54 320.61 1
6.55 338.03 1
6.56 335.71 1
6.57 309.66 1
6.58 312.23 1
6.59 258.65 1
6.6 251.26 1
6.61 301.09 1
6.62 291.13 1
6.63 285.85 1
6.64 285.39 1
6.65 276.47 1
6.66 286.5 1
6.67 274.69 1
6.68 276.39 1
6.69 278.2 1
6.7 278.25 1
6.71 282.12 1
6.72 286.13 1
6.73 285.41 1
6.74 286.8 1
6.75 290.69 1
6.76 289.8 1
6.77 291.1 1
6.78 291.1 1
6.79 289.12 1
6.8 287.64 1
6.81 288.27 1
6.82 287.3 1
6.83 289.33 1
6.84 289.89 1
6.85 291.22 1
6.86 288.63 1
6.87 287.96 1
6.88 283.24 1
6.89 281.73 1
6.9 279.63 1
6.91 279.64 1
6.92 282.83 1
6.93 288.76 1
6.94 291.13 1
6.95 292.42 1
6.96 331.85 1
6.97 348.94 1
6.98 363.47 1
6.99 388.54 1
7.0 397.18 1
7.01 383.22 1
7.02 388.39 1
7.03 399.15 1
7.04 378.52 1
7.05 370.83 1
7.06 352.25 1
7.07 338.01 1
7.08 329.69 1
7.09 329.85 1
7.1 334.86 1
7.11 329.13 1
7.12 335.68 1
7.13 343.58 1
7.14 357.54 1
7.15 371.56 1
7.16 379.04 1
7.17 385.04 1
7.18 382.4 1
