0.01 273.43 1
0.02 282.6 1
0.03 288.81 1
0.04 281.64 1
0.05 283.54 1
0.06 283.95 1
0.07 284.59 1
0.08 285.5 1
0.09 285.74 1
0.1 285.78 1
0.11 285.23 1
0.12 285.15 1
0.13 283.94 1
0.14 282.03 1
0.15 282.26 1
0.16 282.06 1
0.17 282.28 1
0.18 282.58 1
0.19 284.04 1
0.2 285.49 1
0.21 287.13 1
0.22 289.84 1
0.23 289.73 1
0.24 290.15 1
0.25 291.13 1
0.26 291.13 1
0.27 291.14 1
0.28 293.04 1
0.29 290.72 1
0.3 289.47 1
0.31 287.14 1
0.32 287.1 1
0.33 286.42 1
0.34 286.22 1
0.35 286.46 1
0.36 286.14 1
0.37 287.0 1
0.38 286.83 1
0.39 287.73 1
0.4 286.8 1
0.41 286.49 1
0.42 285.37 1
0.43 286.68 1
0.44 286.78 1
0.45 286.54 1
0.46 286.23 1
0.47 286.05 1
0.48 287.19 1
0.49 287.69 1
0.5 288.69 1
0.51 290.04 1
0.52 290.77 1
0.53 291.13 1
0.54 292.7 1
0.55 293.03 1
0.56 293.08 1
0.57 293.05 1
0.58 291.15 1
0.59 292.4 1
0.6 291.09 1
0.61 291.04 1
0.62 290.51 1
0.63 289.44 1
0.64 289.39 1
0.65 290.16 1
0.66 289.7 1
0.67 290.89 1
0.68 290.75 1
0.69 290.79 1
0.7 291.09 1
0.71 290.99 1
0.72 291.09 1
0.73 292.13 1
0.74 292.56 1
0.75 291.13 1
0.76 293.02 1
0.77 291.13 1
0.78 291.09 1
0.79 289.91 1
0.8 288.56 1
0.81 287.39 1
0.82 287.5 1
0.83 287.77 1
0.84 287.99 1
0.85 286.46 1
0.86 285.67 1
0.87 284.45 1
0.88 284.71 1
0.89 288.85 1
0.9 288.16 1
0.91 287.35 1
0.92 286.7 1
0.93 285.73 1
0.94 283.88 1
0.95 280.01 1
0.96 283.64 1
0.97 281.82 1
0.98 284.26 1
0.99 283.71 1
1.0 284.02 1
1.01 282.72 1
1.02 285.37 1
1.03 286.0 1
1.04 286.72 1
1.05 287.3 1
1.06 289.31 1
1.07 291.09 1
1.08 291.25 1
1.09 295.05 1
1.1 295.08 1
1.11 293.19 1
1.12 291.26 1
1.13 291.15 1
1.14 290.33 1
1.15 290.67 1
1.16 290.64 1
1.17 291.66 1
1.18 291.1 1
1.19 288.05 1
1.2 284.7 1
1.21 282.83 1
1.22 278.31 1
1.23 277.4 1
1.24 270.51 1
1.25 273.03 1
1.26 274.64 1
1.27 274.24 1
1.28 284.28 1
1.29 292.55 1
1.3 307.33 1
1.31 321.97 1
1.32 348.68 1
1.33 371.92 1
1.34 392.81 1
1.35 408.4 1
1.36 417.23 1
1.37 394.93 1
1.38 394.89 1
1.39 387.88 1
1.4 385.12 1
1.41 387.77 1
1.42 385.42 1
1.43 377.9 1
1.44 369.93 1
1.45 361.82 1
1.46 356.48 1
1.47 348.75 1
1.48 344.14 1
1.49 337.88 1
1.5 326.16 1
1.51 327.42 1
1.52 315.35 1
1.53 313.73 1
1.54 311.46 1
1.55 309.63 1
1.56 316.02 1
1.57 315.91 1
1.58 322.8 1
1.59 324.43 1
1.6 336.42 1
1.61 343.35 1
1.62 351.4 1
1.63 363.33 1
1.64 377.37 1
1.65 388.49 1
1.66 392.2 1
1.67 399.02 1
1.68 404.48 1
1.69 401.97 1
1.7 398.23 1
1.71 398.82 1
1.72 389.75 1
1.73 381.58 1
1.74 367.55 1
1.75 352.34 1
1.76 363.75 1
1.77 378.05 1
1.78 376.69 1
1.79 384.17 1
1.8 391.97 1
1.81 401.12 1
1.82 405.52 1
1.83 383.92 1
1.84 377.68 1
1.85 368.43 1
1.86 351.45 1
1.87 345.92 1
1.88 361.14 1
1.89 384.45 1
1.9 377.66 1
1.91 340.37 1
1.92 380.43 1
1.93 385.85 1
1.94 365.67 1
1.95 410.92 1
1.96 408.82 1
1.97 404.21 1
1.98 395.34 1
1.99 395.02 1
2.0 395.41 1
2.01 396.76 1
2.02 394.7 1
2.03 395.13 1
2.04 397.2 1
2.05 397.18 1
2.06 395.55 1
2.07 393.4 1
2.08 392.24 1
2.09 392.02 1
2.1 391.15 1
2.11 392.38 1
2.12 391.41 1
2.13 390.99 1
2.14 390.48 1
2.15 390.63 1
2.16 391.36 1
2.17 392.41 1
2.18 392.45 1
2.19 392.02 1
2.2 390.98 1
2.21 388.77 1
2.22 385.79 1
2.23 386.48 1
2.24 388.37 1
2.25 384.46 1
2.26 0.0 1
2.27 0.0 1
2.28 0.0 1
2.29 385.19 1
2.3 385.57 1
2.31 383.21 1
2.32 0.0 1
2.33 0.0 1
2.34 0.0 1
2.35 0.0 1
2.36 0.0 1
2.37 301.03 1
2.38 292.81 1
2.39 285.9 1
2.4 280.0 1
2.41 281.71 1
2.42 277.41 1
2.43 276.45 1
2.44 274.28 1
2.45 278.14 1
2.46 278.14 1
2.47 278.2 1
2.48 279.94 1
2.49 279.95 1
2.5 279.99 1
2.51 280.69 1
2.52 282.01 1
2.53 282.66 1
2.54 286.76 1
2.55 290.09 1
2.56 291.18 1
2.57 293.16 1
2.58 302.21 1
2.59 304.07 1
2.6 311.64 1
2.61 325.24 1
2.62 326.95 1
2.63 331.04 1
2.64 339.44 1
2.65 342.97 1
2.66 346.17 1
2.67 359.14 1
2.68 371.95 1
2.69 381.42 1
2.7 388.17 1
2.71 385.12 1
2.72 383.69 1
2.73 391.94 1
2.74 393.17 1
2.75 396.53 1
2.76 398.36 1
2.77 397.84 1
2.78 397.13 1
2.79 398.37 1
2.8 398.02 1
2.81 399.28 1
2.82 387.94 1
2.83 380.67 1
2.84 375.33 1
2.85 389.88 1
2.86 383.31 1
2.87 398.34 1
2.88 388.4 1
2.89 383.17 1
2.9 392.21 1
2.91 395.29 1
2.92 395.81 1
2.93 396.26 1
2.94 400.22 1
2.95 404.5 1
2.96 405.27 1
2.97 404.25 1
2.98 403.61 1
2.99 399.88 1
3.0 398.25 1
3.01 393.96 1
3.02 394.84 1
3.03 388.56 1
3.04 383.88 1
3.05 377.34 1
3.06 375.17 1
3.07 372.0 1
3.08 375.07 1
3.09 374.88 1
3.1 374.84 1
3.11 381.38 1
3.12 384.73 1
3.13 387.14 1
3.14 396.65 1
3.15 406.38 1
3.16 412.92 1
3.17 404.33 1
3.18 386.86 1
3.19 395.32 1
3.2 406.53 1
3.21 403.8 1
3.22 424.65 1
3.23 410.22 1
3.24 400.16 1
3.25 392.7 1
3.26 388.3 1
3.27 384.84 1
3.28 370.61 1
3.29 362.88 1
3.3 355.9 1
3.31 355.43 1
3.32 349.48 1
3.33 341.09 1
3.34 338.79 1
3.35 335.42 1
3.36 331.37 1
3.37 328.05 1
3.38 327.34 1
3.39 322.92 1
3.4 323.18 1
3.41 320.63 1
3.42 316.35 1
3.43 316.75 1
3.44 316.17 1
3.45 316.13 1
3.46 316.02 1
3.47 320.48 1
3.48 315.92 1
3.49 318.36 1
3.5 320.95 1
3.51 323.06 1
3.52 325.88 1
3.53 329.12 1
3.54 333.74 1
3.55 335.33 1
3.56 340.56 1
3.57 338.28 1
3.58 332.42 1
3.59 0.0 1
3.6 0.0 1
3.61 0.0 1
3.62 0.0 1
3.63 0.0 1
3.64 0.0 1
3.65 0.0 1
3.66 0.0 1
3.67 0.0 1
3.68 0.0 1
3.69 0.0 1
3.7 285.7 1
3.71 297.81 1
3.72 295.62 1
3.73 294.25 1
3.74 293.09 1
3.75 295.0 1
3.76 294.99 1
3.77 296.15 1
3.78 295.04 1
3.79 296.86 1
3.8 296.96 1
3.81 295.06 1
3.82 296.96 1
3.83 296.41 1
3.84 295.05 1
3.85 293.13 1
3.86 293.11 1
3.87 295.0 1
3.88 295.01 1
3.89 295.01 1
3.9 294.99 1
3.91 293.1 1
3.92 293.09 1
3.93 293.1 1
3.94 295.0 1
3.95 295.0 1
3.96 295.03 1
3.97 295.03 1
3.98 295.03 1
3.99 295.02 1
4.0 293.11 1
4.01 294.99 1
4.02 294.99 1
4.03 291.15 1
4.04 291.15 1
4.05 294.98 1
4.06 291.11 1
4.07 289.21 1
4.08 287.27 1
4.09 288.8 1
4.1 289.46 1
4.11 290.7 1
4.12 291.39 1
4.13 296.4 1
4.14 294.2 1
4.15 293.04 1
4.16 295.01 1
4.17 296.49 1
4.18 296.98 1
4.19 295.08 1
4.2 297.0 1
4.21 295.06 1
4.22 295.06 1
4.23 293.14 1
4.24 293.14 1
4.25 291.24 1
4.26 291.22 1
4.27 291.21 1
4.28 292.81 1
4.29 290.61 1
4.3 290.04 1
4.31 287.29 1
4.32 284.81 1
4.33 278.17 1
4.34 271.96 1
4.35 266.37 1
4.36 247.96 1
4.37 234.16 1
4.38 227.92 1
4.39 223.18 1
4.4 222.34 1
4.41 229.14 1
4.42 237.83 1
4.43 254.69 1
4.44 266.8 1
4.45 281.85 1
4.46 292.06 1
4.47 295.04 1
4.48 299.03 1
4.49 303.18 1
4.5 296.98 1
4.51 291.09 1
4.52 273.13 1
4.53 273.06 1
4.54 266.64 1
4.55 215.64 1
4.56 225.58 1
4.57 223.3 1
4.58 242.97 1
4.59 245.97 1
4.6 244.32 1
4.61 233.95 1
4.62 231.58 1
4.63 232.79 1
4.64 233.39 1
4.65 233.07 1
4.66 230.93 1
4.67 231.54 1
4.68 230.33 1
4.69 232.78 1
4.7 231.54 1
4.71 235.01 1
4.72 235.85 1
4.73 235.23 1
4.74 236.78 1
4.75 237.79 1
4.76 238.56 1
4.77 239.27 1
4.78 240.37 1
4.79 240.02 1
4.8 242.92 1
4.81 241.82 1
4.82 241.75 1
4.83 242.18 1
4.84 242.2 1
4.85 242.14 1
4.86 241.7 1
4.87 241.0 1
4.88 241.08 1
4.89 240.99 1
4.9 241.17 1
4.91 241.82 1
4.92 244.68 1
4.93 246.63 1
4.94 247.33 1
4.95 243.82 1
4.96 248.43 1
4.97 244.18 1
4.98 252.7 1
4.99 260.2 1
5.0 254.17 1
5.01 249.85 1
5.02 257.17 1
5.03 252.95 1
5.04 247.4 1
5.05 238.75 1
5.06 236.11 1
5.07 232.92 1
5.08 229.09 1
5.09 229.06 1
5.1 231.03 1
5.11 230.3 1
5.12 232.73 1
5.13 239.63 1
5.14 244.74 1
5.15 244.97 1
5.16 253.27 1
5.17 257.18 1
5.18 257.19 1
5.19 257.19 1
5.2 257.64 1
5.21 253.43 1
5.22 248.05 1
5.23 242.96 1
5.24 236.97 1
5.25 233.36 1
5.26 229.13 1
5.27 228.59 1
5.28 226.22 1
5.29 224.91 1
5.3 224.68 1
5.31 225.22 1
5.32 223.3 1
5.33 221.76 1
5.34 221.91 1
5.35 219.63 1
5.36 216.12 1
5.37 218.35 1
5.38 219.39 1
5.39 209.5 1
5.4 207.31 1
5.41 221.61 1
5.42 209.8 1
5.43 210.49 1
5.44 204.66 1
5.45 203.83 1
5.46 210.5 1
5.47 227.29 1
5.48 237.58 1
5.49 246.27 1
5.5 249.56 1
5.51 248.14 1
5.52 248.76 1
5.53 248.58 1
5.54 248.37 1
5.55 248.81 1
5.56 248.07 1
5.57 248.2 1
5.58 248.45 1
5.59 247.91 1
5.6 247.22 1
5.61 246.45 1
5.62 244.96 1
5.63 245.24 1
5.64 245.21 1
5.65 245.41 1
5.66 244.68 1
5.67 243.94 1
5.68 243.0 1
5.69 242.55 1
5.7 242.97 1
5.71 242.57 1
5.72 242.98 1
5.73 242.98 1
5.74 241.64 1
5.75 242.07 1
5.76 241.63 1
5.77 241.64 1
5.78 241.3 1
5.79 241.64 1
5.8 241.12 1
5.81 241.63 1
5.82 241.2 1
5.83 241.63 1
5.84 241.64 1
5.85 241.84 1
5.86 242.38 1
5.87 243.26 1
5.88 243.58 1
5.89 243.74 1
5.9 244.53 1
5.91 245.25 1
5.92 244.81 1
5.93 244.89 1
5.94 244.78 1
5.95 245.25 1
5.96 245.3 1
5.97 245.23 1
5.98 244.94 1
5.99 245.2 1
6.0 245.05 1
6.01 245.4 1
6.02 245.29 1
6.03 243.5 1
6.04 244.15 1
6.05 243.72 1
6.06 243.77 1
6.07 243.13 1
6.08 244.29 1
6.09 243.61 1
6.1 243.73 1
6.11 243.69 1
6.12 243.98 1
6.13 245.05 1
6.14 244.31 1
6.15 243.44 1
6.16 243.81 1
6.17 243.98 1
6.18 244.14 1
6.19 244.11 1
6.2 245.05 1
6.21 244.56 1
6.22 244.78 1
6.23 244.21 1
6.24 244.35 1
6.25 243.94 1
6.26 242.26 1
6.27 237.76 1
6.28 243.21 1
6.29 245.35 1
6.3 245.02 1
6.31 244.41 1
6.32 243.21 1
6.33 243.49 1
6.34 242.95 1
6.35 244.54 1
6.36 245.16 1
6.37 248.44 1
6.38 250.32 1
6.39 244.28 1
6.4 244.31 1
6.41 242.55 1
6.42 244.93 1
6.43 244.75 1
6.44 245.54 1
6.45 245.51 1
6.46 245.53 1
6.47 245.07 1
6.48 244.89 1
6.49 244.61 1
6.5 244.68 1
6.51 243.41 1
6.52 242.65 1
6.53 241.64 1
6.54 241.63 1
6.55 241.21 1
6.56 240.98 1
6.57 240.45 1
6.58 241.61 1
6.59 241.4 1
6.6 241.72 1
6.61 241.65 1
6.62 242.94 1
6.63 242.96 1
6.64 242.39 1
6.65 242.97 1
6.66 242.9 1
6.67 243.9 1
6.68 245.34 1
6.69 247.69 1
6.7 248.17 1
6.71 250.08 1
6.72 250.1 1
6.73 249.62 1
6.74 248.63 1
6.75 246.74 1
6.76 244.73 1
6.77 241.96 1
6.78 241.58 1
6.79 237.7 1
6.8 231.84 1
6.81 225.71 1
6.82 225.35 1
6.83 230.29 1
6.84 231.65 1
6.85 241.62 1
6.86 247.89 1
6.87 257.18 1
6.88 260.22 1
6.89 274.43 1
6.9 278.89 1
6.91 282.9 1
6.92 284.86 1
6.93 286.78 1
6.94 286.47 1
6.95 287.94 1
6.96 287.09 1
6.97 286.09 1
6.98 289.59 1
6.99 291.45 1
7.0 292.86 1
7.01 293.05 1
7.02 293.53 1
7.03 292.98 1
7.04 291.19 1
7.05 288.04 1
7.06 285.34 1
7.07 278.05 1
7.08 271.32 1
7.09 263.31 1
7.1 254.24 1
7.11 251.16 1
7.12 247.01 1
7.13 240.37 1
7.14 240.83 1
7.15 239.32 1
7.16 237.47 1
7.17 230.33 1
7.18 229.16 1
7.19 99.65 1
7.2 97.76 1
7.21 96.61 1
7.22 97.46 1
7.23 98.21 1
7.24 99.2 1
7.25 97.89 1
7.26 97.06 1
7.27 97.36 1
7.28 0.0 1
7.29 283.61 1
7.3 287.32 1
7.31 289.8 1
7.32 289.9 1
7.33 290.07 1
7.34 291.12 1
7.35 293.97 1
7.36 294.78 1
7.37 293.58 1
7.38 293.03 1
7.39 292.84 1
7.4 293.04 1
7.41 294.16 1
7.42 294.23 1
7.43 293.06 1
7.44 293.36 1
7.45 291.15 1
7.46 292.82 1
7.47 291.14 1
7.48 291.16 1
7.49 291.15 1
7.5 291.13 1
7.51 291.13 1
7.52 291.14 1
7.53 291.15 1
7.54 293.17 1
7.55 293.03 1
7.56 293.04 1
7.57 293.03 1
7.58 293.78 1
7.59 294.22 1
7.6 294.29 1
7.61 293.09 1
7.62 294.64 1
7.63 293.11 1
7.64 294.8 1
7.65 294.69 1
7.66 294.31 1
7.67 293.85 1
7.68 292.46 1
7.69 292.66 1
7.7 292.09 1
7.71 292.42 1
7.72 292.04 1
7.73 292.45 1
7.74 291.13 1
7.75 292.33 1
7.76 292.55 1
7.77 292.47 1
7.78 291.14 1
7.79 292.47 1
7.8 292.38 1
7.81 292.23 1
7.82 292.89 1
7.83 291.16 1
7.84 292.99 1
7.85 292.63 1
7.86 291.13 1
7.87 293.03 1
7.88 292.56 1
7.89 291.15 1
7.9 291.17 1
7.91 292.89 1
7.92 291.17 1
7.93 291.16 1
7.94 291.13 1
7.95 291.14 1
7.96 291.16 1
7.97 291.13 1
7.98 291.82 1
7.99 291.71 1
8.0 291.09 1
8.01 290.9 1
8.02 290.85 1
8.03 291.05 1
8.04 289.37 1
8.05 286.27 1
8.06 285.46 1
8.07 289.74 1
8.08 287.31 1
8.09 290.15 1
8.1 287.2 1
8.11 283.62 1
8.12 291.11 1
8.13 294.79 1
8.14 293.0 1
8.15 289.04 1
8.16 292.36 1
8.17 290.44 1
8.18 290.25 1
8.19 290.38 1
8.2 290.97 1
8.21 291.31 1
8.22 291.41 1
8.23 290.49 1
8.24 289.79 1
8.25 289.63 1
8.26 290.31 1
8.27 289.84 1
8.28 289.8 1
8.29 290.54 1
8.3 290.52 1
8.31 291.1 1
8.32 292.09 1
8.33 291.94 1
8.34 291.88 1
8.35 291.5 1
8.36 292.18 1
8.37 291.6 1
8.38 289.93 1
8.39 286.82 1
8.4 285.36 1
8.41 281.04 1
8.42 276.01 1
8.43 272.9 1
8.44 262.36 1
8.45 257.18 1
8.46 250.91 1
8.47 247.95 1
8.48 243.08 1
8.49 244.19 1
8.5 238.99 1
8.51 236.58 1
8.52 235.27 1
8.53 225.59 1
8.54 232.79 1
8.55 213.55 1
8.56 216.18 1
8.57 225.44 1
8.58 237.74 1
8.59 214.93 1
8.6 203.99 1
8.61 211.51 1
8.62 264.9 1
8.63 268.09 1
8.64 282.48 1
8.65 284.99 1
8.66 284.47 1
8.67 284.59 1
8.68 286.02 1
8.69 287.15 1
8.7 287.06 1
8.71 285.62 1
8.72 285.87 1
8.73 285.98 1
8.74 288.06 1
8.75 288.68 1
8.76 288.58 1
8.77 288.95 1
8.78 288.41 1
8.79 287.56 1
8.8 287.14 1
8.81 287.88 1
8.82 288.02 1
8.83 289.12 1
8.84 289.52 1
8.85 290.06 1
8.86 291.07 1
8.87 291.12 1
8.88 293.06 1
8.89 293.81 1
8.9 293.48 1
8.91 291.19 1
8.92 291.12 1
8.93 289.64 1
8.94 286.63 1
8.95 283.91 1
8.96 280.83 1
8.97 276.47 1
8.98 278.06 1
8.99 269.67 1
9.0 274.55 1
9.01 255.73 1
9.02 250.41 1
9.03 247.04 1
9.04 241.53 1
9.05 240.34 1
9.06 242.86 1
9.07 237.35 1
9.08 230.44 1
9.09 244.21 1
9.1 248.92 1
9.11 254.21 1
9.12 258.72 1
9.13 275.9 1
9.14 287.76 1
9.15 301.04 1
9.16 319.6 1
9.17 324.17 1
9.18 337.04 1
9.19 347.16 1
9.2 353.29 1
9.21 353.58 1
9.22 350.99 1
9.23 348.19 1
9.24 345.34 1
9.25 339.09 1
9.26 333.71 1
9.27 325.14 1
9.28 320.23 1
9.29 319.22 1
9.3 320.63 1
9.31 316.13 1
9.32 317.16 1
9.33 320.29 1
9.34 324.78 1
9.35 326.75 1
9.36 336.52 1
9.37 342.45 1
9.38 343.21 1
9.39 340.55 1
9.4 352.37 1
9.41 344.6 1
9.42 340.56 1
9.43 340.56 1
9.44 327.87 1
9.45 330.19 1
9.46 325.81 1
9.47 320.1 1
9.48 328.96 1
9.49 315.57 1
9.5 305.2 1
9.51 292.04 1
9.52 292.46 1
9.53 292.23 1
9.54 289.03 1
9.55 290.5 1
9.56 290.88 1
9.57 290.14 1
9.58 289.79 1
9.59 290.13 1
9.6 289.19 1
9.61 289.95 1
9.62 290.41 1
9.63 290.45 1
9.64 291.04 1
9.65 288.84 1
9.66 287.0 1
9.67 0.0 1
9.68 0.0 1
9.69 0.0 1
9.7 0.0 1
9.71 0.0 1
9.72 0.0 1
9.73 0.0 1
9.74 0.0 1
9.75 0.0 1
9.76 0.0 1
9.77 0.0 1
9.78 98.52 1
9.79 98.32 1
9.8 97.7 1
9.81 98.1 1
9.82 97.69 1
9.83 98.32 1
9.84 98.32 1
9.85 98.11 1
9.86 97.28 1
9.87 98.08 1
9.88 98.52 1
9.89 98.53 1
9.9 0.0 1
9.91 0.0 1
9.92 0.0 1
9.93 0.0 1
9.94 0.0 1
9.95 0.0 1
9.96 0.0 1
9.97 0.0 1
9.98 298.85 1
9.99 296.59 1
10.0 294.31 1
10.01 293.05 1
10.02 294.85 1
10.03 293.13 1
10.04 293.12 1
10.05 293.06 1
10.06 292.17 1
10.07 289.82 1
10.08 289.65 1
10.09 289.2 1
10.1 289.92 1
10.11 289.86 1
10.12 290.27 1
10.13 289.57 1
10.14 291.12 1
10.15 291.19 1
10.16 294.97 1
10.17 298.86 1
10.18 295.22 1
10.19 305.31 1
10.2 305.44 1
10.21 317.17 1
10.22 326.3 1
10.23 334.32 1
10.24 345.98 1
10.25 354.48 1
10.26 184.2 1
10.27 96.13 1
10.28 96.84 1
10.29 96.61 1
10.3 98.62 1
10.31 98.54 1
10.32 98.78 1
10.33 99.4 1
10.34 99.0 1
10.35 99.19 1
10.36 97.25 1
10.37 95.97 1
10.38 96.61 1
10.39 94.58 1
10.4 95.24 1
10.41 95.97 1
10.42 98.14 1
10.43 98.55 1
10.44 98.76 1
10.45 97.72 1
10.46 97.68 1
10.47 97.25 1
10.48 97.68 1
10.49 97.77 1
10.5 98.1 1
10.51 97.74 1
10.52 97.63 1
10.53 97.67 1
10.54 97.49 1
10.55 97.06 1
10.56 96.21 1
10.57 95.33 1
10.58 94.49 1
10.59 93.89 1
10.6 185.77 1
10.61 183.19 1
10.62 180.95 1
10.63 177.83 1
10.64 166.01 1
10.65 181.3 1
10.66 176.71 1
10.67 178.93 1
10.68 180.58 1
10.69 184.28 1
10.7 391.33 1
10.71 391.74 1
10.72 392.21 1
10.73 391.56 1
10.74 386.43 1
10.75 401.52 1
10.76 418.05 1
10.77 418.04 1
10.78 399.08 1
10.79 402.79 1
10.8 393.54 1
10.81 391.13 1
10.82 388.48 1
10.83 385.01 1
10.84 381.55 1
10.85 378.36 1
10.86 378.13 1
10.87 365.84 1
10.88 354.34 1
10.89 346.01 1
10.9 339.99 1
10.91 334.8 1
10.92 330.22 1
10.93 326.5 1
10.94 323.06 1
10.95 323.03 1
10.96 317.92 1
10.97 315.24 1
10.98 316.05 1
10.99 316.04 1
11.0 315.96 1
11.01 313.02 1
11.02 315.98 1
11.03 320.47 1
11.04 318.33 1
11.05 321.39 1
11.06 327.74 1
11.07 329.75 1
11.08 340.75 1
11.09 343.21 1
11.1 348.13 1
11.11 351.42 1
11.12 343.21 1
11.13 346.67 1
11.14 338.03 1
11.15 351.45 1
11.16 330.27 1
11.17 323.06 1
11.18 338.63 1
11.19 345.91 1
11.2 340.58 1
11.21 330.32 1
11.22 332.79 1
11.23 330.39 1
11.24 290.31 1
11.25 293.24 1
11.26 294.98 1
11.27 288.61 1
11.28 287.49 1
11.29 290.54 1
11.3 291.19 1
11.31 292.36 1
11.32 291.72 1
11.33 291.79 1
11.34 291.58 1
11.35 292.43 1
11.36 292.72 1
11.37 293.73 1
11.38 293.06 1
11.39 294.0 1
11.4 294.89 1
11.41 293.07 1
11.42 293.08 1
11.43 293.07 1
11.44 293.05 1
11.45 293.08 1
11.46 293.94 1
11.47 293.04 1
11.48 293.04 1
11.49 293.07 1
11.5 293.09 1
11.51 293.07 1
11.52 293.03 1
11.53 293.04 1
11.54 293.05 1
11.55 293.03 1
11.56 291.81 1
11.57 282.15 1
11.58 293.03 1
11.59 293.55 1
11.6 293.02 1
11.61 291.44 1
11.62 291.1 1
11.63 0.0 1
11.64 0.0 1
11.65 295.15 1
11.66 295.15 1
11.67 294.99 1
11.68 293.06 1
11.69 296.9 1
11.7 296.99 1
11.71 300.36 1
11.72 299.02 1
11.73 299.27 1
11.74 295.02 1
11.75 293.11 1
11.76 291.16 1
11.77 287.57 1
11.78 284.15 1
11.79 281.68 1
11.8 278.22 1
11.81 273.05 1
11.82 266.25 1
11.83 255.83 1
11.84 258.4 1
11.85 252.74 1
11.86 251.98 1
11.87 245.77 1
11.88 248.43 1
11.89 249.34 1
11.9 251.09 1
11.91 255.52 1
11.92 258.73 1
11.93 264.96 1
11.94 276.17 1
11.95 280.99 1
11.96 281.54 1
11.97 279.34 1
11.98 281.75 1
11.99 278.08 1
12.0 247.64 1
12.01 257.16 1
12.02 277.86 1
12.03 264.86 1
12.04 271.77 1
12.05 270.67 1
12.06 0.0 1
12.07 0.0 1
12.08 234.3 1
12.09 241.64 1
12.1 243.18 1
12.11 243.1 1
12.12 245.86 1
12.13 245.01 1
12.14 245.12 1
12.15 245.16 1
12.16 245.56 1
12.17 246.73 1
12.18 247.76 1
12.19 247.75 1
12.2 248.3 1
12.21 247.63 1
12.22 247.09 1
12.23 246.98 1
12.24 246.06 1
12.25 245.74 1
12.26 244.86 1
12.27 245.67 1
12.28 245.83 1
12.29 245.56 1
12.3 244.97 1
12.31 245.67 1
12.32 244.96 1
12.33 245.84 1
12.34 244.88 1
12.35 245.22 1
12.36 244.13 1
12.37 244.14 1
12.38 242.02 1
12.39 235.2 1
12.4 245.94 1
12.41 246.78 1
12.42 250.85 1
12.43 250.26 1
12.44 250.53 1
12.45 249.86 1
12.46 253.23 1
12.47 257.94 1
12.48 267.67 1
12.49 258.66 1
12.5 261.36 1
12.51 260.18 1
12.52 255.73 1
12.53 258.67 1
12.54 257.27 1
12.55 257.26 1
12.56 257.29 1
12.57 259.95 1
12.58 258.72 1
12.59 257.28 1
12.6 260.59 1
12.61 260.87 1
12.62 257.27 1
12.63 258.73 1
12.64 257.26 1
12.65 257.23 1
12.66 257.16 1
12.67 252.76 1
12.68 246.36 1
12.69 241.89 1
12.7 239.85 1
12.71 239.67 1
12.72 242.91 1
12.73 248.51 1
12.74 254.77 1
12.75 258.7 1
12.76 269.38 1
12.77 275.24 1
12.78 277.82 1
12.79 284.59 1
12.8 288.79 1
12.81 291.09 1
12.82 295.02 1
12.83 291.09 1
12.84 287.3 1
12.85 287.55 1
12.86 280.07 1
12.87 274.78 1
12.88 273.05 1
12.89 254.22 1
12.9 249.04 1
12.91 242.94 1
12.92 233.06 1
12.93 229.46 1
12.94 224.92 1
12.95 225.38 1
12.96 226.43 1
12.97 230.3 1
12.98 235.21 1
12.99 242.49 1
13.0 248.7 1
13.01 252.39 1
13.02 257.22 1
13.03 255.87 1
13.04 257.25 1
13.05 263.25 1
13.06 259.36 1
13.07 255.68 1
13.08 250.4 1
13.09 246.91 1
13.1 242.97 1
13.11 236.74 1
13.12 232.55 1
13.13 228.24 1
13.14 223.96 1
13.15 222.1 1
13.16 219.67 1
13.17 227.97 1
13.18 217.86 1
13.19 218.83 1
13.2 218.42 1
13.21 217.39 1
13.22 217.92 1
13.23 214.64 1
13.24 216.46 1
13.25 211.51 1
13.26 215.74 1
13.27 215.53 1
13.28 201.74 1
13.29 216.73 1
13.3 212.55 1
13.31 217.41 1
13.32 213.55 1
13.33 223.09 1
13.34 237.07 1
13.35 243.88 1
13.36 245.82 1
13.37 246.31 1
13.38 247.12 1
13.39 247.05 1
13.4 245.91 1
13.41 245.25 1
13.42 245.17 1
13.43 245.64 1
13.44 244.91 1
13.45 244.77 1
13.46 243.83 1
13.47 242.96 1
13.48 241.65 1
13.49 242.94 1
13.5 242.96 1
13.51 242.96 1
13.52 242.97 1
13.53 243.08 1
13.54 242.87 1
13.55 242.42 1
13.56 241.76 1
13.57 241.63 1
13.58 241.63 1
13.59 240.33 1
13.6 239.53 1
13.61 238.39 1
13.62 238.34 1
13.63 240.32 1
13.64 240.43 1
13.65 241.63 1
13.66 243.8 1
13.67 241.16 1
13.68 242.97 1
13.69 247.05 1
13.7 250.47 1
13.71 257.12 1
13.72 252.71 1
13.73 271.93 1
13.74 266.48 1
13.75 287.26 1
13.76 271.09 1
13.77 259.37 1
13.78 252.73 1
13.79 249.8 1
13.8 245.37 1
13.81 242.07 1
13.82 240.63 1
13.83 242.92 1
13.84 243.44 1
13.85 248.46 1
13.86 252.75 1
13.87 254.27 1
13.88 258.81 1
13.89 257.3 1
13.9 260.37 1
13.91 258.87 1
13.92 254.36 1
13.93 254.27 1
13.94 252.06 1
13.95 248.95 1
13.96 247.01 1
13.97 244.31 1
13.98 243.74 1
13.99 246.18 1
14.0 248.78 1
14.01 256.0 1
14.02 255.83 1
14.03 265.64 1
14.04 269.81 1
14.05 273.22 1
14.06 271.43 1
14.07 264.94 1
14.08 264.43 1
14.09 253.01 1
