0.01 378.42 1
0.02 380.57 1
0.03 381.44 1
0.04 388.45 1
0.05 391.84 1
0.06 390.2 1
0.07 391.83 1
0.08 389.18 1
0.09 389.33 1
0.1 390.04 1
0.11 389.84 1
0.12 390.53 1
0.13 393.99 1
0.14 393.42 1
0.15 394.07 1
0.16 395.98 1
0.17 395.36 1
0.18 393.78 1
0.19 394.45 1
0.2 394.66 1
0.21 393.57 1
0.22 393.29 1
0.23 393.1 1
0.24 393.18 1
0.25 393.38 1
0.26 392.84 1
0.27 393.1 1
0.28 392.37 1
0.29 391.33 1
0.3 390.68 1
0.31 390.19 1
0.32 390.63 1
0.33 390.73 1
0.34 390.66 1
0.35 390.21 1
0.36 390.55 1
0.37 390.98 1
0.38 391.96 1
0.39 392.78 1
0.4 393.3 1
0.41 393.14 1
0.42 392.26 1
0.43 391.31 1
0.44 390.47 1
0.45 382.29 1
0.46 392.13 1
0.47 391.03 1
0.48 390.5 1
0.49 196.28 1
0.5 198.12 1
0.51 196.41 1
0.52 199.03 1
0.53 150.4 1
0.54 149.93 1
0.55 151.8 1
0.56 151.79 1
0.57 148.97 1
0.58 148.39 1
0.59 146.77 1
0.6 148.59 1
0.61 146.76 1
0.62 148.53 1
0.63 146.28 1
0.64 148.69 1
0.65 146.76 1
0.66 148.87 1
0.67 147.25 1
0.68 149.12 1
0.69 147.25 1
0.7 147.25 1
0.71 146.76 1
0.72 147.84 1
0.73 145.31 1
0.74 215.26 1
0.75 220.82 1
0.76 217.31 1
0.77 221.41 1
0.78 221.0 1
0.79 223.13 1
0.8 225.96 1
0.81 243.65 1
0.82 232.65 1
0.83 226.89 1
0.84 223.87 1
0.85 225.42 1
0.86 225.58 1
0.87 226.6 1
0.88 225.61 1
0.89 225.62 1
0.9 225.63 1
0.91 225.63 1
0.92 226.76 1
0.93 226.77 1
0.94 225.63 1
0.95 225.64 1
0.96 227.96 1
0.97 227.98 1
0.98 184.18 1
0.99 227.99 1
1.0 227.99 1
1.01 232.72 1
1.02 238.95 1
1.03 238.63 1
1.04 247.0 1
1.05 253.74 1
1.06 133.83 1
1.07 276.6 1
1.08 284.22 1
1.09 293.08 1
1.1 295.16 1
1.11 316.1 1
1.12 318.47 1
1.13 327.73 1
1.14 341.63 1
1.15 345.97 1
1.16 345.93 1
1.17 367.43 1
1.18 381.56 1
1.19 375.32 1
1.2 386.6 1
1.21 389.06 1
1.22 385.15 1
1.23 385.13 1
1.24 385.13 1
1.25 390.58 1
1.26 385.1 1
1.27 381.78 1
1.28 378.54 1
1.29 381.73 1
1.3 376.09 1
1.31 373.78 1
1.32 372.14 1
1.33 369.1 1
1.34 357.35 1
1.35 357.16 1
1.36 354.29 1
1.37 348.78 1
1.38 345.72 1
1.39 340.02 1
1.4 334.26 1
1.41 329.67 1
1.42 329.52 1
1.43 328.85 1
1.44 325.46 1
1.45 324.85 1
1.46 325.41 1
1.47 327.82 1
1.48 325.42 1
1.49 325.44 1
1.5 325.86 1
1.51 326.06 1
1.52 327.86 1
1.53 331.92 1
1.54 337.39 1
1.55 343.19 1
1.56 345.98 1
1.57 345.08 1
1.58 342.71 1
1.59 338.91 1
1.6 321.64 1
1.61 309.41 1
1.62 293.08 1
1.63 295.0 1
1.64 291.09 1
1.65 291.13 1
1.66 290.44 1
1.67 290.48 1
1.68 290.83 1
1.69 290.52 1
1.7 290.56 1
1.71 292.26 1
1.72 292.55 1
1.73 291.13 1
1.74 291.12 1
1.75 291.13 1
1.76 291.13 1
1.77 293.04 1
1.78 293.04 1
1.79 293.04 1
1.8 293.03 1
1.81 293.04 1
1.82 293.04 1
1.83 293.04 1
1.84 293.06 1
1.85 293.06 1
1.86 293.05 1
1.87 291.15 1
1.88 293.03 1
1.89 291.12 1
1.9 291.1 1
1.91 291.09 1
1.92 290.87 1
1.93 290.84 1
1.94 291.11 1
1.95 291.11 1
1.96 291.05 1
1.97 290.66 1
1.98 290.89 1
1.99 291.1 1
2.0 291.09 1
2.01 291.1 1
2.02 291.12 1
2.03 291.11 1
2.04 292.74 1
2.05 291.12 1
2.06 293.02 1
2.07 293.03 1
2.08 293.05 1
2.09 293.05 1
2.1 294.99 1
2.11 293.06 1
2.12 293.08 1
2.13 293.07 1
2.14 293.06 1
2.15 291.13 1
2.16 291.1 1
2.17 289.89 1
2.18 283.82 1
2.19 281.88 1
2.2 277.39 1
2.21 273.06 1
2.22 269.64 1
2.23 258.77 1
2.24 257.15 1
2.25 251.57 1
2.26 118.72 1
2.27 115.59 1
2.28 115.58 1
2.29 110.11 1
2.3 110.19 1
2.31 109.57 1
2.32 109.57 1
2.33 109.14 1
2.34 111.79 1
2.35 115.29 1
2.36 124.52 1
2.37 124.4 1
2.38 132.33 1
2.39 143.98 1
2.4 278.24 1
2.41 284.45 1
2.42 286.86 1
2.43 288.1 1
2.44 291.02 1
2.45 293.82 1
2.46 293.04 1
2.47 294.99 1
2.48 295.22 1
2.49 294.9 1
2.5 293.05 1
2.51 293.04 1
2.52 294.7 1
2.53 293.03 1
2.54 293.03 1
2.55 292.58 1
2.56 291.13 1
2.57 291.13 1
2.58 291.16 1
2.59 291.13 1
2.6 291.11 1
2.61 291.12 1
2.62 291.14 1
2.63 291.14 1
2.64 292.41 1
2.65 291.13 1
2.66 290.99 1
2.67 287.69 1
2.68 285.11 1
2.69 279.47 1
2.7 276.47 1
2.71 269.75 1
2.72 265.39 1
2.73 255.75 1
2.74 252.74 1
2.75 247.02 1
2.76 246.94 1
2.77 241.54 1
2.78 240.27 1
2.79 241.58 1
2.8 232.77 1
2.81 238.99 1
2.82 240.3 1
2.83 245.59 1
2.84 182.74 1
2.85 256.62 1
2.86 257.19 1
2.87 274.74 1
2.88 274.91 1
2.89 284.46 1
2.9 290.5 1
2.91 291.41 1
2.92 292.52 1
2.93 291.94 1
2.94 290.85 1
2.95 291.54 1
2.96 291.1 1
2.97 291.09 1
2.98 290.8 1
2.99 289.83 1
3.0 291.68 1
3.01 124.74 1
3.02 97.43 1
3.03 97.63 1
3.04 98.11 1
3.05 97.63 1
3.06 98.99 1
3.07 97.79 1
3.08 97.91 1
3.09 97.69 1
3.1 97.75 1
3.11 97.87 1
3.12 98.06 1
3.13 97.25 1
3.14 97.46 1
3.15 97.68 1
3.16 98.26 1
3.17 98.11 1
3.18 97.99 1
3.19 98.19 1
3.2 98.0 1
3.21 98.03 1
3.22 97.94 1
3.23 98.24 1
3.24 97.57 1
3.25 98.42 1
3.26 98.33 1
3.27 98.99 1
3.28 98.6 1
3.29 97.46 1
3.3 97.24 1
3.31 97.23 1
3.32 97.23 1
3.33 97.46 1
3.34 98.38 1
3.35 98.29 1
3.36 98.76 1
3.37 98.66 1
3.38 99.32 1
3.39 98.85 1
3.4 99.57 1
3.41 99.99 1
3.42 100.4 1
3.43 100.37 1
3.44 100.42 1
3.45 100.24 1
3.46 205.61 1
3.47 207.54 1
3.48 215.79 1
3.49 224.2 1
3.5 235.65 1
3.51 240.85 1
3.52 252.4 1
3.53 266.1 1
3.54 271.06 1
3.55 283.05 1
3.56 285.86 1
3.57 293.44 1
3.58 287.93 1
3.59 293.24 1
3.6 291.09 1
3.61 289.1 1
3.62 290.31 1
3.63 289.3 1
3.64 289.1 1
3.65 289.8 1
3.66 286.99 1
3.67 288.47 1
3.68 285.96 1
3.69 288.5 1
3.7 286.89 1
3.71 286.5 1
3.72 288.27 1
3.73 288.44 1
3.74 289.98 1
3.75 290.22 1
3.76 289.18 1
3.77 287.11 1
3.78 285.43 1
3.79 285.72 1
3.8 286.92 1
3.81 285.16 1
3.82 273.33 1
3.83 275.65 1
3.84 267.2 1
3.85 268.52 1
3.86 259.98 1
3.87 262.18 1
3.88 256.87 1
3.89 252.26 1
3.9 248.47 1
3.91 249.34 1
3.92 247.45 1
3.93 248.95 1
3.94 252.5 1
3.95 256.73 1
3.96 263.28 1
3.97 267.99 1
3.98 276.76 1
3.99 282.75 1
4.0 298.99 1
4.01 289.18 1
4.02 283.07 1
4.03 293.39 1
4.04 281.42 1
4.05 273.07 1
4.06 261.73 1
4.07 254.85 1
4.08 253.92 1
4.09 252.83 1
4.1 244.64 1
4.11 255.69 1
4.12 244.54 1
4.13 247.37 1
4.14 247.77 1
4.15 249.34 1
4.16 249.0 1
4.17 248.46 1
4.18 253.74 1
4.19 248.54 1
4.2 250.57 1
4.21 246.48 1
4.22 253.37 1
4.23 247.03 1
4.24 241.74 1
4.25 242.43 1
4.26 240.47 1
4.27 242.49 1
4.28 240.73 1
4.29 241.66 1
4.3 243.49 1
4.31 247.9 1
4.32 244.9 1
4.33 247.36 1
4.34 244.09 1
4.35 243.54 1
4.36 242.04 1
4.37 238.91 1
4.38 241.44 1
4.39 239.03 1
4.4 237.26 1
4.41 239.7 1
4.42 237.75 1
4.43 241.39 1
4.44 243.14 1
4.45 243.36 1
4.46 250.43 1
4.47 253.54 1
4.48 253.36 1
4.49 253.6 1
4.5 249.6 1
4.51 250.7 1
4.52 249.92 1
4.53 247.0 1
4.54 246.05 1
4.55 237.11 1
4.56 235.01 1
4.57 236.93 1
4.58 235.96 1
4.59 229.09 1
4.6 225.58 1
4.61 225.45 1
4.62 222.32 1
4.63 224.14 1
4.64 216.91 1
4.65 223.74 1
4.66 223.73 1
4.67 225.8 1
4.68 112.94 1
4.69 116.21 1
4.7 116.93 1
4.71 119.32 1
4.72 121.51 1
4.73 122.27 1
4.74 120.27 1
4.75 117.09 1
4.76 120.31 1
4.77 119.66 1
4.78 117.06 1
4.79 111.49 1
4.8 100.82 1
4.81 120.22 1
4.82 119.35 1
4.83 124.15 1
4.84 118.64 1
4.85 183.32 1
4.86 184.62 1
4.87 200.5 1
4.88 192.34 1
4.89 186.48 1
4.9 204.65 1
4.91 193.69 1
4.92 193.34 1
4.93 193.68 1
4.94 190.94 1
4.95 196.96 1
4.96 195.54 1
4.97 195.58 1
4.98 196.05 1
4.99 198.52 1
5.0 194.56 1
5.01 196.61 1
5.02 195.44 1
5.03 196.39 1
5.04 196.3 1
5.05 197.54 1
5.06 195.03 1
5.07 196.81 1
5.08 196.33 1
5.09 197.83 1
5.1 195.64 1
5.11 197.18 1
5.12 196.03 1
5.13 196.69 1
5.14 195.33 1
5.15 196.47 1
5.16 195.31 1
5.17 196.79 1
5.18 196.13 1
5.19 197.24 1
5.2 195.57 1
5.21 196.03 1
5.22 195.46 1
5.23 195.23 1
5.24 194.42 1
5.25 194.88 1
5.26 194.08 1
5.27 194.31 1
5.28 195.52 1
5.29 197.13 1
5.3 199.64 1
5.31 207.53 1
5.32 218.83 1
5.33 222.93 1
5.34 241.48 1
5.35 245.58 1
5.36 252.95 1
5.37 250.5 1
5.38 246.79 1
5.39 248.98 1
5.4 237.9 1
5.41 232.72 1
5.42 235.62 1
5.43 226.93 1
5.44 223.49 1
5.45 215.65 1
5.46 218.86 1
5.47 210.43 1
5.48 212.38 1
5.49 211.46 1
5.5 212.84 1
5.51 213.51 1
5.52 221.53 1
5.53 229.09 1
5.54 235.2 1
5.55 249.55 1
5.56 258.47 1
5.57 263.28 1
5.58 270.54 1
5.59 270.74 1
5.6 272.2 1
5.61 266.43 1
5.62 256.56 1
5.63 246.91 1
5.64 112.07 1
5.65 115.09 1
5.66 239.24 1
5.67 227.91 1
5.68 236.19 1
5.69 241.17 1
5.7 244.08 1
5.71 252.97 1
5.72 256.77 1
5.73 257.13 1
5.74 257.89 1
5.75 255.15 1
5.76 245.79 1
5.77 235.99 1
5.78 227.67 1
5.79 234.82 1
5.8 226.75 1
5.81 232.47 1
5.82 239.75 1
5.83 246.35 1
5.84 255.34 1
5.85 258.83 1
5.86 260.18 1
5.87 262.67 1
5.88 257.02 1
5.89 244.53 1
5.9 236.85 1
5.91 222.21 1
5.92 170.16 1
5.93 179.55 1
5.94 198.2 1
5.95 195.27 1
5.96 196.79 1
5.97 200.55 1
5.98 209.71 1
5.99 243.79 1
6.0 209.4 1
6.01 209.22 1
6.02 208.0 1
6.03 198.19 1
6.04 200.0 1
6.05 209.47 1
6.06 196.54 1
6.07 196.82 1
6.08 194.7 1
6.09 194.3 1
6.1 195.57 1
6.11 197.38 1
6.12 198.82 1
6.13 203.69 1
6.14 206.57 1
6.15 203.7 1
6.16 204.65 1
6.17 205.61 1
6.18 198.8 1
6.19 200.06 1
6.2 198.69 1
6.21 198.06 1
6.22 195.05 1
6.23 194.63 1
6.24 196.9 1
6.25 195.87 1
6.26 198.19 1
6.27 196.63 1
6.28 198.2 1
6.29 214.59 1
6.3 222.91 1
6.31 209.51 1
6.32 221.33 1
6.33 204.7 1
6.34 219.95 1
6.35 222.14 1
6.36 198.2 1
6.37 196.53 1
6.38 196.48 1
6.39 196.49 1
6.4 196.73 1
6.41 196.59 1
6.42 196.63 1
6.43 195.67 1
6.44 195.95 1
6.45 194.15 1
6.46 193.93 1
6.47 192.9 1
6.48 192.69 1
6.49 192.09 1
6.5 192.57 1
6.51 193.33 1
6.52 192.94 1
6.53 192.26 1
6.54 190.22 1
6.55 188.06 1
6.56 184.72 1
6.57 179.47 1
6.58 179.32 1
6.59 175.78 1
6.6 176.05 1
6.61 173.83 1
6.62 174.66 1
6.63 179.33 1
6.64 177.89 1
6.65 188.03 1
6.66 190.11 1
6.67 188.07 1
6.68 191.56 1
6.69 194.41 1
6.7 192.15 1
6.71 192.8 1
6.72 193.09 1
6.73 192.19 1
6.74 193.43 1
6.75 188.87 1
6.76 185.62 1
6.77 184.7 1
6.78 184.77 1
6.79 180.93 1
6.8 181.14 1
6.81 174.31 1
6.82 174.72 1
6.83 169.82 1
6.84 171.3 1
6.85 166.0 1
6.86 165.47 1
6.87 163.02 1
6.88 157.44 1
6.89 158.47 1
6.9 158.73 1
6.91 155.16 1
6.92 155.7 1
6.93 151.84 1
6.94 150.25 1
6.95 151.12 1
6.96 148.73 1
6.97 148.75 1
6.98 146.76 1
6.99 146.27 1
7.0 144.28 1
7.01 143.77 1
7.02 145.22 1
7.03 148.74 1
7.04 136.75 1
7.05 143.98 1
7.06 142.63 1
7.07 146.08 1
7.08 148.48 1
7.09 146.27 1
7.1 151.3 1
7.11 146.76 1
7.12 150.31 1
7.13 150.66 1
7.14 150.39 1
7.15 150.72 1
7.16 149.32 1
7.17 151.16 1
7.18 149.44 1
7.19 152.38 1
7.2 153.78 1
7.21 151.35 1
7.22 154.36 1
7.23 156.26 1
7.24 159.99 1
7.25 165.49 1
7.26 172.95 1
7.27 181.78 1
7.28 194.97 1
7.29 194.37 1
7.3 195.74 1
7.31 196.6 1
7.32 192.82 1
7.33 191.03 1
7.34 186.47 1
7.35 180.18 1
7.36 172.76 1
7.37 167.18 1
7.38 169.13 1
7.39 167.82 1
7.4 163.4 1
7.41 166.07 1
7.42 162.72 1
7.43 165.1 1
7.44 163.91 1
7.45 165.88 1
7.46 164.02 1
7.47 168.32 1
7.48 169.22 1
7.49 170.71 1
7.5 172.14 1
7.51 176.03 1
7.52 179.56 1
7.53 179.81 1
7.54 185.77 1
7.55 188.15 1
7.56 192.56 1
7.57 187.56 1
7.58 189.61 1
7.59 192.47 1
7.6 194.19 1
7.61 194.57 1
7.62 194.29 1
7.63 193.49 1
7.64 193.57 1
7.65 193.04 1
7.66 190.77 1
7.67 189.75 1
7.68 184.44 1
7.69 179.49 1
7.7 177.65 1
7.71 175.74 1
7.72 176.08 1
7.73 178.53 1
7.74 183.17 1
7.75 189.0 1
7.76 192.82 1
7.77 199.66 1
7.78 201.25 1
7.79 200.93 1
7.8 203.7 1
7.81 198.74 1
7.82 192.47 1
7.83 194.17 1
7.84 127.8 1
7.85 185.01 1
7.86 187.83 1
7.87 187.27 1
7.88 195.56 1
7.89 194.73 1
7.9 199.93 1
7.91 198.89 1
7.92 200.01 1
7.93 199.37 1
7.94 201.27 1
7.95 226.71 1
7.96 201.12 1
7.97 203.66 1
7.98 201.76 1
7.99 199.63 1
8.0 202.71 1
8.01 200.49 1
8.02 203.21 1
8.03 202.14 1
8.04 198.52 1
8.05 198.85 1
8.06 197.53 1
8.07 198.36 1
8.08 197.39 1
8.09 197.18 1
8.1 196.96 1
8.11 197.34 1
8.12 196.78 1
8.13 197.23 1
8.14 196.1 1
8.15 194.33 1
8.16 199.0 1
8.17 194.63 1
8.18 196.92 1
8.19 195.57 1
8.2 147.51 1
8.21 147.25 1
8.22 146.78 1
8.23 148.73 1
8.24 145.79 1
8.25 148.28 1
8.26 145.79 1
8.27 146.27 1
8.28 145.79 1
8.29 147.12 1
8.3 146.27 1
8.31 145.79 1
8.32 146.63 1
8.33 146.24 1
8.34 147.74 1
8.35 147.75 1
8.36 146.27 1
8.37 147.25 1
8.38 147.31 1
8.39 147.69 1
8.4 147.58 1
8.41 147.5 1
8.42 147.01 1
8.43 147.25 1
8.44 148.44 1
8.45 146.76 1
8.46 148.22 1
8.47 145.79 1
8.48 149.1 1
8.49 145.31 1
8.5 148.77 1
8.51 145.79 1
8.52 148.82 1
8.53 145.79 1
8.54 149.74 1
8.55 146.27 1
8.56 149.79 1
8.57 144.36 1
8.58 149.14 1
8.59 145.31 1
8.6 148.04 1
8.61 146.27 1
8.62 147.46 1
8.63 144.83 1
8.64 150.08 1
8.65 146.27 1
8.66 148.33 1
8.67 145.31 1
8.68 148.15 1
8.69 147.25 1
8.7 147.92 1
8.71 145.79 1
8.72 195.86 1
8.73 196.44 1
8.74 186.58 1
8.75 192.16 1
8.76 195.19 1
8.77 193.05 1
8.78 201.83 1
8.79 198.01 1
8.8 195.76 1
8.81 194.76 1
8.82 194.6 1
8.83 193.37 1
8.84 193.89 1
8.85 194.79 1
8.86 195.8 1
8.87 196.33 1
8.88 196.38 1
8.89 197.03 1
8.9 198.06 1
8.91 198.82 1
8.92 198.62 1
8.93 197.31 1
8.94 195.64 1
8.95 195.56 1
8.96 193.89 1
8.97 193.84 1
8.98 192.15 1
8.99 188.13 1
9.0 187.32 1
9.01 191.34 1
9.02 196.39 1
9.03 203.74 1
9.04 216.73 1
9.05 226.61 1
9.06 245.72 1
9.07 266.44 1
9.08 278.08 1
9.09 285.96 1
9.1 294.99 1
9.11 296.99 1
9.12 298.64 1
9.13 297.02 1
9.14 298.99 1
9.15 296.99 1
9.16 296.97 1
9.17 295.01 1
9.18 295.0 1
9.19 294.4 1
9.2 291.96 1
9.21 288.98 1
9.22 284.3 1
9.23 282.36 1
9.24 282.56 1
9.25 274.74 1
9.26 271.72 1
9.27 263.29 1
9.28 257.18 1
9.29 255.68 1
9.3 252.26 1
9.31 247.6 1
9.32 247.02 1
9.33 245.64 1
9.34 245.62 1
9.35 245.61 1
9.36 242.89 1
9.37 242.9 1
9.38 237.7 1
9.39 237.72 1
9.4 235.51 1
9.41 235.06 1
9.42 236.47 1
9.43 238.55 1
9.44 240.68 1
9.45 247.71 1
9.46 250.25 1
9.47 257.26 1
9.48 258.78 1
9.49 271.31 1
9.5 261.77 1
9.51 267.84 1
9.52 263.29 1
9.53 256.0 1
9.54 248.45 1
9.55 238.93 1
9.56 240.25 1
9.57 237.71 1
9.58 240.32 1
9.59 240.02 1
9.6 242.91 1
9.61 240.8 1
9.62 240.3 1
9.63 241.58 1
9.64 239.68 1
9.65 240.3 1
9.66 239.05 1
9.67 238.58 1
9.68 239.02 1
9.69 242.91 1
9.7 240.31 1
9.71 239.35 1
9.72 239.11 1
9.73 240.3 1
9.74 239.02 1
9.75 240.3 1
9.76 240.3 1
9.77 239.02 1
9.78 238.86 1
9.79 238.83 1
9.8 240.3 1
9.81 241.57 1
9.82 242.89 1
9.83 240.32 1
9.84 240.51 1
9.85 241.63 1
9.86 242.96 1
9.87 243.5 1
9.88 246.94 1
9.89 244.37 1
9.9 245.59 1
9.91 243.16 1
9.92 242.01 1
9.93 244.21 1
9.94 238.3 1
9.95 236.3 1
9.96 233.34 1
9.97 227.95 1
9.98 226.79 1
9.99 226.77 1
10.0 226.79 1
10.01 230.34 1
10.02 237.72 1
10.03 241.64 1
10.04 247.52 1
10.05 251.19 1
10.06 255.67 1
10.07 255.67 1
10.08 254.21 1
10.09 255.13 1
10.1 252.79 1
10.11 248.79 1
10.12 247.14 1
10.13 241.1 1
10.14 240.31 1
10.15 235.23 1
10.16 233.94 1
10.17 230.62 1
10.18 226.8 1
10.19 224.95 1
10.2 221.42 1
10.21 220.43 1
10.22 219.18 1
10.23 219.13 1
10.24 216.97 1
10.25 217.77 1
10.26 214.5 1
10.27 216.5 1
10.28 214.22 1
10.29 214.12 1
10.3 212.75 1
10.31 216.02 1
10.32 214.63 1
10.33 215.32 1
10.34 225.56 1
10.35 200.79 1
10.36 211.55 1
10.37 222.12 1
10.38 213.58 1
10.39 219.94 1
10.4 220.99 1
10.41 223.29 1
10.42 230.28 1
10.43 233.93 1
10.44 229.09 1
10.45 237.73 1
10.46 230.47 1
10.47 245.89 1
10.48 243.03 1
10.49 245.98 1
10.5 245.01 1
10.51 245.12 1
10.52 244.52 1
10.53 245.28 1
10.54 243.48 1
10.55 244.63 1
10.56 246.02 1
10.57 246.1 1
10.58 245.12 1
10.59 244.67 1
10.6 243.21 1
10.61 243.61 1
10.62 242.33 1
10.63 242.2 1
10.64 242.16 1
10.65 242.0 1
10.66 242.57 1
10.67 243.62 1
10.68 242.71 1
10.69 242.01 1
10.7 243.49 1
10.71 243.19 1
10.72 244.76 1
10.73 244.88 1
10.74 245.6 1
10.75 244.95 1
10.76 244.28 1
10.77 243.41 1
10.78 243.47 1
10.79 242.83 1
10.8 240.44 1
10.81 236.09 1
10.82 232.36 1
10.83 230.75 1
10.84 231.8 1
10.85 233.96 1
10.86 242.97 1
10.87 257.22 1
10.88 252.16 1
10.89 260.18 1
10.9 264.39 1
10.91 257.66 1
10.92 264.86 1
10.93 297.02 1
10.94 266.46 1
10.95 297.02 1
10.96 295.05 1
10.97 291.11 1
10.98 292.54 1
10.99 290.52 1
11.0 288.95 1
11.01 286.9 1
11.02 288.94 1
11.03 282.41 1
11.04 277.89 1
11.05 277.93 1
11.06 273.04 1
11.07 260.19 1
11.08 258.26 1
11.09 256.05 1
11.1 245.23 1
11.11 119.4 1
11.12 115.34 1
11.13 119.51 1
11.14 118.66 1
11.15 118.24 1
11.16 118.32 1
11.17 119.22 1
11.18 118.36 1
11.19 119.38 1
11.2 276.29 1
11.21 280.13 1
11.22 292.67 1
11.23 291.72 1
11.24 293.22 1
11.25 295.15 1
11.26 294.13 1
11.27 294.98 1
11.28 294.67 1
11.29 294.8 1
11.3 295.53 1
11.31 296.13 1
11.32 295.01 1
11.33 295.01 1
11.34 295.0 1
11.35 293.06 1
11.36 293.05 1
11.37 293.03 1
11.38 291.11 1
11.39 291.1 1
11.4 290.86 1
11.41 288.06 1
11.42 287.61 1
11.43 281.21 1
11.44 273.02 1
11.45 263.29 1
11.46 251.63 1
11.47 245.58 1
11.48 226.82 1
11.49 222.71 1
11.5 221.98 1
11.51 225.36 1
11.52 226.78 1
11.53 236.23 1
11.54 244.26 1
11.55 249.22 1
11.56 251.28 1
11.57 269.69 1
11.58 278.23 1
11.59 281.47 1
11.6 286.97 1
11.61 288.49 1
11.62 286.85 1
11.63 289.86 1
11.64 288.61 1
11.65 288.71 1
11.66 289.62 1
11.67 289.4 1
11.68 290.77 1
11.69 290.47 1
11.7 291.03 1
11.71 291.54 1
11.72 291.88 1
11.73 292.7 1
11.74 292.18 1
11.75 292.11 1
11.76 291.66 1
11.77 292.1 1
11.78 291.1 1
11.79 291.34 1
11.8 291.51 1
11.81 290.93 1
11.82 290.72 1
11.83 291.09 1
11.84 291.81 1
11.85 291.36 1
11.86 291.09 1
11.87 291.16 1
11.88 291.1 1
11.89 291.11 1
11.9 292.26 1
11.91 292.8 1
11.92 293.0 1
11.93 292.91 1
11.94 293.14 1
11.95 293.04 1
11.96 293.04 1
11.97 291.13 1
11.98 291.12 1
11.99 291.05 1
12.0 288.52 1
12.01 288.72 1
12.02 287.22 1
12.03 285.51 1
12.04 285.71 1
12.05 286.64 1
12.06 288.16 1
12.07 288.83 1
12.08 291.11 1
12.09 297.01 1
12.1 313.78 1
12.11 317.38 1
12.12 332.26 1
12.13 179.61 1
12.14 188.97 1
12.15 196.4 1
12.16 197.3 1
12.17 197.95 1
12.18 196.12 1
12.19 196.41 1
12.2 194.69 1
12.21 194.68 1
12.22 190.79 1
12.23 187.68 1
12.24 185.32 1
12.25 360.17 1
12.26 343.5 1
12.27 343.3 1
12.28 343.25 1
12.29 340.57 1
12.3 335.38 1
12.31 334.11 1
12.32 334.13 1
12.33 333.16 1
12.34 325.86 1
12.35 325.56 1
12.36 324.92 1
12.37 322.85 1
12.38 325.46 1
12.39 324.6 1
12.4 329.27 1
12.41 330.77 1
12.42 333.03 1
12.43 332.23 1
12.44 336.7 1
12.45 351.1 1
12.46 189.75 1
12.47 194.63 1
12.48 193.77 1
12.49 191.37 1
12.5 381.69 1
12.51 375.73 1
12.52 373.43 1
12.53 372.46 1
12.54 375.28 1
12.55 375.78 1
12.56 377.07 1
12.57 381.55 1
12.58 381.61 1
12.59 375.77 1
12.6 375.2 1
12.61 365.99 1
12.62 354.33 1
12.63 348.8 1
12.64 351.4 1
12.65 351.45 1
12.66 359.03 1
12.67 368.15 1
12.68 378.53 1
12.69 381.81 1
12.7 389.98 1
12.71 395.61 1
12.72 391.47 1
12.73 395.17 1
