0.01 197.31 1
0.02 196.43 1
0.03 192.76 1
0.04 192.99 1
0.05 193.9 1
0.06 190.45 1
0.07 185.62 1
0.08 185.34 1
0.09 186.77 1
0.1 187.43 1
0.11 190.49 1
0.12 191.31 1
0.13 186.51 1
0.14 188.88 1
0.15 192.43 1
0.16 193.85 1
0.17 194.17 1
0.18 195.64 1
0.19 196.38 1
0.2 197.11 1
0.21 197.37 1
0.22 198.19 1
0.23 196.96 1
0.24 197.8 1
0.25 197.37 1
0.26 197.49 1
0.27 197.36 1
0.28 197.12 1
0.29 197.53 1
0.3 197.3 1
0.31 198.18 1
0.32 197.35 1
0.33 197.31 1
0.34 197.31 1
0.35 198.19 1
0.36 196.45 1
0.37 196.43 1
0.38 195.91 1
0.39 195.16 1
0.4 195.55 1
0.41 194.73 1
0.42 195.57 1
0.43 195.62 1
0.44 195.85 1
0.45 195.51 1
0.46 195.91 1
0.47 195.84 1
0.48 195.92 1
0.49 194.97 1
0.5 195.56 1
0.51 194.13 1
0.52 194.04 1
0.53 193.93 1
0.54 195.52 1
0.55 193.28 1
0.56 196.35 1
0.57 193.67 1
0.58 194.69 1
0.59 193.5 1
0.6 193.28 1
0.61 193.97 1
0.62 193.75 1
0.63 194.7 1
0.64 193.86 1
0.65 193.84 1
0.66 193.53 1
0.67 193.82 1
0.68 252.62 1
0.69 192.99 1
0.7 192.17 1
0.71 192.56 1
0.72 193.84 1
0.73 193.83 1
0.74 194.69 1
0.75 195.02 1
0.76 197.41 1
0.77 197.07 1
0.78 197.73 1
0.79 198.98 1
0.8 199.18 1
0.81 199.74 1
0.82 200.8 1
0.83 200.59 1
0.84 199.44 1
0.85 198.93 1
0.86 199.09 1
0.87 199.79 1
0.88 199.4 1
0.89 200.05 1
0.9 201.67 1
0.91 201.31 1
0.92 201.31 1
0.93 199.38 1
0.94 196.42 1
0.95 196.41 1
0.96 193.84 1
0.97 185.72 1
0.98 195.56 1
0.99 198.66 1
1.0 0.0 1
1.01 0.0 1
1.02 0.0 1
1.03 94.06 1
1.04 99.43 1
1.05 102.69 1
1.06 108.5 1
1.07 111.16 1
1.08 116.51 1
1.09 115.8 1
1.1 117.6 1
1.11 118.4 1
1.12 119.32 1
1.13 118.41 1
1.14 119.37 1
1.15 119.04 1
1.16 118.45 1
1.17 346.11 1
1.18 338.25 1
1.19 340.61 1
1.2 335.17 1
1.21 330.21 1
1.22 325.59 1
1.23 327.68 1
1.24 323.17 1
1.25 325.39 1
1.26 323.04 1
1.27 321.26 1
1.28 322.85 1
1.29 318.57 1
1.3 317.03 1
1.31 315.35 1
1.32 314.33 1
1.33 313.81 1
1.34 314.57 1
1.35 318.22 1
1.36 318.71 1
1.37 321.34 1
1.38 324.08 1
1.39 332.15 1
1.4 334.26 1
1.41 337.96 1
1.42 338.09 1
1.43 338.28 1
1.44 340.75 1
1.45 340.18 1
1.46 340.5 1
1.47 335.39 1
1.48 332.29 1
1.49 330.84 1
1.5 329.59 1
1.51 325.54 1
1.52 327.88 1
1.53 327.21 1
1.54 325.25 1
1.55 325.42 1
1.56 323.07 1
1.57 321.74 1
1.58 321.61 1
1.59 322.92 1
1.6 325.14 1
1.61 319.78 1
1.62 322.83 1
1.63 320.7 1
1.64 322.94 1
1.65 322.97 1
1.66 327.46 1
1.67 323.31 1
1.68 325.34 1
1.69 326.69 1
1.7 327.38 1
1.71 328.98 1
1.72 327.89 1
1.73 324.26 1
1.74 322.94 1
1.75 309.69 1
1.76 299.35 1
1.77 299.1 1
1.78 295.07 1
1.79 296.98 1
1.8 294.56 1
1.81 293.09 1
1.82 293.06 1
1.83 292.92 1
1.84 292.7 1
1.85 291.8 1
1.86 291.14 1
1.87 292.03 1
1.88 292.11 1
1.89 291.14 1
1.9 292.1 1
1.91 291.61 1
1.92 292.0 1
1.93 292.23 1
1.94 292.07 1
1.95 291.16 1
1.96 292.92 1
1.97 292.97 1
1.98 293.03 1
1.99 293.04 1
2.0 293.07 1
2.01 293.09 1
2.02 294.19 1
2.03 293.04 1
2.04 293.01 1
2.05 291.13 1
2.06 291.12 1
2.07 291.1 1
2.08 291.09 1
2.09 291.09 1
2.1 291.19 1
2.11 291.56 1
2.12 291.11 1
2.13 291.98 1
2.14 292.14 1
2.15 293.01 1
2.16 293.71 1
2.17 293.03 1
2.18 293.04 1
2.19 293.06 1
2.2 294.42 1
2.21 293.06 1
2.22 293.77 1
2.23 293.38 1
2.24 293.02 1
2.25 291.87 1
2.26 291.37 1
2.27 290.21 1
2.28 288.69 1
2.29 286.18 1
2.3 284.18 1
2.31 277.21 1
2.32 266.68 1
2.33 276.28 1
2.34 251.7 1
2.35 247.03 1
2.36 252.52 1
2.37 222.34 1
2.38 237.55 1
2.39 232.79 1
2.4 240.79 1
2.41 246.68 1
2.42 255.75 1
2.43 264.69 1
2.44 275.16 1
2.45 281.22 1
2.46 288.67 1
2.47 292.76 1
2.48 292.95 1
2.49 294.1 1
2.5 291.09 1
2.51 287.92 1
2.52 284.47 1
2.53 281.43 1
2.54 276.39 1
2.55 268.78 1
2.56 274.73 1
2.57 263.14 1
2.58 255.56 1
2.59 252.36 1
2.6 123.01 1
2.61 246.95 1
2.62 246.88 1
2.63 244.3 1
2.64 245.59 1
2.65 241.31 1
2.66 245.6 1
2.67 244.27 1
2.68 245.6 1
2.69 245.66 1
2.7 247.02 1
2.71 248.91 1
2.72 253.4 1
2.73 255.78 1
2.74 266.92 1
2.75 274.93 1
2.76 285.2 1
2.77 291.25 1
2.78 297.19 1
2.79 307.58 1
2.8 164.15 1
2.81 164.28 1
2.82 166.14 1
2.83 164.97 1
2.84 163.97 1
2.85 163.03 1
2.86 162.35 1
2.87 157.23 1
2.88 153.65 1
2.89 291.5 1
2.9 291.1 1
2.91 274.76 1
2.92 286.01 1
2.93 285.32 1
2.94 261.75 1
2.95 260.41 1
2.96 263.32 1
2.97 271.37 1
2.98 274.77 1
2.99 286.6 1
3.0 289.46 1
3.01 290.96 1
3.02 291.25 1
3.03 292.13 1
3.04 291.73 1
3.05 292.97 1
3.06 291.51 1
3.07 290.99 1
3.08 291.05 1
3.09 291.1 1
3.1 291.1 1
3.11 291.11 1
3.12 291.09 1
3.13 290.68 1
3.14 290.14 1
3.15 290.54 1
3.16 290.52 1
3.17 290.76 1
3.18 291.42 1
3.19 291.16 1
3.2 290.87 1
3.21 290.92 1
3.22 290.72 1
3.23 291.1 1
3.24 291.1 1
3.25 290.83 1
3.26 291.09 1
3.27 291.77 1
3.28 292.59 1
3.29 291.13 1
3.3 293.09 1
3.31 292.83 1
3.32 292.17 1
3.33 291.54 1
3.34 291.92 1
3.35 291.89 1
3.36 291.11 1
3.37 291.98 1
3.38 291.14 1
3.39 292.7 1
3.4 292.36 1
3.41 291.14 1
3.42 291.16 1
3.43 291.17 1
3.44 292.96 1
3.45 292.51 1
3.46 291.15 1
3.47 291.14 1
3.48 292.05 1
3.49 291.13 1
3.5 292.61 1
3.51 293.68 1
3.52 294.37 1
3.53 294.74 1
3.54 294.78 1
3.55 295.0 1
3.56 295.27 1
3.57 295.0 1
3.58 294.98 1
3.59 295.1 1
3.6 295.65 1
3.61 294.66 1
3.62 294.28 1
3.63 293.05 1
3.64 293.34 1
3.65 292.65 1
3.66 291.8 1
3.67 291.08 1
3.68 290.5 1
3.69 289.22 1
3.7 289.22 1
3.71 289.64 1
3.72 290.27 1
3.73 289.86 1
3.74 290.37 1
3.75 290.74 1
3.76 291.11 1
3.77 292.09 1
3.78 292.3 1
3.79 291.64 1
3.8 290.91 1
3.81 290.06 1
3.82 289.01 1
3.83 287.19 1
3.84 284.79 1
3.85 282.05 1
3.86 276.11 1
3.87 273.0 1
3.88 268.03 1
3.89 254.77 1
3.9 124.03 1
3.91 121.03 1
3.92 119.7 1
3.93 119.37 1
3.94 121.0 1
3.95 124.38 1
3.96 127.61 1
3.97 127.28 1
3.98 128.3 1
3.99 137.17 1
4.0 138.05 1
4.01 137.59 1
4.02 144.83 1
4.03 145.79 1
4.04 142.33 1
4.05 0.0 1
4.06 0.0 1
4.07 0.0 1
4.08 0.0 1
4.09 0.0 1
4.1 143.41 1
4.11 143.87 1
4.12 144.23 1
4.13 144.14 1
4.14 118.39 1
4.15 118.08 1
4.16 121.66 1
4.17 119.45 1
4.18 119.68 1
4.19 118.39 1
4.2 118.65 1
4.21 118.83 1
4.22 118.26 1
4.23 118.37 1
4.24 118.74 1
4.25 118.62 1
4.26 118.9 1
4.27 119.0 1
4.28 118.71 1
4.29 118.71 1
4.3 119.2 1
4.31 118.71 1
4.32 118.72 1
4.33 119.28 1
4.34 119.04 1
4.35 119.36 1
4.36 119.05 1
4.37 118.73 1
4.38 119.37 1
4.39 119.05 1
4.4 119.67 1
4.41 119.48 1
4.42 118.72 1
4.43 118.72 1
4.44 118.59 1
4.45 118.17 1
4.46 118.63 1
4.47 118.81 1
4.48 238.79 1
4.49 242.9 1
4.5 244.27 1
4.51 247.74 1
4.52 249.3 1
4.53 253.55 1
4.54 255.68 1
4.55 262.38 1
4.56 258.69 1
4.57 262.14 1
4.58 259.96 1
4.59 254.19 1
4.6 248.59 1
4.61 241.89 1
4.62 251.3 1
4.63 238.94 1
4.64 237.71 1
4.65 246.95 1
4.66 245.66 1
4.67 252.38 1
4.68 257.59 1
4.69 257.19 1
4.7 271.33 1
4.71 268.21 1
4.72 270.92 1
4.73 268.86 1
4.74 266.24 1
4.75 255.87 1
4.76 255.77 1
4.77 258.72 1
4.78 260.26 1
4.79 246.96 1
4.8 244.19 1
4.81 246.87 1
4.82 242.65 1
4.83 245.62 1
4.84 248.86 1
4.85 252.81 1
4.86 258.67 1
4.87 265.94 1
4.88 271.18 1
4.89 274.95 1
4.9 279.57 1
4.91 281.74 1
4.92 286.91 1
4.93 285.7 1
4.94 286.77 1
4.95 287.32 1
4.96 285.19 1
4.97 286.01 1
4.98 284.95 1
4.99 287.02 1
5.0 287.29 1
5.01 287.72 1
5.02 289.37 1
5.03 289.36 1
5.04 289.59 1
5.05 290.89 1
5.06 291.38 1
5.07 292.41 1
5.08 292.57 1
5.09 293.03 1
5.1 292.61 1
5.11 291.91 1
5.12 291.09 1
5.13 291.25 1
5.14 290.69 1
5.15 290.36 1
5.16 290.88 1
5.17 291.11 1
5.18 293.83 1
5.19 294.09 1
5.2 293.06 1
5.21 292.97 1
5.22 294.06 1
5.23 292.86 1
5.24 292.85 1
5.25 291.27 1
5.26 290.34 1
5.27 288.43 1
5.28 290.45 1
5.29 291.59 1
5.3 292.33 1
5.31 293.03 1
5.32 293.77 1
5.33 293.05 1
5.34 291.14 1
5.35 289.77 1
5.36 287.45 1
5.37 286.08 1
5.38 282.09 1
5.39 276.47 1
5.4 276.42 1
5.41 276.47 1
5.42 264.88 1
5.43 263.25 1
5.44 261.44 1
5.45 263.3 1
5.46 253.94 1
5.47 251.04 1
5.48 249.32 1
5.49 248.32 1
5.5 245.48 1
5.51 244.08 1
5.52 248.35 1
5.53 238.21 1
5.54 239.15 1
5.55 241.62 1
5.56 240.49 1
5.57 238.82 1
5.58 244.22 1
5.59 242.12 1
5.6 241.82 1
5.61 245.67 1
5.62 246.6 1
5.63 251.28 1
5.64 252.86 1
5.65 255.69 1
5.66 258.72 1
5.67 260.28 1
5.68 262.36 1
5.69 260.23 1
5.7 258.69 1
5.71 259.25 1
5.72 256.83 1
5.73 250.88 1
5.74 248.45 1
5.75 247.43 1
5.76 240.42 1
5.77 239.1 1
5.78 241.49 1
5.79 238.37 1
5.8 239.53 1
5.81 241.58 1
5.82 244.25 1
5.83 245.62 1
5.84 245.97 1
5.85 249.54 1
5.86 252.36 1
5.87 254.2 1
5.88 256.86 1
5.89 257.19 1
5.9 260.26 1
5.91 263.32 1
5.92 258.78 1
5.93 262.93 1
5.94 260.22 1
5.95 260.18 1
5.96 257.48 1
5.97 253.19 1
5.98 249.4 1
5.99 247.05 1
6.0 240.5 1
6.01 230.52 1
6.02 235.11 1
6.03 228.29 1
6.04 225.75 1
6.05 223.86 1
6.06 221.72 1
6.07 222.08 1
6.08 222.52 1
6.09 221.94 1
6.1 0.0 1
6.11 0.0 1
6.12 0.0 1
6.13 0.0 1
6.14 0.0 1
6.15 0.0 1
6.16 0.0 1
6.17 0.0 1
6.18 0.0 1
6.19 0.0 1
6.2 0.0 1
6.21 98.28 1
6.22 98.05 1
6.23 98.53 1
6.24 98.38 1
6.25 98.53 1
6.26 97.9 1
6.27 98.01 1
6.28 98.15 1
6.29 98.12 1
6.3 98.1 1
6.31 98.07 1
6.32 98.08 1
6.33 98.11 1
6.34 98.09 1
6.35 98.05 1
6.36 98.04 1
6.37 98.32 1
6.38 97.9 1
6.39 98.32 1
6.4 97.9 1
6.41 98.19 1
6.42 98.02 1
6.43 98.54 1
6.44 97.26 1
6.45 98.32 1
6.46 97.9 1
6.47 119.38 1
6.48 120.98 1
6.49 120.26 1
6.5 120.33 1
6.51 121.95 1
6.52 121.7 1
6.53 120.91 1
6.54 126.17 1
6.55 123.46 1
6.56 250.7 1
6.57 250.25 1
6.58 249.35 1
6.59 247.7 1
6.6 246.81 1
6.61 245.59 1
6.62 244.43 1
6.63 243.96 1
6.64 244.0 1
6.65 244.41 1
6.66 244.46 1
6.67 244.04 1
6.68 243.75 1
6.69 243.07 1
6.7 244.18 1
6.71 241.91 1
6.72 241.89 1
6.73 242.43 1
6.74 241.59 1
6.75 235.21 1
6.76 238.38 1
6.77 242.03 1
6.78 244.41 1
6.79 243.28 1
6.8 244.49 1
6.81 244.82 1
6.82 246.67 1
6.83 247.94 1
6.84 247.32 1
6.85 246.88 1
6.86 245.94 1
6.87 245.79 1
6.88 243.88 1
6.89 240.37 1
6.9 236.99 1
6.91 234.22 1
6.92 224.28 1
6.93 229.63 1
6.94 218.5 1
6.95 227.69 1
6.96 226.86 1
6.97 229.1 1
6.98 237.01 1
6.99 240.61 1
7.0 251.69 1
7.01 258.91 1
7.02 265.47 1
7.03 276.07 1
7.04 287.31 1
7.05 289.98 1
7.06 291.1 1
7.07 295.01 1
7.08 294.98 1
7.09 298.25 1
7.1 297.64 1
7.11 296.77 1
7.12 295.0 1
7.13 293.03 1
7.14 291.4 1
7.15 288.88 1
7.16 288.74 1
7.17 279.65 1
7.18 273.85 1
7.19 268.08 1
7.2 262.43 1
7.21 258.52 1
7.22 250.69 1
7.23 249.78 1
7.24 259.56 1
7.25 245.1 1
7.26 247.77 1
7.27 250.87 1
7.28 258.05 1
7.29 257.15 1
7.3 260.18 1
7.31 268.33 1
7.32 275.38 1
7.33 248.93 1
7.34 289.18 1
7.35 292.87 1
7.36 287.34 1
7.37 291.12 1
7.38 292.76 1
7.39 290.75 1
7.4 290.75 1
7.41 290.28 1
7.42 290.88 1
7.43 291.15 1
7.44 291.75 1
7.45 290.96 1
7.46 293.14 1
7.47 293.39 1
7.48 294.99 1
7.49 294.16 1
7.5 295.46 1
7.51 294.93 1
7.52 294.46 1
7.53 294.15 1
7.54 294.08 1
7.55 294.21 1
7.56 294.94 1
7.57 293.87 1
7.58 293.03 1
7.59 293.02 1
7.6 291.12 1
7.61 291.32 1
7.62 293.07 1
7.63 294.96 1
7.64 288.57 1
7.65 0.0 1
7.66 0.0 1
7.67 0.0 1
7.68 0.0 1
7.69 0.0 1
7.7 0.0 1
7.71 0.0 1
7.72 0.0 1
7.73 0.0 1
7.74 0.0 1
7.75 281.75 1
7.76 279.99 1
7.77 276.96 1
7.78 276.68 1
7.79 279.93 1
7.8 276.39 1
7.81 276.76 1
7.82 279.86 1
7.83 280.48 1
7.84 285.58 1
7.85 291.14 1
7.86 301.12 1
7.87 305.28 1
7.88 0.0 1
7.89 0.0 1
7.9 0.0 1
7.91 0.0 1
7.92 0.0 1
7.93 194.71 1
7.94 198.15 1
7.95 195.3 1
7.96 193.84 1
7.97 193.81 1
7.98 391.7 1
7.99 370.22 1
8.0 362.59 1
8.01 349.02 1
8.02 343.65 1
8.03 343.28 1
8.04 337.92 1
8.05 332.92 1
8.06 330.11 1
8.07 326.87 1
8.08 325.52 1
8.09 325.29 1
8.1 325.02 1
8.11 324.78 1
8.12 327.77 1
8.13 325.41 1
8.14 325.76 1
8.15 328.02 1
8.16 330.07 1
8.17 328.06 1
8.18 330.44 1
8.19 328.76 1
8.2 357.17 1
8.21 335.2 1
8.22 335.25 1
8.23 331.44 1
8.24 332.78 1
8.25 351.49 1
8.26 345.94 1
8.27 340.63 1
8.28 337.98 1
8.29 332.98 1
8.3 333.54 1
8.31 332.73 1
8.32 329.29 1
8.33 326.75 1
8.34 327.76 1
8.35 325.63 1
8.36 324.92 1
8.37 327.78 1
8.38 326.02 1
8.39 328.44 1
8.4 330.13 1
8.41 330.59 1
8.42 337.86 1
8.43 338.13 1
8.44 338.23 1
8.45 335.96 1
8.46 337.48 1
8.47 326.13 1
8.48 321.02 1
8.49 309.46 1
8.5 295.12 1
8.51 291.82 1
8.52 291.52 1
8.53 291.11 1
8.54 293.81 1
8.55 294.62 1
8.56 294.64 1
8.57 295.48 1
8.58 294.96 1
8.59 294.43 1
8.6 293.78 1
8.61 294.44 1
8.62 294.56 1
8.63 294.21 1
8.64 293.5 1
8.65 292.71 1
8.66 292.64 1
8.67 292.68 1
8.68 291.82 1
8.69 291.12 1
8.7 291.09 1
8.71 290.59 1
8.72 290.13 1
8.73 289.9 1
8.74 291.11 1
8.75 291.52 1
8.76 291.62 1
8.77 291.1 1
8.78 291.1 1
8.79 291.17 1
8.8 293.05 1
8.81 291.12 1
8.82 288.2 1
8.83 286.0 1
8.84 283.52 1
8.85 281.41 1
8.86 291.24 1
8.87 269.55 1
8.88 262.0 1
8.89 247.76 1
8.9 255.07 1
8.91 261.06 1
8.92 227.38 1
8.93 231.98 1
8.94 228.93 1
8.95 213.52 1
8.96 207.61 1
8.97 208.23 1
8.98 203.13 1
8.99 207.62 1
9.0 212.51 1
9.01 220.88 1
9.02 225.66 1
9.03 246.98 1
9.04 256.87 1
9.05 263.59 1
9.06 279.97 1
9.07 286.85 1
9.08 291.13 1
9.09 293.06 1
9.1 293.08 1
9.11 291.21 1
9.12 291.15 1
9.13 290.44 1
9.14 289.27 1
9.15 286.12 1
9.16 282.64 1
9.17 276.38 1
9.18 269.68 1
9.19 280.59 1
9.2 276.18 1
9.21 254.19 1
9.22 249.41 1
9.23 119.55 1
9.24 122.68 1
9.25 123.38 1
9.26 248.29 1
9.27 252.69 1
9.28 257.3 1
9.29 250.24 1
9.3 274.74 1
9.31 282.56 1
9.32 287.37 1
9.33 291.27 1
9.34 295.01 1
9.35 297.2 1
9.36 296.75 1
9.37 294.94 1
9.38 292.15 1
9.39 293.02 1
9.4 290.83 1
9.41 195.94 1
9.42 198.13 1
9.43 198.16 1
9.44 195.99 1
9.45 196.49 1
9.46 197.28 1
9.47 196.41 1
9.48 195.82 1
9.49 198.09 1
9.5 0.0 1
9.51 0.0 1
9.52 0.0 1
9.53 0.0 1
9.54 0.0 1
9.55 0.0 1
9.56 0.0 1
9.57 0.0 1
9.58 196.69 1
9.59 198.98 1
9.6 196.09 1
9.61 196.42 1
9.62 196.2 1
9.63 197.24 1
9.64 198.14 1
9.65 197.26 1
9.66 198.96 1
9.67 198.93 1
9.68 196.04 1
9.69 0.0 1
9.7 0.0 1
9.71 0.0 1
9.72 0.0 1
9.73 0.0 1
9.74 255.9 1
9.75 252.48 1
9.76 251.79 1
9.77 250.92 1
9.78 249.54 1
9.79 247.91 1
9.8 248.56 1
9.81 249.55 1
9.82 251.54 1
9.83 253.82 1
9.84 250.4 1
9.85 289.71 1
9.86 284.7 1
9.87 291.31 1
9.88 295.2 1
9.89 293.84 1
9.9 328.11 1
9.91 338.99 1
9.92 351.18 1
9.93 346.12 1
9.94 354.44 1
9.95 361.57 1
9.96 362.66 1
9.97 354.59 1
9.98 358.75 1
9.99 353.66 1
10.0 348.66 1
10.01 345.94 1
10.02 342.14 1
10.03 340.69 1
10.04 337.91 1
10.05 335.5 1
10.06 335.13 1
10.07 333.21 1
10.08 330.95 1
10.09 329.36 1
10.1 327.65 1
10.11 327.78 1
10.12 325.4 1
10.13 325.31 1
10.14 320.64 1
10.15 325.1 1
10.16 325.36 1
10.17 329.92 1
10.18 340.6 1
10.19 0.0 1
10.2 0.0 1
10.21 0.0 1
10.22 0.0 1
10.23 0.0 1
10.24 0.0 1
10.25 0.0 1
10.26 369.23 1
10.27 363.92 1
10.28 360.22 1
10.29 361.04 1
10.3 362.67 1
10.31 361.97 1
10.32 363.04 1
10.33 369.07 1
10.34 373.33 1
10.35 378.18 1
10.36 380.04 1
10.37 390.42 1
10.38 382.06 1
10.39 384.85 1
10.4 387.96 1
10.41 384.78 1
10.42 381.53 1
10.43 383.93 1
10.44 371.69 1
10.45 361.65 1
10.46 351.59 1
10.47 343.62 1
10.48 345.92 1
10.49 345.96 1
10.5 346.28 1
10.51 354.06 1
10.52 361.56 1
10.53 367.68 1
10.54 384.12 1
10.55 382.09 1
10.56 391.28 1
10.57 385.09 1
10.58 398.21 1
10.59 391.55 1
10.6 386.59 1
10.61 386.24 1
10.62 391.56 1
10.63 388.3 1
10.64 388.28 1
10.65 388.31 1
10.66 391.53 1
10.67 391.59 1
10.68 386.9 1
10.69 391.59 1
10.7 391.7 1
10.71 388.69 1
10.72 391.72 1
10.73 395.0 1
10.74 391.62 1
10.75 389.16 1
10.76 388.91 1
10.77 389.06 1
10.78 389.79 1
10.79 390.45 1
10.8 388.87 1
10.81 388.43 1
10.82 387.86 1
10.83 386.6 1
10.84 385.11 1
10.85 383.72 1
10.86 383.03 1
10.87 384.8 1
10.88 384.98 1
10.89 384.65 1
10.9 385.13 1
10.91 388.34 1
10.92 388.42 1
10.93 391.62 1
10.94 388.54 1
10.95 388.48 1
10.96 387.39 1
10.97 391.79 1
10.98 391.72 1
10.99 195.48 1
11.0 194.69 1
11.01 195.53 1
11.02 195.07 1
11.03 195.28 1
11.04 195.16 1
11.05 194.99 1
11.06 195.48 1
11.07 195.05 1
11.08 194.64 1
11.09 194.12 1
11.1 193.78 1
11.11 191.3 1
11.12 189.45 1
11.13 184.85 1
11.14 180.77 1
11.15 178.83 1
11.16 177.37 1
11.17 354.4 1
11.18 360.13 1
11.19 372.15 1
11.2 380.03 1
11.21 394.64 1
11.22 394.72 1
11.23 400.37 1
11.24 403.37 1
11.25 399.41 1
11.26 391.27 1
11.27 394.19 1
11.28 388.71 1
11.29 0.0 1
11.3 0.0 1
11.31 0.0 1
11.32 0.0 1
11.33 0.0 1
11.34 0.0 1
11.35 0.0 1
11.36 0.0 1
11.37 417.59 1
11.38 382.13 1
11.39 391.44 1
11.4 383.09 1
11.41 382.96 1
11.42 383.31 1
11.43 391.06 1
11.44 384.91 1
11.45 382.74 1
11.46 382.54 1
11.47 383.42 1
11.48 384.82 1
11.49 383.44 1
11.5 384.43 1
11.51 388.11 1
11.52 386.31 1
11.53 388.24 1
11.54 388.17 1
11.55 385.28 1
11.56 384.26 1
11.57 383.47 1
11.58 384.82 1
11.59 384.88 1
11.6 383.47 1
11.61 383.83 1
11.62 384.85 1
11.63 387.92 1
11.64 385.1 1
11.65 386.64 1
11.66 387.16 1
11.67 387.24 1
11.68 388.32 1
11.69 388.4 1
11.7 388.43 1
11.71 388.47 1
11.72 387.22 1
11.73 387.97 1
11.74 391.63 1
11.75 391.64 1
11.76 193.06 1
11.77 194.67 1
11.78 193.39 1
11.79 193.82 1
11.8 147.43 1
11.81 148.22 1
11.82 148.23 1
11.83 149.74 1
11.84 149.82 1
11.85 146.32 1
11.86 148.12 1
11.87 143.42 1
11.88 148.78 1
11.89 146.76 1
11.9 147.68 1
11.91 146.27 1
11.92 147.54 1
11.93 144.84 1
11.94 147.79 1
11.95 145.79 1
11.96 147.77 1
11.97 146.76 1
11.98 147.72 1
11.99 147.07 1
12.0 147.97 1
12.01 145.79 1
12.02 148.5 1
12.03 147.64 1
12.04 147.74 1
12.05 148.24 1
12.06 148.21 1
12.07 147.98 1
12.08 148.52 1
12.09 147.96 1
12.1 147.25 1
12.11 148.59 1
12.12 146.76 1
12.13 148.28 1
12.14 145.79 1
12.15 151.81 1
12.16 148.99 1
12.17 148.51 1
12.18 150.76 1
12.19 153.04 1
12.2 155.46 1
12.21 155.59 1
12.22 155.61 1
12.23 318.16 1
12.24 322.66 1
12.25 322.89 1
12.26 331.28 1
12.27 0.0 1
12.28 0.0 1
12.29 0.0 1
12.3 0.0 1
12.31 0.0 1
12.32 439.0 1
12.33 467.0 1
12.34 477.07 1
12.35 492.65 1
12.36 481.96 1
12.37 480.01 1
12.38 487.18 1
12.39 471.89 1
12.4 476.45 1
12.41 461.72 1
12.42 456.91 1
12.43 426.61 1
12.44 441.73 1
12.45 437.95 1
12.46 430.66 1
12.47 422.67 1
12.48 426.59 1
12.49 422.9 1
12.5 430.54 1
12.51 430.61 1
12.52 434.72 1
12.53 440.57 1
12.54 444.46 1
12.55 444.27 1
12.56 466.25 1
12.57 471.16 1
12.58 471.24 1
12.59 475.57 1
12.6 487.1 1
12.61 488.62 1
12.62 489.51 1
12.63 487.65 1
12.64 489.07 1
12.65 490.55 1
12.66 481.92 1
12.67 472.09 1
12.68 485.98 1
12.69 486.52 1
12.7 488.85 1
12.71 486.54 1
12.72 487.99 1
12.73 488.14 1
12.74 487.56 1
12.75 487.83 1
12.76 487.1 1
12.77 486.65 1
12.78 485.27 1
12.79 487.16 1
12.8 487.13 1
12.81 487.25 1
12.82 486.77 1
12.83 486.39 1
12.84 485.63 1
