0.01 251.99 1
0.02 264.88 1
0.03 264.87 1
0.04 267.07 1
0.05 263.29 1
0.06 280.7 1
0.07 276.87 1
0.08 291.26 1
0.09 293.05 1
0.1 298.5 1
0.11 297.0 1
0.12 298.03 1
0.13 296.98 1
0.14 296.98 1
0.15 297.2 1
0.16 296.61 1
0.17 296.47 1
0.18 295.63 1
0.19 295.01 1
0.2 294.76 1
0.21 294.39 1
0.22 293.57 1
0.23 293.08 1
0.24 293.01 1
0.25 293.14 1
0.26 293.83 1
0.27 294.38 1
0.28 294.59 1
0.29 293.07 1
0.3 294.65 1
0.31 293.84 1
0.32 294.09 1
0.33 293.04 1
0.34 294.16 1
0.35 294.57 1
0.36 293.06 1
0.37 294.06 1
0.38 293.05 1
0.39 293.04 1
0.4 294.29 1
0.41 293.09 1
0.42 294.99 1
0.43 294.8 1
0.44 294.44 1
0.45 294.87 1
0.46 293.05 1
0.47 293.05 1
0.48 294.31 1
0.49 294.54 1
0.5 293.79 1
0.51 293.64 1
0.52 293.5 1
0.53 293.46 1
0.54 292.73 1
0.55 293.34 1
0.56 293.64 1
0.57 294.32 1
0.58 293.55 1
0.59 293.48 1
0.6 293.03 1
0.61 293.05 1
0.62 293.15 1
0.63 294.06 1
0.64 293.92 1
0.65 293.8 1
0.66 293.45 1
0.67 292.61 1
0.68 291.71 1
0.69 291.28 1
0.7 289.48 1
0.71 288.75 1
0.72 286.96 1
0.73 285.06 1
0.74 285.01 1
0.75 285.52 1
0.76 287.09 1
0.77 291.12 1
0.78 293.13 1
0.79 308.61 1
0.8 319.3 1
0.81 330.69 1
0.82 340.58 1
0.83 351.42 1
0.84 368.38 1
0.85 375.2 1
0.86 391.69 1
0.87 382.69 1
0.88 383.0 1
0.89 383.94 1
0.9 382.69 1
0.91 379.83 1
0.92 375.25 1
0.93 371.09 1
0.94 368.1 1
0.95 365.92 1
0.96 359.81 1
0.97 348.18 1
0.98 343.32 1
0.99 336.39 1
1.0 163.31 1
1.01 160.51 1
1.02 158.42 1
1.03 158.79 1
1.04 160.68 1
1.05 165.48 1
1.06 168.66 1
1.07 171.27 1
1.08 176.77 1
1.09 181.68 1
1.1 184.14 1
1.11 96.16 1
1.12 95.37 1
1.13 95.61 1
1.14 95.97 1
1.15 95.77 1
1.16 96.18 1
1.17 96.6 1
1.18 96.96 1
1.19 97.16 1
1.2 97.68 1
1.21 97.48 1
1.22 97.26 1
1.23 97.03 1
1.24 96.33 1
1.25 126.23 1
1.26 125.44 1
1.27 123.03 1
1.28 123.64 1
1.29 122.01 1
1.3 118.71 1
1.31 120.02 1
1.32 121.49 1
1.33 123.93 1
1.34 126.64 1
1.35 127.66 1
1.36 96.83 1
1.37 97.5 1
1.38 97.4 1
1.39 96.18 1
1.4 95.13 1
1.41 93.97 1
1.42 93.72 1
1.43 94.33 1
1.44 95.11 1
1.45 96.19 1
1.46 97.25 1
1.47 98.79 1
1.48 102.45 1
1.49 98.21 1
1.5 98.26 1
1.51 98.76 1
1.52 100.34 1
1.53 99.0 1
1.54 99.09 1
1.55 98.77 1
1.56 99.64 1
1.57 98.78 1
1.58 99.18 1
1.59 99.33 1
1.6 99.39 1
1.61 99.29 1
1.62 99.0 1
1.63 98.56 1
1.64 97.82 1
1.65 96.78 1
1.66 95.57 1
1.67 190.46 1
1.68 381.68 1
1.69 375.27 1
1.7 378.41 1
1.71 376.82 1
1.72 364.46 1
1.73 330.34 1
1.74 372.51 1
1.75 345.96 1
1.76 343.19 1
1.77 280.36 1
1.78 274.83 1
1.79 273.7 1
1.8 268.93 1
1.81 274.73 1
1.82 270.79 1
1.83 271.46 1
1.84 276.35 1
1.85 273.03 1
1.86 274.67 1
1.87 269.3 1
1.88 271.35 1
1.89 269.71 1
1.9 272.97 1
1.91 273.0 1
1.92 276.38 1
1.93 275.78 1
1.94 278.22 1
1.95 279.97 1
1.96 281.03 1
1.97 283.02 1
1.98 284.45 1
1.99 290.2 1
2.0 291.12 1
2.01 291.19 1
2.02 293.28 1
2.03 301.14 1
2.04 318.22 1
2.05 321.17 1
2.06 327.88 1
2.07 345.98 1
2.08 346.13 1
2.09 363.99 1
2.1 367.5 1
2.11 375.23 1
2.12 378.26 1
2.13 372.47 1
2.14 373.28 1
2.15 372.14 1
2.16 369.57 1
2.17 371.06 1
2.18 372.12 1
2.19 381.48 1
2.2 378.42 1
2.21 377.82 1
2.22 381.76 1
2.23 381.77 1
2.24 381.81 1
2.25 382.4 1
2.26 383.66 1
2.27 385.07 1
2.28 383.65 1
2.29 381.75 1
2.3 381.61 1
2.31 378.36 1
2.32 370.82 1
2.33 362.94 1
2.34 354.27 1
2.35 348.72 1
2.36 348.9 1
2.37 351.42 1
2.38 351.57 1
2.39 363.65 1
2.4 372.14 1
2.41 377.37 1
2.42 385.11 1
2.43 386.89 1
2.44 391.08 1
2.45 391.08 1
2.46 391.04 1
2.47 386.6 1
2.48 383.89 1
2.49 384.95 1
2.5 376.24 1
2.51 372.11 1
2.52 368.21 1
2.53 355.82 1
2.54 343.4 1
2.55 339.7 1
2.56 335.0 1
2.57 330.32 1
2.58 325.45 1
2.59 321.56 1
2.6 322.15 1
2.61 319.07 1
2.62 320.65 1
2.63 316.12 1
2.64 318.36 1
2.65 318.34 1
2.66 319.1 1
2.67 320.89 1
2.68 325.45 1
2.69 326.73 1
2.7 330.81 1
2.71 330.82 1
2.72 328.15 1
2.73 325.07 1
2.74 320.45 1
2.75 320.01 1
2.76 312.34 1
2.77 0.0 1
2.78 0.0 1
2.79 0.0 1
2.8 0.0 1
2.81 0.0 1
2.82 0.0 1
2.83 0.0 1
2.84 279.19 1
2.85 294.98 1
2.86 287.28 1
2.87 289.28 1
2.88 289.07 1
2.89 291.39 1
2.9 290.92 1
2.91 293.34 1
2.92 293.55 1
2.93 293.88 1
2.94 294.35 1
2.95 294.99 1
2.96 293.04 1
2.97 294.22 1
2.98 293.02 1
2.99 292.99 1
3.0 292.52 1
3.01 293.48 1
3.02 294.26 1
3.03 294.99 1
3.04 293.06 1
3.05 293.04 1
3.06 292.54 1
3.07 292.48 1
3.08 291.55 1
3.09 290.36 1
3.1 289.94 1
3.11 290.18 1
3.12 290.02 1
3.13 290.09 1
3.14 290.45 1
3.15 290.91 1
3.16 291.09 1
3.17 292.93 1
3.18 293.04 1
3.19 293.03 1
3.2 292.2 1
3.21 290.58 1
3.22 288.18 1
3.23 284.76 1
3.24 282.42 1
3.25 276.48 1
3.26 274.7 1
3.27 258.72 1
3.28 259.52 1
3.29 252.53 1
3.3 247.1 1
3.31 243.07 1
3.32 238.97 1
3.33 244.2 1
3.34 245.65 1
3.35 228.01 1
3.36 226.86 1
3.37 226.84 1
3.38 225.7 1
3.39 227.99 1
3.4 226.85 1
3.41 234.65 1
3.42 238.96 1
3.43 245.55 1
3.44 245.67 1
3.45 247.65 1
3.46 253.18 1
3.47 257.15 1
3.48 263.0 1
3.49 260.25 1
3.5 265.2 1
3.51 264.89 1
3.52 266.74 1
3.53 265.9 1
3.54 260.26 1
3.55 258.74 1
3.56 257.16 1
3.57 254.75 1
3.58 253.09 1
3.59 246.82 1
3.6 247.06 1
3.61 242.95 1
3.62 238.76 1
3.63 247.05 1
3.64 242.95 1
3.65 236.44 1
3.66 236.53 1
3.67 238.92 1
3.68 234.02 1
3.69 236.43 1
3.7 235.7 1
3.71 236.33 1
3.72 237.67 1
3.73 235.82 1
3.74 237.67 1
3.75 235.23 1
3.76 237.69 1
3.77 237.62 1
3.78 238.36 1
3.79 238.99 1
3.8 238.68 1
3.81 239.49 1
3.82 242.95 1
3.83 244.96 1
3.84 247.33 1
3.85 251.74 1
3.86 253.37 1
3.87 256.44 1
3.88 255.87 1
3.89 254.23 1
3.9 254.53 1
3.91 252.54 1
3.92 250.0 1
3.93 248.33 1
3.94 243.36 1
3.95 240.32 1
3.96 241.53 1
3.97 231.68 1
3.98 225.7 1
3.99 225.12 1
4.0 222.89 1
4.01 220.91 1
4.02 218.05 1
4.03 217.75 1
4.04 214.86 1
4.05 216.66 1
4.06 216.68 1
4.07 217.76 1
4.08 217.76 1
4.09 217.76 1
4.1 218.83 1
4.11 216.7 1
4.12 216.69 1
4.13 216.67 1
4.14 216.69 1
4.15 217.74 1
4.16 217.74 1
4.17 217.76 1
4.18 217.77 1
4.19 217.86 1
4.2 218.85 1
4.21 218.81 1
4.22 218.84 1
4.23 218.83 1
4.24 216.69 1
4.25 215.65 1
4.26 216.7 1
4.27 218.2 1
4.28 220.07 1
4.29 224.21 1
4.3 229.1 1
4.31 231.51 1
4.32 232.74 1
4.33 240.57 1
4.34 242.95 1
4.35 241.2 1
4.36 244.32 1
4.37 242.96 1
4.38 244.31 1
4.39 245.66 1
4.4 245.26 1
4.41 246.07 1
4.42 245.9 1
4.43 245.43 1
4.44 246.7 1
4.45 245.78 1
4.46 245.57 1
4.47 245.53 1
4.48 245.71 1
4.49 246.48 1
4.5 246.64 1
4.51 246.55 1
4.52 245.69 1
4.53 245.66 1
4.54 244.9 1
4.55 245.33 1
4.56 245.52 1
4.57 246.25 1
4.58 245.82 1
4.59 245.4 1
4.6 245.57 1
4.61 245.69 1
4.62 246.49 1
4.63 246.38 1
4.64 245.78 1
4.65 245.5 1
4.66 245.07 1
4.67 244.13 1
4.68 243.24 1
4.69 243.55 1
4.7 244.28 1
4.71 244.29 1
4.72 245.63 1
4.73 244.81 1
4.74 245.01 1
4.75 245.55 1
4.76 245.79 1
4.77 245.69 1
4.78 246.06 1
4.79 246.14 1
4.8 245.87 1
4.81 244.59 1
4.82 243.99 1
4.83 243.26 1
4.84 242.96 1
4.85 242.97 1
4.86 243.95 1
4.87 245.66 1
4.88 244.58 1
4.89 245.62 1
4.9 244.24 1
4.91 244.88 1
4.92 245.57 1
4.93 244.98 1
4.94 243.75 1
4.95 242.95 1
4.96 242.92 1
4.97 241.77 1
4.98 242.93 1
4.99 242.96 1
5.0 244.3 1
5.01 246.97 1
5.02 249.42 1
5.03 250.27 1
5.04 252.76 1
5.05 253.57 1
5.06 253.76 1
5.07 253.54 1
5.08 254.2 1
5.09 253.55 1
5.1 252.51 1
5.11 249.48 1
5.12 244.3 1
5.13 238.05 1
5.14 236.46 1
5.15 235.17 1
5.16 242.84 1
5.17 244.24 1
5.18 249.37 1
5.19 258.67 1
5.2 269.2 1
5.21 276.8 1
5.22 287.91 1
5.23 291.14 1
5.24 299.0 1
5.25 299.02 1
5.26 297.01 1
5.27 293.07 1
5.28 291.1 1
5.29 290.88 1
5.3 288.76 1
5.31 285.26 1
5.32 282.24 1
5.33 279.32 1
5.34 274.73 1
5.35 271.37 1
5.36 263.15 1
5.37 259.8 1
5.38 249.18 1
5.39 247.66 1
5.4 246.28 1
5.41 246.58 1
5.42 248.06 1
5.43 251.09 1
5.44 253.35 1
5.45 251.69 1
5.46 260.5 1
5.47 122.63 1
5.48 122.81 1
5.49 121.92 1
5.5 123.06 1
5.51 121.24 1
5.52 120.66 1
5.53 97.76 1
5.54 97.14 1
5.55 98.11 1
5.56 97.7 1
5.57 98.5 1
5.58 99.12 1
5.59 98.51 1
5.6 98.99 1
5.61 98.36 1
5.62 97.31 1
5.63 0.0 1
5.64 285.44 1
5.65 291.87 1
5.66 291.11 1
5.67 291.1 1
5.68 293.04 1
5.69 292.82 1
5.7 291.85 1
5.71 291.1 1
5.72 291.82 1
5.73 292.16 1
5.74 292.56 1
5.75 293.38 1
5.76 293.01 1
5.77 291.75 1
5.78 291.52 1
5.79 291.95 1
5.8 291.83 1
5.81 291.89 1
5.82 292.33 1
5.83 292.97 1
5.84 292.13 1
5.85 291.58 1
5.86 291.72 1
5.87 291.96 1
5.88 291.79 1
5.89 292.9 1
5.9 292.74 1
5.91 293.32 1
5.92 294.05 1
5.93 294.73 1
5.94 294.5 1
5.95 295.12 1
5.96 294.7 1
5.97 295.16 1
5.98 295.62 1
5.99 295.41 1
6.0 295.26 1
6.01 294.56 1
6.02 293.74 1
6.03 294.24 1
6.04 294.52 1
6.05 294.62 1
6.06 294.98 1
6.07 295.29 1
6.08 296.36 1
6.09 295.03 1
6.1 295.04 1
6.11 294.88 1
6.12 294.21 1
6.13 292.79 1
6.14 292.49 1
6.15 292.16 1
6.16 292.49 1
6.17 292.51 1
6.18 292.71 1
6.19 292.3 1
6.2 292.38 1
6.21 293.29 1
6.22 293.62 1
6.23 293.66 1
6.24 293.06 1
6.25 291.17 1
6.26 293.03 1
6.27 291.14 1
6.28 292.24 1
6.29 291.11 1
6.3 292.43 1
6.31 293.42 1
6.32 294.35 1
6.33 291.24 1
6.34 294.59 1
6.35 293.58 1
6.36 292.61 1
6.37 291.19 1
6.38 291.58 1
6.39 290.64 1
6.4 287.9 1
6.41 278.42 1
6.42 279.01 1
6.43 273.02 1
6.44 269.34 1
6.45 262.17 1
6.46 258.21 1
6.47 253.29 1
6.48 249.04 1
6.49 245.59 1
6.5 243.24 1
6.51 241.64 1
6.52 229.12 1
6.53 248.44 1
6.54 246.42 1
6.55 286.81 1
6.56 242.73 1
6.57 262.93 1
6.58 267.64 1
6.59 271.29 1
6.6 287.85 1
6.61 281.82 1
6.62 286.46 1
6.63 283.39 1
6.64 282.17 1
6.65 279.09 1
6.66 275.34 1
6.67 272.48 1
6.68 270.34 1
6.69 260.45 1
6.7 257.26 1
6.71 264.66 1
6.72 257.76 1
6.73 256.19 1
6.74 254.62 1
6.75 252.53 1
6.76 248.07 1
6.77 247.37 1
6.78 247.08 1
6.79 246.19 1
6.8 247.25 1
6.81 247.12 1
6.82 247.05 1
6.83 246.66 1
6.84 249.75 1
6.85 247.84 1
6.86 257.09 1
6.87 258.11 1
6.88 251.24 1
6.89 272.79 1
6.9 267.23 1
6.91 281.79 1
6.92 310.82 1
6.93 321.5 1
6.94 328.78 1
6.95 336.0 1
6.96 337.93 1
6.97 339.49 1
6.98 338.15 1
6.99 335.47 1
7.0 332.44 1
7.01 328.85 1
7.02 329.33 1
7.03 326.2 1
7.04 324.53 1
7.05 325.34 1
7.06 320.09 1
7.07 320.61 1
7.08 317.5 1
7.09 320.43 1
7.1 317.13 1
7.11 318.93 1
7.12 322.13 1
7.13 327.93 1
7.14 333.99 1
7.15 340.55 1
7.16 343.22 1
7.17 350.89 1
7.18 348.62 1
7.19 343.99 1
7.2 335.07 1
7.21 323.97 1
7.22 311.65 1
7.23 302.2 1
7.24 295.1 1
7.25 292.87 1
7.26 291.98 1
7.27 293.86 1
7.28 281.81 1
7.29 288.47 1
7.3 294.94 1
7.31 293.29 1
7.32 290.92 1
7.33 292.2 1
7.34 0.0 1
7.35 0.0 1
7.36 0.0 1
7.37 0.0 1
7.38 98.54 1
7.39 98.41 1
7.4 98.76 1
7.41 97.25 1
7.42 98.49 1
7.43 96.19 1
7.44 98.54 1
7.45 98.03 1
7.46 97.99 1
7.47 97.98 1
7.48 98.17 1
7.49 97.69 1
7.5 98.75 1
7.51 97.9 1
7.52 98.07 1
7.53 98.32 1
7.54 97.7 1
7.55 97.27 1
7.56 99.17 1
7.57 98.12 1
7.58 98.08 1
7.59 98.21 1
7.6 0.0 1
7.61 0.0 1
7.62 311.64 1
7.63 298.97 1
7.64 291.18 1
7.65 295.01 1
7.66 295.0 1
7.67 293.07 1
7.68 291.17 1
7.69 291.16 1
7.7 291.13 1
7.71 291.0 1
7.72 289.06 1
7.73 287.51 1
7.74 288.06 1
7.75 288.71 1
7.76 289.1 1
7.77 288.22 1
7.78 287.55 1
7.79 290.38 1
7.8 291.15 1
7.81 301.16 1
7.82 313.58 1
7.83 313.85 1
7.84 313.8 1
7.85 354.33 1
7.86 378.03 1
7.87 409.74 1
7.88 410.3 1
7.89 414.18 1
7.9 402.8 1
7.91 402.48 1
7.92 401.34 1
7.93 406.5 1
7.94 392.18 1
7.95 393.88 1
7.96 393.1 1
7.97 394.89 1
7.98 397.23 1
7.99 397.09 1
8.0 396.66 1
8.01 396.97 1
8.02 396.21 1
8.03 394.4 1
8.04 391.46 1
8.05 388.93 1
8.06 384.78 1
8.07 380.51 1
8.08 373.06 1
8.09 366.14 1
8.1 365.97 1
8.11 362.9 1
8.12 359.12 1
8.13 368.97 1
8.14 368.21 1
8.15 374.02 1
8.16 388.34 1
8.17 392.79 1
8.18 400.41 1
8.19 405.17 1
8.2 401.38 1
8.21 405.15 1
8.22 404.73 1
8.23 400.92 1
8.24 395.23 1
8.25 387.85 1
8.26 380.33 1
8.27 371.07 1
8.28 360.67 1
8.29 351.14 1
8.3 338.74 1
8.31 333.34 1
8.32 337.76 1
8.33 330.2 1
8.34 320.55 1
8.35 322.95 1
8.36 322.11 1
8.37 330.14 1
8.38 327.66 1
8.39 328.59 1
8.4 329.53 1
8.41 331.05 1
8.42 331.91 1
8.43 334.17 1
8.44 337.17 1
8.45 339.02 1
8.46 339.49 1
8.47 341.53 1
8.48 340.65 1
8.49 348.26 1
8.5 353.84 1
8.51 354.23 1
8.52 354.73 1
8.53 352.99 1
8.54 348.62 1
8.55 343.36 1
8.56 335.89 1
8.57 320.68 1
8.58 308.6 1
8.59 301.09 1
8.6 300.26 1
8.61 301.0 1
8.62 300.26 1
8.63 299.04 1
8.64 281.77 1
8.65 282.59 1
8.66 283.53 1
8.67 297.13 1
8.68 295.29 1
8.69 301.08 1
8.7 301.05 1
8.71 297.15 1
8.72 295.14 1
8.73 293.2 1
8.74 291.24 1
8.75 293.08 1
8.76 293.05 1
8.77 291.12 1
8.78 289.25 1
8.79 289.24 1
8.8 289.23 1
8.81 288.47 1
8.82 285.48 1
8.83 285.52 1
8.84 289.23 1
8.85 289.22 1
8.86 289.19 1
8.87 288.98 1
8.88 285.52 1
8.89 283.64 1
8.9 285.46 1
8.91 286.13 1
8.92 284.44 1
8.93 282.54 1
8.94 279.7 1
8.95 275.56 1
8.96 264.9 1
8.97 271.37 1
8.98 256.37 1
8.99 250.17 1
9.0 246.76 1
9.01 241.26 1
9.02 236.0 1
9.03 232.8 1
9.04 231.94 1
9.05 231.49 1
9.06 235.19 1
9.07 237.9 1
9.08 242.08 1
9.09 245.69 1
9.1 252.43 1
9.11 257.21 1
9.12 247.4 1
9.13 265.48 1
9.14 263.35 1
9.15 264.82 1
9.16 262.68 1
9.17 258.73 1
9.18 255.66 1
9.19 254.06 1
9.2 251.25 1
9.21 249.35 1
9.22 248.4 1
9.23 248.38 1
9.24 248.53 1
9.25 248.32 1
9.26 248.22 1
9.27 248.56 1
9.28 247.78 1
9.29 246.93 1
9.3 247.72 1
9.31 247.92 1
9.32 249.17 1
9.33 248.82 1
9.34 250.17 1
9.35 249.9 1
9.36 249.85 1
9.37 249.55 1
9.38 247.58 1
9.39 246.39 1
9.4 245.19 1
9.41 244.18 1
9.42 244.19 1
9.43 243.6 1
9.44 244.3 1
9.45 243.34 1
9.46 243.26 1
9.47 241.47 1
9.48 240.89 1
9.49 240.04 1
9.5 239.16 1
9.51 237.87 1
9.52 233.97 1
9.53 235.21 1
9.54 237.98 1
9.55 239.2 1
9.56 243.37 1
9.57 247.06 1
9.58 238.95 1
9.59 240.04 1
9.6 254.18 1
9.61 258.73 1
9.62 258.7 1
9.63 260.37 1
9.64 260.29 1
9.65 261.16 1
9.66 259.83 1
9.67 257.96 1
9.68 255.76 1
9.69 253.99 1
9.7 249.77 1
9.71 246.08 1
9.72 244.31 1
9.73 240.84 1
9.74 227.79 1
9.75 242.89 1
9.76 241.67 1
9.77 245.13 1
9.78 248.78 1
9.79 255.51 1
9.8 257.16 1
9.81 262.84 1
9.82 252.0 1
9.83 248.66 1
9.84 250.2 1
9.85 257.21 1
9.86 266.37 1
9.87 254.25 1
9.88 258.27 1
9.89 257.53 1
9.9 255.25 1
9.91 252.85 1
9.92 248.5 1
9.93 245.89 1
9.94 243.53 1
9.95 241.61 1
9.96 234.02 1
9.97 235.35 1
9.98 233.14 1
9.99 225.64 1
10.0 229.06 1
10.01 223.91 1
10.02 222.93 1
10.03 223.27 1
10.04 217.36 1
10.05 216.22 1
10.06 216.59 1
10.07 210.54 1
10.08 214.58 1
10.09 214.57 1
10.1 213.58 1
10.11 214.65 1
10.12 215.61 1
10.13 219.68 1
10.14 213.7 1
10.15 207.22 1
10.16 220.33 1
10.17 222.79 1
10.18 227.93 1
10.19 225.59 1
10.2 228.8 1
10.21 226.74 1
10.22 226.74 1
10.23 222.92 1
10.24 236.01 1
10.25 248.39 1
10.26 247.85 1
10.27 247.81 1
10.28 247.05 1
10.29 244.32 1
10.3 240.37 1
10.31 245.56 1
10.32 242.43 1
10.33 243.57 1
10.34 245.62 1
10.35 244.54 1
10.36 244.59 1
10.37 245.46 1
10.38 246.28 1
10.39 246.79 1
10.4 243.53 1
10.41 237.75 1
10.42 122.82 1
10.43 120.99 1
10.44 122.55 1
10.45 119.03 1
10.46 119.19 1
10.47 148.55 1
10.48 149.55 1
10.49 146.27 1
10.5 148.68 1
10.51 146.76 1
10.52 147.25 1
10.53 149.24 1
10.54 144.83 1
10.55 146.01 1
10.56 144.37 1
10.57 146.76 1
10.58 146.28 1
10.59 146.76 1
10.6 147.13 1
10.61 146.27 1
10.62 147.25 1
10.63 145.67 1
10.64 148.74 1
10.65 145.31 1
10.66 148.56 1
10.67 145.97 1
10.68 148.59 1
10.69 146.27 1
10.7 149.26 1
10.71 145.69 1
10.72 147.26 1
