0.01 246.95 1
0.02 231.47 1
0.03 224.02 1
0.04 222.15 1
0.05 218.12 1
0.06 217.76 1
0.07 218.83 1
0.08 218.85 1
0.09 220.78 1
0.1 222.49 1
0.11 224.6 1
0.12 225.64 1
0.13 226.79 1
0.14 231.57 1
0.15 235.22 1
0.16 118.71 1
0.17 118.72 1
0.18 118.72 1
0.19 240.57 1
0.2 245.59 1
0.21 242.5 1
0.22 249.55 1
0.23 250.41 1
0.24 247.56 1
0.25 254.18 1
0.26 253.66 1
0.27 262.13 1
0.28 264.87 1
0.29 271.36 1
0.3 271.38 1
0.31 274.76 1
0.32 276.49 1
0.33 276.47 1
0.34 278.58 1
0.35 276.48 1
0.36 280.66 1
0.37 279.3 1
0.38 280.8 1
0.39 277.94 1
0.4 284.74 1
0.41 282.36 1
0.42 281.56 1
0.43 284.85 1
0.44 285.79 1
0.45 287.62 1
0.46 287.96 1
0.47 287.17 1
0.48 287.93 1
0.49 288.7 1
0.5 289.4 1
0.51 288.88 1
0.52 288.78 1
0.53 289.54 1
0.54 289.97 1
0.55 290.04 1
0.56 290.23 1
0.57 290.76 1
0.58 291.09 1
0.59 291.09 1
0.6 291.57 1
0.61 291.1 1
0.62 291.86 1
0.63 292.28 1
0.64 291.11 1
0.65 292.48 1
0.66 292.55 1
0.67 292.68 1
0.68 291.12 1
0.69 292.86 1
0.7 293.03 1
0.71 291.11 1
0.72 293.02 1
0.73 292.83 1
0.74 292.76 1
0.75 291.11 1
0.76 293.03 1
0.77 293.04 1
0.78 293.04 1
0.79 293.06 1
0.8 293.05 1
0.81 294.99 1
0.82 293.04 1
0.83 294.99 1
0.84 293.04 1
0.85 292.97 1
0.86 291.16 1
0.87 288.76 1
0.88 285.04 1
0.89 274.6 1
0.9 275.63 1
0.91 274.87 1
0.92 289.18 1
0.93 287.23 1
0.94 276.51 1
0.95 281.34 1
0.96 273.1 1
0.97 281.61 1
0.98 275.83 1
0.99 273.17 1
1.0 271.41 1
1.01 263.34 1
1.02 270.26 1
1.03 240.33 1
1.04 270.2 1
1.05 239.33 1
1.06 246.42 1
1.07 242.86 1
1.08 234.77 1
1.09 231.89 1
1.1 228.28 1
1.11 228.85 1
1.12 232.01 1
1.13 232.72 1
1.14 235.97 1
1.15 240.31 1
1.16 241.63 1
1.17 246.1 1
1.18 246.79 1
1.19 247.01 1
1.2 249.03 1
1.21 249.42 1
1.22 252.45 1
1.23 253.67 1
1.24 251.96 1
1.25 250.95 1
1.26 251.79 1
1.27 252.32 1
1.28 251.84 1
1.29 251.19 1
1.3 250.74 1
1.31 249.35 1
1.32 247.55 1
1.33 242.96 1
1.34 241.62 1
1.35 236.46 1
1.36 237.71 1
1.37 235.48 1
1.38 236.48 1
1.39 238.47 1
1.4 244.26 1
1.41 245.65 1
1.42 251.07 1
1.43 247.87 1
1.44 247.64 1
1.45 253.45 1
1.46 255.46 1
1.47 255.36 1
1.48 252.11 1
1.49 253.18 1
1.5 256.13 1
1.51 256.75 1
1.52 254.19 1
1.53 254.19 1
1.54 255.34 1
1.55 257.65 1
1.56 257.17 1
1.57 256.04 1
1.58 255.66 1
1.59 256.45 1
1.6 260.0 1
1.61 257.16 1
1.62 255.7 1
1.63 260.55 1
1.64 260.43 1
1.65 260.44 1
1.66 263.23 1
1.67 261.26 1
1.68 255.68 1
1.69 257.26 1
1.7 254.44 1
1.71 249.25 1
1.72 247.05 1
1.73 117.77 1
1.74 119.03 1
1.75 119.29 1
1.76 119.04 1
1.77 119.68 1
1.78 244.52 1
1.79 245.65 1
1.8 248.73 1
1.81 253.13 1
1.82 253.38 1
1.83 254.11 1
1.84 252.79 1
1.85 251.85 1
1.86 252.38 1
1.87 253.87 1
1.88 253.26 1
1.89 251.04 1
1.9 251.68 1
1.91 249.87 1
1.92 251.6 1
1.93 151.8 1
1.94 146.28 1
1.95 148.74 1
1.96 145.32 1
1.97 145.79 1
1.98 149.14 1
1.99 149.14 1
2.0 147.39 1
2.01 147.91 1
2.02 146.7 1
2.03 145.79 1
2.04 291.1 1
2.05 295.0 1
2.06 295.35 1
2.07 296.29 1
2.08 293.04 1
2.09 295.0 1
2.1 295.0 1
2.11 295.0 1
2.12 296.03 1
2.13 294.74 1
2.14 293.04 1
2.15 293.5 1
2.16 293.01 1
2.17 292.25 1
2.18 291.15 1
2.19 291.09 1
2.2 291.1 1
2.21 291.1 1
2.22 291.11 1
2.23 291.14 1
2.24 292.52 1
2.25 291.15 1
2.26 293.03 1
2.27 293.03 1
2.28 291.14 1
2.29 293.03 1
2.3 292.75 1
2.31 291.12 1
2.32 292.69 1
2.33 293.02 1
2.34 291.13 1
2.35 292.95 1
2.36 292.52 1
2.37 292.01 1
2.38 290.64 1
2.39 289.78 1
2.4 288.62 1
2.41 289.33 1
2.42 289.35 1
2.43 289.99 1
2.44 289.7 1
2.45 289.75 1
2.46 290.1 1
2.47 290.5 1
2.48 291.56 1
2.49 291.53 1
2.5 291.23 1
2.51 291.52 1
2.52 292.06 1
2.53 292.25 1
2.54 291.14 1
2.55 293.38 1
2.56 293.02 1
2.57 292.65 1
2.58 292.42 1
2.59 292.09 1
2.6 292.32 1
2.61 291.14 1
2.62 292.08 1
2.63 291.13 1
2.64 292.89 1
2.65 291.72 1
2.66 290.01 1
2.67 290.17 1
2.68 291.11 1
2.69 291.12 1
2.7 146.28 1
2.71 145.79 1
2.72 145.32 1
2.73 145.32 1
2.74 144.84 1
2.75 145.79 1
2.76 145.31 1
2.77 146.59 1
2.78 145.43 1
2.79 146.53 1
2.8 146.44 1
2.81 148.72 1
2.82 145.79 1
2.83 147.08 1
2.84 145.79 1
2.85 147.12 1
2.86 145.31 1
2.87 146.52 1
2.88 146.99 1
2.89 147.74 1
2.9 147.1 1
2.91 73.68 1
2.92 73.18 1
2.93 73.39 1
2.94 73.42 1
2.95 73.86 1
2.96 73.38 1
2.97 71.89 1
2.98 73.43 1
2.99 74.3 1
3.0 84.47 1
3.01 117.66 1
3.02 115.9 1
3.03 118.16 1
3.04 118.48 1
3.05 118.39 1
3.06 116.82 1
3.07 0.0 1
3.08 0.0 1
3.09 289.17 1
3.1 291.24 1
3.11 292.93 1
3.12 292.82 1
3.13 293.03 1
3.14 293.85 1
3.15 293.68 1
3.16 292.94 1
3.17 291.84 1
3.18 290.27 1
3.19 287.73 1
3.2 284.53 1
3.21 282.16 1
3.22 281.75 1
3.23 281.56 1
3.24 279.88 1
3.25 275.74 1
3.26 274.71 1
3.27 271.37 1
3.28 267.6 1
3.29 265.94 1
3.3 264.29 1
3.31 258.64 1
3.32 256.07 1
3.33 254.18 1
3.34 249.24 1
3.35 248.46 1
3.36 248.84 1
3.37 245.29 1
3.38 251.72 1
3.39 247.04 1
3.4 245.66 1
3.41 241.75 1
3.42 241.84 1
3.43 242.76 1
3.44 246.93 1
3.45 246.88 1
3.46 246.95 1
3.47 246.92 1
3.48 245.66 1
3.49 245.68 1
3.5 245.66 1
3.51 245.32 1
3.52 245.64 1
3.53 242.91 1
3.54 244.24 1
3.55 242.94 1
3.56 244.27 1
3.57 245.57 1
3.58 244.26 1
3.59 244.24 1
3.6 243.46 1
3.61 243.46 1
3.62 232.76 1
3.63 245.14 1
3.64 244.3 1
3.65 241.97 1
3.66 241.89 1
3.67 247.02 1
3.68 258.69 1
3.69 264.41 1
3.7 260.39 1
3.71 267.95 1
3.72 260.39 1
3.73 274.75 1
3.74 254.18 1
3.75 255.14 1
3.76 248.23 1
3.77 245.75 1
3.78 245.63 1
3.79 245.58 1
3.8 245.6 1
3.81 245.61 1
3.82 245.65 1
3.83 247.12 1
3.84 250.11 1
3.85 252.39 1
3.86 253.83 1
3.87 254.21 1
3.88 255.74 1
3.89 258.67 1
3.9 258.76 1
3.91 260.84 1
3.92 259.67 1
3.93 258.52 1
3.94 255.7 1
3.95 256.16 1
3.96 253.52 1
3.97 251.31 1
3.98 247.92 1
3.99 247.05 1
4.0 245.65 1
4.01 244.19 1
4.02 242.9 1
4.03 238.94 1
4.04 237.74 1
4.05 239.86 1
4.06 243.2 1
4.07 246.97 1
4.08 248.28 1
4.09 252.37 1
4.1 254.08 1
4.11 254.23 1
4.12 257.18 1
4.13 259.46 1
4.14 259.43 1
4.15 258.66 1
4.16 257.15 1
4.17 254.9 1
4.18 252.46 1
4.19 248.44 1
4.2 246.18 1
4.21 243.56 1
4.22 244.21 1
4.23 241.31 1
4.24 245.56 1
4.25 245.65 1
4.26 249.77 1
4.27 253.31 1
4.28 254.21 1
4.29 254.18 1
4.3 253.39 1
4.31 260.13 1
4.32 240.26 1
4.33 256.84 1
4.34 254.75 1
4.35 249.59 1
4.36 258.68 1
4.37 269.57 1
4.38 255.67 1
4.39 255.65 1
4.4 250.31 1
4.41 247.03 1
4.42 243.33 1
4.43 236.55 1
4.44 239.38 1
4.45 239.63 1
4.46 240.99 1
4.47 241.21 1
4.48 241.45 1
4.49 243.33 1
4.5 246.88 1
4.51 250.69 1
4.52 252.5 1
4.53 254.2 1
4.54 258.2 1
4.55 257.19 1
4.56 257.18 1
4.57 257.73 1
4.58 256.62 1
4.59 254.54 1
4.6 253.63 1
4.61 252.25 1
4.62 250.33 1
4.63 249.68 1
4.64 248.31 1
4.65 244.2 1
4.66 241.02 1
4.67 238.49 1
4.68 237.73 1
4.69 235.39 1
4.7 231.66 1
4.71 230.79 1
4.72 231.03 1
4.73 225.59 1
4.74 224.17 1
4.75 224.31 1
4.76 222.7 1
4.77 224.02 1
4.78 223.02 1
4.79 223.13 1
4.8 221.86 1
4.81 222.41 1
4.82 221.44 1
4.83 220.01 1
4.84 218.87 1
4.85 221.04 1
4.86 220.39 1
4.87 220.7 1
4.88 221.27 1
4.89 222.21 1
4.9 221.86 1
4.91 219.51 1
4.92 218.85 1
4.93 219.56 1
4.94 220.91 1
4.95 220.11 1
4.96 224.41 1
4.97 224.08 1
4.98 221.08 1
4.99 219.93 1
5.0 230.29 1
5.01 233.98 1
5.02 236.5 1
5.03 231.98 1
5.04 244.12 1
5.05 241.64 1
5.06 245.67 1
5.07 247.03 1
5.08 247.2 1
5.09 246.37 1
5.1 245.68 1
5.11 242.96 1
5.12 241.63 1
5.13 241.62 1
5.14 240.83 1
5.15 241.62 1
5.16 239.88 1
5.17 240.01 1
5.18 240.0 1
5.19 239.99 1
5.2 239.41 1
5.21 239.37 1
5.22 239.29 1
5.23 236.46 1
5.24 230.29 1
5.25 237.74 1
5.26 246.98 1
5.27 0.0 1
5.28 0.0 1
5.29 0.0 1
5.3 0.0 1
5.31 0.0 1
5.32 0.0 1
5.33 0.0 1
5.34 0.0 1
5.35 0.0 1
5.36 0.0 1
5.37 289.19 1
5.38 279.32 1
5.39 255.72 1
5.4 257.14 1
5.41 250.35 1
5.42 243.99 1
5.43 118.39 1
5.44 116.51 1
5.45 229.0 1
5.46 225.6 1
5.47 226.3 1
5.48 224.51 1
5.49 225.68 1
5.5 230.27 1
5.51 228.02 1
5.52 231.64 1
5.53 238.11 1
5.54 239.52 1
5.55 244.27 1
5.56 244.31 1
5.57 245.83 1
5.58 246.29 1
5.59 245.33 1
5.6 244.32 1
5.61 245.11 1
5.62 243.88 1
5.63 244.51 1
5.64 245.64 1
5.65 244.4 1
5.66 244.3 1
5.67 241.92 1
5.68 240.21 1
5.69 242.9 1
5.7 238.78 1
5.71 237.85 1
5.72 237.25 1
5.73 232.76 1
5.74 230.34 1
5.75 227.96 1
5.76 226.79 1
5.77 224.44 1
5.78 221.09 1
5.79 223.74 1
5.8 221.39 1
5.81 217.34 1
5.82 214.6 1
5.83 212.28 1
5.84 210.89 1
5.85 207.53 1
5.86 204.94 1
5.87 205.09 1
5.88 200.22 1
5.89 199.19 1
5.9 198.13 1
5.91 198.19 1
5.92 195.78 1
5.93 196.29 1
5.94 194.69 1
5.95 195.56 1
5.96 193.62 1
5.97 194.68 1
5.98 194.68 1
5.99 194.69 1
6.0 195.54 1
6.01 194.95 1
6.02 195.61 1
6.03 195.55 1
6.04 194.7 1
6.05 195.56 1
6.06 195.41 1
6.07 195.56 1
6.08 193.95 1
6.09 194.7 1
6.1 194.69 1
6.11 194.06 1
6.12 194.02 1
6.13 192.77 1
6.14 193.83 1
6.15 193.84 1
6.16 193.33 1
6.17 194.42 1
6.18 194.69 1
6.19 194.61 1
6.2 194.72 1
6.21 194.74 1
6.22 195.3 1
6.23 195.23 1
6.24 196.46 1
6.25 195.58 1
6.26 196.17 1
6.27 195.93 1
6.28 195.56 1
6.29 195.03 1
6.3 194.45 1
6.31 195.41 1
6.32 198.2 1
6.33 198.2 1
6.34 195.66 1
6.35 195.97 1
6.36 193.29 1
6.37 195.09 1
6.38 195.38 1
6.39 198.34 1
6.4 201.33 1
6.41 200.42 1
6.42 198.21 1
6.43 198.68 1
6.44 198.09 1
6.45 198.68 1
6.46 199.63 1
6.47 198.57 1
6.48 198.19 1
6.49 196.78 1
6.5 195.56 1
6.51 193.08 1
6.52 193.84 1
6.53 192.53 1
6.54 193.83 1
6.55 191.99 1
6.56 192.13 1
6.57 202.87 1
6.58 196.19 1
6.59 197.22 1
6.6 196.98 1
6.61 200.17 1
6.62 202.86 1
6.63 222.06 1
6.64 211.51 1
6.65 118.5 1
6.66 120.66 1
6.67 122.67 1
6.68 123.35 1
6.69 269.73 1
6.7 253.92 1
6.71 251.74 1
6.72 248.26 1
6.73 244.9 1
6.74 236.51 1
6.75 236.48 1
6.76 237.67 1
6.77 232.56 1
6.78 229.89 1
6.79 227.85 1
6.8 226.84 1
6.81 225.84 1
6.82 225.43 1
6.83 224.03 1
6.84 222.92 1
6.85 221.97 1
6.86 221.87 1
6.87 221.69 1
6.88 221.22 1
6.89 220.86 1
6.9 220.61 1
6.91 221.99 1
6.92 221.82 1
6.93 221.07 1
6.94 219.45 1
6.95 218.17 1
6.96 216.68 1
6.97 218.82 1
6.98 220.8 1
6.99 226.74 1
7.0 233.28 1
7.01 232.73 1
7.02 229.1 1
7.03 240.27 1
7.04 232.74 1
7.05 232.73 1
7.06 236.45 1
7.07 229.92 1
7.08 225.44 1
7.09 223.4 1
7.1 222.12 1
7.11 222.58 1
7.12 219.55 1
7.13 219.38 1
7.14 219.73 1
7.15 219.64 1
7.16 219.34 1
7.17 219.17 1
7.18 219.11 1
7.19 218.66 1
7.2 218.96 1
7.21 218.86 1
7.22 219.43 1
7.23 218.44 1
7.24 220.34 1
7.25 219.83 1
7.26 218.87 1
7.27 225.59 1
7.28 227.92 1
7.29 234.5 1
7.3 241.64 1
7.31 240.62 1
7.32 243.63 1
7.33 237.78 1
7.34 238.98 1
7.35 236.46 1
7.36 234.44 1
7.37 233.22 1
7.38 227.91 1
7.39 224.39 1
7.4 221.56 1
7.41 217.97 1
7.42 214.41 1
7.43 214.88 1
7.44 215.85 1
7.45 217.27 1
7.46 218.41 1
7.47 220.37 1
7.48 220.54 1
7.49 224.28 1
7.5 224.45 1
7.51 229.1 1
7.52 229.09 1
7.53 226.75 1
7.54 227.91 1
7.55 223.59 1
7.56 223.95 1
7.57 222.45 1
7.58 220.06 1
7.59 218.11 1
7.6 219.6 1
7.61 217.47 1
7.62 215.74 1
7.63 217.67 1
7.64 210.48 1
7.65 211.51 1
7.66 207.71 1
7.67 203.7 1
7.68 202.69 1
7.69 227.91 1
7.7 211.93 1
7.71 196.65 1
7.72 195.89 1
7.73 194.7 1
7.74 191.46 1
7.75 187.73 1
7.76 185.13 1
7.77 194.04 1
7.78 188.37 1
7.79 185.31 1
7.8 185.09 1
7.81 185.69 1
7.82 184.91 1
7.83 185.85 1
7.84 185.06 1
7.85 180.77 1
7.86 182.02 1
7.87 176.72 1
7.88 180.38 1
7.89 94.46 1
7.9 96.4 1
7.91 97.25 1
7.92 97.46 1
7.93 97.03 1
7.94 97.46 1
7.95 98.11 1
7.96 97.24 1
7.97 96.35 1
7.98 96.4 1
7.99 96.83 1
8.0 93.53 1
8.01 98.13 1
8.02 98.33 1
8.03 97.03 1
8.04 96.82 1
8.05 98.12 1
8.06 97.03 1
8.07 98.32 1
8.08 97.87 1
8.09 98.23 1
8.1 98.12 1
8.11 97.53 1
8.12 98.32 1
8.13 97.46 1
8.14 98.51 1
8.15 97.46 1
8.16 98.55 1
8.17 98.04 1
8.18 98.06 1
8.19 98.02 1
8.2 98.23 1
8.21 98.1 1
8.22 98.18 1
8.23 98.03 1
8.24 97.95 1
8.25 98.17 1
8.26 98.39 1
8.27 97.47 1
8.28 98.41 1
8.29 98.24 1
8.3 97.88 1
8.31 98.31 1
8.32 98.11 1
8.33 97.67 1
8.34 98.36 1
8.35 97.68 1
8.36 99.21 1
8.37 98.63 1
8.38 219.6 1
8.39 211.18 1
8.4 206.8 1
8.41 204.96 1
8.42 204.8 1
8.43 203.97 1
8.44 200.88 1
8.45 200.23 1
8.46 200.06 1
8.47 199.49 1
8.48 199.06 1
8.49 199.01 1
8.5 198.41 1
8.51 197.04 1
8.52 196.94 1
8.53 195.93 1
8.54 196.43 1
8.55 196.13 1
8.56 196.06 1
8.57 195.67 1
8.58 195.64 1
8.59 195.58 1
8.6 195.95 1
8.61 196.09 1
8.62 196.04 1
8.63 196.0 1
8.64 195.51 1
8.65 195.11 1
8.66 194.7 1
8.67 194.76 1
8.68 194.97 1
8.69 195.56 1
8.7 196.01 1
8.71 196.43 1
8.72 196.9 1
8.73 197.41 1
8.74 197.94 1
8.75 197.65 1
8.76 198.19 1
8.77 197.27 1
8.78 197.31 1
8.79 197.14 1
8.8 197.35 1
8.81 197.31 1
8.82 196.63 1
8.83 195.57 1
8.84 195.12 1
8.85 194.09 1
8.86 193.27 1
8.87 191.89 1
8.88 194.56 1
8.89 188.91 1
8.9 194.11 1
8.91 193.89 1
8.92 194.08 1
8.93 190.62 1
8.94 194.36 1
8.95 179.66 1
8.96 185.73 1
8.97 192.77 1
8.98 195.61 1
8.99 191.98 1
9.0 192.99 1
9.01 192.17 1
9.02 193.33 1
9.03 194.4 1
9.04 196.38 1
9.05 198.08 1
9.06 196.67 1
9.07 195.59 1
9.08 195.09 1
9.09 194.49 1
9.1 196.41 1
9.11 197.27 1
9.12 195.34 1
9.13 198.17 1
9.14 196.43 1
9.15 196.44 1
9.16 196.41 1
9.17 197.27 1
9.18 194.83 1
9.19 196.42 1
9.2 195.76 1
9.21 198.16 1
9.22 196.93 1
9.23 198.18 1
9.24 200.32 1
9.25 202.81 1
9.26 208.52 1
9.27 217.36 1
9.28 217.52 1
9.29 247.02 1
9.3 258.29 1
9.31 272.84 1
9.32 253.21 1
9.33 244.49 1
9.34 244.5 1
9.35 240.81 1
9.36 236.5 1
9.37 235.59 1
9.38 232.71 1
9.39 227.88 1
9.4 222.56 1
9.41 219.31 1
9.42 218.82 1
9.43 208.53 1
9.44 217.72 1
9.45 214.08 1
9.46 213.86 1
9.47 209.53 1
9.48 211.53 1
9.49 209.51 1
9.5 199.97 1
9.51 209.52 1
9.52 214.4 1
9.53 201.49 1
9.54 202.09 1
9.55 212.97 1
9.56 197.3 1
9.57 202.74 1
9.58 247.03 1
9.59 246.84 1
9.6 247.06 1
9.61 244.28 1
9.62 244.14 1
9.63 240.23 1
9.64 235.07 1
9.65 229.94 1
9.66 220.75 1
9.67 216.92 1
9.68 213.55 1
9.69 208.54 1
9.7 207.54 1
9.71 207.54 1
9.72 204.71 1
9.73 211.98 1
9.74 215.63 1
9.75 220.21 1
9.76 225.17 1
9.77 230.32 1
9.78 241.85 1
9.79 242.25 1
9.8 247.16 1
9.81 248.25 1
9.82 249.12 1
9.83 246.36 1
9.84 243.81 1
9.85 244.33 1
9.86 243.44 1
9.87 244.29 1
9.88 244.29 1
9.89 246.91 1
9.9 244.89 1
9.91 245.63 1
9.92 244.2 1
9.93 244.3 1
9.94 242.49 1
9.95 242.6 1
9.96 241.78 1
9.97 242.29 1
9.98 241.61 1
9.99 242.91 1
10.0 244.21 1
10.01 242.31 1
10.02 242.94 1
10.03 242.94 1
10.04 242.08 1
10.05 241.23 1
10.06 119.73 1
10.07 241.54 1
10.08 238.27 1
10.09 239.18 1
10.1 239.01 1
10.11 238.27 1
10.12 238.0 1
10.13 241.09 1
10.14 240.69 1
10.15 239.77 1
10.16 240.87 1
10.17 245.65 1
10.18 247.03 1
10.19 260.19 1
10.2 260.71 1
10.21 257.1 1
10.22 262.25 1
10.23 247.72 1
10.24 240.32 1
10.25 237.7 1
10.26 230.39 1
10.27 236.44 1
10.28 237.51 1
10.29 241.93 1
10.3 248.91 1
10.31 254.23 1
10.32 258.76 1
10.33 267.45 1
10.34 267.85 1
10.35 267.91 1
10.36 255.82 1
10.37 255.41 1
10.38 254.88 1
10.39 254.07 1
10.4 251.97 1
10.41 251.05 1
10.42 249.93 1
10.43 250.44 1
10.44 249.33 1
10.45 248.31 1
10.46 250.2 1
