0.01 303.11 1
0.02 289.55 1
0.03 290.37 1
0.04 290.96 1
0.05 287.59 1
0.06 287.72 1
0.07 286.19 1
0.08 285.87 1
0.09 286.4 1
0.1 286.19 1
0.11 286.52 1
0.12 286.85 1
0.13 287.79 1
0.14 287.96 1
0.15 288.13 1
0.16 288.69 1
0.17 288.77 1
0.18 288.42 1
0.19 287.71 1
0.2 286.72 1
0.21 287.38 1
0.22 287.38 1
0.23 287.03 1
0.24 286.26 1
0.25 283.66 1
0.26 285.48 1
0.27 286.95 1
0.28 285.68 1
0.29 287.32 1
0.3 286.87 1
0.31 287.17 1
0.32 286.28 1
0.33 287.32 1
0.34 285.4 1
0.35 289.39 1
0.36 361.65 1
0.37 378.5 1
0.38 378.48 1
0.39 378.46 1
0.4 374.42 1
0.41 373.4 1
0.42 372.09 1
0.43 367.07 1
0.44 361.25 1
0.45 346.39 1
0.46 348.98 1
0.47 353.96 1
0.48 345.93 1
0.49 342.55 1
0.5 340.67 1
0.51 336.06 1
0.52 333.35 1
0.53 330.45 1
0.54 330.01 1
0.55 325.46 1
0.56 324.17 1
0.57 324.04 1
0.58 325.44 1
0.59 326.04 1
0.6 325.77 1
0.61 325.15 1
0.62 325.43 1
0.63 325.44 1
0.64 327.06 1
0.65 329.39 1
0.66 330.72 1
0.67 333.54 1
0.68 335.01 1
0.69 338.22 1
0.7 340.58 1
0.71 340.64 1
0.72 339.36 1
0.73 336.38 1
0.74 334.28 1
0.75 330.93 1
0.76 329.63 1
0.77 321.73 1
0.78 322.99 1
0.79 322.99 1
0.8 320.64 1
0.81 318.4 1
0.82 320.7 1
0.83 323.08 1
0.84 325.44 1
0.85 330.66 1
0.86 336.69 1
0.87 340.61 1
0.88 345.97 1
0.89 356.88 1
0.9 346.1 1
0.91 340.69 1
0.92 330.13 1
0.93 336.36 1
0.94 326.35 1
0.95 340.56 1
0.96 335.42 1
0.97 328.38 1
0.98 332.99 1
0.99 0.0 1
1.0 0.0 1
1.01 0.0 1
1.02 278.21 1
1.03 285.52 1
1.04 289.5 1
1.05 291.23 1
1.06 291.47 1
1.07 291.65 1
1.08 291.55 1
1.09 291.71 1
1.1 290.67 1
1.11 289.79 1
1.12 288.79 1
1.13 288.33 1
1.14 288.7 1
1.15 288.42 1
1.16 288.54 1
1.17 289.08 1
1.18 289.27 1
1.19 289.74 1
1.2 290.67 1
1.21 290.2 1
1.22 289.91 1
1.23 289.96 1
1.24 289.76 1
1.25 289.23 1
1.26 287.99 1
1.27 287.13 1
1.28 285.78 1
1.29 287.3 1
1.3 285.45 1
1.31 287.71 1
1.32 287.91 1
1.33 287.51 1
1.34 286.2 1
1.35 285.45 1
1.36 286.49 1
1.37 293.45 1
1.38 290.16 1
1.39 290.43 1
1.4 290.46 1
1.41 289.45 1
1.42 288.33 1
1.43 286.86 1
1.44 285.29 1
1.45 281.75 1
1.46 273.98 1
1.47 268.0 1
1.48 255.75 1
1.49 248.41 1
1.5 229.09 1
1.51 223.32 1
1.52 0.0 1
1.53 0.0 1
1.54 0.0 1
1.55 0.0 1
1.56 0.0 1
1.57 0.0 1
1.58 273.93 1
1.59 281.87 1
1.6 283.89 1
1.61 285.48 1
1.62 255.55 1
1.63 279.99 1
1.64 266.85 1
1.65 264.85 1
1.66 250.79 1
1.67 274.7 1
1.68 278.05 1
1.69 240.12 1
1.7 258.04 1
1.71 247.79 1
1.72 244.29 1
1.73 245.6 1
1.74 243.02 1
1.75 243.18 1
1.76 246.73 1
1.77 245.6 1
1.78 244.5 1
1.79 244.03 1
1.8 244.31 1
1.81 244.38 1
1.82 244.32 1
1.83 244.24 1
1.84 242.08 1
1.85 240.23 1
1.86 240.23 1
1.87 229.34 1
1.88 237.71 1
1.89 235.84 1
1.9 235.24 1
1.91 238.18 1
1.92 231.52 1
1.93 240.31 1
1.94 236.81 1
1.95 241.62 1
1.96 246.96 1
1.97 260.21 1
1.98 247.05 1
1.99 258.65 1
2.0 266.46 1
2.01 252.37 1
2.02 240.9 1
2.03 244.21 1
2.04 242.49 1
2.05 235.13 1
2.06 230.27 1
2.07 235.2 1
2.08 242.7 1
2.09 249.84 1
2.1 252.92 1
2.11 260.29 1
2.12 272.89 1
2.13 271.31 1
2.14 268.14 1
2.15 262.39 1
2.16 256.73 1
2.17 251.26 1
2.18 247.0 1
2.19 253.45 1
2.2 246.93 1
2.21 247.0 1
2.22 248.23 1
2.23 248.85 1
2.24 247.03 1
2.25 117.11 1
2.26 113.75 1
2.27 123.06 1
2.28 121.39 1
2.29 119.03 1
2.3 119.99 1
2.31 117.13 1
2.32 119.31 1
2.33 147.83 1
2.34 146.77 1
2.35 145.66 1
2.36 144.83 1
2.37 149.06 1
2.38 144.82 1
2.39 149.9 1
2.4 144.83 1
2.41 149.74 1
2.42 146.76 1
2.43 286.78 1
2.44 292.96 1
2.45 293.04 1
2.46 294.12 1
2.47 295.66 1
2.48 295.02 1
2.49 296.19 1
2.5 295.67 1
2.51 295.4 1
2.52 294.99 1
2.53 295.38 1
2.54 294.71 1
2.55 294.64 1
2.56 294.94 1
2.57 294.27 1
2.58 293.04 1
2.59 292.35 1
2.6 291.03 1
2.61 290.33 1
2.62 289.03 1
2.63 285.39 1
2.64 282.53 1
2.65 281.78 1
2.66 0.0 1
2.67 0.0 1
2.68 0.0 1
2.69 0.0 1
2.7 0.0 1
2.71 0.0 1
2.72 0.0 1
2.73 0.0 1
2.74 0.0 1
2.75 0.0 1
2.76 0.0 1
2.77 0.0 1
2.78 278.42 1
2.79 283.44 1
2.8 287.14 1
2.81 287.32 1
2.82 288.7 1
2.83 287.55 1
2.84 291.17 1
2.85 291.19 1
2.86 293.07 1
2.87 295.0 1
2.88 293.71 1
2.89 293.08 1
2.9 291.13 1
2.91 289.74 1
2.92 287.5 1
2.93 288.97 1
2.94 289.8 1
2.95 290.75 1
2.96 288.6 1
2.97 288.46 1
2.98 288.06 1
2.99 287.31 1
3.0 291.52 1
3.01 290.1 1
3.02 287.81 1
3.03 285.59 1
3.04 283.78 1
3.05 280.57 1
3.06 281.43 1
3.07 289.23 1
3.08 281.85 1
3.09 0.0 1
3.1 0.0 1
3.11 0.0 1
3.12 0.0 1
3.13 0.0 1
3.14 0.0 1
3.15 0.0 1
3.16 0.0 1
3.17 0.0 1
3.18 0.0 1
3.19 272.25 1
3.2 282.04 1
3.21 287.56 1
3.22 291.34 1
3.23 291.02 1
3.24 277.5 1
3.25 276.49 1
3.26 278.99 1
3.27 288.43 1
3.28 0.0 1
3.29 0.0 1
3.3 0.0 1
3.31 0.0 1
3.32 0.0 1
3.33 242.94 1
3.34 252.75 1
3.35 275.5 1
3.36 275.11 1
3.37 261.32 1
3.38 189.46 1
3.39 246.06 1
3.4 247.28 1
3.41 251.09 1
3.42 248.85 1
3.43 247.78 1
3.44 247.21 1
3.45 245.83 1
3.46 245.55 1
3.47 242.5 1
3.48 242.1 1
3.49 242.9 1
3.5 239.36 1
3.51 239.62 1
3.52 239.04 1
3.53 236.46 1
3.54 236.47 1
3.55 245.68 1
3.56 249.82 1
3.57 276.51 1
3.58 278.25 1
3.59 273.08 1
3.6 258.0 1
3.61 256.83 1
3.62 262.52 1
3.63 254.63 1
3.64 248.27 1
3.65 247.07 1
3.66 247.38 1
3.67 250.75 1
3.68 252.08 1
3.69 255.67 1
3.7 260.01 1
3.71 258.73 1
3.72 264.8 1
3.73 260.28 1
3.74 258.66 1
3.75 255.9 1
3.76 249.67 1
3.77 240.83 1
3.78 240.31 1
3.79 240.14 1
3.8 242.36 1
3.81 247.05 1
3.82 251.48 1
3.83 254.74 1
3.84 257.15 1
3.85 257.15 1
3.86 264.87 1
3.87 263.3 1
3.88 255.46 1
3.89 260.18 1
3.9 256.73 1
3.91 264.53 1
3.92 266.81 1
3.93 250.91 1
3.94 269.63 1
3.95 260.03 1
3.96 257.33 1
3.97 256.09 1
3.98 253.05 1
3.99 250.23 1
4.0 250.97 1
4.01 251.79 1
4.02 254.18 1
4.03 258.12 1
4.04 262.31 1
4.05 264.38 1
4.06 265.06 1
4.07 261.77 1
4.08 261.17 1
4.09 257.75 1
4.1 251.2 1
4.11 243.73 1
4.12 237.89 1
4.13 230.3 1
4.14 227.92 1
4.15 223.97 1
4.16 220.4 1
4.17 221.7 1
4.18 216.97 1
4.19 219.94 1
4.2 220.81 1
4.21 219.96 1
4.22 221.03 1
4.23 212.4 1
4.24 216.81 1
4.25 211.2 1
4.26 214.31 1
4.27 217.78 1
4.28 218.86 1
4.29 188.06 1
4.3 211.11 1
4.31 198.19 1
4.32 210.51 1
4.33 220.04 1
4.34 236.94 1
4.35 248.16 1
4.36 252.77 1
4.37 249.32 1
4.38 247.9 1
4.39 246.31 1
4.4 245.9 1
4.41 245.96 1
4.42 246.04 1
4.43 245.89 1
4.44 246.15 1
4.45 246.31 1
4.46 246.68 1
4.47 246.12 1
4.48 242.97 1
4.49 238.19 1
4.5 235.19 1
4.51 228.02 1
4.52 227.7 1
4.53 221.88 1
4.54 216.67 1
4.55 208.54 1
4.56 206.56 1
4.57 203.75 1
4.58 205.66 1
4.59 213.54 1
4.6 219.93 1
4.61 225.51 1
4.62 233.97 1
4.63 241.68 1
4.64 247.78 1
4.65 247.01 1
4.66 249.93 1
4.67 249.61 1
4.68 248.81 1
4.69 247.46 1
4.7 245.95 1
4.71 244.64 1
4.72 245.34 1
4.73 244.91 1
4.74 245.05 1
4.75 245.6 1
4.76 245.76 1
4.77 243.87 1
4.78 240.16 1
4.79 226.66 1
4.8 220.73 1
4.81 239.02 1
4.82 240.56 1
4.83 243.57 1
4.84 245.03 1
4.85 247.53 1
4.86 249.25 1
4.87 249.94 1
4.88 249.31 1
4.89 245.87 1
4.9 242.68 1
4.91 234.63 1
4.92 231.88 1
4.93 224.62 1
4.94 222.89 1
4.95 219.97 1
4.96 214.76 1
4.97 212.86 1
4.98 215.29 1
4.99 214.28 1
5.0 217.22 1
5.01 221.33 1
5.02 227.03 1
5.03 227.91 1
5.04 237.96 1
5.05 234.79 1
5.06 245.68 1
5.07 233.96 1
5.08 232.72 1
5.09 226.74 1
5.1 233.64 1
5.11 0.0 1
5.12 0.0 1
5.13 0.0 1
5.14 0.0 1
5.15 96.18 1
5.16 98.62 1
5.17 98.83 1
5.18 102.44 1
5.19 99.66 1
5.2 99.66 1
5.21 98.77 1
5.22 98.83 1
5.23 99.05 1
5.24 98.88 1
5.25 99.06 1
5.26 99.26 1
5.27 99.0 1
5.28 99.43 1
5.29 99.29 1
5.3 99.73 1
5.31 99.44 1
5.32 99.61 1
5.33 99.21 1
5.34 98.84 1
5.35 98.77 1
5.36 98.55 1
5.37 97.89 1
5.38 97.43 1
5.39 97.03 1
5.4 96.61 1
5.41 96.4 1
5.42 96.82 1
5.43 94.33 1
5.44 96.82 1
5.45 95.98 1
5.46 94.94 1
5.47 94.96 1
5.48 95.88 1
5.49 96.61 1
5.5 93.88 1
5.51 96.58 1
5.52 96.83 1
5.53 97.03 1
5.54 96.98 1
5.55 97.4 1
5.56 97.14 1
5.57 97.07 1
5.58 97.24 1
5.59 96.92 1
5.6 97.03 1
5.61 96.17 1
5.62 94.51 1
5.63 93.44 1
5.64 92.46 1
5.65 92.59 1
5.66 87.92 1
5.67 91.49 1
5.68 87.76 1
5.69 90.96 1
5.7 91.59 1
5.71 95.56 1
5.72 95.2 1
5.73 98.4 1
5.74 97.68 1
5.75 97.03 1
5.76 96.82 1
5.77 97.89 1
5.78 93.11 1
5.79 191.34 1
5.8 190.49 1
5.81 201.03 1
5.82 188.87 1
5.83 191.83 1
5.84 190.89 1
5.85 181.11 1
5.86 190.49 1
5.87 184.09 1
5.88 184.65 1
5.89 184.14 1
5.9 182.93 1
5.91 184.64 1
5.92 181.09 1
5.93 182.24 1
5.94 176.82 1
5.95 180.61 1
5.96 174.65 1
5.97 173.32 1
5.98 166.82 1
5.99 0.0 1
6.0 0.0 1
6.01 0.0 1
6.02 0.0 1
6.03 0.0 1
6.04 0.0 1
6.05 0.0 1
6.06 0.0 1
6.07 0.0 1
6.08 0.0 1
6.09 0.0 1
6.1 169.81 1
6.11 167.99 1
6.12 178.18 1
6.13 194.28 1
6.14 182.61 1
6.15 190.49 1
6.16 193.85 1
6.17 185.32 1
6.18 182.58 1
6.19 180.0 1
6.2 184.15 1
6.21 182.32 1
6.22 177.61 1
6.23 171.24 1
6.24 172.44 1
6.25 175.58 1
6.26 171.26 1
6.27 160.09 1
6.28 163.05 1
6.29 173.97 1
6.3 168.21 1
6.31 174.84 1
6.32 175.78 1
6.33 177.1 1
6.34 184.13 1
6.35 199.01 1
6.36 193.23 1
6.37 200.49 1
6.38 188.07 1
6.39 203.96 1
6.4 183.39 1
6.41 171.26 1
6.42 189.69 1
6.43 187.63 1
6.44 179.9 1
6.45 182.51 1
6.46 182.26 1
6.47 184.91 1
6.48 152.85 1
6.49 144.37 1
6.5 146.64 1
6.51 151.27 1
6.52 146.27 1
6.53 146.7 1
6.54 147.36 1
6.55 146.32 1
6.56 152.31 1
6.57 145.32 1
6.58 147.83 1
6.59 147.89 1
6.6 148.72 1
6.61 146.27 1
6.62 147.24 1
6.63 146.85 1
6.64 147.39 1
6.65 146.27 1
6.66 147.56 1
6.67 146.27 1
6.68 147.38 1
6.69 146.28 1
6.7 147.15 1
6.71 147.25 1
6.72 146.81 1
6.73 146.76 1
6.74 147.72 1
6.75 144.84 1
6.76 173.44 1
6.77 225.59 1
6.78 220.55 1
6.79 199.46 1
6.8 191.32 1
6.81 185.69 1
6.82 181.11 1
6.83 172.11 1
6.84 175.47 1
6.85 177.94 1
6.86 183.8 1
6.87 188.08 1
6.88 192.8 1
6.89 196.78 1
6.9 197.01 1
6.91 195.56 1
6.92 191.16 1
6.93 191.28 1
6.94 189.68 1
6.95 166.76 1
6.96 155.56 1
6.97 152.49 1
6.98 148.73 1
6.99 146.28 1
7.0 144.36 1
7.01 147.19 1
7.02 144.83 1
7.03 152.62 1
7.04 145.31 1
7.05 148.64 1
7.06 146.28 1
7.07 147.75 1
7.08 149.34 1
7.09 146.24 1
7.1 149.94 1
7.11 148.63 1
7.12 144.36 1
7.13 144.36 1
7.14 144.3 1
7.15 144.33 1
7.16 145.26 1
7.17 147.25 1
7.18 148.74 1
7.19 149.46 1
7.2 149.92 1
7.21 153.31 1
7.22 156.64 1
7.23 157.22 1
7.24 164.57 1
7.25 177.64 1
7.26 180.48 1
7.27 182.84 1
7.28 176.15 1
7.29 169.95 1
7.3 166.58 1
7.31 155.56 1
7.32 150.79 1
7.33 145.2 1
7.34 146.18 1
7.35 146.95 1
7.36 144.83 1
7.37 146.02 1
7.38 152.64 1
7.39 150.25 1
7.4 148.23 1
7.41 147.57 1
7.42 184.91 1
7.43 188.06 1
7.44 197.26 1
7.45 191.5 1
7.46 192.44 1
7.47 194.21 1
7.48 194.79 1
7.49 194.7 1
7.5 194.25 1
7.51 194.17 1
7.52 192.49 1
7.53 188.07 1
7.54 186.49 1
7.55 188.07 1
7.56 190.5 1
7.57 186.47 1
7.58 174.02 1
7.59 177.9 1
7.6 174.69 1
7.61 174.45 1
7.62 184.14 1
7.63 192.98 1
7.64 196.8 1
7.65 205.94 1
7.66 210.81 1
7.67 214.58 1
7.68 198.56 1
7.69 193.54 1
7.7 197.98 1
7.71 196.9 1
7.72 200.36 1
7.73 202.28 1
7.74 199.16 1
7.75 198.6 1
7.76 194.33 1
7.77 194.53 1
7.78 189.66 1
7.79 192.15 1
7.8 191.56 1
7.81 190.38 1
7.82 190.21 1
7.83 189.1 1
7.84 188.06 1
7.85 190.36 1
7.86 191.4 1
7.87 191.75 1
7.88 191.31 1
7.89 191.72 1
7.9 192.63 1
7.91 192.51 1
7.92 193.14 1
7.93 193.44 1
7.94 193.97 1
7.95 195.93 1
7.96 195.35 1
7.97 194.34 1
7.98 195.28 1
7.99 195.77 1
8.0 196.57 1
8.01 195.95 1
8.02 194.31 1
8.03 192.38 1
8.04 190.54 1
8.05 191.34 1
8.06 188.87 1
8.07 190.95 1
8.08 190.51 1
8.09 191.34 1
8.1 193.18 1
8.11 193.13 1
8.12 200.43 1
8.13 205.6 1
8.14 116.4 1
8.15 124.81 1
8.16 126.19 1
8.17 128.88 1
8.18 130.55 1
8.19 130.66 1
8.2 259.31 1
8.21 255.67 1
8.22 250.8 1
8.23 245.21 1
8.24 238.15 1
8.25 232.82 1
8.26 228.74 1
8.27 223.69 1
8.28 218.64 1
8.29 216.7 1
8.3 214.58 1
8.31 214.8 1
8.32 215.34 1
8.33 217.13 1
8.34 220.06 1
8.35 222.35 1
8.36 226.41 1
8.37 233.46 1
8.38 233.96 1
8.39 230.29 1
8.4 236.45 1
8.41 232.1 1
8.42 225.17 1
8.43 221.52 1
8.44 219.46 1
8.45 220.31 1
8.46 219.74 1
8.47 215.68 1
8.48 215.65 1
8.49 208.52 1
8.5 96.82 1
8.51 99.66 1
8.52 94.83 1
8.53 85.5 1
8.54 91.95 1
8.55 87.76 1
8.56 92.04 1
8.57 97.68 1
8.58 98.16 1
8.59 97.47 1
8.6 98.33 1
8.61 94.74 1
8.62 99.66 1
8.63 96.83 1
8.64 98.54 1
8.65 97.03 1
8.66 98.35 1
8.67 97.68 1
8.68 98.0 1
8.69 97.25 1
8.7 98.98 1
8.71 98.33 1
8.72 98.76 1
8.73 97.67 1
8.74 96.39 1
8.75 97.03 1
8.76 97.71 1
8.77 97.42 1
8.78 97.92 1
8.79 98.29 1
8.8 98.45 1
8.81 98.45 1
8.82 98.79 1
8.83 98.55 1
8.84 98.21 1
8.85 97.78 1
8.86 96.78 1
8.87 191.51 1
8.88 189.67 1
8.89 182.99 1
8.9 179.76 1
8.91 179.15 1
8.92 182.8 1
8.93 157.57 1
8.94 201.38 1
8.95 221.08 1
8.96 242.94 1
8.97 260.19 1
8.98 261.49 1
8.99 250.39 1
9.0 0.0 1
9.01 0.0 1
9.02 0.0 1
9.03 0.0 1
9.04 0.0 1
9.05 0.0 1
9.06 0.0 1
9.07 0.0 1
9.08 239.44 1
9.09 201.9 1
9.1 197.16 1
9.11 197.31 1
9.12 195.56 1
9.13 196.1 1
9.14 197.29 1
9.15 197.47 1
9.16 198.67 1
9.17 199.42 1
9.18 200.06 1
9.19 199.75 1
9.2 200.5 1
9.21 200.45 1
9.22 200.4 1
9.23 200.05 1
9.24 199.26 1
9.25 198.92 1
9.26 197.49 1
9.27 196.71 1
9.28 196.46 1
9.29 195.33 1
9.3 195.48 1
9.31 196.01 1
9.32 194.39 1
9.33 195.6 1
9.34 197.49 1
9.35 197.22 1
9.36 194.56 1
9.37 196.84 1
9.38 197.31 1
9.39 197.63 1
9.4 198.42 1
9.41 199.18 1
9.42 200.56 1
9.43 201.77 1
9.44 203.22 1
9.45 201.96 1
9.46 201.99 1
9.47 201.93 1
9.48 203.61 1
9.49 202.8 1
9.5 202.74 1
9.51 200.05 1
9.52 200.01 1
9.53 199.62 1
9.54 193.86 1
9.55 196.51 1
9.56 195.56 1
9.57 196.33 1
9.58 202.76 1
9.59 229.1 1
9.6 217.24 1
9.61 236.09 1
9.62 231.57 1
9.63 182.62 1
9.64 187.48 1
9.65 205.79 1
9.66 195.56 1
9.67 196.43 1
9.68 271.37 1
9.69 267.29 1
9.7 271.13 1
9.71 259.81 1
9.72 245.68 1
9.73 245.65 1
9.74 222.8 1
9.75 218.82 1
9.76 214.03 1
9.77 106.14 1
9.78 107.18 1
9.79 109.78 1
9.8 112.72 1
9.81 116.51 1
9.82 118.64 1
9.83 120.35 1
9.84 124.38 1
9.85 124.4 1
9.86 124.43 1
9.87 123.58 1
9.88 124.05 1
9.89 120.34 1
9.9 122.07 1
9.91 120.36 1
9.92 121.01 1
9.93 122.42 1
9.94 122.15 1
9.95 117.59 1
9.96 122.14 1
9.97 120.0 1
9.98 122.0 1
9.99 122.72 1
10.0 120.0 1
10.01 243.01 1
10.02 252.7 1
10.03 250.01 1
10.04 228.04 1
10.05 237.74 1
10.06 237.42 1
10.07 237.51 1
10.08 230.42 1
10.09 244.51 1
10.1 248.54 1
10.11 256.3 1
10.12 263.37 1
10.13 257.18 1
10.14 259.75 1
10.15 254.89 1
10.16 250.21 1
10.17 245.61 1
10.18 247.0 1
10.19 248.72 1
10.2 254.27 1
10.21 263.34 1
10.22 278.33 1
10.23 283.51 1
10.24 282.12 1
10.25 277.64 1
10.26 269.45 1
10.27 260.18 1
10.28 258.25 1
10.29 264.87 1
