0.01 0.0 1
0.02 0.0 1
0.03 0.0 1
0.04 0.0 1
0.05 0.0 1
0.06 0.0 1
0.07 201.17 1
0.08 195.56 1
0.09 195.56 1
0.1 190.52 1
0.11 194.69 1
0.12 194.7 1
0.13 194.79 1
0.14 193.84 1
0.15 195.07 1
0.16 197.09 1
0.17 197.54 1
0.18 197.27 1
0.19 196.68 1
0.2 197.1 1
0.21 196.91 1
0.22 196.07 1
0.23 194.81 1
0.24 194.7 1
0.25 193.84 1
0.26 194.07 1
0.27 194.02 1
0.28 193.83 1
0.29 192.89 1
0.3 193.84 1
0.31 193.51 1
0.32 193.47 1
0.33 193.67 1
0.34 191.68 1
0.35 191.44 1
0.36 0.0 1
0.37 0.0 1
0.38 0.0 1
0.39 0.0 1
0.4 0.0 1
0.41 0.0 1
0.42 0.0 1
0.43 0.0 1
0.44 0.0 1
0.45 202.82 1
0.46 200.79 1
0.47 195.52 1
0.48 196.41 1
0.49 196.42 1
0.5 197.47 1
0.51 203.74 1
0.52 213.58 1
0.53 244.48 1
0.54 264.91 1
0.55 301.98 1
0.56 333.05 1
0.57 357.66 1
0.58 384.46 1
0.59 0.0 1
0.6 0.0 1
0.61 0.0 1
0.62 0.0 1
0.63 0.0 1
0.64 0.0 1
0.65 400.24 1
0.66 340.86 1
0.67 326.75 1
0.68 320.65 1
0.69 316.07 1
0.7 315.88 1
0.71 314.76 1
0.72 321.22 1
0.73 332.84 1
0.74 340.72 1
0.75 340.81 1
0.76 351.7 1
0.77 354.37 1
0.78 354.8 1
0.79 337.96 1
0.8 337.97 1
0.81 318.44 1
0.82 333.54 1
0.83 335.45 1
0.84 0.0 1
0.85 0.0 1
0.86 0.0 1
0.87 0.0 1
0.88 286.05 1
0.89 285.33 1
0.9 288.04 1
0.91 287.3 1
0.92 291.1 1
0.93 291.29 1
0.94 291.87 1
0.95 290.56 1
0.96 290.26 1
0.97 289.21 1
0.98 289.01 1
0.99 289.21 1
1.0 290.19 1
1.01 290.06 1
1.02 290.73 1
1.03 291.09 1
1.04 290.09 1
1.05 286.96 1
1.06 282.59 1
1.07 284.43 1
1.08 268.05 1
1.09 246.74 1
1.1 222.16 1
1.11 215.7 1
1.12 214.62 1
1.13 214.56 1
1.14 214.27 1
1.15 220.96 1
1.16 231.56 1
1.17 247.72 1
1.18 261.13 1
1.19 274.84 1
1.2 285.58 1
1.21 289.18 1
1.22 284.27 1
1.23 288.57 1
1.24 285.49 1
1.25 295.12 1
1.26 320.72 1
1.27 290.74 1
1.28 279.98 1
1.29 279.88 1
1.3 258.97 1
1.31 251.39 1
1.32 116.57 1
1.33 112.08 1
1.34 110.73 1
1.35 222.32 1
1.36 224.45 1
1.37 226.78 1
1.38 232.76 1
1.39 242.65 1
1.4 252.18 1
1.41 264.97 1
1.42 285.2 1
1.43 301.08 1
1.44 318.39 1
1.45 0.0 1
1.46 0.0 1
1.47 0.0 1
1.48 0.0 1
1.49 0.0 1
1.5 0.0 1
1.51 0.0 1
1.52 0.0 1
1.53 0.0 1
1.54 0.0 1
1.55 0.0 1
1.56 0.0 1
1.57 0.0 1
1.58 0.0 1
1.59 297.0 1
1.6 291.72 1
1.61 290.71 1
1.62 289.71 1
1.63 289.76 1
1.64 286.9 1
1.65 288.44 1
1.66 288.28 1
1.67 288.26 1
1.68 286.12 1
1.69 287.16 1
1.7 286.86 1
1.71 287.8 1
1.72 287.91 1
1.73 288.15 1
1.74 287.57 1
1.75 287.14 1
1.76 288.09 1
1.77 288.75 1
1.78 288.48 1
1.79 289.0 1
1.8 289.77 1
1.81 288.98 1
1.82 288.3 1
1.83 287.3 1
1.84 287.2 1
1.85 288.55 1
1.86 289.91 1
1.87 290.33 1
1.88 290.07 1
1.89 289.03 1
1.9 288.29 1
1.91 288.93 1
1.92 286.58 1
1.93 286.17 1
1.94 285.44 1
1.95 283.66 1
1.96 285.15 1
1.97 261.66 1
1.98 245.65 1
1.99 241.59 1
2.0 232.76 1
2.01 231.5 1
2.02 230.33 1
2.03 237.72 1
2.04 240.36 1
2.05 245.65 1
2.06 250.94 1
2.07 257.31 1
2.08 266.55 1
2.09 266.64 1
2.1 273.23 1
2.11 247.01 1
2.12 0.0 1
2.13 0.0 1
2.14 0.0 1
2.15 0.0 1
2.16 0.0 1
2.17 0.0 1
2.18 233.93 1
2.19 237.15 1
2.2 240.78 1
2.21 239.0 1
2.22 236.57 1
2.23 238.97 1
2.24 238.99 1
2.25 240.28 1
2.26 240.29 1
2.27 240.85 1
2.28 243.01 1
2.29 241.97 1
2.3 243.23 1
2.31 243.77 1
2.32 240.93 1
2.33 244.32 1
2.34 244.44 1
2.35 243.16 1
2.36 241.44 1
2.37 235.81 1
2.38 235.2 1
2.39 237.71 1
2.4 232.43 1
2.41 229.14 1
2.42 234.03 1
2.43 239.92 1
2.44 244.05 1
2.45 251.05 1
2.46 255.7 1
2.47 260.19 1
2.48 260.27 1
2.49 263.37 1
2.5 257.22 1
2.51 253.69 1
2.52 249.96 1
2.53 248.5 1
2.54 0.0 1
2.55 0.0 1
2.56 0.0 1
2.57 0.0 1
2.58 0.0 1
2.59 0.0 1
2.6 0.0 1
2.61 288.13 1
2.62 294.1 1
2.63 291.56 1
2.64 290.61 1
2.65 291.4 1
2.66 291.89 1
2.67 289.3 1
2.68 289.22 1
2.69 287.67 1
2.7 286.66 1
2.71 286.07 1
2.72 285.2 1
2.73 283.7 1
2.74 278.55 1
2.75 279.87 1
2.76 278.37 1
2.77 275.69 1
2.78 285.21 1
2.79 277.2 1
2.8 259.29 1
2.81 253.2 1
2.82 246.96 1
2.83 240.21 1
2.84 241.53 1
2.85 240.32 1
2.86 248.24 1
2.87 245.32 1
2.88 244.95 1
2.89 246.36 1
2.9 246.43 1
2.91 245.78 1
2.92 246.94 1
2.93 247.9 1
2.94 248.13 1
2.95 249.37 1
2.96 250.49 1
2.97 249.95 1
2.98 254.08 1
2.99 253.91 1
3.0 253.47 1
3.01 249.62 1
3.02 244.26 1
3.03 241.28 1
3.04 237.15 1
3.05 237.66 1
3.06 231.6 1
3.07 236.38 1
3.08 240.46 1
3.09 246.95 1
3.1 253.01 1
3.11 262.8 1
3.12 265.04 1
3.13 278.1 1
3.14 271.55 1
3.15 278.51 1
3.16 271.47 1
3.17 268.49 1
3.18 218.67 1
3.19 283.69 1
3.2 280.05 1
3.21 257.78 1
3.22 259.91 1
3.23 248.43 1
3.24 240.73 1
3.25 234.17 1
3.26 229.36 1
3.27 225.45 1
3.28 220.96 1
3.29 216.24 1
3.3 215.23 1
3.31 201.81 1
3.32 217.76 1
3.33 216.71 1
3.34 218.66 1
3.35 219.56 1
3.36 223.3 1
3.37 229.14 1
3.38 0.0 1
3.39 0.0 1
3.4 0.0 1
3.41 0.0 1
3.42 114.55 1
3.43 112.87 1
3.44 123.82 1
3.45 119.24 1
3.46 119.99 1
3.47 119.78 1
3.48 118.73 1
3.49 120.0 1
3.5 119.05 1
3.51 120.0 1
3.52 119.37 1
3.53 119.06 1
3.54 120.0 1
3.55 120.01 1
3.56 120.95 1
3.57 119.35 1
3.58 119.03 1
3.59 121.32 1
3.6 120.99 1
3.61 120.01 1
3.62 120.3 1
3.63 247.01 1
3.64 231.78 1
3.65 224.48 1
3.66 226.41 1
3.67 218.97 1
3.68 231.38 1
3.69 239.64 1
3.7 249.88 1
3.71 263.35 1
3.72 283.87 1
3.73 293.19 1
3.74 306.23 1
3.75 316.48 1
3.76 322.96 1
3.77 315.03 1
3.78 291.15 1
3.79 0.0 1
3.8 0.0 1
3.81 0.0 1
3.82 0.0 1
3.83 0.0 1
3.84 0.0 1
3.85 0.0 1
3.86 284.14 1
3.87 285.05 1
3.88 285.42 1
3.89 286.5 1
3.9 287.56 1
3.91 288.11 1
3.92 288.61 1
3.93 289.1 1
3.94 289.43 1
3.95 288.66 1
3.96 287.4 1
3.97 285.16 1
3.98 284.39 1
3.99 281.87 1
4.0 282.83 1
4.01 286.24 1
4.02 283.26 1
4.03 284.14 1
4.04 283.63 1
4.05 285.01 1
4.06 286.91 1
4.07 285.36 1
4.08 281.63 1
4.09 276.26 1
4.1 276.25 1
4.11 276.29 1
4.12 278.22 1
4.13 291.21 1
4.14 0.0 1
4.15 0.0 1
4.16 0.0 1
4.17 0.0 1
4.18 0.0 1
4.19 0.0 1
4.2 0.0 1
4.21 0.0 1
4.22 0.0 1
4.23 0.0 1
4.24 0.0 1
4.25 0.0 1
4.26 0.0 1
4.27 0.0 1
4.28 0.0 1
4.29 0.0 1
4.3 0.0 1
4.31 0.0 1
4.32 0.0 1
4.33 0.0 1
4.34 328.42 1
4.35 340.63 1
4.36 346.08 1
4.37 354.51 1
4.38 363.05 1
4.39 360.09 1
4.4 357.14 1
4.41 357.11 1
4.42 359.24 1
4.43 348.86 1
4.44 334.99 1
4.45 0.0 1
4.46 0.0 1
4.47 0.0 1
4.48 0.0 1
4.49 300.98 1
4.5 294.96 1
4.51 289.79 1
4.52 289.16 1
4.53 290.36 1
4.54 291.78 1
4.55 291.13 1
4.56 291.96 1
4.57 290.74 1
4.58 289.95 1
4.59 289.09 1
4.6 288.19 1
4.61 287.2 1
4.62 286.96 1
4.63 283.64 1
4.64 283.69 1
4.65 286.98 1
4.66 285.32 1
4.67 283.04 1
4.68 276.65 1
4.69 282.87 1
4.7 280.01 1
4.71 233.94 1
4.72 224.39 1
4.73 222.27 1
4.74 227.94 1
4.75 236.73 1
4.76 245.85 1
4.77 255.84 1
4.78 274.58 1
4.79 283.5 1
4.8 293.3 1
4.81 295.04 1
4.82 291.22 1
4.83 291.16 1
4.84 280.29 1
4.85 224.38 1
4.86 290.68 1
4.87 289.29 1
4.88 287.36 1
4.89 287.39 1
4.9 281.85 1
4.91 290.56 1
4.92 288.37 1
4.93 290.41 1
4.94 294.82 1
4.95 293.15 1
4.96 294.98 1
4.97 294.75 1
4.98 294.5 1
4.99 294.34 1
5.0 292.99 1
5.01 291.74 1
5.02 292.08 1
5.03 291.15 1
5.04 290.57 1
5.05 289.11 1
5.06 290.63 1
5.07 291.62 1
5.08 291.15 1
5.09 289.22 1
5.1 289.26 1
5.11 281.69 1
5.12 281.72 1
5.13 274.73 1
5.14 269.77 1
5.15 274.49 1
5.16 272.83 1
5.17 276.4 1
5.18 288.51 1
5.19 0.0 1
5.2 0.0 1
5.21 0.0 1
5.22 0.0 1
5.23 0.0 1
5.24 376.35 1
5.25 387.84 1
5.26 382.41 1
5.27 381.14 1
5.28 348.69 1
5.29 363.12 1
5.3 340.3 1
5.31 340.86 1
5.32 340.45 1
5.33 326.02 1
5.34 337.46 1
5.35 341.98 1
5.36 349.19 1
5.37 359.65 1
5.38 368.0 1
5.39 375.06 1
5.4 388.27 1
5.41 390.29 1
5.42 394.11 1
5.43 393.03 1
5.44 388.2 1
5.45 383.13 1
5.46 385.13 1
5.47 335.29 1
5.48 351.34 1
5.49 345.97 1
5.5 379.86 1
5.51 378.6 1
5.52 0.0 1
5.53 0.0 1
5.54 0.0 1
5.55 394.98 1
5.56 393.59 1
5.57 385.74 1
5.58 391.69 1
5.59 388.49 1
5.6 389.02 1
5.61 387.59 1
5.62 387.55 1
5.63 385.95 1
5.64 388.28 1
5.65 388.71 1
5.66 390.07 1
5.67 391.32 1
5.68 391.18 1
5.69 392.49 1
5.7 393.36 1
5.71 392.61 1
5.72 392.27 1
5.73 388.58 1
5.74 385.26 1
5.75 385.31 1
5.76 391.97 1
5.77 375.73 1
5.78 367.33 1
5.79 361.17 1
5.8 365.42 1
5.81 403.38 1
5.82 184.07 1
5.83 187.05 1
5.84 191.5 1
5.85 388.87 1
5.86 394.06 1
5.87 399.21 1
5.88 399.05 1
5.89 393.89 1
5.9 385.21 1
5.91 381.88 1
5.92 378.56 1
5.93 382.02 1
5.94 381.83 1
5.95 395.52 1
5.96 396.07 1
5.97 388.6 1
5.98 377.56 1
5.99 381.48 1
6.0 379.81 1
6.01 391.25 1
6.02 388.16 1
6.03 391.42 1
6.04 388.25 1
6.05 0.0 1
6.06 0.0 1
6.07 0.0 1
6.08 98.45 1
6.09 96.23 1
6.1 96.31 1
6.11 95.48 1
6.12 98.75 1
6.13 97.68 1
6.14 96.17 1
6.15 98.11 1
6.16 97.61 1
6.17 98.33 1
6.18 98.13 1
6.19 98.18 1
6.2 97.87 1
6.21 95.98 1
6.22 98.54 1
6.23 98.16 1
6.24 96.92 1
6.25 98.32 1
6.26 98.09 1
6.27 97.88 1
6.28 98.15 1
6.29 97.46 1
6.3 99.65 1
6.31 97.56 1
6.32 98.86 1
6.33 97.2 1
6.34 98.53 1
6.35 97.47 1
6.36 98.2 1
6.37 98.11 1
6.38 97.91 1
6.39 98.15 1
6.4 0.0 1
6.41 308.77 1
6.42 311.96 1
6.43 338.28 1
6.44 360.66 1
6.45 383.92 1
6.46 409.07 1
6.47 439.3 1
6.48 456.27 1
6.49 468.27 1
6.5 478.91 1
6.51 489.39 1
6.52 489.15 1
6.53 483.21 1
6.54 478.17 1
6.55 473.65 1
6.56 467.2 1
6.57 455.38 1
6.58 438.86 1
6.59 482.48 1
6.6 478.31 1
6.61 481.96 1
6.62 466.62 1
6.63 471.58 1
6.64 487.35 1
6.65 494.61 1
6.66 497.29 1
6.67 498.47 1
6.68 498.57 1
6.69 498.95 1
6.7 504.24 1
6.71 509.17 1
6.72 511.76 1
6.73 514.96 1
6.74 513.96 1
6.75 513.14 1
6.76 507.87 1
6.77 509.95 1
