0.01 193.85 1
0.02 162.44 1
0.03 166.29 1
0.04 173.39 1
0.05 357.83 1
0.06 372.22 1
0.07 395.34 1
0.08 407.41 1
0.09 417.48 1
0.1 411.21 1
0.11 450.68 1
0.12 466.66 1
0.13 469.9 1
0.14 484.46 1
0.15 486.5 1
0.16 496.59 1
0.17 496.95 1
0.18 497.49 1
0.19 494.91 1
0.2 492.11 1
0.21 490.91 1
0.22 486.67 1
0.23 483.8 1
0.24 477.16 1
0.25 472.33 1
0.26 467.33 1
0.27 451.83 1
0.28 438.86 1
0.29 445.39 1
0.3 440.08 1
0.31 439.04 1
0.32 438.68 1
0.33 438.63 1
0.34 434.61 1
0.35 442.96 1
0.36 434.59 1
0.37 443.66 1
0.38 434.53 1
0.39 395.49 1
0.4 434.54 1
0.41 440.13 1
0.42 438.39 1
0.43 447.7 1
0.44 456.96 1
0.45 528.25 1
0.46 458.41 1
0.47 499.31 1
0.48 484.61 1
0.49 487.2 1
0.5 490.86 1
0.51 491.01 1
0.52 491.62 1
0.53 492.69 1
0.54 491.14 1
0.55 490.52 1
0.56 489.96 1
0.57 489.56 1
0.58 490.02 1
0.59 490.14 1
0.6 488.39 1
0.61 487.24 1
0.62 487.1 1
0.63 487.44 1
0.64 487.42 1
0.65 491.01 1
0.66 494.02 1
0.67 496.25 1
0.68 493.99 1
0.69 496.81 1
0.7 497.17 1
0.71 497.98 1
0.72 495.47 1
0.73 493.89 1
0.74 488.78 1
0.75 471.76 1
0.76 342.76 1
0.77 348.55 1
0.78 333.6 1
0.79 338.31 1
0.8 309.47 1
0.81 307.27 1
0.82 303.06 1
0.83 298.43 1
0.84 318.99 1
0.85 306.38 1
0.86 306.09 1
0.87 299.02 1
0.88 297.0 1
0.89 295.09 1
0.9 299.95 1
0.91 297.09 1
0.92 303.82 1
0.93 303.68 1
0.94 303.1 1
0.95 304.9 1
0.96 305.74 1
0.97 306.43 1
0.98 313.68 1
0.99 308.76 1
1.0 309.94 1
1.01 310.04 1
1.02 315.94 1
1.03 312.37 1
1.04 316.05 1
1.05 318.34 1
1.06 320.68 1
1.07 327.7 1
1.08 327.77 1
1.09 336.89 1
1.1 340.57 1
1.11 355.19 1
1.12 0.0 1
1.13 0.0 1
1.14 0.0 1
1.15 422.25 1
1.16 447.7 1
1.17 466.43 1
1.18 481.54 1
1.19 487.29 1
1.2 501.64 1
1.21 507.79 1
1.22 507.1 1
1.23 504.22 1
1.24 482.14 1
1.25 503.58 1
1.26 498.21 1
1.27 508.68 1
1.28 0.0 1
1.29 0.0 1
1.3 0.0 1
1.31 487.59 1
1.32 483.4 1
1.33 484.06 1
1.34 488.41 1
1.35 494.33 1
1.36 495.04 1
1.37 493.12 1
1.38 494.65 1
1.39 492.93 1
1.4 492.74 1
1.41 495.9 1
1.42 496.63 1
1.43 497.04 1
1.44 495.75 1
1.45 495.72 1
1.46 493.93 1
1.47 494.21 1
1.48 493.8 1
1.49 490.44 1
1.5 489.11 1
1.51 490.44 1
1.52 489.11 1
1.53 489.45 1
1.54 489.94 1
1.55 491.26 1
1.56 494.32 1
1.57 494.15 1
1.58 494.55 1
1.59 499.43 1
1.6 497.07 1
1.61 497.04 1
1.62 476.8 1
1.63 471.67 1
1.64 493.93 1
1.65 492.23 1
1.66 491.58 1
1.67 483.7 1
1.68 478.15 1
1.69 483.61 1
1.7 489.02 1
1.71 491.2 1
1.72 496.9 1
1.73 497.59 1
1.74 498.99 1
1.75 498.19 1
1.76 494.7 1
1.77 491.89 1
1.78 486.71 1
1.79 482.33 1
1.8 479.25 1
1.81 475.8 1
1.82 471.29 1
1.83 465.83 1
1.84 462.01 1
1.85 459.17 1
1.86 451.72 1
1.87 452.99 1
1.88 449.38 1
1.89 445.19 1
1.9 444.04 1
1.91 444.28 1
1.92 442.28 1
1.93 439.31 1
1.94 434.52 1
1.95 431.53 1
1.96 428.79 1
1.97 434.06 1
1.98 434.29 1
1.99 434.5 1
2.0 432.88 1
2.01 422.11 1
2.02 422.37 1
2.03 435.95 1
2.04 447.36 1
2.05 414.18 1
2.06 394.19 1
2.07 443.2 1
2.08 418.02 1
2.09 444.49 1
2.1 435.83 1
2.11 515.81 1
2.12 485.5 1
2.13 485.63 1
2.14 486.7 1
2.15 498.71 1
2.16 501.8 1
2.17 499.03 1
2.18 494.98 1
2.19 491.49 1
2.2 486.3 1
2.21 487.29 1
2.22 488.48 1
2.23 488.45 1
2.24 489.89 1
2.25 491.2 1
2.26 495.08 1
2.27 497.94 1
2.28 502.12 1
2.29 511.74 1
2.3 509.7 1
2.31 511.31 1
2.32 506.3 1
2.33 501.52 1
2.34 496.24 1
2.35 486.79 1
2.36 483.11 1
2.37 483.74 1
2.38 484.95 1
2.39 490.52 1
2.4 494.4 1
2.41 500.69 1
2.42 501.44 1
2.43 490.61 1
2.44 499.79 1
2.45 496.22 1
2.46 497.45 1
2.47 483.13 1
2.48 486.94 1
2.49 500.92 1
2.5 487.52 1
2.51 490.84 1
2.52 497.71 1
2.53 503.63 1
2.54 502.94 1
2.55 499.5 1
2.56 496.43 1
2.57 490.82 1
2.58 488.76 1
2.59 482.31 1
2.6 476.76 1
2.61 472.82 1
2.62 459.45 1
2.63 450.77 1
2.64 443.93 1
2.65 441.06 1
2.66 442.49 1
2.67 434.51 1
2.68 436.09 1
2.69 430.3 1
2.7 430.66 1
2.71 429.69 1
2.72 430.31 1
2.73 435.72 1
2.74 441.83 1
2.75 444.64 1
2.76 449.88 1
2.77 456.99 1
2.78 462.73 1
2.79 466.63 1
2.8 469.92 1
2.81 469.0 1
2.82 465.75 1
2.83 465.35 1
2.84 463.86 1
2.85 460.58 1
2.86 443.82 1
2.87 427.62 1
2.88 443.22 1
2.89 0.0 1
2.9 0.0 1
2.91 0.0 1
2.92 0.0 1
2.93 0.0 1
2.94 365.96 1
2.95 361.1 1
2.96 385.15 1
2.97 381.7 1
2.98 384.74 1
2.99 390.48 1
3.0 394.5 1
3.01 391.51 1
3.02 391.74 1
3.03 391.01 1
3.04 392.01 1
3.05 393.04 1
3.06 394.19 1
3.07 394.39 1
3.08 395.37 1
3.09 395.39 1
3.1 395.38 1
3.11 395.37 1
3.12 395.78 1
3.13 394.95 1
3.14 393.3 1
3.15 393.06 1
3.16 392.63 1
3.17 392.53 1
3.18 392.15 1
3.19 392.46 1
3.2 392.15 1
3.21 391.83 1
3.22 392.84 1
3.23 392.4 1
3.24 390.68 1
3.25 390.2 1
3.26 390.34 1
3.27 337.68 1
3.28 385.23 1
3.29 390.49 1
3.3 387.56 1
3.31 371.23 1
3.32 375.34 1
3.33 386.92 1
3.34 385.26 1
3.35 387.54 1
3.36 388.64 1
3.37 389.37 1
3.38 389.6 1
3.39 389.5 1
3.4 392.02 1
3.41 392.75 1
3.42 392.9 1
3.43 391.55 1
3.44 388.79 1
3.45 384.88 1
3.46 382.59 1
3.47 380.27 1
3.48 366.53 1
3.49 372.18 1
3.5 374.94 1
3.51 362.63 1
3.52 354.47 1
3.53 359.96 1
3.54 366.37 1
3.55 378.47 1
3.56 391.73 1
3.57 395.69 1
3.58 414.34 1
3.59 417.18 1
3.6 413.97 1
3.61 475.3 1
3.62 0.0 1
3.63 0.0 1
3.64 0.0 1
3.65 0.0 1
3.66 0.0 1
3.67 0.0 1
3.68 0.0 1
3.69 410.66 1
3.7 393.3 1
3.71 378.48 1
3.72 365.95 1
3.73 356.28 1
3.74 350.43 1
3.75 348.29 1
3.76 348.23 1
3.77 346.21 1
3.78 357.85 1
3.79 368.96 1
3.8 381.53 1
3.81 384.89 1
3.82 379.17 1
3.83 386.6 1
3.84 388.5 1
3.85 388.41 1
3.86 383.2 1
3.87 380.37 1
3.88 381.5 1
3.89 375.12 1
3.9 360.1 1
3.91 351.92 1
3.92 343.64 1
3.93 325.46 1
3.94 320.63 1
3.95 316.02 1
3.96 293.25 1
3.97 297.03 1
3.98 291.45 1
3.99 291.17 1
4.0 293.03 1
4.01 291.85 1
4.02 291.65 1
4.03 288.85 1
4.04 268.02 1
4.05 278.44 1
4.06 287.39 1
4.07 291.21 1
4.08 291.24 1
4.09 284.47 1
4.1 287.31 1
4.11 290.61 1
4.12 290.31 1
4.13 294.82 1
4.14 292.5 1
4.15 289.96 1
4.16 291.09 1
4.17 291.42 1
4.18 291.09 1
4.19 289.05 1
4.2 288.35 1
4.21 287.27 1
4.22 287.2 1
4.23 286.78 1
4.24 287.55 1
4.25 289.63 1
4.26 295.26 1
4.27 296.98 1
4.28 325.15 1
4.29 328.14 1
4.3 356.51 1
4.31 378.32 1
4.32 382.91 1
4.33 389.79 1
4.34 391.72 1
4.35 388.41 1
4.36 385.46 1
4.37 381.78 1
4.38 363.41 1
4.39 372.02 1
4.4 338.01 1
4.41 340.74 1
4.42 338.03 1
4.43 337.58 1
4.44 332.03 1
4.45 330.11 1
4.46 328.14 1
4.47 327.89 1
4.48 330.72 1
4.49 329.45 1
4.5 329.59 1
4.51 332.4 1
4.52 300.95 1
4.53 332.86 1
4.54 327.98 1
4.55 330.91 1
4.56 333.3 1
4.57 331.16 1
4.58 332.83 1
4.59 340.53 1
4.6 197.43 1
4.61 198.19 1
4.62 193.86 1
4.63 196.33 1
4.64 198.17 1
4.65 196.41 1
4.66 197.31 1
4.67 196.65 1
4.68 197.7 1
4.69 197.18 1
4.7 196.92 1
4.71 196.72 1
4.72 196.76 1
4.73 196.22 1
4.74 195.53 1
4.75 195.6 1
4.76 193.9 1
4.77 181.74 1
4.78 189.67 1
4.79 181.62 1
4.8 190.55 1
4.81 195.74 1
4.82 200.02 1
4.83 195.87 1
4.84 199.19 1
4.85 204.13 1
4.86 200.92 1
4.87 196.01 1
4.88 190.26 1
4.89 195.47 1
4.9 198.72 1
4.91 197.84 1
4.92 197.88 1
4.93 198.09 1
4.94 194.32 1
4.95 197.24 1
4.96 197.22 1
4.97 198.38 1
4.98 285.43 1
4.99 206.48 1
5.0 202.92 1
5.01 197.18 1
5.02 198.52 1
5.03 197.85 1
5.04 196.51 1
5.05 198.2 1
5.06 197.68 1
5.07 197.57 1
5.08 196.91 1
5.09 197.27 1
5.1 197.0 1
5.11 197.3 1
5.12 197.05 1
5.13 197.7 1
5.14 198.06 1
5.15 198.09 1
5.16 197.55 1
5.17 196.76 1
5.18 196.53 1
5.19 196.44 1
5.2 196.08 1
5.21 195.93 1
5.22 196.69 1
5.23 196.07 1
5.24 195.59 1
5.25 194.97 1
5.26 195.55 1
5.27 195.81 1
5.28 195.55 1
5.29 195.14 1
5.3 195.17 1
5.31 196.4 1
5.32 195.54 1
5.33 194.9 1
5.34 194.73 1
5.35 194.69 1
5.36 194.1 1
5.37 194.67 1
5.38 194.06 1
5.39 196.35 1
5.4 194.04 1
5.41 193.84 1
5.42 193.0 1
5.43 191.98 1
5.44 192.97 1
5.45 192.14 1
5.46 192.99 1
5.47 194.65 1
5.48 194.64 1
5.49 192.91 1
5.5 193.83 1
5.51 193.83 1
5.52 195.51 1
5.53 195.55 1
5.54 194.7 1
5.55 195.54 1
5.56 194.0 1
5.57 193.82 1
5.58 189.29 1
5.59 186.43 1
5.6 182.87 1
5.61 181.77 1
5.62 182.46 1
5.63 183.44 1
5.64 391.55 1
5.65 385.12 1
5.66 392.79 1
5.67 395.55 1
5.68 404.01 1
5.69 406.89 1
5.7 426.03 1
5.71 414.07 1
5.72 0.0 1
5.73 0.0 1
5.74 0.0 1
5.75 0.0 1
5.76 0.0 1
5.77 0.0 1
5.78 0.0 1
5.79 300.64 1
5.8 311.1 1
5.81 316.21 1
5.82 309.48 1
5.83 311.65 1
5.84 311.77 1
5.85 318.41 1
5.86 324.18 1
5.87 329.12 1
5.88 325.79 1
5.89 337.37 1
5.9 332.08 1
5.91 337.02 1
5.92 337.38 1
5.93 337.66 1
5.94 335.43 1
5.95 332.65 1
5.96 330.88 1
5.97 328.51 1
5.98 324.59 1
5.99 325.87 1
6.0 320.29 1
6.01 320.68 1
6.02 312.3 1
6.03 308.99 1
6.04 303.17 1
6.05 295.17 1
6.06 295.08 1
6.07 293.11 1
6.08 295.05 1
6.09 293.11 1
6.1 293.07 1
6.11 293.06 1
6.12 291.12 1
6.13 291.1 1
6.14 291.1 1
6.15 293.04 1
6.16 292.22 1
6.17 293.06 1
6.18 293.07 1
6.19 293.08 1
6.2 293.05 1
6.21 291.47 1
6.22 288.09 1
6.23 290.54 1
6.24 291.1 1
6.25 288.34 1
6.26 292.94 1
6.27 292.81 1
6.28 290.92 1
6.29 291.41 1
6.3 292.77 1
6.31 291.15 1
6.32 294.88 1
6.33 292.23 1
6.34 292.27 1
6.35 288.81 1
6.36 289.93 1
6.37 196.21 1
6.38 196.83 1
6.39 196.02 1
6.4 195.93 1
6.41 196.2 1
6.42 195.85 1
6.43 196.42 1
6.44 195.54 1
6.45 198.08 1
6.46 195.59 1
6.47 196.62 1
6.48 193.92 1
6.49 197.25 1
6.5 196.43 1
6.51 198.09 1
6.52 196.05 1
6.53 200.81 1
6.54 193.1 1
6.55 198.13 1
6.56 196.25 1
6.57 200.71 1
6.58 196.19 1
6.59 199.85 1
6.6 196.22 1
6.61 198.15 1
6.62 0.0 1
6.63 0.0 1
6.64 0.0 1
6.65 0.0 1
6.66 0.0 1
6.67 0.0 1
6.68 0.0 1
6.69 277.09 1
6.7 287.83 1
6.71 292.16 1
6.72 286.56 1
6.73 285.47 1
6.74 280.51 1
6.75 279.48 1
6.76 279.97 1
6.77 281.72 1
6.78 281.74 1
6.79 281.77 1
6.8 281.77 1
6.81 281.79 1
6.82 280.87 1
6.83 282.39 1
6.84 282.87 1
6.85 284.27 1
6.86 285.59 1
6.87 285.35 1
6.88 285.79 1
6.89 286.1 1
6.9 289.36 1
6.91 293.09 1
6.92 299.06 1
6.93 320.48 1
6.94 325.37 1
6.95 336.69 1
6.96 338.12 1
6.97 0.0 1
6.98 0.0 1
6.99 0.0 1
7.0 381.31 1
7.01 385.61 1
7.02 382.07 1
7.03 386.67 1
7.04 388.99 1
7.05 389.32 1
7.06 391.12 1
7.07 390.12 1
7.08 369.06 1
7.09 385.25 1
7.1 385.36 1
7.11 386.45 1
7.12 387.1 1
7.13 392.0 1
7.14 391.69 1
7.15 395.28 1
7.16 395.17 1
7.17 390.58 1
7.18 391.3 1
7.19 391.99 1
7.2 391.99 1
7.21 391.66 1
7.22 392.83 1
7.23 393.22 1
7.24 393.42 1
7.25 395.69 1
7.26 396.97 1
7.27 397.23 1
7.28 392.99 1
7.29 391.82 1
7.3 388.25 1
7.31 381.64 1
7.32 374.7 1
7.33 375.04 1
7.34 362.28 1
7.35 354.65 1
7.36 365.64 1
7.37 365.75 1
7.38 375.67 1
7.39 414.7 1
7.4 387.02 1
7.41 390.21 1
7.42 389.01 1
7.43 383.82 1
7.44 387.99 1
7.45 461.44 1
7.46 391.96 1
7.47 398.85 1
7.48 392.29 1
7.49 389.96 1
7.5 387.11 1
7.51 381.77 1
7.52 375.15 1
7.53 368.87 1
7.54 362.79 1
7.55 351.05 1
7.56 345.0 1
7.57 343.19 1
7.58 336.11 1
7.59 328.77 1
7.6 326.59 1
7.61 323.85 1
7.62 325.44 1
7.63 322.42 1
7.64 323.03 1
7.65 323.03 1
7.66 325.35 1
7.67 323.02 1
7.68 321.29 1
7.69 321.16 1
7.7 325.36 1
7.71 325.39 1
7.72 323.84 1
7.73 327.79 1
7.74 324.48 1
7.75 326.71 1
7.76 328.12 1
7.77 327.06 1
7.78 324.4 1
7.79 320.37 1
7.8 322.79 1
7.81 325.14 1
7.82 321.44 1
7.83 327.78 1
7.84 160.09 1
7.85 155.06 1
7.86 161.84 1
7.87 153.71 1
7.88 154.98 1
7.89 161.26 1
7.9 162.03 1
7.91 166.1 1
7.92 151.28 1
7.93 301.26 1
7.94 305.97 1
7.95 301.05 1
7.96 297.08 1
7.97 299.05 1
7.98 299.06 1
7.99 301.44 1
8.0 297.08 1
8.01 295.11 1
8.02 297.07 1
8.03 299.01 1
8.04 295.07 1
8.05 293.12 1
8.06 293.08 1
8.07 291.15 1
8.08 291.13 1
8.09 292.63 1
8.1 293.03 1
8.11 293.05 1
8.12 293.06 1
8.13 293.05 1
8.14 293.05 1
8.15 293.06 1
8.16 293.07 1
8.17 293.06 1
8.18 293.04 1
8.19 291.14 1
8.2 291.13 1
8.21 291.09 1
8.22 289.65 1
8.23 287.81 1
8.24 285.03 1
8.25 282.57 1
8.26 279.92 1
8.27 274.68 1
8.28 276.31 1
8.29 255.41 1
8.3 248.77 1
8.31 119.68 1
8.32 118.53 1
8.33 115.87 1
8.34 115.28 1
8.35 118.19 1
8.36 241.55 1
8.37 244.32 1
8.38 253.55 1
8.39 258.67 1
8.4 264.64 1
8.41 270.44 1
8.42 274.74 1
8.43 278.68 1
8.44 285.16 1
8.45 284.72 1
8.46 283.54 1
8.47 286.18 1
8.48 286.89 1
8.49 288.46 1
8.5 286.32 1
8.51 287.3 1
8.52 287.24 1
8.53 287.63 1
8.54 288.29 1
8.55 288.14 1
8.56 288.15 1
8.57 287.83 1
8.58 288.02 1
8.59 288.78 1
8.6 290.02 1
8.61 289.49 1
8.62 288.85 1
8.63 287.91 1
8.64 286.78 1
8.65 288.32 1
8.66 289.24 1
8.67 289.18 1
8.68 289.9 1
8.69 287.35 1
8.7 285.8 1
8.71 288.29 1
8.72 289.84 1
8.73 291.98 1
8.74 290.73 1
8.75 291.33 1
8.76 291.43 1
8.77 291.42 1
8.78 292.64 1
8.79 292.2 1
8.8 291.1 1
8.81 291.81 1
8.82 291.1 1
8.83 292.85 1
8.84 291.12 1
8.85 292.34 1
8.86 291.95 1
8.87 291.09 1
8.88 288.76 1
8.89 285.8 1
8.9 283.47 1
8.91 276.14 1
8.92 273.02 1
8.93 263.29 1
8.94 254.19 1
8.95 244.24 1
8.96 234.63 1
8.97 227.96 1
8.98 240.28 1
8.99 238.89 1
9.0 247.03 1
9.01 257.17 1
9.02 263.32 1
9.03 274.14 1
9.04 280.41 1
9.05 283.5 1
9.06 280.82 1
9.07 252.76 1
9.08 268.08 1
9.09 247.02 1
9.1 264.9 1
9.11 253.19 1
9.12 279.66 1
9.13 282.85 1
9.14 213.55 1
9.15 251.19 1
9.16 236.76 1
9.17 242.01 1
9.18 239.59 1
9.19 241.61 1
9.2 240.4 1
9.21 245.62 1
9.22 242.97 1
9.23 244.31 1
9.24 243.32 1
9.25 242.46 1
9.26 245.62 1
9.27 243.33 1
9.28 245.6 1
9.29 243.5 1
9.3 245.63 1
9.31 244.31 1
9.32 244.68 1
9.33 243.4 1
9.34 243.79 1
9.35 242.92 1
9.36 243.45 1
9.37 243.36 1
9.38 243.46 1
9.39 243.08 1
9.4 242.52 1
9.41 241.93 1
9.42 240.24 1
9.43 239.93 1
9.44 237.09 1
9.45 230.29 1
9.46 240.27 1
9.47 237.83 1
9.48 236.47 1
9.49 232.92 1
9.5 231.53 1
9.51 241.77 1
9.52 239.86 1
9.53 247.28 1
9.54 247.2 1
9.55 250.28 1
9.56 248.18 1
9.57 246.38 1
9.58 243.9 1
9.59 241.32 1
9.6 239.36 1
9.61 234.93 1
9.62 233.48 1
9.63 229.59 1
9.64 224.73 1
9.65 223.45 1
9.66 220.79 1
9.67 217.68 1
9.68 216.57 1
9.69 212.55 1
9.7 212.64 1
9.71 211.8 1
9.72 212.65 1
9.73 212.37 1
9.74 215.32 1
9.75 217.24 1
9.76 224.85 1
9.77 227.82 1
9.78 231.5 1
9.79 240.03 1
9.8 241.27 1
9.81 243.83 1
9.82 255.22 1
9.83 256.85 1
9.84 254.18 1
9.85 241.66 1
9.86 0.0 1
9.87 0.0 1
9.88 0.0 1
9.89 0.0 1
9.9 0.0 1
9.91 0.0 1
9.92 0.0 1
9.93 0.0 1
9.94 0.0 1
9.95 208.69 1
9.96 195.32 1
9.97 195.59 1
9.98 195.05 1
9.99 193.78 1
10.0 194.45 1
10.01 194.45 1
10.02 193.82 1
10.03 194.37 1
10.04 194.8 1
10.05 195.64 1
10.06 195.87 1
10.07 196.74 1
10.08 196.62 1
10.09 196.79 1
10.1 196.69 1
10.11 196.51 1
10.12 196.37 1
10.13 196.05 1
10.14 196.27 1
10.15 195.82 1
10.16 196.04 1
10.17 196.06 1
10.18 195.96 1
10.19 195.64 1
10.2 195.14 1
10.21 194.13 1
10.22 193.47 1
10.23 194.7 1
10.24 194.46 1
10.25 196.07 1
10.26 196.43 1
10.27 195.86 1
10.28 196.15 1
10.29 195.1 1
10.3 195.17 1
10.31 196.87 1
10.32 196.8 1
10.33 195.38 1
10.34 195.17 1
10.35 195.68 1
10.36 196.29 1
10.37 196.19 1
10.38 196.8 1
10.39 196.69 1
10.4 198.27 1
10.41 197.94 1
10.42 197.94 1
10.43 198.38 1
10.44 198.42 1
10.45 198.88 1
10.46 198.49 1
10.47 197.98 1
10.48 198.16 1
10.49 199.6 1
10.5 202.76 1
10.51 208.71 1
10.52 216.11 1
10.53 217.7 1
10.54 227.71 1
10.55 249.55 1
10.56 251.23 1
10.57 252.43 1
10.58 251.22 1
10.59 249.15 1
10.6 248.27 1
10.61 244.1 1
10.62 239.02 1
10.63 232.92 1
10.64 232.11 1
10.65 229.48 1
10.66 220.6 1
10.67 218.92 1
10.68 217.33 1
10.69 217.36 1
10.7 216.75 1
10.71 218.03 1
10.72 221.22 1
10.73 223.88 1
10.74 227.86 1
10.75 232.68 1
10.76 233.62 1
10.77 235.51 1
10.78 235.53 1
10.79 233.31 1
10.8 231.5 1
10.81 227.18 1
10.82 222.82 1
10.83 216.21 1
10.84 227.48 1
10.85 209.5 1
10.86 97.03 1
10.87 98.31 1
10.88 98.21 1
10.89 98.09 1
10.9 98.45 1
10.91 97.91 1
10.92 97.89 1
10.93 98.18 1
10.94 98.06 1
10.95 98.25 1
10.96 98.36 1
10.97 98.4 1
10.98 98.15 1
10.99 97.03 1
11.0 98.55 1
11.01 98.09 1
11.02 98.33 1
11.03 97.68 1
11.04 98.76 1
11.05 97.95 1
11.06 97.46 1
11.07 98.15 1
11.08 98.09 1
11.09 98.03 1
11.1 98.33 1
11.11 98.06 1
11.12 98.07 1
11.13 97.46 1
11.14 119.68 1
11.15 119.03 1
11.16 118.52 1
11.17 227.24 1
11.18 250.71 1
11.19 235.2 1
11.2 241.84 1
11.21 246.27 1
11.22 243.03 1
11.23 242.97 1
11.24 244.32 1
11.25 244.31 1
11.26 242.96 1
11.27 240.31 1
11.28 237.94 1
11.29 238.65 1
11.3 240.31 1
11.31 239.85 1
11.32 240.77 1
11.33 241.63 1
11.34 241.68 1
11.35 242.95 1
11.36 241.7 1
11.37 241.03 1
11.38 242.91 1
11.39 241.84 1
11.4 242.96 1
11.41 242.96 1
11.42 242.97 1
11.43 244.31 1
11.44 245.12 1
11.45 245.71 1
11.46 245.86 1
11.47 246.16 1
11.48 245.69 1
11.49 246.08 1
11.5 245.39 1
11.51 208.59 1
11.52 244.97 1
11.53 245.76 1
11.54 246.3 1
11.55 246.09 1
11.56 247.68 1
11.57 245.66 1
11.58 261.47 1
11.59 241.08 1
11.6 236.85 1
11.61 236.81 1
11.62 236.51 1
11.63 233.97 1
11.64 241.63 1
11.65 240.32 1
11.66 241.64 1
11.67 245.66 1
11.68 247.01 1
11.69 247.01 1
11.7 247.01 1
11.71 249.76 1
11.72 248.69 1
11.73 247.68 1
11.74 249.64 1
11.75 249.37 1
11.76 249.52 1
11.77 249.83 1
11.78 249.19 1
11.79 249.02 1
11.8 247.68 1
11.81 247.04 1
11.82 244.33 1
11.83 241.63 1
11.84 236.44 1
11.85 236.31 1
11.86 236.87 1
11.87 245.23 1
11.88 257.22 1
11.89 278.15 1
11.9 290.95 1
11.91 305.23 1
11.92 324.19 1
11.93 316.71 1
11.94 270.73 1
11.95 301.06 1
11.96 297.13 1
11.97 303.11 1
11.98 309.48 1
11.99 291.11 1
12.0 296.98 1
12.01 303.1 1
12.02 300.03 1
12.03 288.41 1
12.04 281.79 1
12.05 272.98 1
12.06 274.45 1
12.07 253.98 1
12.08 252.24 1
12.09 255.61 1
12.1 268.0 1
12.11 264.83 1
12.12 276.47 1
12.13 278.23 1
12.14 285.81 1
12.15 291.12 1
12.16 293.05 1
12.17 298.98 1
12.18 295.06 1
12.19 297.02 1
12.2 295.07 1
12.21 295.08 1
12.22 293.1 1
12.23 295.99 1
12.24 295.0 1
12.25 294.99 1
12.26 294.45 1
12.27 294.7 1
12.28 293.03 1
12.29 291.12 1
12.3 292.31 1
12.31 291.12 1
12.32 293.58 1
12.33 292.81 1
12.34 290.33 1
12.35 289.63 1
12.36 291.8 1
12.37 0.0 1
12.38 0.0 1
12.39 291.11 1
12.4 291.1 1
12.41 287.16 1
12.42 289.11 1
12.43 293.04 1
12.44 286.38 1
12.45 286.93 1
12.46 285.96 1
12.47 283.29 1
12.48 283.37 1
12.49 286.44 1
12.5 289.73 1
12.51 293.06 1
12.52 308.74 1
12.53 324.56 1
12.54 321.16 1
12.55 343.22 1
12.56 187.28 1
12.57 188.92 1
12.58 192.3 1
12.59 195.55 1
12.6 192.52 1
12.61 192.99 1
12.62 187.4 1
12.63 185.66 1
12.64 184.82 1
12.65 329.8 1
12.66 348.78 1
12.67 343.22 1
12.68 337.46 1
12.69 331.84 1
12.7 333.05 1
12.71 330.16 1
12.72 328.26 1
12.73 327.62 1
12.74 323.31 1
12.75 323.59 1
12.76 320.1 1
12.77 323.04 1
12.78 321.75 1
12.79 324.75 1
12.8 325.87 1
12.81 326.01 1
12.82 314.07 1
12.83 327.85 1
12.84 351.42 1
12.85 181.52 1
12.86 192.12 1
12.87 201.62 1
12.88 189.71 1
12.89 193.0 1
12.9 193.19 1
12.91 194.64 1
12.92 193.55 1
12.93 194.64 1
12.94 194.02 1
12.95 195.19 1
12.96 196.37 1
12.97 194.71 1
12.98 194.7 1
12.99 194.15 1
13.0 193.82 1
13.01 190.42 1
13.02 193.65 1
13.03 193.86 1
13.04 189.71 1
13.05 186.53 1
13.06 181.09 1
13.07 190.55 1
13.08 193.77 1
13.09 192.63 1
13.1 194.64 1
13.11 196.07 1
13.12 198.17 1
13.13 199.26 1
13.14 196.45 1
13.15 193.86 1
