0.01 119.53 1
0.02 118.74 1
0.03 119.78 1
0.04 119.91 1
0.05 258.43 1
0.06 254.19 1
0.07 250.98 1
0.08 250.18 1
0.09 252.07 1
0.1 254.71 1
0.11 257.96 1
0.12 257.15 1
0.13 258.46 1
0.14 260.12 1
0.15 261.8 1
0.16 258.66 1
0.17 258.66 1
0.18 259.46 1
0.19 257.97 1
0.2 257.14 1
0.21 255.67 1
0.22 255.82 1
0.23 253.96 1
0.24 252.58 1
0.25 251.54 1
0.26 250.51 1
0.27 248.89 1
0.28 247.24 1
0.29 245.65 1
0.3 245.16 1
0.31 245.85 1
0.32 247.04 1
0.33 248.52 1
0.34 253.05 1
0.35 255.29 1
0.36 254.07 1
0.37 261.55 1
0.38 263.83 1
0.39 261.73 1
0.4 265.89 1
0.41 264.87 1
0.42 264.87 1
0.43 266.23 1
0.44 264.88 1
0.45 266.08 1
0.46 263.33 1
0.47 266.03 1
0.48 261.75 1
0.49 258.67 1
0.5 255.41 1
0.51 247.86 1
0.52 242.93 1
0.53 239.01 1
0.54 242.91 1
0.55 244.21 1
0.56 248.68 1
0.57 255.64 1
0.58 257.18 1
0.59 273.94 1
0.6 278.28 1
0.61 259.65 1
0.62 258.41 1
0.63 260.19 1
0.64 256.59 1
0.65 261.74 1
0.66 272.86 1
0.67 281.77 1
0.68 279.35 1
0.69 276.48 1
0.7 260.23 1
0.71 261.04 1
0.72 254.23 1
0.73 250.25 1
0.74 249.9 1
0.75 258.54 1
0.76 247.67 1
0.77 247.06 1
0.78 250.96 1
0.79 255.7 1
0.8 273.9 1
0.81 286.55 1
0.82 295.06 1
0.83 329.37 1
0.84 360.03 1
0.85 382.25 1
0.86 438.82 1
0.87 476.74 1
0.88 505.21 1
0.89 503.43 1
0.9 491.73 1
0.91 445.69 1
0.92 482.18 1
0.93 479.02 1
0.94 0.0 1
0.95 0.0 1
0.96 0.0 1
0.97 0.0 1
0.98 0.0 1
0.99 0.0 1
1.0 293.02 1
1.01 295.36 1
1.02 298.68 1
1.03 300.98 1
1.04 301.06 1
1.05 298.06 1
1.06 296.99 1
1.07 296.99 1
1.08 296.99 1
1.09 296.98 1
1.1 296.99 1
1.11 295.03 1
1.12 295.01 1
1.13 295.73 1
1.14 295.6 1
1.15 295.67 1
1.16 296.05 1
1.17 294.99 1
1.18 294.13 1
1.19 292.94 1
1.2 292.02 1
1.21 291.04 1
1.22 285.44 1
1.23 291.1 1
1.24 291.1 1
1.25 291.86 1
1.26 292.76 1
1.27 291.11 1
1.28 293.66 1
1.29 291.93 1
1.3 292.2 1
1.31 294.07 1
1.32 292.39 1
1.33 289.69 1
1.34 286.92 1
1.35 283.01 1
1.36 279.12 1
1.37 273.17 1
1.38 282.8 1
1.39 273.03 1
1.4 268.06 1
1.41 250.56 1
1.42 245.53 1
1.43 242.92 1
1.44 229.59 1
1.45 229.09 1
1.46 229.15 1
1.47 235.34 1
1.48 241.24 1
1.49 250.04 1
1.5 257.74 1
1.51 263.43 1
1.52 275.99 1
1.53 276.17 1
1.54 259.3 1
1.55 266.49 1
1.56 263.3 1
1.57 257.87 1
1.58 271.42 1
1.59 269.94 1
1.6 237.77 1
1.61 244.2 1
1.62 247.26 1
1.63 232.8 1
1.64 247.65 1
1.65 241.63 1
1.66 245.62 1
1.67 242.52 1
1.68 244.23 1
1.69 242.92 1
1.7 245.58 1
1.71 246.96 1
1.72 242.75 1
1.73 243.25 1
1.74 245.59 1
1.75 245.58 1
1.76 244.29 1
1.77 244.28 1
1.78 244.27 1
1.79 244.29 1
1.8 245.63 1
1.81 244.32 1
1.82 245.64 1
1.83 243.32 1
1.84 242.96 1
1.85 244.24 1
1.86 239.69 1
1.87 237.25 1
1.88 231.51 1
1.89 235.23 1
1.9 239.18 1
1.91 239.46 1
1.92 239.88 1
1.93 240.74 1
1.94 240.48 1
1.95 252.69 1
1.96 240.97 1
1.97 241.64 1
1.98 241.64 1
1.99 241.66 1
2.0 241.64 1
2.01 240.32 1
2.02 241.6 1
2.03 241.63 1
2.04 241.63 1
2.05 241.72 1
2.06 242.96 1
2.07 244.3 1
2.08 247.7 1
2.09 248.53 1
2.1 253.42 1
2.11 258.68 1
2.12 264.92 1
2.13 266.47 1
2.14 265.98 1
2.15 264.9 1
2.16 262.61 1
2.17 261.54 1
2.18 257.9 1
2.19 254.86 1
2.2 249.36 1
2.21 247.27 1
2.22 247.6 1
2.23 244.62 1
2.24 245.63 1
2.25 244.33 1
2.26 246.98 1
2.27 245.6 1
2.28 248.19 1
2.29 251.51 1
2.3 254.21 1
2.31 257.19 1
2.32 262.56 1
2.33 263.92 1
2.34 262.11 1
2.35 258.47 1
2.36 256.74 1
2.37 249.69 1
2.38 245.61 1
2.39 241.56 1
2.4 233.79 1
2.41 233.97 1
2.42 237.69 1
2.43 244.29 1
2.44 252.38 1
2.45 254.21 1
2.46 261.76 1
2.47 269.29 1
2.48 269.87 1
2.49 264.88 1
2.5 261.72 1
2.51 257.15 1
2.52 258.67 1
2.53 264.77 1
2.54 258.71 1
2.55 0.0 1
2.56 0.0 1
2.57 0.0 1
2.58 0.0 1
2.59 0.0 1
2.6 0.0 1
2.61 0.0 1
2.62 282.73 1
2.63 294.16 1
2.64 295.87 1
2.65 297.03 1
2.66 293.03 1
2.67 294.99 1
2.68 296.03 1
2.69 296.44 1
2.7 295.03 1
2.71 296.97 1
2.72 296.78 1
2.73 297.61 1
2.74 296.69 1
2.75 296.68 1
2.76 295.04 1
2.77 296.99 1
2.78 296.99 1
2.79 296.98 1
2.8 296.99 1
2.81 296.99 1
2.82 295.0 1
2.83 294.98 1
2.84 296.05 1
2.85 293.04 1
2.86 293.07 1
2.87 298.54 1
2.88 296.97 1
2.89 291.19 1
2.9 279.56 1
2.91 273.2 1
2.92 291.24 1
2.93 278.27 1
2.94 291.78 1
2.95 293.15 1
2.96 295.01 1
2.97 294.72 1
2.98 294.12 1
2.99 294.23 1
3.0 293.43 1
3.01 292.45 1
3.02 290.15 1
3.03 288.27 1
3.04 285.44 1
3.05 281.77 1
3.06 279.89 1
3.07 276.32 1
3.08 263.09 1
3.09 256.71 1
3.1 249.57 1
3.11 248.33 1
3.12 245.49 1
3.13 232.78 1
3.14 234.58 1
3.15 232.74 1
3.16 236.9 1
3.17 235.86 1
3.18 237.74 1
3.19 235.21 1
3.2 231.52 1
3.21 247.04 1
3.22 251.25 1
3.23 254.49 1
3.24 255.68 1
3.25 261.36 1
3.26 274.75 1
3.27 255.67 1
3.28 260.02 1
3.29 257.59 1
3.3 255.55 1
3.31 251.31 1
3.32 248.62 1
3.33 257.98 1
3.34 258.4 1
3.35 258.73 1
3.36 264.12 1
3.37 266.53 1
3.38 263.38 1
3.39 266.13 1
3.4 262.24 1
3.41 255.66 1
3.42 251.28 1
3.43 245.67 1
3.44 246.88 1
3.45 240.36 1
3.46 244.28 1
3.47 246.81 1
3.48 252.78 1
3.49 257.98 1
3.5 257.16 1
3.51 257.14 1
3.52 264.42 1
3.53 257.19 1
3.54 249.28 1
3.55 253.2 1
3.56 280.07 1
3.57 271.78 1
3.58 272.97 1
3.59 257.35 1
3.6 254.98 1
3.61 247.06 1
3.62 241.81 1
3.63 241.63 1
3.64 241.69 1
3.65 245.85 1
3.66 258.6 1
3.67 255.67 1
3.68 260.21 1
3.69 270.94 1
3.7 273.45 1
3.71 274.67 1
3.72 269.04 1
3.73 260.44 1
3.74 252.96 1
3.75 242.41 1
3.76 233.31 1
3.77 226.84 1
3.78 227.1 1
3.79 221.73 1
3.8 221.36 1
3.81 223.8 1
3.82 210.77 1
3.83 205.58 1
3.84 222.2 1
3.85 205.57 1
3.86 226.34 1
3.87 204.75 1
3.88 222.37 1
3.89 218.43 1
3.9 219.95 1
3.91 245.16 1
3.92 254.58 1
3.93 255.37 1
3.94 254.2 1
3.95 252.68 1
3.96 250.0 1
3.97 249.46 1
3.98 248.16 1
3.99 246.09 1
4.0 245.75 1
4.01 244.69 1
4.02 244.44 1
4.03 244.45 1
4.04 244.31 1
4.05 243.01 1
4.06 244.27 1
4.07 241.59 1
4.08 242.11 1
4.09 245.61 1
4.1 243.36 1
4.11 239.04 1
4.12 245.93 1
4.13 0.0 1
4.14 0.0 1
4.15 0.0 1
4.16 0.0 1
4.17 0.0 1
4.18 0.0 1
4.19 0.0 1
4.2 0.0 1
4.21 0.0 1
4.22 0.0 1
4.23 281.77 1
4.24 286.4 1
4.25 264.6 1
4.26 263.23 1
4.27 250.77 1
4.28 243.52 1
4.29 241.52 1
4.3 237.73 1
4.31 117.07 1
4.32 117.41 1
4.33 117.84 1
4.34 241.5 1
4.35 243.87 1
4.36 246.93 1
4.37 252.15 1
4.38 253.08 1
4.39 255.11 1
4.4 255.69 1
4.41 255.67 1
4.42 254.85 1
4.43 252.87 1
4.44 248.71 1
4.45 245.09 1
4.46 239.2 1
4.47 242.9 1
4.48 240.3 1
4.49 225.59 1
4.5 223.47 1
4.51 216.7 1
4.52 214.58 1
4.53 210.2 1
4.54 205.6 1
4.55 203.7 1
4.56 199.95 1
4.57 198.62 1
4.58 195.92 1
4.59 196.43 1
4.6 195.51 1
4.61 196.0 1
4.62 195.33 1
4.63 195.56 1
4.64 195.17 1
4.65 195.75 1
4.66 194.79 1
4.67 195.56 1
4.68 195.56 1
4.69 195.28 1
4.7 195.38 1
4.71 195.99 1
4.72 195.9 1
4.73 196.05 1
4.74 195.95 1
4.75 195.27 1
4.76 194.95 1
4.77 194.45 1
4.78 194.75 1
4.79 194.23 1
4.8 192.85 1
4.81 189.67 1
4.82 193.0 1
4.83 193.47 1
4.84 192.73 1
4.85 194.01 1
4.86 191.33 1
4.87 191.33 1
4.88 199.08 1
4.89 194.67 1
4.9 196.3 1
4.91 197.56 1
4.92 198.61 1
4.93 199.01 1
4.94 198.37 1
4.95 197.33 1
4.96 196.21 1
4.97 194.55 1
4.98 193.42 1
4.99 189.72 1
5.0 192.95 1
5.01 190.43 1
5.02 187.75 1
5.03 185.02 1
5.04 191.37 1
5.05 194.62 1
5.06 214.81 1
5.07 225.59 1
5.08 240.61 1
5.09 247.27 1
5.1 244.62 1
5.11 0.0 1
5.12 0.0 1
5.13 0.0 1
5.14 0.0 1
5.15 0.0 1
5.16 0.0 1
5.17 0.0 1
5.18 0.0 1
5.19 0.0 1
5.2 204.86 1
5.21 200.55 1
5.22 196.41 1
5.23 193.17 1
5.24 193.13 1
5.25 191.95 1
5.26 189.81 1
5.27 191.36 1
5.28 191.83 1
5.29 192.88 1
5.3 192.31 1
5.31 193.24 1
5.32 193.39 1
5.33 192.51 1
5.34 192.02 1
5.35 192.46 1
5.36 192.36 1
5.37 192.33 1
5.38 192.79 1
5.39 192.99 1
5.4 191.9 1
5.41 190.74 1
5.42 186.48 1
5.43 193.84 1
5.44 193.22 1
5.45 96.42 1
5.46 95.97 1
5.47 96.24 1
5.48 96.6 1
5.49 96.55 1
5.5 97.09 1
5.51 96.91 1
5.52 104.2 1
5.53 97.66 1
5.54 97.2 1
5.55 96.61 1
5.56 97.88 1
5.57 98.2 1
5.58 98.55 1
5.59 98.72 1
5.6 98.62 1
5.61 98.99 1
5.62 99.45 1
5.63 100.21 1
5.64 100.62 1
5.65 198.75 1
5.66 196.19 1
5.67 196.99 1
5.68 194.73 1
5.69 197.21 1
5.7 196.61 1
5.71 197.65 1
5.72 201.45 1
5.73 207.56 1
5.74 216.94 1
5.75 244.31 1
5.76 252.2 1
5.77 261.76 1
5.78 264.86 1
5.79 247.04 1
5.8 245.07 1
5.81 245.16 1
5.82 241.64 1
5.83 245.56 1
5.84 256.92 1
5.85 255.11 1
5.86 273.67 1
5.87 270.7 1
5.88 269.71 1
5.89 267.39 1
5.9 266.46 1
5.91 263.8 1
5.92 262.22 1
5.93 260.18 1
5.94 258.86 1
5.95 256.13 1
5.96 253.51 1
5.97 252.41 1
5.98 250.35 1
5.99 248.03 1
6.0 247.26 1
6.01 245.67 1
6.02 244.28 1
6.03 242.38 1
6.04 241.66 1
6.05 242.96 1
6.06 245.99 1
6.07 250.05 1
6.08 255.89 1
6.09 255.7 1
6.1 255.68 1
6.11 260.18 1
6.12 263.3 1
6.13 260.21 1
6.14 269.7 1
6.15 258.73 1
6.16 257.22 1
6.17 259.24 1
6.18 254.9 1
6.19 247.69 1
6.2 243.11 1
6.21 237.98 1
6.22 231.77 1
6.23 228.33 1
6.24 223.39 1
6.25 218.98 1
6.26 216.18 1
6.27 211.54 1
6.28 212.52 1
6.29 212.5 1
6.3 211.53 1
6.31 213.75 1
6.32 217.5 1
6.33 220.53 1
6.34 224.41 1
6.35 226.2 1
6.36 229.37 1
6.37 230.51 1
6.38 227.91 1
6.39 225.58 1
6.4 234.5 1
6.41 225.58 1
6.42 225.63 1
6.43 226.2 1
6.44 214.57 1
6.45 151.4 1
6.46 145.81 1
6.47 146.56 1
6.48 147.25 1
6.49 150.89 1
6.5 148.23 1
6.51 216.71 1
6.52 203.24 1
6.53 197.48 1
6.54 197.24 1
6.55 196.96 1
6.56 197.82 1
6.57 198.46 1
6.58 198.81 1
6.59 198.53 1
6.6 197.7 1
6.61 199.06 1
6.62 198.95 1
6.63 198.2 1
6.64 197.26 1
6.65 197.27 1
6.66 198.72 1
6.67 198.6 1
6.68 197.85 1
6.69 196.58 1
6.7 196.81 1
6.71 197.23 1
6.72 196.58 1
6.73 196.0 1
6.74 196.24 1
6.75 195.07 1
6.76 195.01 1
6.77 194.42 1
6.78 194.07 1
6.79 194.29 1
6.8 193.85 1
6.81 193.98 1
6.82 193.38 1
6.83 193.47 1
6.84 193.2 1
6.85 207.08 1
6.86 185.68 1
6.87 194.07 1
6.88 194.91 1
6.89 195.16 1
6.9 198.16 1
6.91 194.96 1
6.92 196.43 1
6.93 194.71 1
6.94 195.48 1
6.95 190.5 1
6.96 188.0 1
6.97 182.62 1
6.98 180.13 1
6.99 177.46 1
7.0 177.46 1
7.01 176.96 1
7.02 178.9 1
7.03 179.62 1
7.04 180.75 1
7.05 182.62 1
7.06 188.04 1
7.07 192.98 1
7.08 193.48 1
7.09 193.66 1
7.1 180.65 1
7.11 185.69 1
7.12 170.6 1
7.13 196.78 1
7.14 205.75 1
7.15 197.28 1
7.16 194.17 1
7.17 193.83 1
7.18 188.6 1
7.19 187.16 1
7.2 188.26 1
7.21 188.85 1
7.22 188.1 1
7.23 187.47 1
7.24 186.59 1
7.25 185.04 1
7.26 182.15 1
7.27 181.08 1
7.28 176.74 1
7.29 178.87 1
7.3 169.53 1
7.31 167.27 1
7.32 165.42 1
7.33 165.41 1
7.34 165.17 1
7.35 164.05 1
7.36 165.49 1
7.37 168.29 1
7.38 170.6 1
7.39 158.47 1
7.4 181.27 1
7.41 179.93 1
7.42 183.62 1
7.43 191.32 1
7.44 194.7 1
7.45 193.84 1
7.46 194.73 1
7.47 193.15 1
7.48 194.18 1
7.49 195.47 1
7.5 194.4 1
7.51 194.66 1
7.52 195.51 1
7.53 193.27 1
7.54 192.96 1
7.55 189.35 1
7.56 185.79 1
7.57 182.4 1
7.58 181.54 1
7.59 181.11 1
7.6 183.0 1
7.61 185.52 1
7.62 187.41 1
7.63 197.56 1
7.64 206.59 1
7.65 207.02 1
7.66 219.78 1
7.67 215.75 1
7.68 224.02 1
7.69 216.77 1
7.7 206.79 1
7.71 209.23 1
7.72 209.18 1
7.73 192.23 1
7.74 197.62 1
7.75 199.66 1
7.76 190.51 1
7.77 191.33 1
7.78 178.47 1
7.79 182.63 1
7.8 185.01 1
7.81 182.3 1
7.82 183.83 1
7.83 185.06 1
7.84 186.48 1
7.85 188.07 1
7.86 190.28 1
7.87 191.32 1
7.88 191.95 1
7.89 191.9 1
7.9 192.14 1
7.91 192.63 1
7.92 192.55 1
7.93 191.98 1
7.94 192.0 1
7.95 191.61 1
7.96 191.35 1
7.97 190.7 1
7.98 191.55 1
7.99 190.92 1
8.0 190.5 1
8.01 191.31 1
8.02 191.21 1
8.03 190.51 1
8.04 192.01 1
8.05 191.27 1
8.06 190.5 1
8.07 191.19 1
8.08 192.49 1
8.09 193.3 1
8.1 190.51 1
8.11 189.05 1
8.12 191.33 1
8.13 196.57 1
8.14 203.4 1
8.15 210.51 1
8.16 225.18 1
8.17 230.28 1
8.18 232.58 1
8.19 250.16 1
8.2 251.16 1
8.21 247.83 1
8.22 240.32 1
8.23 226.63 1
8.24 219.94 1
8.25 212.59 1
8.26 210.31 1
8.27 210.95 1
8.28 212.68 1
8.29 213.24 1
8.3 214.06 1
8.31 210.52 1
8.32 207.55 1
8.33 209.51 1
8.34 211.29 1
8.35 208.48 1
8.36 198.2 1
8.37 213.56 1
8.38 218.86 1
8.39 218.86 1
8.4 216.55 1
8.41 230.7 1
8.42 240.31 1
8.43 239.97 1
8.44 245.12 1
8.45 248.6 1
8.46 250.06 1
8.47 248.7 1
8.48 248.02 1
8.49 247.23 1
8.5 246.16 1
8.51 245.29 1
8.52 245.43 1
8.53 245.77 1
8.54 246.06 1
8.55 245.28 1
8.56 244.29 1
8.57 242.05 1
8.58 241.5 1
8.59 240.02 1
8.6 238.62 1
8.61 237.33 1
8.62 237.05 1
8.63 229.94 1
8.64 241.67 1
8.65 242.78 1
8.66 241.5 1
8.67 243.34 1
8.68 246.72 1
8.69 247.58 1
8.7 251.45 1
8.71 253.43 1
8.72 243.43 1
8.73 244.28 1
8.74 243.22 1
8.75 242.61 1
8.76 242.91 1
8.77 244.31 1
8.78 245.82 1
8.79 245.22 1
8.8 242.66 1
8.81 239.0 1
8.82 234.1 1
8.83 229.16 1
8.84 232.77 1
8.85 245.66 1
8.86 255.67 1
8.87 275.94 1
8.88 289.51 1
8.89 299.05 1
8.9 318.35 1
8.91 322.15 1
8.92 325.79 1
8.93 315.16 1
8.94 303.11 1
8.95 297.0 1
8.96 244.34 1
8.97 256.67 1
8.98 255.65 1
8.99 236.46 1
9.0 293.08 1
9.01 281.81 1
9.02 281.76 1
9.03 278.36 1
9.04 284.82 1
9.05 288.58 1
9.06 287.73 1
9.07 289.76 1
9.08 292.1 1
9.09 293.03 1
9.1 293.96 1
9.11 293.04 1
9.12 291.16 1
9.13 292.09 1
9.14 290.52 1
9.15 288.39 1
9.16 284.8 1
9.17 285.57 1
9.18 287.35 1
9.19 287.3 1
9.2 96.19 1
9.21 96.93 1
9.22 97.89 1
9.23 97.88 1
9.24 97.89 1
9.25 97.78 1
9.26 96.4 1
9.27 98.11 1
9.28 97.25 1
9.29 98.76 1
9.3 97.68 1
9.31 97.52 1
9.32 97.05 1
9.33 98.31 1
9.34 97.68 1
9.35 97.41 1
9.36 98.77 1
9.37 97.87 1
9.38 98.08 1
9.39 98.51 1
9.4 96.99 1
9.41 99.09 1
9.42 97.9 1
9.43 98.2 1
9.44 97.46 1
9.45 98.18 1
9.46 98.13 1
9.47 98.11 1
9.48 98.48 1
9.49 97.95 1
9.5 98.05 1
9.51 97.46 1
9.52 99.21 1
9.53 97.46 1
9.54 98.42 1
9.55 98.33 1
9.56 97.94 1
9.57 98.55 1
9.58 98.33 1
9.59 97.04 1
9.6 98.07 1
9.61 98.11 1
9.62 97.68 1
9.63 99.43 1
9.64 96.4 1
9.65 99.65 1
9.66 0.0 1
9.67 0.0 1
9.68 231.93 1
9.69 233.95 1
9.7 223.29 1
9.71 233.96 1
9.72 228.61 1
9.73 242.67 1
9.74 242.97 1
9.75 240.89 1
9.76 240.46 1
9.77 240.47 1
9.78 240.31 1
9.79 240.31 1
9.8 237.71 1
9.81 234.93 1
9.82 234.83 1
9.83 236.42 1
9.84 237.73 1
9.85 239.05 1
9.86 240.31 1
9.87 240.42 1
9.88 241.63 1
9.89 241.6 1
9.9 238.91 1
9.91 236.47 1
9.92 233.98 1
9.93 233.98 1
9.94 230.35 1
9.95 232.73 1
9.96 233.97 1
9.97 237.81 1
9.98 240.11 1
9.99 240.34 1
10.0 241.92 1
10.01 241.65 1
10.02 258.2 1
10.03 244.62 1
10.04 243.0 1
10.05 242.87 1
10.06 244.29 1
10.07 244.32 1
10.08 245.66 1
10.09 245.83 1
10.1 246.59 1
10.11 248.16 1
10.12 248.73 1
10.13 249.04 1
10.14 248.65 1
10.15 247.2 1
10.16 244.27 1
10.17 242.8 1
10.18 236.77 1
10.19 241.52 1
10.2 242.86 1
10.21 247.99 1
10.22 261.74 1
10.23 276.45 1
10.24 288.36 1
10.25 316.24 1
10.26 334.82 1
10.27 325.46 1
10.28 325.43 1
10.29 325.49 1
10.3 340.44 1
10.31 318.44 1
10.32 345.9 1
10.33 323.09 1
10.34 313.87 1
10.35 302.97 1
10.36 302.07 1
10.37 288.72 1
10.38 283.22 1
10.39 278.4 1
10.4 278.4 1
10.41 279.99 1
10.42 284.62 1
10.43 290.66 1
10.44 291.18 1
10.45 291.23 1
10.46 295.1 1
10.47 293.15 1
10.48 293.07 1
10.49 291.13 1
10.5 290.6 1
10.51 290.87 1
10.52 290.32 1
10.53 290.52 1
10.54 290.52 1
10.55 291.1 1
10.56 293.02 1
10.57 291.22 1
10.58 293.05 1
