0.01 388.48 1
0.02 406.28 1
0.03 410.23 1
0.04 411.96 1
0.05 410.26 1
0.06 405.85 1
0.07 396.92 1
0.08 389.55 1
0.09 384.99 1
0.1 377.89 1
0.11 370.13 1
0.12 362.41 1
0.13 351.85 1
0.14 346.22 1
0.15 344.52 1
0.16 340.45 1
0.17 337.74 1
0.18 335.32 1
0.19 333.52 1
0.2 332.5 1
0.21 329.64 1
0.22 326.57 1
0.23 325.74 1
0.24 325.88 1
0.25 325.85 1
0.26 328.79 1
0.27 331.37 1
0.28 335.4 1
0.29 327.88 1
0.3 330.22 1
0.31 355.76 1
0.32 364.38 1
0.33 372.78 1
0.34 386.13 1
0.35 392.16 1
0.36 397.22 1
0.37 395.78 1
0.38 394.6 1
0.39 391.82 1
0.4 389.15 1
0.41 385.38 1
0.42 382.47 1
0.43 377.87 1
0.44 367.9 1
0.45 364.13 1
0.46 365.76 1
0.47 371.56 1
0.48 371.77 1
0.49 377.58 1
0.5 385.86 1
0.51 388.95 1
0.52 402.89 1
0.53 409.08 1
0.54 409.51 1
0.55 412.17 1
0.56 404.53 1
0.57 381.83 1
0.58 375.35 1
0.59 395.51 1
0.6 404.95 1
0.61 408.7 1
0.62 420.52 1
0.63 412.68 1
0.64 403.1 1
0.65 396.03 1
0.66 385.13 1
0.67 378.32 1
0.68 363.11 1
0.69 362.91 1
0.7 378.04 1
0.71 381.2 1
0.72 380.45 1
0.73 389.83 1
0.74 396.78 1
0.75 401.79 1
0.76 402.82 1
0.77 398.65 1
0.78 392.13 1
0.79 381.01 1
0.8 354.76 1
0.81 345.96 1
0.82 324.31 1
0.83 315.98 1
0.84 307.04 1
0.85 297.17 1
0.86 295.07 1
0.87 291.19 1
0.88 291.18 1
0.89 291.12 1
0.9 287.32 1
0.91 293.09 1
0.92 289.23 1
0.93 281.88 1
0.94 282.01 1
0.95 291.14 1
0.96 283.64 1
0.97 280.37 1
0.98 276.47 1
0.99 278.23 1
1.0 281.73 1
1.01 277.46 1
1.02 281.73 1
1.03 285.34 1
1.04 291.12 1
1.05 295.12 1
1.06 311.78 1
1.07 316.18 1
1.08 332.39 1
1.09 343.2 1
1.1 354.45 1
1.11 186.45 1
1.12 187.9 1
1.13 185.03 1
1.14 367.76 1
1.15 360.11 1
1.16 341.0 1
1.17 341.03 1
1.18 331.31 1
1.19 324.69 1
1.2 321.63 1
1.21 320.69 1
1.22 320.23 1
1.23 322.03 1
1.24 325.06 1
1.25 327.83 1
1.26 330.27 1
1.27 338.86 1
1.28 347.41 1
1.29 350.93 1
1.3 355.45 1
1.31 378.42 1
1.32 373.4 1
1.33 382.78 1
1.34 378.93 1
1.35 383.96 1
1.36 386.59 1
1.37 391.42 1
1.38 390.42 1
1.39 389.9 1
1.4 387.66 1
1.41 383.74 1
1.42 381.42 1
1.43 374.9 1
1.44 367.96 1
1.45 362.78 1
1.46 360.57 1
1.47 368.41 1
1.48 368.87 1
1.49 375.15 1
1.5 384.09 1
1.51 394.58 1
1.52 408.1 1
1.53 410.46 1
1.54 403.82 1
1.55 376.49 1
1.56 378.53 1
1.57 376.71 1
1.58 371.38 1
1.59 360.03 1
1.6 372.15 1
1.61 397.95 1
1.62 385.14 1
1.63 388.96 1
1.64 388.28 1
1.65 388.32 1
1.66 391.71 1
1.67 392.13 1
1.68 393.43 1
1.69 394.27 1
1.7 394.7 1
1.71 392.89 1
1.72 391.94 1
1.73 389.65 1
1.74 388.68 1
1.75 388.76 1
1.76 389.23 1
1.77 389.16 1
1.78 389.99 1
1.79 390.23 1
1.8 390.02 1
1.81 390.52 1
1.82 390.71 1
1.83 390.86 1
1.84 390.72 1
1.85 389.5 1
1.86 389.03 1
1.87 388.44 1
1.88 388.53 1
1.89 402.5 1
1.9 390.15 1
1.91 401.13 1
1.92 398.82 1
1.93 453.41 1
1.94 459.05 1
1.95 466.17 1
1.96 471.84 1
1.97 472.19 1
1.98 471.21 1
1.99 468.8 1
2.0 464.19 1
2.01 460.42 1
2.02 457.52 1
2.03 454.53 1
2.04 449.51 1
2.05 443.19 1
2.06 437.03 1
2.07 427.04 1
2.08 432.06 1
2.09 430.61 1
2.1 439.44 1
2.11 439.5 1
2.12 456.69 1
2.13 463.88 1
2.14 472.41 1
2.15 481.77 1
2.16 478.09 1
2.17 456.03 1
2.18 429.29 1
2.19 437.73 1
2.2 415.68 1
2.21 426.12 1
2.22 443.19 1
2.23 470.02 1
2.24 480.89 1
2.25 425.36 1
2.26 421.52 1
2.27 388.54 1
2.28 395.43 1
2.29 391.81 1
2.3 398.9 1
2.31 391.9 1
2.32 390.92 1
2.33 391.02 1
2.34 391.96 1
2.35 391.64 1
2.36 391.95 1
2.37 392.21 1
2.38 393.25 1
2.39 393.71 1
2.4 393.14 1
2.41 392.0 1
2.42 391.96 1
2.43 392.15 1
2.44 391.95 1
2.45 391.04 1
2.46 391.32 1
2.47 393.25 1
2.48 394.36 1
2.49 391.3 1
2.5 391.5 1
2.51 390.22 1
2.52 381.89 1
2.53 381.85 1
2.54 394.17 1
2.55 381.94 1
2.56 487.36 1
2.57 415.1 1
2.58 388.52 1
2.59 388.46 1
2.6 388.37 1
2.61 388.0 1
2.62 391.69 1
2.63 390.37 1
2.64 391.09 1
2.65 390.27 1
2.66 388.82 1
2.67 385.84 1
2.68 384.8 1
2.69 381.47 1
2.7 376.86 1
2.71 381.78 1
2.72 391.91 1
2.73 404.99 1
2.74 410.62 1
2.75 422.32 1
2.76 478.43 1
2.77 511.46 1
2.78 534.8 1
2.79 564.28 1
2.8 569.04 1
2.81 547.86 1
2.82 521.89 1
2.83 541.31 1
2.84 502.67 1
2.85 477.14 1
2.86 466.65 1
2.87 447.56 1
2.88 414.21 1
2.89 406.47 1
2.9 410.53 1
2.91 462.58 1
2.92 430.92 1
2.93 439.1 1
2.94 465.72 1
2.95 470.51 1
2.96 481.94 1
2.97 491.45 1
2.98 495.2 1
2.99 499.76 1
3.0 499.17 1
3.01 497.86 1
3.02 496.3 1
3.03 490.59 1
3.04 487.13 1
3.05 483.79 1
3.06 479.02 1
3.07 471.81 1
3.08 464.22 1
3.09 459.21 1
3.1 456.94 1
3.11 452.3 1
3.12 448.25 1
3.13 447.62 1
3.14 442.62 1
3.15 438.83 1
3.16 439.25 1
3.17 437.43 1
3.18 434.49 1
3.19 432.13 1
3.2 433.18 1
3.21 437.22 1
3.22 442.17 1
3.23 451.79 1
3.24 461.13 1
3.25 466.34 1
3.26 474.52 1
3.27 479.59 1
3.28 481.25 1
3.29 480.65 1
3.3 478.06 1
3.31 471.66 1
3.32 461.74 1
3.33 447.39 1
3.34 439.78 1
3.35 439.68 1
3.36 447.24 1
3.37 445.74 1
3.38 456.74 1
3.39 466.32 1
3.4 469.43 1
3.41 474.51 1
3.42 464.45 1
3.43 454.95 1
3.44 461.42 1
3.45 462.81 1
3.46 457.87 1
3.47 471.65 1
3.48 469.66 1
3.49 461.0 1
3.5 394.63 1
3.51 372.37 1
3.52 373.87 1
3.53 382.88 1
3.54 395.31 1
3.55 391.66 1
3.56 393.18 1
3.57 394.15 1
3.58 392.77 1
3.59 393.52 1
3.6 393.18 1
3.61 394.69 1
3.62 397.09 1
3.63 398.57 1
3.64 397.74 1
3.65 397.69 1
3.66 397.43 1
3.67 395.22 1
3.68 393.27 1
3.69 394.06 1
3.7 392.91 1
3.71 390.19 1
3.72 389.73 1
3.73 388.25 1
3.74 387.61 1
3.75 386.25 1
3.76 387.68 1
3.77 358.59 1
3.78 385.72 1
3.79 386.08 1
3.8 384.11 1
3.81 382.14 1
3.82 381.2 1
3.83 385.35 1
3.84 382.55 1
3.85 359.17 1
3.86 392.03 1
3.87 394.04 1
3.88 393.27 1
3.89 391.55 1
3.9 389.38 1
3.91 385.24 1
3.92 380.02 1
3.93 343.12 1
3.94 339.85 1
3.95 358.02 1
3.96 355.28 1
3.97 354.84 1
3.98 362.99 1
3.99 370.22 1
4.0 411.47 1
4.01 390.24 1
4.02 402.59 1
4.03 411.97 1
4.04 410.45 1
4.05 419.68 1
4.06 415.67 1
4.07 410.44 1
4.08 432.01 1
4.09 409.5 1
4.1 414.09 1
4.11 378.36 1
4.12 347.05 1
4.13 327.87 1
4.14 313.94 1
4.15 303.08 1
4.16 295.12 1
4.17 295.14 1
4.18 299.23 1
4.19 323.06 1
4.2 333.0 1
4.21 348.64 1
4.22 360.21 1
4.23 375.19 1
4.24 384.96 1
4.25 386.43 1
4.26 387.48 1
4.27 384.71 1
4.28 379.05 1
4.29 372.11 1
4.3 362.99 1
4.31 349.08 1
4.32 345.6 1
4.33 336.1 1
4.34 330.36 1
4.35 324.24 1
4.36 323.33 1
4.37 322.74 1
4.38 321.2 1
4.39 323.49 1
4.4 325.72 1
4.41 327.63 1
4.42 335.59 1
4.43 339.74 1
4.44 346.14 1
4.45 350.07 1
4.46 366.37 1
4.47 379.14 1
4.48 381.13 1
4.49 383.98 1
4.5 385.17 1
4.51 387.28 1
4.52 388.03 1
4.53 388.56 1
4.54 385.92 1
4.55 382.47 1
4.56 377.94 1
4.57 369.54 1
4.58 361.81 1
4.59 357.59 1
4.6 358.69 1
4.61 361.87 1
4.62 368.7 1
4.63 381.2 1
4.64 386.92 1
4.65 397.79 1
4.66 406.82 1
4.67 408.5 1
4.68 395.52 1
4.69 379.38 1
4.7 379.22 1
4.71 369.58 1
4.72 368.97 1
4.73 363.01 1
4.74 381.81 1
4.75 372.14 1
4.76 365.57 1
4.77 372.0 1
4.78 371.91 1
4.79 386.99 1
4.8 395.87 1
4.81 400.25 1
4.82 397.98 1
4.83 396.49 1
4.84 393.88 1
4.85 392.93 1
4.86 392.42 1
4.87 390.27 1
4.88 388.36 1
4.89 389.03 1
4.9 389.17 1
4.91 390.09 1
4.92 391.34 1
4.93 391.9 1
4.94 391.65 1
4.95 393.54 1
4.96 394.72 1
4.97 399.01 1
4.98 397.78 1
4.99 395.99 1
5.0 395.89 1
5.01 388.84 1
5.02 394.63 1
5.03 398.9 1
5.04 396.9 1
5.05 395.56 1
5.06 395.55 1
5.07 392.25 1
5.08 394.82 1
5.09 0.0 1
5.1 0.0 1
5.11 0.0 1
5.12 0.0 1
5.13 0.0 1
5.14 0.0 1
5.15 0.0 1
5.16 0.0 1
5.17 0.0 1
5.18 0.0 1
5.19 0.0 1
5.2 0.0 1
5.21 0.0 1
5.22 0.0 1
5.23 0.0 1
5.24 0.0 1
5.25 0.0 1
5.26 0.0 1
5.27 0.0 1
5.28 0.0 1
5.29 0.0 1
5.3 0.0 1
5.31 0.0 1
5.32 0.0 1
5.33 0.0 1
5.34 0.0 1
5.35 0.0 1
5.36 0.0 1
5.37 520.09 1
5.38 503.29 1
5.39 494.17 1
5.4 496.07 1
5.41 492.83 1
5.42 487.53 1
5.43 477.98 1
5.44 475.1 1
5.45 473.19 1
5.46 470.66 1
5.47 465.48 1
5.48 452.41 1
5.49 430.62 1
5.5 428.72 1
5.51 411.17 1
5.52 418.47 1
5.53 414.24 1
5.54 419.27 1
5.55 419.97 1
5.56 425.46 1
5.57 429.15 1
5.58 430.51 1
5.59 447.71 1
5.6 458.4 1
5.61 466.93 1
5.62 473.99 1
5.63 478.4 1
5.64 476.54 1
5.65 461.01 1
5.66 406.38 1
5.67 426.61 1
5.68 397.63 1
5.69 447.72 1
5.7 429.92 1
5.71 378.51 1
5.72 373.07 1
5.73 379.59 1
5.74 381.8 1
5.75 388.54 1
5.76 389.98 1
5.77 429.7 1
5.78 390.77 1
5.79 388.08 1
5.8 391.5 1
5.81 388.12 1
5.82 381.56 1
5.83 377.17 1
5.84 375.51 1
5.85 375.21 1
5.86 378.2 1
5.87 375.42 1
5.88 378.15 1
5.89 383.86 1
5.9 389.61 1
5.91 397.55 1
5.92 400.5 1
5.93 404.2 1
5.94 405.64 1
5.95 407.34 1
5.96 395.23 1
5.97 353.03 1
5.98 388.6 1
5.99 410.7 1
6.0 415.58 1
6.01 378.98 1
6.02 388.01 1
6.03 427.48 1
6.04 396.93 1
6.05 390.85 1
6.06 385.09 1
6.07 378.32 1
6.08 362.17 1
6.09 353.65 1
6.1 344.42 1
6.11 333.3 1
6.12 328.72 1
6.13 324.39 1
6.14 321.35 1
6.15 321.49 1
6.16 320.71 1
6.17 320.71 1
6.18 320.73 1
6.19 322.56 1
6.2 323.98 1
6.21 326.86 1
6.22 329.76 1
6.23 336.48 1
6.24 337.54 1
6.25 335.91 1
6.26 334.31 1
6.27 314.15 1
6.28 326.85 1
6.29 320.82 1
6.3 0.0 1
6.31 0.0 1
6.32 0.0 1
6.33 0.0 1
6.34 0.0 1
6.35 0.0 1
6.36 0.0 1
6.37 0.0 1
6.38 283.69 1
6.39 290.43 1
6.4 298.81 1
6.41 301.03 1
6.42 300.39 1
6.43 300.86 1
6.44 298.99 1
6.45 299.03 1
6.46 299.05 1
6.47 301.07 1
6.48 299.08 1
6.49 299.08 1
6.5 295.14 1
6.51 295.1 1
6.52 295.1 1
6.53 297.02 1
6.54 297.01 1
6.55 297.01 1
6.56 295.07 1
6.57 295.07 1
6.58 295.15 1
6.59 297.12 1
6.6 299.11 1
6.61 303.11 1
6.62 303.15 1
6.63 303.12 1
6.64 299.08 1
6.65 299.06 1
6.66 293.07 1
6.67 290.03 1
6.68 289.22 1
6.69 287.42 1
6.7 299.0 1
6.71 291.17 1
6.72 291.15 1
6.73 299.02 1
6.74 293.07 1
6.75 281.52 1
6.76 289.71 1
6.77 295.08 1
6.78 153.37 1
6.79 146.27 1
6.8 151.36 1
6.81 142.96 1
6.82 148.56 1
6.83 147.84 1
6.84 144.39 1
6.85 148.03 1
6.86 148.58 1
6.87 148.74 1
6.88 145.32 1
6.89 151.28 1
6.9 144.35 1
6.91 152.86 1
6.92 146.76 1
6.93 147.61 1
6.94 167.86 1
6.95 162.44 1
6.96 157.18 1
6.97 163.31 1
6.98 324.54 1
6.99 371.66 1
7.0 414.11 1
7.01 388.64 1
7.02 386.5 1
7.03 381.84 1
7.04 381.44 1
7.05 367.61 1
7.06 357.27 1
7.07 348.92 1
7.08 345.91 1
7.09 339.95 1
7.1 332.72 1
7.11 326.85 1
7.12 322.55 1
7.13 321.98 1
7.14 323.05 1
7.15 322.25 1
7.16 324.18 1
7.17 326.21 1
7.18 330.74 1
7.19 337.53 1
7.2 340.57 1
7.21 344.66 1
7.22 345.8 1
7.23 340.06 1
7.24 331.86 1
7.25 318.32 1
7.26 314.05 1
7.27 279.99 1
7.28 266.46 1
7.29 225.64 1
7.3 254.24 1
7.31 258.67 1
7.32 257.17 1
7.33 234.62 1
7.34 247.16 1
7.35 233.79 1
7.36 255.71 1
7.37 255.87 1
7.38 257.02 1
7.39 256.24 1
7.4 257.47 1
7.41 258.58 1
7.42 258.2 1
7.43 257.17 1
7.44 255.68 1
7.45 254.64 1
7.46 250.59 1
7.47 246.39 1
7.48 243.05 1
7.49 245.57 1
7.5 247.6 1
7.51 251.75 1
7.52 255.7 1
7.53 260.23 1
7.54 260.21 1
7.55 261.74 1
7.56 266.48 1
7.57 251.27 1
7.58 248.86 1
7.59 241.65 1
7.6 244.23 1
7.61 249.84 1
7.62 224.43 1
7.63 248.7 1
7.64 242.93 1
7.65 249.45 1
7.66 248.94 1
7.67 247.05 1
7.68 246.41 1
7.69 247.31 1
7.7 247.26 1
7.71 247.69 1
7.72 249.51 1
7.73 249.47 1
7.74 249.37 1
7.75 249.61 1
7.76 250.11 1
7.77 250.03 1
7.78 248.94 1
7.79 249.27 1
7.8 248.15 1
7.81 246.68 1
7.82 244.02 1
7.83 241.07 1
7.84 239.98 1
7.85 235.94 1
7.86 225.62 1
7.87 223.72 1
7.88 209.35 1
7.89 227.59 1
7.9 232.63 1
7.91 240.44 1
7.92 241.31 1
7.93 236.32 1
7.94 232.72 1
7.95 235.29 1
7.96 235.21 1
7.97 237.95 1
7.98 241.19 1
7.99 239.77 1
8.0 239.57 1
8.01 236.38 1
8.02 233.33 1
8.03 229.05 1
8.04 220.46 1
8.05 215.62 1
8.06 213.53 1
8.07 213.89 1
8.08 215.64 1
8.09 214.26 1
8.1 215.96 1
8.11 216.84 1
8.12 218.33 1
8.13 223.64 1
8.14 220.22 1
8.15 213.58 1
8.16 212.52 1
8.17 211.75 1
8.18 215.56 1
8.19 209.14 1
8.2 213.89 1
8.21 214.58 1
8.22 218.13 1
8.23 217.76 1
8.24 271.43 1
8.25 267.1 1
8.26 256.36 1
8.27 250.81 1
8.28 245.67 1
8.29 231.54 1
8.3 226.76 1
8.31 221.93 1
8.32 218.83 1
8.33 215.62 1
8.34 212.5 1
8.35 211.5 1
8.36 210.52 1
8.37 208.55 1
8.38 212.0 1
8.39 212.74 1
8.4 217.77 1
8.41 221.83 1
8.42 225.29 1
8.43 227.96 1
8.44 232.74 1
8.45 231.53 1
8.46 230.33 1
8.47 231.5 1
8.48 226.74 1
8.49 225.58 1
8.5 219.82 1
8.51 215.77 1
8.52 213.55 1
8.53 209.52 1
8.54 205.62 1
8.55 204.64 1
8.56 201.55 1
8.57 200.96 1
8.58 199.29 1
8.59 197.36 1
8.6 197.31 1
8.61 196.43 1
8.62 194.83 1
8.63 194.7 1
8.64 194.61 1
8.65 195.6 1
8.66 196.55 1
8.67 196.43 1
8.68 197.25 1
8.69 197.51 1
8.7 197.98 1
8.71 198.0 1
8.72 196.72 1
8.73 194.28 1
8.74 193.95 1
8.75 193.92 1
8.76 193.24 1
8.77 190.62 1
8.78 184.91 1
8.79 264.86 1
8.8 191.33 1
8.81 193.32 1
8.82 194.36 1
8.83 190.5 1
8.84 193.01 1
8.85 195.27 1
8.86 194.77 1
8.87 195.04 1
8.88 194.84 1
8.89 196.16 1
8.9 196.43 1
8.91 195.92 1
8.92 195.02 1
8.93 194.7 1
8.94 194.43 1
8.95 193.71 1
8.96 192.03 1
8.97 192.5 1
8.98 195.21 1
8.99 201.88 1
9.0 216.85 1
9.01 226.74 1
9.02 247.55 1
9.03 275.73 1
9.04 287.44 1
9.05 277.11 1
9.06 273.87 1
9.07 277.52 1
9.08 246.55 1
9.09 252.73 1
9.1 259.28 1
9.11 262.08 1
9.12 260.18 1
9.13 258.66 1
9.14 241.58 1
9.15 232.28 1
9.16 222.51 1
9.17 216.7 1
9.18 212.79 1
9.19 212.52 1
9.2 213.62 1
9.21 217.12 1
9.22 220.35 1
9.23 227.71 1
9.24 231.54 1
9.25 240.92 1
9.26 245.66 1
9.27 246.59 1
9.28 247.66 1
9.29 247.25 1
9.3 246.43 1
9.31 247.01 1
9.32 243.11 1
9.33 242.11 1
9.34 241.63 1
9.35 241.63 1
9.36 240.33 1
9.37 239.5 1
9.38 238.54 1
9.39 227.91 1
9.4 246.3 1
9.41 244.32 1
9.42 247.38 1
9.43 245.47 1
9.44 244.9 1
9.45 258.68 1
9.46 263.08 1
9.47 252.19 1
9.48 251.85 1
9.49 252.13 1
9.5 252.05 1
9.51 253.05 1
9.52 253.57 1
9.53 251.72 1
9.54 249.57 1
9.55 242.98 1
9.56 238.99 1
9.57 236.43 1
9.58 237.69 1
9.59 239.02 1
9.6 248.34 1
9.61 258.65 1
9.62 273.36 1
9.63 283.71 1
9.64 288.48 1
9.65 293.04 1
