0.01 291.99 1
0.02 292.69 1
0.03 293.28 1
0.04 294.3 1
0.05 296.41 1
0.06 296.98 1
0.07 296.31 1
0.08 296.85 1
0.09 294.99 1
0.1 294.99 1
0.11 294.66 1
0.12 293.18 1
0.13 292.6 1
0.14 292.6 1
0.15 292.28 1
0.16 291.98 1
0.17 292.65 1
0.18 292.15 1
0.19 292.16 1
0.2 291.93 1
0.21 291.19 1
0.22 291.82 1
0.23 291.01 1
0.24 291.75 1
0.25 291.09 1
0.26 292.01 1
0.27 291.95 1
0.28 291.96 1
0.29 292.45 1
0.3 292.13 1
0.31 292.34 1
0.32 293.4 1
0.33 293.8 1
0.34 292.87 1
0.35 292.83 1
0.36 293.09 1
0.37 293.03 1
0.38 294.11 1
0.39 294.03 1
0.4 294.55 1
0.41 293.06 1
0.42 294.36 1
0.43 294.09 1
0.44 294.32 1
0.45 294.1 1
0.46 294.13 1
0.47 294.05 1
0.48 294.14 1
0.49 292.89 1
0.5 292.33 1
0.51 292.81 1
0.52 293.02 1
0.53 292.48 1
0.54 292.62 1
0.55 291.28 1
0.56 289.58 1
0.57 288.26 1
0.58 285.94 1
0.59 285.61 1
0.6 283.93 1
0.61 281.83 1
0.62 282.15 1
0.63 285.43 1
0.64 288.79 1
0.65 293.04 1
0.66 299.0 1
0.67 320.72 1
0.68 336.22 1
0.69 351.42 1
0.7 360.04 1
0.71 380.2 1
0.72 388.5 1
0.73 389.05 1
0.74 392.19 1
0.75 385.9 1
0.76 389.67 1
0.77 385.19 1
0.78 383.7 1
0.79 379.29 1
0.8 374.03 1
0.81 367.86 1
0.82 365.87 1
0.83 362.69 1
0.84 348.97 1
0.85 346.37 1
0.86 340.06 1
0.87 333.66 1
0.88 329.68 1
0.89 326.16 1
0.9 325.48 1
0.91 324.44 1
0.92 325.66 1
0.93 328.31 1
0.94 332.13 1
0.95 336.68 1
0.96 343.19 1
0.97 348.75 1
0.98 357.21 1
0.99 371.61 1
1.0 377.66 1
1.01 381.45 1
1.02 381.51 1
1.03 382.53 1
1.04 383.14 1
1.05 383.98 1
1.06 383.67 1
1.07 384.9 1
1.08 381.87 1
1.09 384.71 1
1.1 382.07 1
1.11 381.79 1
1.12 380.91 1
1.13 379.21 1
1.14 376.61 1
1.15 372.67 1
1.16 370.39 1
1.17 367.24 1
1.18 364.38 1
1.19 366.74 1
1.2 368.49 1
1.21 373.2 1
1.22 376.91 1
1.23 382.15 1
1.24 386.58 1
1.25 388.97 1
1.26 389.36 1
1.27 385.76 1
1.28 380.55 1
1.29 373.72 1
1.3 363.96 1
1.31 359.82 1
1.32 358.78 1
1.33 354.76 1
1.34 364.4 1
1.35 368.32 1
1.36 378.31 1
1.37 379.3 1
1.38 382.35 1
1.39 387.48 1
1.4 388.99 1
1.41 392.47 1
1.42 392.13 1
1.43 391.94 1
1.44 391.74 1
1.45 390.91 1
1.46 389.35 1
1.47 389.71 1
1.48 390.18 1
1.49 389.95 1
1.5 390.28 1
1.51 389.98 1
1.52 390.3 1
1.53 390.34 1
1.54 390.25 1
1.55 391.31 1
1.56 390.82 1
1.57 391.13 1
1.58 391.1 1
1.59 390.04 1
1.6 388.57 1
1.61 386.26 1
1.62 384.63 1
1.63 380.2 1
1.64 369.18 1
1.65 359.43 1
1.66 360.32 1
1.67 351.52 1
1.68 357.12 1
1.69 323.16 1
1.7 281.78 1
1.71 282.44 1
1.72 278.94 1
1.73 264.48 1
1.74 262.79 1
1.75 261.16 1
1.76 258.7 1
1.77 262.81 1
1.78 264.08 1
1.79 264.42 1
1.8 266.46 1
1.81 268.88 1
1.82 273.0 1
1.83 274.76 1
1.84 278.22 1
1.85 279.95 1
1.86 278.19 1
1.87 278.18 1
1.88 278.17 1
1.89 276.41 1
1.9 275.37 1
1.91 275.21 1
1.92 278.17 1
1.93 281.53 1
1.94 273.25 1
1.95 279.79 1
1.96 281.74 1
1.97 286.42 1
1.98 291.16 1
1.99 293.17 1
2.0 320.69 1
2.01 335.54 1
2.02 356.91 1
2.03 378.16 1
2.04 378.15 1
2.05 378.52 1
2.06 381.74 1
2.07 385.04 1
2.08 388.47 1
2.09 386.31 1
2.1 386.79 1
2.11 391.82 1
2.12 391.86 1
2.13 388.47 1
2.14 388.42 1
2.15 383.5 1
2.16 381.61 1
2.17 379.55 1
2.18 378.45 1
2.19 381.6 1
2.2 381.59 1
2.21 378.91 1
2.22 378.01 1
2.23 377.71 1
2.24 372.52 1
2.25 366.46 1
2.26 365.89 1
2.27 360.56 1
2.28 358.55 1
2.29 356.17 1
2.3 356.82 1
2.31 362.75 1
2.32 362.89 1
2.33 368.52 1
2.34 384.27 1
2.35 377.6 1
2.36 386.24 1
2.37 391.28 1
2.38 393.71 1
2.39 395.22 1
2.4 392.84 1
2.41 390.06 1
2.42 386.64 1
2.43 382.33 1
2.44 381.57 1
2.45 363.47 1
2.46 365.88 1
2.47 360.16 1
2.48 351.54 1
2.49 346.48 1
2.5 343.58 1
2.51 339.99 1
2.52 331.56 1
2.53 327.3 1
2.54 323.47 1
2.55 321.63 1
2.56 322.95 1
2.57 320.83 1
2.58 320.68 1
2.59 321.02 1
2.6 321.11 1
2.61 323.03 1
2.62 324.1 1
2.63 328.87 1
2.64 333.11 1
2.65 334.65 1
2.66 336.62 1
2.67 335.54 1
2.68 333.9 1
2.69 328.56 1
2.7 322.33 1
2.71 316.56 1
2.72 309.43 1
2.73 291.55 1
2.74 285.43 1
2.75 0.0 1
2.76 0.0 1
2.77 0.0 1
2.78 0.0 1
2.79 0.0 1
2.8 0.0 1
2.81 0.0 1
2.82 280.19 1
2.83 286.21 1
2.84 286.63 1
2.85 288.97 1
2.86 291.1 1
2.87 290.62 1
2.88 290.55 1
2.89 290.66 1
2.9 290.54 1
2.91 290.19 1
2.92 290.13 1
2.93 289.82 1
2.94 289.96 1
2.95 290.25 1
2.96 290.0 1
2.97 289.92 1
2.98 289.84 1
2.99 289.81 1
3.0 289.54 1
3.01 288.96 1
3.02 288.89 1
3.03 289.09 1
3.04 289.94 1
3.05 290.08 1
3.06 290.29 1
3.07 290.4 1
3.08 289.78 1
3.09 289.87 1
3.1 290.08 1
3.11 290.26 1
3.12 290.31 1
3.13 289.95 1
3.14 288.76 1
3.15 287.98 1
3.16 287.91 1
3.17 288.22 1
3.18 287.96 1
3.19 288.76 1
3.2 288.01 1
3.21 287.31 1
3.22 287.21 1
3.23 288.28 1
3.24 287.32 1
3.25 285.89 1
3.26 284.01 1
3.27 282.87 1
3.28 279.01 1
3.29 276.48 1
3.3 267.39 1
3.31 265.87 1
3.32 257.15 1
3.33 251.06 1
3.34 248.73 1
3.35 246.94 1
3.36 239.34 1
3.37 236.38 1
3.38 238.94 1
3.39 229.12 1
3.4 229.12 1
3.41 227.99 1
3.42 230.31 1
3.43 230.39 1
3.44 229.25 1
3.45 237.11 1
3.46 248.45 1
3.47 252.05 1
3.48 257.21 1
3.49 271.37 1
3.5 279.11 1
3.51 281.75 1
3.52 280.99 1
3.53 277.34 1
3.54 276.44 1
3.55 260.31 1
3.56 264.82 1
3.57 255.68 1
3.58 254.19 1
3.59 255.67 1
3.6 244.34 1
3.61 244.27 1
3.62 240.6 1
3.63 236.65 1
3.64 242.88 1
3.65 239.89 1
3.66 241.48 1
3.67 239.65 1
3.68 238.61 1
3.69 236.67 1
3.7 241.45 1
3.71 237.26 1
3.72 235.63 1
3.73 235.5 1
3.74 232.84 1
3.75 233.97 1
3.76 230.44 1
3.77 233.86 1
3.78 232.74 1
3.79 233.07 1
3.8 233.4 1
3.81 231.59 1
3.82 233.98 1
3.83 235.22 1
3.84 237.89 1
3.85 244.29 1
3.86 247.27 1
3.87 252.22 1
3.88 253.89 1
3.89 255.67 1
3.9 257.16 1
3.91 257.16 1
3.92 255.68 1
3.93 255.14 1
3.94 252.18 1
3.95 249.24 1
3.96 247.35 1
3.97 242.66 1
3.98 244.29 1
3.99 242.95 1
4.0 235.17 1
4.01 232.79 1
4.02 233.22 1
4.03 232.83 1
4.04 242.93 1
4.05 246.56 1
4.06 252.8 1
4.07 258.71 1
4.08 261.77 1
4.09 267.22 1
4.1 267.51 1
4.11 262.68 1
4.12 261.63 1
4.13 252.56 1
4.14 247.97 1
4.15 242.94 1
4.16 230.37 1
4.17 227.98 1
4.18 223.91 1
4.19 220.11 1
4.2 219.16 1
4.21 218.45 1
4.22 218.77 1
4.23 221.35 1
4.24 220.76 1
4.25 219.55 1
4.26 219.3 1
4.27 219.69 1
4.28 218.72 1
4.29 216.23 1
4.3 215.64 1
4.31 215.53 1
4.32 218.21 1
4.33 218.47 1
4.34 219.95 1
4.35 221.99 1
4.36 225.02 1
4.37 225.34 1
4.38 226.74 1
4.39 232.73 1
4.4 238.47 1
4.41 241.51 1
4.42 243.67 1
4.43 244.23 1
4.44 244.81 1
4.45 244.33 1
4.46 243.8 1
4.47 244.09 1
4.48 242.9 1
4.49 243.15 1
4.5 244.09 1
4.51 244.89 1
4.52 244.73 1
4.53 244.6 1
4.54 244.15 1
4.55 244.45 1
4.56 244.26 1
4.57 243.08 1
4.58 242.97 1
4.59 242.3 1
4.6 242.95 1
4.61 241.91 1
4.62 242.95 1
4.63 241.07 1
4.64 240.8 1
4.65 241.62 1
4.66 241.19 1
4.67 242.92 1
4.68 240.58 1
4.69 240.31 1
4.7 237.45 1
4.71 236.48 1
4.72 237.76 1
4.73 238.11 1
4.74 239.02 1
4.75 239.41 1
4.76 240.31 1
4.77 239.17 1
4.78 239.01 1
4.79 240.31 1
4.8 240.21 1
4.81 241.19 1
4.82 241.94 1
4.83 241.62 1
4.84 242.9 1
4.85 239.43 1
4.86 241.58 1
4.87 240.83 1
4.88 241.63 1
4.89 241.64 1
4.9 241.66 1
4.91 241.66 1
4.92 242.16 1
4.93 241.93 1
4.94 242.9 1
4.95 242.13 1
4.96 241.62 1
4.97 240.65 1
4.98 239.97 1
4.99 240.26 1
5.0 242.9 1
5.01 241.64 1
5.02 242.93 1
5.03 244.25 1
5.04 244.28 1
5.05 243.4 1
5.06 242.59 1
5.07 241.91 1
5.08 241.09 1
5.09 240.38 1
5.1 240.28 1
5.11 240.22 1
5.12 241.14 1
5.13 242.37 1
5.14 243.04 1
5.15 243.66 1
5.16 244.96 1
5.17 244.28 1
5.18 245.76 1
5.19 246.16 1
5.2 245.99 1
5.21 245.92 1
5.22 244.43 1
5.23 242.67 1
5.24 241.62 1
5.25 240.32 1
5.26 239.24 1
5.27 238.43 1
5.28 240.26 1
5.29 238.87 1
5.3 235.28 1
5.31 234.74 1
5.32 231.56 1
5.33 239.02 1
5.34 245.68 1
5.35 253.45 1
5.36 257.17 1
5.37 264.87 1
5.38 274.05 1
5.39 280.48 1
5.4 284.3 1
5.41 286.55 1
5.42 287.38 1
5.43 287.44 1
5.44 288.83 1
5.45 288.86 1
5.46 287.03 1
5.47 286.52 1
5.48 283.99 1
5.49 280.85 1
5.5 276.49 1
5.51 276.41 1
5.52 273.02 1
5.53 264.75 1
5.54 258.62 1
5.55 250.9 1
5.56 247.9 1
5.57 240.23 1
5.58 237.92 1
5.59 225.88 1
5.6 239.94 1
5.61 227.24 1
5.62 116.2 1
5.63 118.08 1
5.64 117.45 1
5.65 120.1 1
5.66 117.34 1
5.67 119.6 1
5.68 120.33 1
5.69 0.0 1
5.7 0.0 1
5.71 0.0 1
5.72 0.0 1
5.73 0.0 1
5.74 0.0 1
5.75 0.0 1
5.76 0.0 1
5.77 0.0 1
5.78 0.0 1
5.79 293.03 1
5.8 291.09 1
5.81 294.99 1
5.82 295.01 1
5.83 296.98 1
5.84 298.96 1
5.85 298.61 1
5.86 298.71 1
5.87 298.45 1
5.88 298.2 1
5.89 297.91 1
5.9 295.01 1
5.91 295.02 1
5.92 293.09 1
5.93 291.18 1
5.94 291.14 1
5.95 291.14 1
5.96 291.12 1
5.97 293.32 1
5.98 291.11 1
5.99 292.26 1
6.0 291.78 1
6.01 291.61 1
6.02 291.8 1
6.03 291.12 1
6.04 291.12 1
6.05 291.1 1
6.06 292.54 1
6.07 291.12 1
6.08 291.6 1
6.09 291.09 1
6.1 291.1 1
6.11 292.54 1
6.12 292.66 1
6.13 292.71 1
6.14 292.11 1
6.15 291.26 1
6.16 290.32 1
6.17 290.76 1
6.18 291.43 1
6.19 291.76 1
6.2 291.1 1
6.21 291.72 1
6.22 292.07 1
6.23 292.39 1
6.24 292.81 1
6.25 292.67 1
6.26 292.21 1
6.27 293.04 1
6.28 292.21 1
6.29 293.34 1
6.3 292.65 1
6.31 293.03 1
6.32 292.42 1
6.33 292.22 1
6.34 291.23 1
6.35 291.43 1
6.36 291.1 1
6.37 292.24 1
6.38 291.76 1
6.39 293.03 1
6.4 291.13 1
6.41 293.03 1
6.42 291.14 1
6.43 293.05 1
6.44 293.04 1
6.45 293.57 1
6.46 293.03 1
6.47 293.03 1
6.48 293.4 1
6.49 293.05 1
6.5 293.97 1
6.51 294.47 1
6.52 293.08 1
6.53 294.51 1
6.54 294.68 1
6.55 293.77 1
6.56 292.56 1
6.57 289.95 1
6.58 286.31 1
6.59 281.62 1
6.6 276.53 1
6.61 273.14 1
6.62 268.07 1
6.63 255.46 1
6.64 250.51 1
6.65 246.51 1
6.66 244.93 1
6.67 239.59 1
6.68 227.9 1
6.69 244.65 1
6.7 242.96 1
6.71 273.07 1
6.72 273.55 1
6.73 250.44 1
6.74 243.4 1
6.75 275.49 1
6.76 284.3 1
6.77 286.08 1
6.78 289.96 1
6.79 292.32 1
6.8 291.09 1
6.81 295.09 1
6.82 293.82 1
6.83 295.96 1
6.84 293.05 1
6.85 295.36 1
6.86 294.03 1
6.87 292.01 1
6.88 291.02 1
6.89 289.19 1
6.9 284.84 1
6.91 280.0 1
6.92 279.95 1
6.93 273.75 1
6.94 278.22 1
6.95 271.37 1
6.96 268.05 1
6.97 256.35 1
6.98 255.22 1
6.99 253.63 1
7.0 246.46 1
7.01 240.32 1
7.02 241.63 1
7.03 238.38 1
7.04 238.47 1
7.05 243.53 1
7.06 242.96 1
7.07 264.02 1
7.08 264.89 1
7.09 286.79 1
7.1 293.03 1
7.11 295.0 1
7.12 289.79 1
7.13 308.2 1
7.14 306.78 1
7.15 337.5 1
7.16 339.3 1
7.17 340.58 1
7.18 340.76 1
7.19 340.63 1
7.2 340.66 1
7.21 338.21 1
7.22 340.55 1
7.23 330.67 1
7.24 330.65 1
7.25 330.8 1
7.26 328.7 1
7.27 324.76 1
7.28 323.15 1
7.29 321.34 1
7.3 324.73 1
7.31 330.14 1
7.32 330.43 1
7.33 344.18 1
7.34 340.61 1
7.35 346.0 1
7.36 351.52 1
7.37 351.41 1
7.38 346.8 1
7.39 334.87 1
7.4 327.76 1
7.41 311.22 1
7.42 152.83 1
7.43 149.77 1
7.44 150.26 1
7.45 149.42 1
7.46 150.27 1
7.47 148.74 1
7.48 147.74 1
7.49 146.76 1
7.5 148.3 1
7.51 146.27 1
7.52 148.89 1
7.53 145.31 1
7.54 146.72 1
7.55 145.79 1
7.56 146.9 1
7.57 146.27 1
7.58 146.12 1
7.59 146.6 1
7.6 146.19 1
7.61 146.52 1
7.62 146.71 1
7.63 146.27 1
7.64 146.76 1
7.65 146.27 1
7.66 147.23 1
7.67 146.76 1
7.68 147.3 1
7.69 145.31 1
7.7 148.11 1
7.71 145.75 1
7.72 147.74 1
7.73 146.27 1
7.74 147.84 1
7.75 146.72 1
7.76 146.77 1
7.77 146.76 1
7.78 147.23 1
7.79 147.22 1
7.8 147.75 1
7.81 147.25 1
7.82 147.52 1
7.83 146.76 1
7.84 147.79 1
7.85 147.11 1
7.86 146.05 1
7.87 146.76 1
7.88 147.0 1
7.89 147.21 1
7.9 146.76 1
7.91 147.44 1
7.92 148.15 1
7.93 147.66 1
7.94 147.24 1
7.95 147.74 1
7.96 147.74 1
7.97 147.38 1
7.98 145.79 1
7.99 302.44 1
8.0 287.49 1
8.01 287.99 1
8.02 284.59 1
8.03 286.81 1
8.04 287.6 1
8.05 287.26 1
8.06 285.04 1
8.07 282.93 1
8.08 282.72 1
8.09 281.07 1
8.1 283.24 1
8.11 284.71 1
8.12 283.46 1
8.13 284.84 1
8.14 291.14 1
8.15 299.08 1
8.16 320.26 1
8.17 325.6 1
8.18 341.14 1
8.19 179.72 1
8.2 180.19 1
8.21 200.36 1
8.22 195.13 1
8.23 188.14 1
8.24 195.38 1
8.25 193.19 1
8.26 195.44 1
8.27 193.68 1
8.28 193.83 1
8.29 193.87 1
8.3 193.81 1
8.31 192.69 1
8.32 190.96 1
8.33 189.66 1
8.34 187.55 1
8.35 184.84 1
8.36 364.66 1
8.37 357.61 1
8.38 354.78 1
8.39 354.18 1
8.4 359.8 1
8.41 363.89 1
8.42 371.12 1
8.43 379.16 1
8.44 389.31 1
8.45 396.37 1
8.46 399.49 1
8.47 401.28 1
8.48 399.2 1
8.49 396.23 1
8.5 390.4 1
8.51 385.04 1
8.52 376.06 1
8.53 365.85 1
8.54 328.2 1
8.55 345.84 1
8.56 337.57 1
8.57 335.2 1
8.58 328.04 1
8.59 326.14 1
8.6 327.58 1
8.61 323.39 1
8.62 322.3 1
8.63 320.89 1
8.64 321.73 1
8.65 320.62 1
8.66 320.38 1
8.67 323.02 1
8.68 324.77 1
8.69 327.18 1
8.7 330.57 1
8.71 334.1 1
8.72 338.16 1
8.73 340.26 1
8.74 343.48 1
8.75 341.0 1
8.76 343.03 1
8.77 338.52 1
8.78 328.7 1
8.79 319.49 1
8.8 307.31 1
8.81 295.35 1
8.82 289.17 1
8.83 286.77 1
8.84 284.87 1
8.85 286.74 1
8.86 288.08 1
8.87 290.92 1
8.88 291.1 1
8.89 293.39 1
8.9 293.06 1
8.91 293.31 1
8.92 292.58 1
8.93 291.96 1
8.94 291.1 1
8.95 290.96 1
8.96 291.92 1
8.97 292.88 1
8.98 293.32 1
8.99 293.05 1
9.0 294.74 1
9.01 294.38 1
9.02 294.99 1
9.03 294.82 1
9.04 294.99 1
9.05 295.02 1
9.06 296.18 1
9.07 295.49 1
9.08 294.87 1
9.09 294.95 1
9.1 295.02 1
9.11 296.02 1
9.12 297.71 1
9.13 298.03 1
9.14 299.0 1
9.15 299.06 1
9.16 301.38 1
9.17 300.81 1
9.18 299.03 1
9.19 297.07 1
9.2 295.03 1
9.21 292.99 1
9.22 289.4 1
9.23 285.14 1
9.24 280.39 1
9.25 273.93 1
9.26 268.26 1
9.27 263.91 1
9.28 254.94 1
9.29 249.49 1
9.3 239.93 1
9.31 232.75 1
9.32 229.28 1
9.33 229.61 1
9.34 230.3 1
9.35 233.94 1
9.36 235.49 1
9.37 239.8 1
9.38 245.29 1
9.39 250.65 1
9.4 257.65 1
9.41 255.66 1
9.42 264.27 1
9.43 268.12 1
9.44 256.94 1
9.45 272.99 1
9.46 261.74 1
9.47 260.2 1
9.48 257.15 1
9.49 253.95 1
9.5 245.1 1
9.51 245.21 1
9.52 240.31 1
9.53 242.4 1
9.54 240.32 1
9.55 242.87 1
9.56 239.9 1
9.57 241.02 1
9.58 240.94 1
9.59 242.97 1
9.6 241.22 1
9.61 242.97 1
9.62 243.02 1
9.63 242.84 1
9.64 242.26 1
9.65 242.3 1
9.66 243.1 1
9.67 243.62 1
9.68 243.53 1
9.69 244.16 1
9.7 243.92 1
9.71 243.46 1
9.72 243.81 1
9.73 243.83 1
9.74 243.11 1
9.75 243.08 1
9.76 241.35 1
9.77 241.57 1
9.78 240.25 1
9.79 240.42 1
9.8 240.08 1
9.81 241.5 1
9.82 243.61 1
9.83 246.22 1
9.84 247.64 1
9.85 249.93 1
9.86 250.57 1
9.87 255.21 1
9.88 257.22 1
9.89 252.13 1
9.9 254.19 1
9.91 261.52 1
9.92 257.15 1
9.93 259.7 1
9.94 258.92 1
9.95 257.58 1
9.96 256.3 1
9.97 251.97 1
9.98 250.54 1
9.99 246.81 1
10.0 242.97 1
10.01 237.02 1
10.02 236.19 1
10.03 233.95 1
10.04 232.78 1
10.05 236.5 1
10.06 241.32 1
10.07 247.35 1
10.08 251.32 1
10.09 257.16 1
10.1 252.86 1
10.11 267.86 1
10.12 274.58 1
10.13 253.82 1
10.14 252.7 1
10.15 258.67 1
10.16 264.82 1
10.17 258.85 1
10.18 255.08 1
10.19 253.54 1
10.2 252.75 1
10.21 249.44 1
10.22 244.88 1
10.23 242.11 1
10.24 240.02 1
10.25 236.66 1
10.26 236.16 1
10.27 233.95 1
10.28 227.05 1
10.29 224.86 1
10.3 221.12 1
10.31 222.13 1
10.32 218.92 1
10.33 219.87 1
10.34 216.51 1
10.35 216.67 1
10.36 214.5 1
10.37 214.76 1
10.38 214.79 1
10.39 214.82 1
10.4 215.63 1
10.41 216.67 1
10.42 215.73 1
10.43 217.15 1
10.44 217.94 1
10.45 217.59 1
10.46 216.75 1
10.47 218.0 1
10.48 218.4 1
10.49 219.39 1
10.5 222.49 1
10.51 219.95 1
10.52 222.83 1
10.53 226.83 1
10.54 228.95 1
10.55 232.32 1
10.56 230.31 1
10.57 248.0 1
10.58 247.18 1
10.59 245.99 1
10.6 242.52 1
10.61 245.63 1
10.62 242.97 1
10.63 243.35 1
10.64 245.64 1
10.65 242.88 1
10.66 242.96 1
10.67 241.64 1
10.68 241.38 1
10.69 240.6 1
10.7 239.01 1
10.71 239.46 1
10.72 239.74 1
10.73 240.33 1
10.74 245.47 1
10.75 251.79 1
10.76 252.86 1
10.77 251.77 1
10.78 258.32 1
10.79 251.26 1
10.8 249.74 1
10.81 254.09 1
10.82 0.0 1
10.83 0.0 1
10.84 0.0 1
10.85 0.0 1
10.86 74.26 1
10.87 73.92 1
10.88 73.55 1
10.89 73.93 1
10.9 73.78 1
10.91 73.93 1
10.92 73.29 1
10.93 73.82 1
10.94 73.36 1
10.95 73.68 1
10.96 72.95 1
10.97 150.26 1
10.98 147.23 1
10.99 149.4 1
11.0 146.75 1
11.01 146.76 1
11.02 146.83 1
11.03 147.74 1
11.04 145.79 1
11.05 148.21 1
11.06 147.74 1
11.07 147.25 1
11.08 145.79 1
11.09 147.68 1
11.1 145.81 1
11.11 146.77 1
11.12 144.87 1
11.13 146.31 1
11.14 144.85 1
11.15 144.83 1
11.16 117.09 1
