0.01 0.0 1
0.02 0.0 1
0.03 0.0 1
0.04 0.0 1
0.05 0.0 1
0.06 0.0 1
0.07 0.0 1
0.08 0.0 1
0.09 0.0 1
0.1 402.55 1
0.11 392.3 1
0.12 387.55 1
0.13 390.22 1
0.14 390.88 1
0.15 390.63 1
0.16 391.47 1
0.17 392.91 1
0.18 392.51 1
0.19 392.75 1
0.2 394.11 1
0.21 394.07 1
0.22 394.2 1
0.23 391.7 1
0.24 390.68 1
0.25 389.28 1
0.26 388.49 1
0.27 388.6 1
0.28 390.27 1
0.29 390.22 1
0.3 389.33 1
0.31 389.94 1
0.32 390.09 1
0.33 388.17 1
0.34 389.02 1
0.35 389.2 1
0.36 389.61 1
0.37 387.98 1
0.38 388.48 1
0.39 387.09 1
0.4 388.47 1
0.41 386.64 1
0.42 386.21 1
0.43 386.09 1
0.44 385.93 1
0.45 385.98 1
0.46 386.92 1
0.47 388.72 1
0.48 390.35 1
0.49 390.87 1
0.5 391.08 1
0.51 391.72 1
0.52 391.21 1
0.53 391.29 1
0.54 391.28 1
0.55 391.12 1
0.56 390.22 1
0.57 389.48 1
0.58 388.88 1
0.59 387.97 1
0.6 389.21 1
0.61 390.11 1
0.62 391.37 1
0.63 392.52 1
0.64 393.97 1
0.65 395.01 1
0.66 395.25 1
0.67 394.75 1
0.68 394.59 1
0.69 392.17 1
0.7 391.59 1
0.71 391.33 1
0.72 390.02 1
0.73 390.01 1
0.74 389.98 1
0.75 389.83 1
0.76 389.12 1
0.77 387.56 1
0.78 385.84 1
0.79 385.81 1
0.8 385.08 1
0.81 382.29 1
0.82 382.02 1
0.83 385.27 1
0.84 387.05 1
0.85 388.78 1
0.86 387.29 1
0.87 388.39 1
0.88 386.67 1
0.89 385.14 1
0.9 383.24 1
0.91 381.86 1
0.92 381.87 1
0.93 382.59 1
0.94 385.05 1
0.95 385.66 1
0.96 388.47 1
0.97 389.42 1
0.98 389.69 1
0.99 389.34 1
1.0 389.77 1
1.01 388.68 1
1.02 388.36 1
1.03 388.14 1
1.04 388.57 1
1.05 388.93 1
1.06 388.21 1
1.07 388.29 1
1.08 389.04 1
1.09 389.45 1
1.1 389.85 1
1.11 389.33 1
1.12 388.09 1
1.13 386.87 1
1.14 385.65 1
1.15 385.01 1
1.16 384.03 1
1.17 385.05 1
1.18 385.06 1
1.19 385.41 1
1.2 388.51 1
1.21 388.44 1
1.22 389.6 1
1.23 388.98 1
1.24 389.46 1
1.25 387.62 1
1.26 387.62 1
1.27 387.99 1
1.28 386.86 1
1.29 385.5 1
1.3 383.98 1
1.31 385.07 1
1.32 384.46 1
1.33 384.73 1
1.34 385.77 1
1.35 389.42 1
1.36 390.74 1
1.37 391.67 1
1.38 393.25 1
1.39 396.0 1
1.4 395.02 1
1.41 395.99 1
1.42 396.27 1
1.43 396.77 1
1.44 395.88 1
1.45 393.78 1
1.46 392.06 1
1.47 389.28 1
1.48 388.95 1
1.49 391.39 1
1.5 392.87 1
1.51 396.03 1
1.52 394.53 1
1.53 393.31 1
1.54 390.96 1
1.55 388.74 1
1.56 386.15 1
1.57 382.94 1
1.58 378.38 1
1.59 373.76 1
1.6 364.42 1
1.61 355.93 1
1.62 348.72 1
1.63 343.19 1
1.64 338.2 1
1.65 338.86 1
1.66 341.53 1
1.67 344.79 1
1.68 351.44 1
1.69 351.62 1
1.7 364.13 1
1.71 372.08 1
1.72 377.49 1
1.73 383.39 1
1.74 386.28 1
1.75 386.26 1
1.76 385.66 1
1.77 387.24 1
1.78 388.53 1
1.79 387.3 1
1.8 387.07 1
1.81 386.07 1
1.82 383.55 1
1.83 381.63 1
1.84 380.99 1
1.85 379.09 1
1.86 376.64 1
1.87 378.18 1
1.88 369.99 1
1.89 368.19 1
1.9 364.51 1
1.91 365.8 1
1.92 362.97 1
1.93 364.31 1
1.94 364.61 1
1.95 364.24 1
1.96 362.78 1
1.97 354.68 1
1.98 360.02 1
1.99 357.35 1
2.0 360.9 1
2.01 360.07 1
2.02 362.66 1
2.03 360.16 1
2.04 354.5 1
2.05 356.22 1
2.06 356.56 1
2.07 354.38 1
2.08 357.11 1
2.09 357.2 1
2.1 357.36 1
2.11 360.17 1
2.12 362.74 1
2.13 367.6 1
2.14 371.53 1
2.15 384.79 1
2.16 381.71 1
2.17 382.47 1
2.18 383.36 1
2.19 383.53 1
2.2 382.45 1
2.21 382.72 1
2.22 383.44 1
2.23 382.45 1
2.24 383.66 1
2.25 388.32 1
2.26 385.15 1
2.27 387.33 1
2.28 387.11 1
2.29 387.05 1
2.3 388.51 1
2.31 388.51 1
2.32 388.55 1
2.33 389.06 1
2.34 389.12 1
2.35 388.6 1
2.36 389.15 1
2.37 387.91 1
2.38 387.04 1
2.39 386.41 1
2.4 386.4 1
2.41 385.35 1
2.42 385.06 1
2.43 384.12 1
2.44 383.84 1
2.45 384.24 1
2.46 385.55 1
2.47 385.95 1
2.48 386.42 1
2.49 388.63 1
2.5 390.31 1
2.51 392.05 1
2.52 391.08 1
2.53 392.03 1
2.54 390.6 1
2.55 389.43 1
2.56 385.51 1
2.57 381.75 1
2.58 373.27 1
2.59 363.51 1
2.6 351.47 1
2.61 342.16 1
2.62 330.52 1
2.63 325.96 1
2.64 323.08 1
2.65 323.83 1
2.66 326.88 1
2.67 330.18 1
2.68 339.0 1
2.69 340.91 1
2.7 346.14 1
2.71 360.28 1
2.72 374.2 1
2.73 379.81 1
2.74 383.48 1
2.75 383.22 1
2.76 383.05 1
2.77 382.54 1
2.78 380.98 1
2.79 377.63 1
2.8 374.17 1
2.81 370.24 1
2.82 365.94 1
2.83 360.11 1
2.84 354.26 1
2.85 348.7 1
2.86 343.25 1
2.87 336.64 1
2.88 334.28 1
2.89 332.58 1
2.9 330.98 1
2.91 329.52 1
2.92 331.23 1
2.93 331.41 1
2.94 330.02 1
2.95 328.5 1
2.96 326.52 1
2.97 325.44 1
2.98 322.96 1
2.99 318.72 1
3.0 318.82 1
3.01 320.21 1
3.02 323.57 1
3.03 328.2 1
3.04 334.37 1
3.05 340.57 1
3.06 351.19 1
3.07 348.81 1
3.08 357.33 1
3.09 366.12 1
3.1 374.31 1
3.11 371.43 1
3.12 370.53 1
3.13 370.39 1
3.14 367.45 1
3.15 366.75 1
3.16 363.25 1
3.17 368.86 1
3.18 369.94 1
3.19 368.88 1
3.2 369.21 1
3.21 367.16 1
3.22 365.91 1
3.23 360.05 1
3.24 357.1 1
3.25 348.79 1
3.26 348.68 1
3.27 348.73 1
3.28 357.21 1
3.29 369.56 1
3.3 378.46 1
3.31 387.51 1
3.32 393.33 1
3.33 398.07 1
3.34 390.72 1
3.35 378.23 1
3.36 354.22 1
3.37 343.21 1
3.38 313.87 1
3.39 291.1 1
3.4 283.24 1
3.41 267.21 1
3.42 276.47 1
3.43 285.76 1
3.44 290.86 1
3.45 298.98 1
3.46 306.02 1
3.47 316.11 1
3.48 321.76 1
3.49 328.04 1
3.5 334.47 1
3.51 335.57 1
3.52 336.27 1
3.53 335.77 1
3.54 332.97 1
3.55 327.9 1
3.56 322.56 1
3.57 317.15 1
3.58 310.56 1
3.59 305.25 1
3.6 301.65 1
3.61 298.61 1
3.62 296.62 1
3.63 293.78 1
3.64 291.78 1
3.65 291.86 1
3.66 292.07 1
3.67 291.55 1
3.68 292.0 1
3.69 289.63 1
3.7 289.07 1
3.71 288.2 1
3.72 287.45 1
3.73 287.37 1
3.74 288.67 1
3.75 289.51 1
3.76 290.31 1
3.77 291.59 1
3.78 292.2 1
3.79 292.86 1
3.8 291.97 1
3.81 292.27 1
3.82 293.67 1
3.83 293.05 1
3.84 294.35 1
3.85 294.13 1
3.86 295.99 1
3.87 296.0 1
3.88 295.01 1
3.89 294.99 1
3.9 296.07 1
3.91 294.99 1
3.92 293.04 1
3.93 292.64 1
3.94 292.54 1
3.95 291.12 1
3.96 291.12 1
3.97 293.03 1
3.98 291.1 1
3.99 291.1 1
4.0 291.1 1
4.01 289.93 1
4.02 288.97 1
4.03 289.49 1
4.04 289.13 1
4.05 288.6 1
4.06 288.72 1
4.07 286.22 1
4.08 287.45 1
4.09 285.67 1
4.1 289.62 1
4.11 290.95 1
4.12 291.79 1
4.13 296.18 1
4.14 297.65 1
4.15 297.06 1
4.16 297.06 1
4.17 297.44 1
4.18 296.09 1
4.19 293.05 1
4.2 291.23 1
4.21 293.05 1
4.22 293.99 1
4.23 295.0 1
4.24 294.65 1
4.25 294.24 1
4.26 294.19 1
4.27 294.89 1
4.28 293.1 1
4.29 294.99 1
4.3 295.17 1
4.31 292.79 1
4.32 288.82 1
4.33 281.32 1
4.34 273.82 1
4.35 266.41 1
4.36 253.98 1
4.37 242.93 1
4.38 235.17 1
4.39 225.69 1
4.4 224.23 1
4.41 225.54 1
4.42 229.09 1
4.43 232.73 1
4.44 237.69 1
4.45 246.17 1
4.46 251.26 1
4.47 257.22 1
4.48 250.38 1
4.49 256.75 1
4.5 279.2 1
4.51 284.14 1
4.52 288.03 1
4.53 290.43 1
4.54 291.96 1
4.55 291.21 1
4.56 291.7 1
4.57 289.96 1
4.58 287.1 1
4.59 283.96 1
4.6 279.81 1
4.61 275.97 1
4.62 270.43 1
4.63 265.69 1
4.64 260.23 1
4.65 256.72 1
4.66 253.74 1
4.67 250.2 1
4.68 249.86 1
4.69 248.19 1
4.7 247.7 1
4.71 249.03 1
4.72 249.11 1
4.73 249.07 1
4.74 248.54 1
4.75 247.9 1
4.76 247.58 1
4.77 246.5 1
4.78 246.82 1
4.79 247.33 1
4.8 243.12 1
4.81 247.34 1
4.82 249.53 1
4.83 249.4 1
4.84 249.02 1
4.85 258.66 1
4.86 271.37 1
4.87 266.86 1
4.88 265.47 1
4.89 268.07 1
4.9 288.0 1
4.91 289.81 1
4.92 289.98 1
4.93 290.06 1
4.94 289.92 1
4.95 290.1 1
4.96 289.84 1
4.97 289.26 1
4.98 288.93 1
4.99 287.92 1
5.0 287.14 1
5.01 286.24 1
5.02 287.0 1
5.03 286.61 1
5.04 288.65 1
5.05 288.49 1
5.06 289.17 1
5.07 289.12 1
5.08 289.67 1
5.09 290.46 1
5.1 291.16 1
5.11 290.95 1
5.12 291.01 1
5.13 289.85 1
5.14 288.31 1
5.15 278.25 1
5.16 277.82 1
5.17 277.92 1
5.18 268.09 1
5.19 267.16 1
5.2 261.55 1
5.21 255.76 1
5.22 253.06 1
5.23 248.74 1
5.24 247.59 1
5.25 247.06 1
5.26 247.05 1
5.27 246.54 1
5.28 247.01 1
5.29 244.84 1
5.3 246.95 1
5.31 245.94 1
5.32 247.05 1
5.33 247.67 1
5.34 249.32 1
5.35 253.81 1
5.36 255.66 1
5.37 258.67 1
5.38 265.95 1
5.39 258.84 1
5.4 265.92 1
5.41 257.16 1
5.42 259.88 1
5.43 253.04 1
5.44 248.39 1
5.45 248.42 1
5.46 242.71 1
5.47 246.42 1
5.48 239.52 1
5.49 247.07 1
5.5 240.39 1
5.51 243.13 1
5.52 241.83 1
5.53 240.01 1
5.54 240.19 1
5.55 239.03 1
5.56 242.32 1
5.57 242.55 1
5.58 243.95 1
5.59 241.9 1
5.6 242.97 1
5.61 243.21 1
5.62 242.95 1
5.63 243.75 1
5.64 242.73 1
5.65 243.81 1
5.66 243.23 1
5.67 243.58 1
5.68 242.81 1
5.69 242.69 1
5.7 243.03 1
5.71 242.3 1
5.72 242.95 1
5.73 241.99 1
5.74 244.32 1
5.75 243.15 1
5.76 244.52 1
5.77 243.17 1
5.78 243.75 1
5.79 242.92 1
5.8 243.98 1
5.81 243.93 1
5.82 243.11 1
5.83 243.1 1
5.84 242.81 1
5.85 244.64 1
5.86 244.14 1
5.87 244.72 1
5.88 245.03 1
5.89 245.2 1
5.9 246.14 1
5.91 245.78 1
5.92 245.46 1
5.93 245.25 1
5.94 246.32 1
5.95 245.32 1
5.96 246.33 1
5.97 244.57 1
5.98 245.05 1
5.99 242.96 1
6.0 244.47 1
6.01 243.05 1
6.02 245.68 1
6.03 243.09 1
6.04 244.32 1
6.05 243.63 1
6.06 244.84 1
6.07 245.14 1
6.08 245.4 1
6.09 247.05 1
6.1 247.34 1
6.11 247.16 1
6.12 247.12 1
6.13 247.25 1
6.14 246.65 1
6.15 245.53 1
6.16 245.68 1
6.17 245.16 1
6.18 245.61 1
6.19 245.58 1
6.2 245.85 1
6.21 243.97 1
6.22 244.06 1
6.23 244.02 1
6.24 243.56 1
6.25 244.32 1
6.26 244.05 1
6.27 245.41 1
6.28 247.01 1
6.29 247.71 1
6.3 249.13 1
6.31 248.86 1
6.32 250.31 1
6.33 250.77 1
6.34 250.53 1
6.35 251.32 1
6.36 250.3 1
6.37 249.82 1
6.38 248.74 1
6.39 247.68 1
6.4 244.49 1
6.41 241.63 1
6.42 235.22 1
6.43 233.93 1
6.44 229.13 1
6.45 226.8 1
6.46 229.93 1
6.47 231.55 1
6.48 240.34 1
6.49 250.04 1
6.5 246.36 1
6.51 252.97 1
6.52 278.97 1
6.53 287.09 1
6.54 296.38 1
6.55 291.1 1
6.56 302.02 1
6.57 297.11 1
6.58 301.42 1
6.59 299.0 1
6.6 298.78 1
6.61 298.4 1
6.62 296.83 1
6.63 295.44 1
6.64 292.64 1
6.65 289.45 1
6.66 286.06 1
6.67 283.83 1
6.68 281.05 1
6.69 277.07 1
6.7 272.78 1
6.71 271.06 1
6.72 258.68 1
6.73 248.84 1
6.74 247.31 1
6.75 238.36 1
6.76 236.52 1
6.77 219.95 1
6.78 229.1 1
6.79 235.23 1
6.8 243.02 1
6.81 239.57 1
6.82 246.51 1
6.83 269.68 1
6.84 269.03 1
6.85 281.76 1
6.86 283.98 1
6.87 288.25 1
6.88 288.77 1
6.89 288.85 1
6.9 288.58 1
6.91 286.28 1
6.92 286.35 1
6.93 285.72 1
6.94 285.33 1
6.95 284.63 1
6.96 285.78 1
6.97 286.39 1
6.98 286.84 1
6.99 290.24 1
7.0 292.56 1
7.01 295.97 1
7.02 298.63 1
7.03 298.51 1
7.04 297.01 1
7.05 296.99 1
7.06 295.73 1
7.07 293.46 1
7.08 292.61 1
7.09 292.6 1
7.1 293.25 1
7.11 293.04 1
7.12 293.64 1
7.13 293.93 1
7.14 294.15 1
7.15 294.61 1
7.16 294.48 1
7.17 294.18 1
7.18 294.46 1
7.19 293.06 1
7.2 294.44 1
7.21 295.64 1
7.22 294.99 1
7.23 294.42 1
7.24 292.81 1
7.25 290.54 1
7.26 286.91 1
7.27 283.32 1
7.28 136.54 1
7.29 142.54 1
7.3 143.06 1
7.31 143.11 1
7.32 143.86 1
7.33 97.7 1
7.34 98.08 1
7.35 97.48 1
7.36 97.69 1
7.37 97.51 1
7.38 97.49 1
7.39 96.65 1
7.4 98.12 1
7.41 98.32 1
7.42 97.89 1
7.43 98.32 1
7.44 98.32 1
7.45 98.11 1
7.46 97.9 1
7.47 98.53 1
7.48 97.27 1
7.49 98.75 1
7.5 97.48 1
7.51 98.53 1
7.52 97.69 1
7.53 98.12 1
7.54 98.03 1
7.55 98.19 1
7.56 98.11 1
7.57 98.14 1
7.58 97.69 1
7.59 98.2 1
7.6 230.81 1
7.61 289.41 1
7.62 291.01 1
7.63 291.12 1
7.64 291.13 1
7.65 293.59 1
7.66 292.95 1
7.67 290.12 1
7.68 287.74 1
7.69 286.51 1
7.7 287.77 1
7.71 290.28 1
7.72 293.04 1
7.73 295.01 1
7.74 298.55 1
7.75 301.15 1
7.76 311.14 1
7.77 320.99 1
7.78 331.08 1
7.79 335.74 1
7.8 341.04 1
7.81 360.19 1
7.82 371.72 1
7.83 376.91 1
7.84 384.87 1
7.85 384.77 1
7.86 383.19 1
7.87 380.53 1
7.88 375.13 1
7.89 371.55 1
7.9 364.39 1
7.91 359.23 1
7.92 352.95 1
7.93 346.11 1
7.94 340.27 1
7.95 336.71 1
7.96 333.94 1
7.97 330.4 1
7.98 328.64 1
7.99 325.17 1
8.0 321.78 1
8.01 321.27 1
8.02 319.77 1
8.03 319.85 1
8.04 321.46 1
8.05 327.07 1
8.06 335.11 1
8.07 343.43 1
8.08 351.76 1
8.09 366.03 1
8.1 337.81 1
8.11 345.6 1
8.12 382.67 1
8.13 383.3 1
8.14 383.33 1
8.15 380.51 1
8.16 380.13 1
8.17 380.55 1
8.18 381.66 1
8.19 381.67 1
8.2 381.67 1
8.21 378.61 1
8.22 378.35 1
8.23 375.21 1
8.24 371.14 1
8.25 367.47 1
8.26 362.7 1
8.27 346.48 1
8.28 347.35 1
8.29 346.49 1
8.3 348.4 1
8.31 346.43 1
8.32 357.17 1
8.33 363.97 1
8.34 372.84 1
8.35 380.0 1
8.36 387.35 1
8.37 392.21 1
8.38 399.18 1
8.39 402.76 1
8.4 404.13 1
8.41 403.67 1
8.42 399.69 1
8.43 392.98 1
8.44 385.14 1
8.45 381.59 1
8.46 373.06 1
8.47 366.88 1
8.48 362.41 1
8.49 362.89 1
8.5 361.03 1
8.51 357.32 1
8.52 363.54 1
8.53 367.38 1
8.54 371.49 1
8.55 375.49 1
8.56 379.05 1
8.57 382.7 1
8.58 385.0 1
8.59 388.16 1
8.6 390.24 1
8.61 390.39 1
8.62 388.81 1
8.63 387.48 1
8.64 385.22 1
8.65 383.92 1
8.66 381.57 1
8.67 381.44 1
8.68 378.09 1
8.69 374.04 1
8.7 367.62 1
8.71 359.11 1
8.72 354.26 1
8.73 340.92 1
8.74 346.07 1
8.75 343.06 1
8.76 339.91 1
8.77 339.47 1
8.78 337.22 1
8.79 332.06 1
8.8 330.74 1
8.81 328.32 1
8.82 327.82 1
8.83 321.93 1
8.84 318.71 1
8.85 314.42 1
8.86 311.81 1
8.87 310.82 1
8.88 309.71 1
8.89 305.19 1
8.9 304.89 1
8.91 301.04 1
8.92 299.0 1
8.93 298.99 1
8.94 296.88 1
8.95 295.01 1
8.96 295.19 1
8.97 293.05 1
8.98 292.63 1
8.99 293.0 1
9.0 294.22 1
9.01 294.24 1
9.02 293.79 1
9.03 294.62 1
9.04 294.58 1
9.05 295.1 1
9.06 293.73 1
9.07 293.86 1
9.08 293.69 1
9.09 293.47 1
9.1 293.03 1
9.11 293.02 1
9.12 292.82 1
9.13 292.7 1
9.14 291.11 1
9.15 291.11 1
9.16 291.12 1
9.17 289.19 1
9.18 287.77 1
9.19 285.44 1
9.2 0.0 1
9.21 0.0 1
9.22 0.0 1
9.23 0.0 1
9.24 0.0 1
9.25 0.0 1
9.26 0.0 1
9.27 0.0 1
9.28 0.0 1
9.29 302.37 1
9.3 298.99 1
9.31 293.51 1
9.32 297.01 1
9.33 291.51 1
9.34 292.26 1
9.35 289.07 1
9.36 289.06 1
9.37 289.15 1
9.38 291.08 1
9.39 291.66 1
9.4 294.39 1
9.41 296.98 1
9.42 303.11 1
9.43 309.57 1
9.44 316.97 1
9.45 331.02 1
9.46 339.21 1
9.47 346.0 1
9.48 354.31 1
9.49 369.03 1
9.5 375.24 1
9.51 381.74 1
9.52 380.64 1
9.53 376.4 1
9.54 375.31 1
9.55 373.4 1
9.56 368.79 1
9.57 363.03 1
9.58 363.51 1
9.59 356.34 1
9.6 348.8 1
9.61 353.19 1
9.62 346.03 1
9.63 343.35 1
9.64 347.93 1
9.65 345.89 1
9.66 343.33 1
9.67 341.52 1
9.68 337.4 1
9.69 333.26 1
9.7 327.97 1
9.71 325.53 1
9.72 324.09 1
9.73 324.46 1
9.74 324.55 1
9.75 328.45 1
9.76 330.33 1
9.77 333.9 1
9.78 343.21 1
9.79 348.62 1
9.8 348.67 1
9.81 359.51 1
9.82 376.72 1
9.83 376.56 1
9.84 378.23 1
9.85 376.83 1
9.86 376.93 1
9.87 378.51 1
9.88 377.92 1
9.89 379.37 1
9.9 378.87 1
9.91 377.81 1
9.92 376.91 1
9.93 377.42 1
9.94 378.53 1
9.95 375.55 1
9.96 372.61 1
9.97 369.49 1
9.98 367.5 1
9.99 364.39 1
10.0 364.95 1
10.01 366.04 1
10.02 372.08 1
10.03 378.39 1
10.04 382.15 1
10.05 385.1 1
10.06 389.76 1
10.07 391.06 1
10.08 390.15 1
10.09 386.34 1
10.1 382.23 1
10.11 372.48 1
10.12 372.89 1
10.13 366.58 1
10.14 364.9 1
10.15 367.52 1
10.16 369.79 1
10.17 372.14 1
10.18 376.32 1
10.19 380.67 1
10.2 383.38 1
10.21 384.3 1
10.22 384.24 1
10.23 385.54 1
10.24 385.19 1
10.25 383.34 1
10.26 380.92 1
10.27 381.63 1
10.28 379.98 1
10.29 379.98 1
10.3 382.11 1
10.31 384.28 1
10.32 385.71 1
10.33 385.78 1
10.34 386.6 1
10.35 386.48 1
10.36 386.27 1
10.37 386.28 1
10.38 385.88 1
10.39 384.35 1
10.4 383.54 1
10.41 383.63 1
10.42 385.13 1
10.43 386.21 1
10.44 387.32 1
10.45 386.57 1
10.46 384.5 1
10.47 382.84 1
10.48 381.91 1
10.49 380.2 1
10.5 376.77 1
10.51 371.98 1
10.52 368.29 1
10.53 366.5 1
10.54 369.52 1
10.55 378.4 1
10.56 386.89 1
10.57 396.09 1
10.58 408.73 1
10.59 418.12 1
10.6 434.51 1
10.61 438.91 1
10.62 463.18 1
10.63 472.57 1
10.64 477.91 1
10.65 481.68 1
10.66 476.94 1
10.67 471.94 1
10.68 468.27 1
10.69 464.0 1
10.7 459.56 1
10.71 456.92 1
10.72 456.91 1
10.73 452.27 1
10.74 452.25 1
10.75 446.61 1
10.76 444.47 1
10.77 443.33 1
10.78 442.53 1
10.79 434.57 1
10.8 426.25 1
10.81 426.21 1
10.82 430.29 1
10.83 422.17 1
10.84 418.19 1
10.85 418.19 1
10.86 418.31 1
10.87 422.3 1
10.88 439.04 1
10.89 443.89 1
10.9 441.57 1
10.91 444.2 1
10.92 445.88 1
10.93 446.96 1
10.94 438.9 1
10.95 432.6 1
10.96 422.25 1
10.97 419.48 1
10.98 411.69 1
10.99 406.76 1
11.0 403.9 1
11.01 400.69 1
11.02 400.72 1
11.03 399.3 1
11.04 396.11 1
11.05 395.97 1
11.06 393.96 1
11.07 393.99 1
11.08 395.2 1
11.09 393.55 1
11.1 391.59 1
11.11 391.64 1
11.12 389.65 1
11.13 388.57 1
11.14 389.01 1
11.15 391.6 1
11.16 394.06 1
11.17 398.12 1
11.18 396.71 1
11.19 394.26 1
11.2 390.69 1
11.21 390.7 1
11.22 390.56 1
11.23 390.35 1
11.24 388.56 1
11.25 386.83 1
11.26 385.83 1
11.27 386.07 1
11.28 387.22 1
11.29 387.25 1
11.3 387.66 1
11.31 386.0 1
11.32 384.49 1
11.33 385.05 1
11.34 382.77 1
11.35 388.4 1
11.36 388.48 1
11.37 391.89 1
11.38 391.87 1
11.39 388.51 1
11.4 385.15 1
11.41 385.13 1
11.42 388.42 1
11.43 388.49 1
11.44 388.52 1
11.45 388.53 1
11.46 387.01 1
11.47 387.48 1
11.48 389.9 1
11.49 391.31 1
11.5 390.07 1
11.51 389.41 1
11.52 389.02 1
11.53 386.9 1
11.54 384.29 1
11.55 380.45 1
11.56 377.88 1
11.57 375.2 1
11.58 369.0 1
11.59 367.33 1
11.6 369.0 1
11.61 369.06 1
11.62 372.13 1
11.63 381.5 1
11.64 385.01 1
11.65 381.81 1
11.66 387.04 1
11.67 388.45 1
11.68 389.51 1
11.69 390.77 1
11.7 389.34 1
11.71 389.06 1
11.72 388.42 1
11.73 385.88 1
11.74 382.43 1
11.75 380.39 1
11.76 379.32 1
11.77 378.47 1
11.78 375.27 1
11.79 368.3 1
11.8 364.54 1
11.81 362.2 1
11.82 354.31 1
11.83 353.81 1
11.84 345.94 1
11.85 342.87 1
11.86 338.27 1
11.87 332.34 1
11.88 330.52 1
11.89 329.9 1
11.9 328.88 1
11.91 327.42 1
11.92 326.46 1
11.93 325.04 1
11.94 323.71 1
11.95 323.76 1
11.96 323.21 1
11.97 323.72 1
11.98 323.66 1
11.99 325.56 1
12.0 328.3 1
12.01 329.29 1
12.02 331.8 1
12.03 335.51 1
12.04 334.78 1
12.05 331.08 1
12.06 324.6 1
12.07 322.7 1
12.08 313.58 1
12.09 305.19 1
12.1 299.09 1
12.11 295.63 1
12.12 292.43 1
12.13 294.68 1
12.14 293.44 1
12.15 294.03 1
12.16 293.03 1
12.17 294.73 1
12.18 294.88 1
12.19 294.68 1
12.2 294.98 1
12.21 294.98 1
12.22 295.45 1
12.23 294.95 1
12.24 295.0 1
12.25 295.5 1
12.26 294.9 1
12.27 293.05 1
12.28 294.3 1
12.29 294.05 1
12.3 293.04 1
12.31 293.03 1
12.32 293.27 1
12.33 293.04 1
12.34 293.04 1
12.35 293.03 1
12.36 293.06 1
12.37 293.07 1
12.38 293.05 1
12.39 293.04 1
12.4 292.94 1
12.41 291.11 1
12.42 291.38 1
12.43 290.63 1
12.44 291.15 1
12.45 292.77 1
12.46 289.24 1
12.47 291.12 1
12.48 289.76 1
12.49 296.21 1
12.5 295.5 1
12.51 295.1 1
12.52 294.78 1
12.53 295.68 1
12.54 296.17 1
12.55 295.03 1
12.56 297.84 1
12.57 297.73 1
12.58 296.45 1
12.59 295.32 1
12.6 296.98 1
12.61 302.66 1
12.62 309.48 1
12.63 311.69 1
12.64 328.6 1
12.65 336.87 1
12.66 340.56 1
12.67 345.91 1
12.68 362.86 1
12.69 362.97 1
12.7 367.62 1
12.71 373.6 1
12.72 375.16 1
12.73 378.49 1
12.74 377.49 1
12.75 378.55 1
12.76 380.12 1
12.77 381.69 1
12.78 379.98 1
12.79 377.61 1
12.8 374.2 1
12.81 369.04 1
12.82 361.69 1
12.83 359.9 1
12.84 343.8 1
12.85 345.51 1
12.86 339.04 1
12.87 333.92 1
12.88 331.02 1
12.89 328.27 1
12.9 325.07 1
12.91 324.1 1
12.92 324.88 1
12.93 327.36 1
12.94 330.19 1
12.95 334.38 1
12.96 333.01 1
12.97 345.94 1
12.98 358.61 1
12.99 363.03 1
13.0 374.12 1
13.01 379.34 1
13.02 384.52 1
13.03 388.39 1
13.04 389.29 1
13.05 391.04 1
13.06 391.64 1
13.07 391.68 1
13.08 392.25 1
13.09 391.86 1
13.1 390.1 1
13.11 385.44 1
13.12 378.38 1
13.13 374.25 1
13.14 371.59 1
13.15 368.89 1
13.16 371.09 1
13.17 377.15 1
13.18 380.22 1
13.19 387.09 1
13.2 394.79 1
13.21 401.63 1
13.22 407.59 1
13.23 408.3 1
