0.01 269.69 1
0.02 291.11 1
0.03 278.29 1
0.04 290.62 1
0.05 289.19 1
0.06 289.25 1
0.07 288.61 1
0.08 288.36 1
0.09 283.65 1
0.1 285.45 1
0.11 288.89 1
0.12 287.78 1
0.13 286.32 1
0.14 285.45 1
0.15 283.71 1
0.16 288.46 1
0.17 289.81 1
0.18 289.89 1
0.19 292.78 1
0.2 292.47 1
0.21 292.42 1
0.22 292.65 1
0.23 292.62 1
0.24 291.1 1
0.25 293.03 1
0.26 292.95 1
0.27 292.7 1
0.28 291.11 1
0.29 291.1 1
0.3 290.82 1
0.31 291.1 1
0.32 290.52 1
0.33 291.1 1
0.34 290.88 1
0.35 291.32 1
0.36 289.14 1
0.37 289.23 1
0.38 289.11 1
0.39 288.58 1
0.4 289.33 1
0.41 289.38 1
0.42 289.74 1
0.43 290.32 1
0.44 289.89 1
0.45 290.01 1
0.46 289.86 1
0.47 290.11 1
0.48 290.38 1
0.49 291.1 1
0.5 291.1 1
0.51 291.1 1
0.52 292.6 1
0.53 292.4 1
0.54 293.1 1
0.55 293.31 1
0.56 294.08 1
0.57 293.03 1
0.58 293.03 1
0.59 293.27 1
0.6 293.75 1
0.61 293.68 1
0.62 293.05 1
0.63 294.52 1
0.64 294.69 1
0.65 294.68 1
0.66 294.54 1
0.67 293.92 1
0.68 293.67 1
0.69 293.3 1
0.7 293.14 1
0.71 293.26 1
0.72 292.33 1
0.73 291.67 1
0.74 291.07 1
0.75 290.28 1
0.76 291.09 1
0.77 291.09 1
0.78 292.36 1
0.79 297.5 1
0.8 290.81 1
0.81 321.26 1
0.82 325.65 1
0.83 176.04 1
0.84 177.7 1
0.85 187.26 1
0.86 191.77 1
0.87 194.79 1
0.88 191.33 1
0.89 195.39 1
0.9 193.94 1
0.91 193.84 1
0.92 190.72 1
0.93 188.68 1
0.94 183.49 1
0.95 182.13 1
0.96 365.96 1
0.97 343.45 1
0.98 341.55 1
0.99 335.29 1
1.0 328.12 1
1.01 327.41 1
1.02 324.44 1
1.03 324.68 1
1.04 327.46 1
1.05 331.04 1
1.06 338.14 1
1.07 345.99 1
1.08 362.92 1
1.09 354.25 1
1.1 369.17 1
1.11 383.79 1
1.12 375.43 1
1.13 381.77 1
1.14 382.09 1
1.15 385.13 1
1.16 378.83 1
1.17 382.06 1
1.18 387.56 1
1.19 378.98 1
1.2 377.21 1
1.21 373.87 1
1.22 372.79 1
1.23 372.98 1
1.24 368.84 1
1.25 187.4 1
1.26 187.84 1
1.27 181.39 1
1.28 181.44 1
1.29 184.36 1
1.3 195.41 1
1.31 196.72 1
1.32 193.75 1
1.33 186.44 1
1.34 194.67 1
1.35 193.87 1
1.36 195.49 1
1.37 190.77 1
1.38 193.79 1
1.39 193.84 1
1.4 189.08 1
1.41 189.58 1
1.42 192.19 1
1.43 191.05 1
1.44 195.55 1
1.45 195.66 1
1.46 199.09 1
1.47 199.59 1
1.48 199.77 1
1.49 199.88 1
1.5 198.25 1
1.51 199.69 1
1.52 195.67 1
1.53 198.39 1
1.54 198.2 1
1.55 198.55 1
1.56 198.28 1
1.57 198.26 1
1.58 198.34 1
1.59 198.69 1
1.6 199.12 1
1.61 198.2 1
1.62 198.51 1
1.63 198.2 1
1.64 198.2 1
1.65 198.13 1
1.66 197.63 1
1.67 196.86 1
1.68 196.45 1
1.69 196.43 1
1.7 195.46 1
1.71 195.02 1
1.72 191.32 1
1.73 189.68 1
1.74 151.29 1
1.75 190.5 1
1.76 187.44 1
1.77 188.86 1
1.78 194.49 1
1.79 145.87 1
1.8 150.25 1
1.81 142.43 1
1.82 278.54 1
1.83 274.76 1
1.84 276.91 1
1.85 271.42 1
1.86 268.67 1
1.87 265.74 1
1.88 262.87 1
1.89 255.68 1
1.9 255.39 1
1.91 255.54 1
1.92 254.21 1
1.93 259.62 1
1.94 262.03 1
1.95 268.01 1
1.96 271.34 1
1.97 268.99 1
1.98 273.01 1
1.99 270.58 1
2.0 279.83 1
2.01 273.02 1
2.02 276.35 1
2.03 274.68 1
2.04 272.04 1
2.05 274.67 1
2.06 270.45 1
2.07 276.33 1
2.08 278.07 1
2.09 278.2 1
2.1 288.02 1
2.11 293.1 1
2.12 303.24 1
2.13 330.69 1
2.14 340.69 1
2.15 340.9 1
2.16 184.94 1
2.17 189.95 1
2.18 189.99 1
2.19 189.92 1
2.2 190.67 1
2.21 191.34 1
2.22 190.79 1
2.23 192.1 1
2.24 190.35 1
2.25 194.52 1
2.26 197.25 1
2.27 193.8 1
2.28 196.32 1
2.29 193.25 1
2.3 195.48 1
2.31 193.0 1
2.32 192.15 1
2.33 193.77 1
2.34 193.82 1
2.35 192.99 1
2.36 192.11 1
2.37 192.13 1
2.38 192.9 1
2.39 189.79 1
2.4 191.22 1
2.41 187.31 1
2.42 188.33 1
2.43 192.16 1
2.44 192.88 1
2.45 188.82 1
2.46 190.39 1
2.47 191.14 1
2.48 196.65 1
2.49 195.86 1
2.5 197.29 1
2.51 195.79 1
2.52 195.05 1
2.53 193.45 1
2.54 194.69 1
2.55 191.04 1
2.56 191.65 1
2.57 190.3 1
2.58 188.3 1
2.59 187.27 1
2.6 187.28 1
2.61 192.14 1
2.62 348.81 1
2.63 340.77 1
2.64 340.6 1
2.65 337.53 1
2.66 333.52 1
2.67 331.67 1
2.68 328.79 1
2.69 326.91 1
2.7 325.66 1
2.71 323.2 1
2.72 325.41 1
2.73 322.75 1
2.74 324.17 1
2.75 324.63 1
2.76 325.14 1
2.77 326.89 1
2.78 327.71 1
2.79 329.72 1
2.8 330.28 1
2.81 330.46 1
2.82 332.35 1
2.83 331.39 1
2.84 330.37 1
2.85 653.36 1
2.86 327.74 1
2.87 325.54 1
2.88 326.56 1
2.89 272.13 1
2.9 318.58 1
2.91 326.31 1
2.92 286.33 1
2.93 308.42 1
2.94 272.91 1
2.95 283.74 1
2.96 285.93 1
2.97 284.11 1
2.98 287.19 1
2.99 285.85 1
3.0 288.72 1
3.01 288.78 1
3.02 288.12 1
3.03 286.5 1
3.04 285.12 1
3.05 285.93 1
3.06 286.4 1
3.07 287.26 1
3.08 287.58 1
3.09 288.18 1
3.1 289.08 1
3.11 290.97 1
3.12 292.73 1
3.13 294.26 1
3.14 293.03 1
3.15 292.96 1
3.16 293.04 1
3.17 294.99 1
3.18 294.98 1
3.19 294.99 1
3.2 293.05 1
3.21 293.02 1
3.22 292.79 1
3.23 292.71 1
3.24 292.7 1
3.25 292.24 1
3.26 292.02 1
3.27 291.13 1
3.28 291.11 1
3.29 291.58 1
3.3 291.11 1
3.31 291.11 1
3.32 292.64 1
3.33 293.03 1
3.34 293.03 1
3.35 293.06 1
3.36 292.98 1
3.37 292.24 1
3.38 292.38 1
3.39 291.72 1
3.4 290.27 1
3.41 288.69 1
3.42 286.63 1
3.43 283.46 1
3.44 278.21 1
3.45 274.75 1
3.46 273.05 1
3.47 258.38 1
3.48 253.97 1
3.49 245.6 1
3.5 246.97 1
3.51 229.29 1
3.52 240.26 1
3.53 240.27 1
3.54 242.88 1
3.55 242.4 1
3.56 247.04 1
3.57 252.4 1
3.58 254.22 1
3.59 257.19 1
3.6 265.77 1
3.61 260.2 1
3.62 264.38 1
3.63 263.28 1
3.64 257.18 1
3.65 257.18 1
3.66 253.68 1
3.67 251.91 1
3.68 251.02 1
3.69 249.15 1
3.7 248.21 1
3.71 248.08 1
3.72 248.21 1
3.73 246.18 1
3.74 245.77 1
3.75 246.26 1
3.76 247.03 1
3.77 246.5 1
3.78 246.15 1
3.79 247.02 1
3.8 245.46 1
3.81 243.84 1
3.82 242.48 1
3.83 241.23 1
3.84 239.83 1
3.85 239.95 1
3.86 240.22 1
3.87 241.24 1
3.88 241.32 1
3.89 243.42 1
3.9 244.32 1
3.91 245.81 1
3.92 247.2 1
3.93 249.9 1
3.94 250.76 1
3.95 251.73 1
3.96 254.63 1
3.97 255.66 1
3.98 257.15 1
3.99 256.73 1
4.0 255.55 1
4.01 253.85 1
4.02 250.62 1
4.03 246.09 1
4.04 242.97 1
4.05 248.74 1
4.06 240.32 1
4.07 235.35 1
4.08 236.27 1
4.09 235.25 1
4.1 240.45 1
4.11 244.12 1
4.12 248.58 1
4.13 252.03 1
4.14 254.18 1
4.15 255.66 1
4.16 257.17 1
4.17 257.14 1
4.18 254.19 1
4.19 253.02 1
4.2 248.21 1
4.21 245.01 1
4.22 241.57 1
4.23 238.98 1
4.24 229.14 1
4.25 227.91 1
4.26 226.75 1
4.27 224.37 1
4.28 223.11 1
4.29 219.41 1
4.3 219.16 1
4.31 218.84 1
4.32 217.92 1
4.33 218.83 1
4.34 218.21 1
4.35 218.0 1
4.36 218.5 1
4.37 220.44 1
4.38 215.67 1
4.39 224.42 1
4.4 222.51 1
4.41 223.48 1
4.42 232.95 1
4.43 231.97 1
4.44 240.15 1
4.45 241.78 1
4.46 239.25 1
4.47 251.23 1
4.48 243.55 1
4.49 245.16 1
4.5 244.51 1
4.51 259.42 1
4.52 244.93 1
4.53 245.86 1
4.54 247.65 1
4.55 247.07 1
4.56 249.72 1
4.57 250.02 1
4.58 251.18 1
4.59 252.64 1
4.6 252.13 1
4.61 249.44 1
4.62 248.96 1
4.63 249.01 1
4.64 247.86 1
4.65 248.12 1
4.66 248.42 1
4.67 249.73 1
4.68 120.96 1
4.69 120.02 1
4.7 119.39 1
4.71 121.98 1
4.72 122.27 1
4.73 122.22 1
4.74 121.33 1
4.75 120.68 1
4.76 121.0 1
4.77 119.01 1
4.78 118.3 1
4.79 118.16 1
4.8 118.54 1
4.81 119.03 1
4.82 120.01 1
4.83 119.68 1
4.84 120.74 1
4.85 120.99 1
4.86 121.58 1
4.87 120.33 1
4.88 121.0 1
4.89 120.34 1
4.9 120.34 1
4.91 120.33 1
4.92 122.01 1
4.93 120.67 1
4.94 122.37 1
4.95 119.68 1
4.96 122.32 1
4.97 120.35 1
4.98 121.35 1
4.99 120.01 1
5.0 119.36 1
5.01 121.0 1
5.02 120.34 1
5.03 122.34 1
5.04 121.68 1
5.05 121.33 1
5.06 120.34 1
5.07 120.67 1
5.08 119.69 1
5.09 120.34 1
5.1 120.34 1
5.11 120.68 1
5.12 119.36 1
5.13 120.67 1
5.14 121.35 1
5.15 120.33 1
5.16 118.72 1
5.17 118.72 1
5.18 119.04 1
5.19 120.34 1
5.2 118.72 1
5.21 119.7 1
5.22 0.0 1
5.23 0.0 1
5.24 0.0 1
5.25 0.0 1
5.26 0.0 1
5.27 0.0 1
5.28 0.0 1
5.29 0.0 1
5.3 0.0 1
5.31 0.0 1
5.32 0.0 1
5.33 0.0 1
5.34 0.0 1
5.35 0.0 1
5.36 0.0 1
5.37 0.0 1
5.38 118.72 1
5.39 119.77 1
5.4 117.93 1
5.41 117.29 1
5.42 117.13 1
5.43 116.45 1
5.44 116.36 1
5.45 118.55 1
5.46 121.66 1
5.47 244.47 1
5.48 255.39 1
5.49 266.8 1
5.5 275.97 1
5.51 282.63 1
5.52 287.43 1
5.53 287.79 1
5.54 287.3 1
5.55 288.56 1
5.56 287.01 1
5.57 285.14 1
5.58 285.09 1
5.59 280.56 1
5.6 274.75 1
5.61 274.75 1
5.62 266.21 1
5.63 254.21 1
5.64 263.55 1
5.65 254.78 1
5.66 250.5 1
5.67 253.56 1
5.68 242.98 1
5.69 123.34 1
5.7 119.58 1
5.71 119.59 1
5.72 121.64 1
5.73 148.74 1
5.74 144.36 1
5.75 149.23 1
5.76 147.74 1
5.77 150.77 1
5.78 150.8 1
5.79 144.36 1
5.8 146.27 1
5.81 148.1 1
5.82 145.79 1
5.83 146.79 1
5.84 148.73 1
5.85 147.35 1
5.86 144.35 1
5.87 147.22 1
5.88 147.19 1
5.89 146.99 1
5.9 146.27 1
5.91 146.89 1
5.92 146.49 1
5.93 145.76 1
5.94 145.31 1
5.95 145.72 1
5.96 144.84 1
5.97 145.31 1
5.98 145.47 1
5.99 145.48 1
6.0 145.32 1
6.01 145.52 1
6.02 145.31 1
6.03 145.63 1
6.04 145.66 1
6.05 145.31 1
6.06 145.97 1
6.07 292.27 1
6.08 292.46 1
6.09 292.23 1
6.1 292.91 1
6.11 293.03 1
6.12 293.07 1
6.13 293.26 1
6.14 292.99 1
6.15 293.03 1
6.16 293.63 1
6.17 292.83 1
6.18 292.5 1
6.19 291.12 1
6.2 291.14 1
6.21 291.09 1
6.22 291.12 1
6.23 291.92 1
6.24 291.82 1
6.25 291.93 1
6.26 291.67 1
6.27 291.1 1
6.28 291.52 1
6.29 291.02 1
6.3 291.09 1
6.31 290.7 1
6.32 290.14 1
6.33 290.89 1
6.34 291.08 1
6.35 292.5 1
6.36 291.51 1
6.37 292.36 1
6.38 291.96 1
6.39 292.03 1
6.4 291.11 1
6.41 291.07 1
6.42 290.96 1
6.43 288.58 1
6.44 288.38 1
6.45 287.63 1
6.46 287.01 1
6.47 287.32 1
6.48 287.75 1
6.49 287.98 1
6.5 287.99 1
6.51 287.29 1
6.52 288.75 1
6.53 288.36 1
6.54 289.34 1
6.55 289.2 1
6.56 289.86 1
6.57 289.16 1
6.58 288.96 1
6.59 289.25 1
6.6 289.77 1
6.61 290.55 1
6.62 291.31 1
6.63 291.75 1
6.64 292.3 1
6.65 292.49 1
6.66 292.05 1
6.67 291.13 1
6.68 290.67 1
6.69 289.01 1
6.7 288.39 1
6.71 286.32 1
6.72 278.93 1
6.73 276.46 1
6.74 270.56 1
6.75 269.12 1
6.76 260.83 1
6.77 262.38 1
6.78 248.8 1
6.79 263.29 1
6.8 258.23 1
6.81 251.71 1
6.82 253.06 1
6.83 247.04 1
6.84 249.05 1
6.85 268.22 1
6.86 261.84 1
6.87 278.63 1
6.88 269.72 1
6.89 289.27 1
6.9 295.07 1
6.91 295.0 1
6.92 294.59 1
6.93 293.04 1
6.94 294.22 1
6.95 291.13 1
6.96 293.03 1
6.97 294.67 1
6.98 293.06 1
6.99 294.08 1
7.0 294.26 1
7.01 294.85 1
7.02 291.13 1
7.03 292.17 1
7.04 291.74 1
7.05 290.51 1
7.06 290.56 1
7.07 291.01 1
7.08 288.47 1
7.09 287.74 1
7.1 283.74 1
7.11 276.38 1
7.12 270.16 1
7.13 268.27 1
7.14 265.19 1
7.15 257.15 1
7.16 251.19 1
7.17 247.45 1
7.18 248.43 1
7.19 249.84 1
7.2 251.04 1
7.21 247.06 1
7.22 260.18 1
7.23 263.29 1
7.24 287.64 1
7.25 274.76 1
7.26 166.09 1
7.27 156.64 1
7.28 165.57 1
7.29 169.86 1
7.3 166.1 1
7.31 170.6 1
7.32 176.92 1
7.33 168.97 1
7.34 167.43 1
7.35 165.52 1
7.36 165.39 1
7.37 327.98 1
7.38 316.79 1
7.39 323.99 1
7.4 316.19 1
7.41 315.99 1
7.42 313.16 1
7.43 309.67 1
7.44 315.97 1
7.45 316.3 1
7.46 314.49 1
7.47 330.4 1
7.48 340.67 1
7.49 340.79 1
7.5 355.26 1
7.51 346.08 1
7.52 355.85 1
7.53 350.97 1
7.54 338.01 1
7.55 355.65 1
7.56 317.64 1
7.57 315.88 1
7.58 309.92 1
7.59 301.03 1
7.6 309.48 1
7.61 315.97 1
7.62 309.58 1
7.63 309.49 1
7.64 0.0 1
7.65 0.0 1
7.66 98.36 1
7.67 98.99 1
7.68 98.33 1
7.69 98.11 1
7.7 98.54 1
7.71 98.11 1
7.72 98.54 1
7.73 98.19 1
7.74 98.11 1
7.75 97.47 1
7.76 98.54 1
7.77 98.12 1
7.78 98.17 1
7.79 97.98 1
7.8 98.55 1
7.81 98.03 1
7.82 97.46 1
7.83 98.54 1
7.84 98.05 1
7.85 98.16 1
7.86 98.32 1
7.87 98.06 1
7.88 98.12 1
7.89 97.68 1
7.9 98.54 1
7.91 98.11 1
7.92 98.15 1
7.93 97.89 1
7.94 98.2 1
7.95 98.33 1
7.96 97.89 1
7.97 98.17 1
7.98 98.33 1
7.99 97.26 1
8.0 98.54 1
8.01 98.27 1
8.02 97.68 1
8.03 98.19 1
8.04 98.06 1
8.05 98.33 1
8.06 98.17 1
8.07 98.01 1
8.08 98.04 1
8.09 97.85 1
8.1 98.31 1
8.11 98.11 1
8.12 98.54 1
8.13 98.12 1
8.14 98.09 1
8.15 98.06 1
8.16 0.0 1
8.17 0.0 1
8.18 287.31 1
8.19 285.7 1
8.2 287.82 1
8.21 285.71 1
8.22 282.06 1
8.23 277.08 1
8.24 273.6 1
8.25 276.48 1
8.26 278.19 1
8.27 280.64 1
8.28 281.51 1
8.29 284.41 1
8.3 288.35 1
8.31 294.21 1
8.32 307.32 1
8.33 313.65 1
8.34 332.17 1
8.35 0.0 1
8.36 0.0 1
8.37 0.0 1
8.38 0.0 1
8.39 0.0 1
8.4 184.51 1
8.41 199.23 1
8.42 197.27 1
8.43 195.09 1
8.44 195.52 1
8.45 194.97 1
8.46 194.77 1
8.47 195.13 1
8.48 195.3 1
8.49 195.56 1
8.5 195.22 1
8.51 194.53 1
8.52 193.39 1
8.53 192.08 1
8.54 184.99 1
8.55 184.16 1
8.56 184.83 1
8.57 183.98 1
8.58 182.77 1
8.59 183.28 1
8.6 193.1 1
8.61 199.82 1
8.62 191.27 1
8.63 193.82 1
8.64 195.46 1
8.65 201.97 1
8.66 198.73 1
8.67 198.34 1
8.68 197.47 1
8.69 196.06 1
8.7 192.56 1
8.71 192.14 1
8.72 366.81 1
8.73 316.08 1
8.74 354.07 1
8.75 344.18 1
8.76 340.83 1
8.77 337.88 1
8.78 328.18 1
8.79 323.6 1
8.8 322.98 1
8.81 316.67 1
8.82 318.35 1
8.83 315.7 1
8.84 319.25 1
8.85 317.21 1
8.86 322.54 1
8.87 319.21 1
8.88 320.67 1
8.89 321.45 1
8.9 325.07 1
8.91 327.88 1
8.92 328.02 1
8.93 329.93 1
8.94 326.2 1
8.95 330.6 1
8.96 330.39 1
8.97 325.69 1
8.98 327.22 1
8.99 300.76 1
9.0 330.17 1
9.01 305.19 1
9.02 289.73 1
9.03 291.19 1
9.04 290.04 1
9.05 290.78 1
9.06 278.32 1
9.07 285.18 1
9.08 285.71 1
9.09 286.72 1
9.1 288.05 1
9.11 287.92 1
9.12 287.86 1
9.13 288.59 1
9.14 288.63 1
9.15 289.95 1
9.16 289.46 1
9.17 289.25 1
9.18 288.93 1
9.19 288.06 1
9.2 288.14 1
9.21 288.79 1
9.22 289.77 1
9.23 290.13 1
9.24 289.87 1
9.25 289.95 1
9.26 291.22 1
9.27 290.94 1
9.28 290.65 1
9.29 289.69 1
9.3 289.0 1
9.31 288.43 1
9.32 287.17 1
9.33 287.62 1
9.34 287.93 1
9.35 288.9 1
9.36 289.21 1
9.37 289.88 1
9.38 291.09 1
9.39 294.04 1
9.4 293.73 1
9.41 293.75 1
9.42 294.48 1
9.43 293.91 1
9.44 292.09 1
9.45 289.04 1
9.46 284.19 1
9.47 277.67 1
9.48 274.73 1
9.49 261.88 1
9.5 253.83 1
9.51 242.96 1
9.52 229.11 1
9.53 227.24 1
9.54 223.69 1
9.55 219.95 1
9.56 218.69 1
9.57 221.51 1
9.58 223.69 1
9.59 227.83 1
9.6 230.29 1
9.61 237.58 1
9.62 242.88 1
9.63 248.03 1
9.64 263.29 1
9.65 255.66 1
9.66 249.35 1
9.67 258.36 1
9.68 263.61 1
9.69 257.52 1
9.7 257.47 1
9.71 255.65 1
9.72 123.21 1
9.73 119.68 1
9.74 117.29 1
9.75 120.78 1
9.76 118.88 1
9.77 119.94 1
9.78 119.35 1
9.79 120.33 1
9.8 120.6 1
9.81 120.66 1
9.82 121.41 1
9.83 119.68 1
9.84 120.5 1
9.85 120.54 1
9.86 120.25 1
9.87 120.0 1
9.88 120.33 1
9.89 120.3 1
9.9 120.21 1
9.91 120.03 1
9.92 239.62 1
9.93 239.17 1
9.94 239.45 1
9.95 238.91 1
9.96 239.5 1
9.97 240.83 1
9.98 239.8 1
9.99 240.2 1
10.0 239.22 1
10.01 238.34 1
10.02 238.75 1
10.03 239.55 1
10.04 239.79 1
10.05 242.06 1
10.06 242.18 1
10.07 243.75 1
10.08 242.8 1
10.09 243.56 1
10.1 243.57 1
10.11 243.73 1
10.12 244.39 1
10.13 244.53 1
10.14 245.18 1
10.15 245.68 1
10.16 248.88 1
10.17 251.7 1
10.18 256.5 1
10.19 259.65 1
10.2 257.15 1
10.21 266.46 1
10.22 264.26 1
10.23 261.72 1
10.24 265.76 1
10.25 263.29 1
10.26 263.85 1
10.27 263.27 1
10.28 259.1 1
10.29 257.23 1
10.3 251.11 1
10.31 241.51 1
10.32 237.99 1
10.33 236.28 1
10.34 238.98 1
10.35 239.78 1
10.36 237.73 1
10.37 250.51 1
10.38 256.13 1
10.39 256.49 1
10.4 258.67 1
10.41 268.2 1
10.42 271.38 1
10.43 266.5 1
10.44 271.38 1
10.45 273.0 1
10.46 266.49 1
10.47 265.35 1
10.48 261.17 1
10.49 255.6 1
10.5 252.59 1
10.51 246.39 1
10.52 240.51 1
10.53 233.95 1
10.54 236.46 1
10.55 224.29 1
10.56 217.5 1
10.57 218.56 1
10.58 222.16 1
10.59 224.05 1
10.6 230.3 1
10.61 237.16 1
10.62 242.98 1
10.63 250.52 1
10.64 259.54 1
10.65 260.18 1
10.66 261.72 1
10.67 258.65 1
10.68 256.36 1
10.69 250.94 1
10.7 244.02 1
10.71 240.43 1
10.72 234.81 1
10.73 232.63 1
10.74 227.67 1
10.75 221.31 1
10.76 219.63 1
10.77 220.24 1
10.78 212.55 1
10.79 215.74 1
10.8 215.65 1
10.81 213.54 1
10.82 212.7 1
10.83 213.46 1
10.84 211.52 1
10.85 210.52 1
10.86 215.06 1
10.87 214.99 1
10.88 223.29 1
10.89 226.93 1
10.9 232.73 1
10.91 250.85 1
10.92 247.07 1
10.93 249.88 1
10.94 236.71 1
10.95 255.14 1
10.96 257.35 1
10.97 254.18 1
10.98 250.19 1
10.99 253.25 1
11.0 252.88 1
11.01 252.56 1
11.02 251.39 1
11.03 251.29 1
11.04 249.58 1
11.05 248.15 1
11.06 247.86 1
11.07 246.19 1
11.08 245.6 1
11.09 246.34 1
11.1 245.08 1
11.11 245.29 1
11.12 245.4 1
11.13 246.95 1
11.14 249.44 1
11.15 255.61 1
11.16 256.1 1
11.17 254.88 1
11.18 258.65 1
11.19 273.0 1
11.2 255.44 1
11.21 260.55 1
11.22 260.18 1
11.23 251.36 1
11.24 244.51 1
11.25 244.11 1
11.26 241.76 1
11.27 245.06 1
11.28 249.17 1
11.29 253.63 1
11.3 256.04 1
11.31 258.65 1
11.32 255.65 1
11.33 245.68 1
11.34 266.42 1
11.35 268.07 1
11.36 271.36 1
11.37 0.0 1
