0.01 198.8 1
0.02 204.97 1
0.03 195.53 1
0.04 196.43 1
0.05 196.58 1
0.06 197.27 1
0.07 196.63 1
0.08 197.28 1
0.09 196.55 1
0.1 196.58 1
0.11 196.06 1
0.12 197.28 1
0.13 196.67 1
0.14 197.45 1
0.15 198.24 1
0.16 199.77 1
0.17 202.9 1
0.18 202.35 1
0.19 200.94 1
0.2 200.01 1
0.21 214.93 1
0.22 209.72 1
0.23 215.91 1
0.24 217.95 1
0.25 216.87 1
0.26 215.65 1
0.27 215.36 1
0.28 214.3 1
0.29 212.42 1
0.3 214.21 1
0.31 215.29 1
0.32 217.55 1
0.33 222.83 1
0.34 224.85 1
0.35 228.34 1
0.36 230.08 1
0.37 226.74 1
0.38 217.55 1
0.39 216.8 1
0.4 222.32 1
0.41 225.06 1
0.42 221.15 1
0.43 214.12 1
0.44 210.5 1
0.45 206.37 1
0.46 204.11 1
0.47 201.69 1
0.48 195.29 1
0.49 197.28 1
0.5 189.69 1
0.51 180.65 1
0.52 187.37 1
0.53 195.12 1
0.54 182.22 1
0.55 192.0 1
0.56 193.37 1
0.57 198.21 1
0.58 186.93 1
0.59 193.77 1
0.6 193.59 1
0.61 187.27 1
0.62 192.47 1
0.63 188.88 1
0.64 190.13 1
0.65 193.46 1
0.66 206.35 1
0.67 201.92 1
0.68 200.49 1
0.69 199.15 1
0.7 197.37 1
0.71 196.4 1
0.72 195.5 1
0.73 197.26 1
0.74 196.42 1
0.75 198.18 1
0.76 195.43 1
0.77 198.14 1
0.78 194.39 1
0.79 194.02 1
0.8 194.02 1
0.81 194.33 1
0.82 194.25 1
0.83 189.68 1
0.84 192.17 1
0.85 198.19 1
0.86 190.48 1
0.87 339.12 1
0.88 325.78 1
0.89 306.98 1
0.9 294.49 1
0.91 291.61 1
0.92 293.1 1
0.93 302.98 1
0.94 315.75 1
0.95 324.01 1
0.96 0.0 1
0.97 0.0 1
0.98 0.0 1
0.99 0.0 1
1.0 0.0 1
1.01 0.0 1
1.02 329.16 1
1.03 305.12 1
1.04 294.73 1
1.05 301.54 1
1.06 295.09 1
1.07 297.42 1
1.08 307.32 1
1.09 328.2 1
1.1 310.95 1
1.11 322.15 1
1.12 332.87 1
1.13 185.49 1
1.14 188.02 1
1.15 198.16 1
1.16 188.13 1
1.17 188.14 1
1.18 187.18 1
1.19 187.35 1
1.2 186.25 1
1.21 188.03 1
1.22 187.62 1
1.23 184.58 1
1.24 156.4 1
1.25 178.85 1
1.26 178.41 1
1.27 184.13 1
1.28 182.61 1
1.29 187.26 1
1.3 192.21 1
1.31 200.29 1
1.32 189.68 1
1.33 193.04 1
1.34 194.67 1
1.35 195.54 1
1.36 195.49 1
1.37 196.38 1
1.38 194.29 1
1.39 194.67 1
1.4 194.04 1
1.41 192.7 1
1.42 189.7 1
1.43 186.46 1
1.44 183.06 1
1.45 176.02 1
1.46 143.86 1
1.47 152.54 1
1.48 317.98 1
1.49 311.6 1
1.5 293.54 1
1.51 286.29 1
1.52 293.98 1
1.53 295.15 1
1.54 290.35 1
1.55 291.17 1
1.56 289.58 1
1.57 288.69 1
1.58 289.46 1
1.59 289.33 1
1.6 289.95 1
1.61 290.33 1
1.62 290.93 1
1.63 289.19 1
1.64 287.34 1
1.65 286.54 1
1.66 277.08 1
1.67 276.66 1
1.68 289.81 1
1.69 289.75 1
1.7 286.34 1
1.71 284.11 1
1.72 289.24 1
1.73 287.52 1
1.74 290.97 1
1.75 294.99 1
1.76 303.13 1
1.77 325.32 1
1.78 330.53 1
1.79 346.07 1
1.8 357.2 1
1.81 391.87 1
1.82 399.82 1
1.83 399.29 1
1.84 395.7 1
1.85 394.47 1
1.86 387.82 1
1.87 378.69 1
1.88 339.36 1
1.89 361.19 1
1.9 339.46 1
1.91 350.49 1
1.92 352.41 1
1.93 354.25 1
1.94 366.73 1
1.95 373.28 1
1.96 391.45 1
1.97 390.61 1
1.98 396.62 1
1.99 399.9 1
2.0 399.18 1
2.01 400.31 1
2.02 395.1 1
2.03 391.23 1
2.04 391.3 1
2.05 392.57 1
2.06 392.27 1
2.07 390.56 1
2.08 382.07 1
2.09 385.5 1
2.1 367.86 1
2.11 385.76 1
2.12 391.37 1
2.13 373.92 1
2.14 383.73 1
2.15 389.04 1
2.16 385.13 1
2.17 382.28 1
2.18 381.73 1
2.19 386.77 1
2.2 387.16 1
2.21 387.68 1
2.22 387.37 1
2.23 386.44 1
2.24 387.1 1
2.25 388.84 1
2.26 388.68 1
2.27 388.99 1
2.28 388.64 1
2.29 388.5 1
2.3 388.21 1
2.31 387.67 1
2.32 385.21 1
2.33 381.86 1
2.34 348.84 1
2.35 324.6 1
2.36 316.12 1
2.37 311.65 1
2.38 305.03 1
2.39 315.9 1
2.4 320.6 1
2.41 323.07 1
2.42 328.76 1
2.43 345.74 1
2.44 348.64 1
2.45 358.65 1
2.46 348.69 1
2.47 345.94 1
2.48 340.55 1
2.49 326.24 1
2.5 348.3 1
2.51 343.24 1
2.52 0.0 1
2.53 0.0 1
2.54 0.0 1
2.55 0.0 1
2.56 0.0 1
2.57 0.0 1
2.58 282.93 1
2.59 292.93 1
2.6 293.04 1
2.61 291.34 1
2.62 293.45 1
2.63 293.03 1
2.64 295.8 1
2.65 294.79 1
2.66 294.5 1
2.67 294.98 1
2.68 294.66 1
2.69 294.08 1
2.7 292.52 1
2.71 290.38 1
2.72 278.76 1
2.73 253.03 1
2.74 280.11 1
2.75 271.5 1
2.76 274.14 1
2.77 254.57 1
2.78 264.9 1
2.79 220.07 1
2.8 220.58 1
2.81 218.86 1
2.82 221.07 1
2.83 226.77 1
2.84 242.28 1
2.85 261.24 1
2.86 273.74 1
2.87 288.81 1
2.88 297.02 1
2.89 322.96 1
2.9 314.98 1
2.91 305.85 1
2.92 0.0 1
2.93 0.0 1
2.94 0.0 1
2.95 0.0 1
2.96 0.0 1
2.97 0.0 1
2.98 265.34 1
2.99 281.91 1
3.0 292.17 1
3.01 291.02 1
3.02 291.47 1
3.03 291.09 1
3.04 293.46 1
3.05 295.0 1
3.06 296.82 1
3.07 296.83 1
3.08 295.84 1
3.09 294.94 1
3.1 291.12 1
3.11 292.47 1
3.12 291.09 1
3.13 284.83 1
3.14 280.19 1
3.15 285.49 1
3.16 291.21 1
3.17 148.06 1
3.18 153.37 1
3.19 143.89 1
3.2 305.09 1
3.21 339.65 1
3.22 338.99 1
3.23 333.11 1
3.24 326.3 1
3.25 320.31 1
3.26 320.66 1
3.27 313.87 1
3.28 313.7 1
3.29 314.81 1
3.3 318.66 1
3.31 322.5 1
3.32 327.25 1
3.33 337.22 1
3.34 331.29 1
3.35 327.88 1
3.36 336.82 1
3.37 328.27 1
3.38 345.73 1
3.39 340.61 1
3.4 339.04 1
3.41 336.27 1
3.42 323.85 1
3.43 316.09 1
3.44 301.06 1
3.45 290.93 1
3.46 281.78 1
3.47 132.33 1
3.48 133.75 1
3.49 131.45 1
3.5 130.07 1
3.51 131.82 1
3.52 130.06 1
3.53 128.39 1
3.54 129.51 1
3.55 133.5 1
3.56 0.0 1
3.57 0.0 1
3.58 0.0 1
3.59 0.0 1
3.6 0.0 1
3.61 0.0 1
3.62 307.32 1
3.63 295.01 1
3.64 298.98 1
3.65 292.56 1
3.66 293.89 1
3.67 293.97 1
3.68 294.74 1
3.69 293.03 1
3.7 294.98 1
3.71 294.31 1
3.72 294.98 1
3.73 293.04 1
3.74 293.36 1
3.75 293.02 1
3.76 289.5 1
3.77 296.21 1
3.78 292.11 1
3.79 294.64 1
3.8 296.48 1
3.81 290.05 1
3.82 291.1 1
3.83 291.09 1
3.84 241.63 1
3.85 254.98 1
3.86 238.98 1
3.87 214.67 1
3.88 217.77 1
3.89 204.67 1
3.9 213.51 1
3.91 210.53 1
3.92 220.53 1
3.93 224.72 1
3.94 241.69 1
3.95 250.84 1
3.96 254.67 1
3.97 254.03 1
3.98 254.03 1
3.99 243.74 1
4.0 247.12 1
4.01 252.74 1
4.02 248.89 1
4.03 255.07 1
4.04 230.6 1
4.05 257.48 1
4.06 231.06 1
4.07 230.31 1
4.08 239.02 1
4.09 247.01 1
4.1 251.12 1
4.11 251.79 1
4.12 258.5 1
4.13 255.7 1
4.14 261.31 1
4.15 260.21 1
4.16 261.55 1
4.17 262.24 1
4.18 262.45 1
4.19 260.19 1
4.2 260.18 1
4.21 258.67 1
4.22 0.0 1
4.23 0.0 1
4.24 0.0 1
4.25 0.0 1
4.26 0.0 1
4.27 277.09 1
4.28 289.37 1
4.29 297.58 1
4.3 292.31 1
4.31 295.64 1
4.32 294.99 1
4.33 297.09 1
4.34 293.03 1
4.35 294.67 1
4.36 292.94 1
4.37 291.39 1
4.38 289.82 1
4.39 285.48 1
4.4 281.48 1
4.41 264.53 1
4.42 261.91 1
4.43 254.68 1
4.44 262.98 1
4.45 285.46 1
4.46 135.73 1
4.47 135.4 1
4.48 198.85 1
4.49 189.69 1
4.5 193.03 1
4.51 192.17 1
4.52 196.43 1
4.53 193.84 1
4.54 202.77 1
4.55 212.51 1
4.56 213.93 1
4.57 216.08 1
4.58 221.26 1
4.59 219.63 1
4.6 220.18 1
4.61 215.53 1
4.62 214.6 1
4.63 206.71 1
4.64 214.59 1
4.65 215.66 1
4.66 214.49 1
4.67 214.9 1
4.68 231.5 1
4.69 232.32 1
4.7 230.29 1
4.71 234.97 1
4.72 236.46 1
4.73 242.98 1
4.74 245.07 1
4.75 250.94 1
4.76 249.26 1
4.77 240.35 1
4.78 241.66 1
4.79 0.0 1
4.8 0.0 1
4.81 0.0 1
4.82 0.0 1
4.83 0.0 1
4.84 0.0 1
4.85 0.0 1
4.86 0.0 1
4.87 0.0 1
4.88 0.0 1
4.89 0.0 1
4.9 0.0 1
4.91 0.0 1
4.92 0.0 1
4.93 0.0 1
4.94 0.0 1
4.95 0.0 1
4.96 0.0 1
4.97 0.0 1
4.98 0.0 1
4.99 0.0 1
5.0 0.0 1
5.01 0.0 1
5.02 0.0 1
5.03 0.0 1
5.04 147.21 1
5.05 146.27 1
5.06 144.96 1
5.07 146.07 1
5.08 144.38 1
5.09 148.1 1
5.1 0.0 1
5.11 0.0 1
5.12 0.0 1
5.13 0.0 1
5.14 0.0 1
5.15 148.0 1
5.16 173.28 1
5.17 171.49 1
5.18 157.79 1
5.19 174.18 1
5.2 184.91 1
5.21 193.84 1
5.22 194.27 1
5.23 195.36 1
5.24 197.89 1
5.25 197.39 1
5.26 198.0 1
5.27 197.41 1
5.28 194.51 1
5.29 193.91 1
5.3 196.19 1
5.31 196.63 1
5.32 198.8 1
5.33 196.89 1
5.34 195.55 1
5.35 192.68 1
5.36 193.61 1
5.37 194.52 1
5.38 192.65 1
5.39 196.56 1
5.4 201.01 1
5.41 204.38 1
5.42 154.49 1
5.43 165.13 1
5.44 172.61 1
5.45 178.59 1
5.46 150.07 1
5.47 147.26 1
5.48 274.8 1
5.49 255.6 1
5.5 267.38 1
5.51 253.94 1
5.52 259.9 1
5.53 247.06 1
5.54 237.7 1
5.55 224.52 1
5.56 215.64 1
5.57 213.54 1
5.58 207.53 1
5.59 204.65 1
5.6 203.74 1
5.61 206.56 1
5.62 212.52 1
5.63 219.64 1
5.64 229.15 1
5.65 242.43 1
5.66 251.26 1
5.67 250.51 1
5.68 250.43 1
5.69 247.04 1
5.7 252.74 1
5.71 245.67 1
5.72 240.35 1
5.73 245.69 1
5.74 249.15 1
5.75 248.44 1
5.76 255.68 1
5.77 244.85 1
5.78 244.31 1
5.79 241.16 1
5.8 242.97 1
5.81 248.4 1
5.82 249.91 1
5.83 254.22 1
5.84 258.7 1
5.85 279.98 1
5.86 293.06 1
5.87 305.31 1
5.88 328.28 1
5.89 340.71 1
5.9 345.94 1
5.91 346.02 1
5.92 332.84 1
5.93 343.21 1
5.94 326.96 1
5.95 316.11 1
5.96 301.0 1
5.97 286.12 1
5.98 288.76 1
5.99 285.79 1
6.0 281.76 1
6.01 279.95 1
6.02 279.98 1
6.03 280.47 1
6.04 284.2 1
6.05 287.49 1
6.06 288.83 1
6.07 292.12 1
6.08 293.04 1
6.09 293.04 1
6.1 295.02 1
6.11 296.17 1
6.12 293.73 1
6.13 289.41 1
6.14 291.1 1
6.15 285.24 1
6.16 294.0 1
6.17 291.15 1
6.18 276.48 1
6.19 293.81 1
6.2 290.87 1
6.21 292.71 1
6.22 290.34 1
6.23 290.98 1
6.24 291.21 1
6.25 291.22 1
6.26 293.08 1
6.27 299.09 1
6.28 323.62 1
6.29 335.38 1
6.3 346.16 1
6.31 385.72 1
6.32 400.62 1
6.33 434.48 1
6.34 438.82 1
6.35 422.51 1
6.36 414.15 1
6.37 399.14 1
6.38 409.93 1
6.39 385.17 1
6.4 343.08 1
6.41 331.56 1
6.42 327.01 1
6.43 385.5 1
6.44 337.36 1
6.45 330.58 1
6.46 351.49 1
6.47 366.41 1
6.48 381.34 1
6.49 391.44 1
6.5 386.36 1
6.51 386.57 1
6.52 385.2 1
6.53 377.31 1
6.54 360.06 1
6.55 354.43 1
6.56 357.09 1
6.57 378.56 1
6.58 374.06 1
6.59 391.53 1
6.6 391.92 1
6.61 362.72 1
6.62 380.88 1
6.63 391.97 1
6.64 383.68 1
6.65 386.49 1
6.66 385.08 1
6.67 386.1 1
6.68 388.34 1
6.69 391.33 1
6.7 391.37 1
6.71 391.41 1
6.72 388.6 1
6.73 388.75 1
6.74 388.13 1
6.75 388.3 1
6.76 388.74 1
6.77 388.22 1
6.78 0.0 1
6.79 0.0 1
6.8 0.0 1
6.81 422.74 1
6.82 427.51 1
6.83 399.92 1
6.84 417.46 1
6.85 428.82 1
6.86 451.49 1
6.87 472.02 1
6.88 484.21 1
6.89 492.55 1
6.9 503.66 1
6.91 503.25 1
6.92 499.46 1
6.93 495.05 1
6.94 488.3 1
6.95 472.02 1
