0.01 289.0 1
0.02 294.07 1
0.03 303.2 1
0.04 311.65 1
0.05 305.86 1
0.06 305.92 1
0.07 301.2 1
0.08 305.21 1
0.09 305.58 1
0.1 303.18 1
0.11 297.12 1
0.12 295.18 1
0.13 293.23 1
0.14 295.07 1
0.15 293.05 1
0.16 293.06 1
0.17 289.23 1
0.18 291.16 1
0.19 279.77 1
0.2 291.21 1
0.21 348.63 1
0.22 320.43 1
0.23 353.72 1
0.24 357.6 1
0.25 357.04 1
0.26 351.45 1
0.27 345.96 1
0.28 337.34 1
0.29 327.26 1
0.3 323.03 1
0.31 324.75 1
0.32 332.0 1
0.33 346.3 1
0.34 335.08 1
0.35 345.96 1
0.36 369.0 1
0.37 381.81 1
0.38 379.25 1
0.39 391.5 1
0.4 410.22 1
0.41 382.79 1
0.42 378.53 1
0.43 378.3 1
0.44 347.73 1
0.45 378.58 1
0.46 385.12 1
0.47 392.79 1
0.48 399.07 1
0.49 401.88 1
0.5 398.24 1
0.51 384.0 1
0.52 345.39 1
0.53 329.71 1
0.54 339.59 1
0.55 311.5 1
0.56 375.33 1
0.57 304.58 1
0.58 307.31 1
0.59 303.1 1
0.6 304.2 1
0.61 297.04 1
0.62 295.09 1
0.63 295.06 1
0.64 296.99 1
0.65 296.78 1
0.66 296.98 1
0.67 295.04 1
0.68 295.09 1
0.69 297.08 1
0.7 299.02 1
0.71 291.14 1
0.72 290.59 1
0.73 293.04 1
0.74 287.31 1
0.75 291.13 1
0.76 298.16 1
0.77 300.82 1
0.78 292.23 1
0.79 293.05 1
0.8 297.08 1
0.81 307.73 1
0.82 318.13 1
0.83 328.45 1
0.84 340.77 1
0.85 351.71 1
0.86 196.49 1
0.87 191.67 1
0.88 386.3 1
0.89 385.71 1
0.9 384.41 1
0.91 356.19 1
0.92 362.97 1
0.93 353.1 1
0.94 346.84 1
0.95 356.27 1
0.96 349.1 1
0.97 359.6 1
0.98 371.94 1
0.99 384.83 1
1.0 392.24 1
1.01 401.84 1
1.02 408.36 1
1.03 410.12 1
1.04 413.04 1
1.05 411.51 1
1.06 403.04 1
1.07 381.27 1
1.08 385.14 1
1.09 383.27 1
1.1 375.31 1
1.11 411.08 1
1.12 393.93 1
1.13 392.39 1
1.14 392.05 1
1.15 407.46 1
1.16 387.63 1
1.17 391.76 1
1.18 385.2 1
1.19 385.11 1
1.2 388.17 1
1.21 388.32 1
1.22 388.36 1
1.23 388.47 1
1.24 391.83 1
1.25 393.17 1
1.26 396.68 1
1.27 400.37 1
1.28 411.06 1
1.29 391.41 1
1.3 398.97 1
1.31 420.98 1
1.32 426.39 1
1.33 429.06 1
1.34 432.15 1
1.35 433.27 1
1.36 436.88 1
1.37 443.21 1
1.38 443.37 1
1.39 448.89 1
1.4 461.16 1
1.41 447.17 1
1.42 441.49 1
1.43 426.16 1
1.44 418.01 1
1.45 422.01 1
1.46 387.97 1
1.47 394.46 1
1.48 404.36 1
1.49 391.99 1
1.5 407.5 1
1.51 407.91 1
1.52 399.03 1
1.53 391.88 1
1.54 389.51 1
1.55 389.13 1
1.56 388.53 1
1.57 386.7 1
1.58 385.04 1
1.59 385.64 1
1.6 387.71 1
1.61 389.93 1
1.62 391.9 1
1.63 394.16 1
1.64 387.49 1
1.65 385.21 1
1.66 384.67 1
1.67 384.72 1
1.68 402.62 1
1.69 378.52 1
1.7 369.91 1
1.71 371.91 1
1.72 375.27 1
1.73 385.1 1
1.74 402.18 1
1.75 414.21 1
1.76 452.3 1
1.77 490.26 1
1.78 522.24 1
1.79 555.36 1
1.8 577.87 1
1.81 579.26 1
1.82 564.82 1
1.83 583.96 1
1.84 550.81 1
1.85 518.74 1
1.86 495.52 1
1.87 481.94 1
1.88 507.63 1
1.89 498.37 1
1.9 453.17 1
1.91 471.02 1
1.92 488.68 1
1.93 499.58 1
1.94 506.81 1
1.95 519.07 1
1.96 526.49 1
1.97 526.76 1
1.98 533.01 1
1.99 516.8 1
2.0 521.04 1
2.01 506.92 1
2.02 497.98 1
2.03 468.58 1
2.04 461.79 1
2.05 452.35 1
2.06 452.36 1
2.07 453.67 1
2.08 451.24 1
2.09 456.94 1
2.1 453.63 1
2.11 459.33 1
2.12 466.65 1
2.13 470.22 1
2.14 470.34 1
2.15 473.44 1
2.16 465.67 1
2.17 455.46 1
2.18 417.37 1
2.19 416.42 1
2.2 438.81 1
2.21 434.11 1
2.22 426.12 1
2.23 380.24 1
2.24 379.8 1
2.25 388.82 1
2.26 398.26 1
2.27 388.37 1
2.28 385.04 1
2.29 386.75 1
2.3 389.4 1
2.31 389.83 1
2.32 390.51 1
2.33 390.46 1
2.34 390.13 1
2.35 390.12 1
2.36 391.92 1
2.37 390.54 1
2.38 391.92 1
2.39 389.93 1
2.4 388.57 1
2.41 387.0 1
2.42 385.13 1
2.43 368.23 1
2.44 365.92 1
2.45 357.16 1
2.46 357.41 1
2.47 363.25 1
2.48 381.34 1
2.49 385.95 1
2.5 405.48 1
2.51 416.15 1
2.52 422.03 1
2.53 427.12 1
2.54 422.01 1
2.55 413.21 1
2.56 414.1 1
2.57 393.4 1
2.58 398.04 1
2.59 388.54 1
2.6 380.45 1
2.61 339.99 1
2.62 327.06 1
2.63 316.11 1
2.64 311.59 1
2.65 306.2 1
2.66 307.47 1
2.67 311.73 1
2.68 320.89 1
2.69 330.07 1
2.7 338.23 1
2.71 346.0 1
2.72 343.33 1
2.73 343.34 1
2.74 341.49 1
2.75 327.77 1
2.76 309.4 1
2.77 307.3 1
2.78 305.19 1
2.79 305.23 1
2.8 314.02 1
2.81 324.52 1
2.82 339.83 1
2.83 345.92 1
2.84 363.05 1
2.85 378.64 1
2.86 385.56 1
2.87 396.27 1
2.88 400.6 1
2.89 398.96 1
2.9 392.54 1
2.91 374.96 1
2.92 354.97 1
2.93 343.18 1
2.94 327.96 1
2.95 408.71 1
2.96 376.02 1
2.97 378.5 1
2.98 377.49 1
2.99 404.2 1
3.0 388.52 1
3.01 390.0 1
3.02 392.48 1
3.03 396.79 1
3.04 397.11 1
3.05 397.76 1
3.06 396.47 1
3.07 395.08 1
3.08 366.06 1
3.09 0.0 1
3.1 0.0 1
3.11 0.0 1
3.12 0.0 1
3.13 0.0 1
3.14 0.0 1
3.15 0.0 1
3.16 0.0 1
3.17 0.0 1
3.18 0.0 1
3.19 0.0 1
3.2 0.0 1
3.21 0.0 1
3.22 0.0 1
3.23 0.0 1
3.24 0.0 1
3.25 0.0 1
3.26 0.0 1
3.27 0.0 1
3.28 0.0 1
3.29 0.0 1
3.3 0.0 1
3.31 0.0 1
3.32 0.0 1
3.33 0.0 1
3.34 0.0 1
3.35 456.88 1
3.36 478.75 1
3.37 445.84 1
3.38 441.2 1
3.39 427.76 1
3.4 421.16 1
3.41 418.04 1
3.42 421.29 1
3.43 429.07 1
3.44 434.53 1
3.45 443.18 1
3.46 450.6 1
3.47 455.1 1
3.48 453.41 1
3.49 445.35 1
3.5 418.11 1
3.51 408.88 1
3.52 418.03 1
3.53 375.3 1
3.54 395.29 1
3.55 372.01 1
3.56 355.35 1
3.57 355.0 1
3.58 362.37 1
3.59 362.9 1
3.6 366.79 1
3.61 384.07 1
3.62 381.05 1
3.63 379.33 1
3.64 382.15 1
3.65 383.95 1
3.66 384.02 1
3.67 386.54 1
3.68 385.82 1
3.69 353.4 1
3.7 365.99 1
3.71 377.81 1
3.72 388.52 1
3.73 363.36 1
3.74 353.76 1
3.75 342.65 1
3.76 337.2 1
3.77 331.06 1
3.78 326.56 1
3.79 327.83 1
3.8 331.31 1
3.81 335.52 1
3.82 340.56 1
3.83 342.66 1
3.84 341.19 1
3.85 331.49 1
3.86 300.68 1
3.87 329.8 1
3.88 305.19 1
3.89 301.15 1
3.9 326.97 1
3.91 244.3 1
3.92 254.18 1
3.93 319.89 1
3.94 280.7 1
3.95 286.47 1
3.96 287.99 1
3.97 286.39 1
3.98 285.57 1
3.99 285.04 1
4.0 285.92 1
4.01 287.74 1
4.02 288.25 1
4.03 287.96 1
4.04 286.75 1
4.05 286.9 1
4.06 287.02 1
4.07 284.4 1
4.08 286.15 1
4.09 287.28 1
4.1 287.99 1
4.11 0.0 1
4.12 0.0 1
4.13 0.0 1
4.14 0.0 1
4.15 0.0 1
4.16 0.0 1
4.17 0.0 1
4.18 0.0 1
4.19 0.0 1
4.2 0.0 1
4.21 0.0 1
4.22 0.0 1
4.23 0.0 1
4.24 0.0 1
4.25 0.0 1
4.26 345.9 1
4.27 403.7 1
4.28 362.74 1
4.29 351.21 1
4.3 338.89 1
4.31 328.7 1
4.32 322.58 1
4.33 325.44 1
4.34 333.48 1
4.35 341.52 1
4.36 340.56 1
4.37 343.2 1
4.38 339.81 1
4.39 325.21 1
4.4 283.03 1
4.41 289.15 1
4.42 269.33 1
4.43 238.36 1
4.44 225.59 1
4.45 241.62 1
4.46 236.47 1
4.47 248.71 1
4.48 245.16 1
4.49 246.7 1
4.5 247.27 1
4.51 249.43 1
4.52 248.75 1
4.53 248.38 1
4.54 249.9 1
4.55 249.08 1
4.56 250.18 1
4.57 250.12 1
4.58 225.59 1
4.59 251.4 1
4.6 249.43 1
4.61 248.94 1
4.62 249.53 1
4.63 240.29 1
4.64 244.38 1
4.65 241.64 1
4.66 225.65 1
4.67 224.62 1
4.68 221.13 1
4.69 224.63 1
4.7 231.51 1
4.71 243.14 1
4.72 252.23 1
4.73 258.68 1
4.74 261.73 1
4.75 261.72 1
4.76 258.87 1
4.77 254.19 1
4.78 264.86 1
4.79 259.89 1
4.8 235.11 1
4.81 230.17 1
4.82 220.69 1
4.83 217.77 1
4.84 211.51 1
4.85 209.5 1
4.86 212.52 1
4.87 209.46 1
4.88 208.52 1
4.89 211.84 1
4.9 215.46 1
4.91 208.51 1
4.92 210.76 1
4.93 212.74 1
4.94 0.0 1
4.95 0.0 1
4.96 0.0 1
4.97 0.0 1
4.98 0.0 1
4.99 272.75 1
5.0 274.79 1
5.01 250.8 1
5.02 240.28 1
5.03 221.81 1
5.04 211.74 1
5.05 203.66 1
5.06 202.27 1
5.07 203.74 1
5.08 216.67 1
5.09 221.39 1
5.1 229.11 1
5.11 229.12 1
5.12 235.57 1
5.13 237.0 1
5.14 232.73 1
5.15 227.91 1
5.16 222.82 1
5.17 211.52 1
5.18 209.71 1
5.19 204.17 1
5.2 195.38 1
5.21 195.28 1
5.22 195.56 1
5.23 194.98 1
5.24 193.91 1
5.25 195.0 1
5.26 195.13 1
5.27 194.7 1
5.28 194.48 1
5.29 194.59 1
5.3 194.4 1
5.31 192.23 1
5.32 190.61 1
5.33 195.25 1
5.34 193.7 1
5.35 196.42 1
5.36 193.66 1
5.37 193.78 1
5.38 195.17 1
5.39 194.93 1
5.4 195.56 1
5.41 198.13 1
5.42 204.56 1
5.43 216.85 1
5.44 222.1 1
5.45 242.95 1
5.46 258.68 1
5.47 282.15 1
5.48 278.78 1
5.49 210.5 1
5.5 195.06 1
5.51 244.24 1
5.52 243.32 1
5.53 246.69 1
5.54 230.84 1
5.55 225.46 1
5.56 224.58 1
5.57 224.88 1
5.58 226.16 1
5.59 229.53 1
5.6 230.98 1
5.61 232.44 1
5.62 232.74 1
5.63 231.53 1
5.64 233.96 1
5.65 236.67 1
5.66 242.96 1
5.67 239.62 1
5.68 238.19 1
5.69 236.02 1
5.7 229.1 1
5.71 235.0 1
5.72 235.5 1
5.73 236.43 1
5.74 233.9 1
5.75 230.3 1
5.76 230.31 1
5.77 230.35 1
5.78 238.81 1
5.79 249.19 1
5.8 260.18 1
5.81 270.03 1
5.82 279.96 1
5.83 280.74 1
5.84 279.78 1
5.85 273.51 1
5.86 264.87 1
5.87 246.94 1
5.88 257.17 1
5.89 264.68 1
5.9 237.73 1
5.91 264.87 1
5.92 253.98 1
5.93 254.79 1
5.94 272.63 1
5.95 277.09 1
5.96 284.62 1
5.97 287.19 1
5.98 291.09 1
5.99 293.03 1
6.0 296.18 1
6.01 296.16 1
6.02 297.33 1
6.03 296.43 1
