0.01 95.35 1
0.02 96.16 1
0.03 98.03 1
0.04 98.43 1
0.05 98.34 1
0.06 97.89 1
0.07 98.99 1
0.08 99.21 1
0.09 97.89 1
0.1 98.66 1
0.11 98.38 1
0.12 98.55 1
0.13 97.87 1
0.14 97.54 1
0.15 97.2 1
0.16 97.31 1
0.17 96.63 1
0.18 96.83 1
0.19 96.81 1
0.2 96.82 1
0.21 96.86 1
0.22 96.82 1
0.23 97.28 1
0.24 97.43 1
0.25 97.46 1
0.26 97.7 1
0.27 97.68 1
0.28 97.92 1
0.29 97.89 1
0.3 97.97 1
0.31 98.14 1
0.32 98.21 1
0.33 98.33 1
0.34 98.15 1
0.35 97.99 1
0.36 97.9 1
0.37 97.89 1
0.38 97.57 1
0.39 97.38 1
0.4 97.23 1
0.41 97.36 1
0.42 97.33 1
0.43 97.37 1
0.44 97.53 1
0.45 97.46 1
0.46 97.76 1
0.47 97.66 1
0.48 97.63 1
0.49 97.63 1
0.5 97.6 1
0.51 97.74 1
0.52 97.84 1
0.53 97.84 1
0.54 98.02 1
0.55 98.04 1
0.56 98.22 1
0.57 98.26 1
0.58 98.17 1
0.59 98.11 1
0.6 97.74 1
0.61 97.79 1
0.62 97.7 1
0.63 97.64 1
0.64 97.46 1
0.65 97.44 1
0.66 97.28 1
0.67 97.27 1
0.68 97.34 1
0.69 97.25 1
0.7 97.37 1
0.71 97.59 1
0.72 97.72 1
0.73 97.89 1
0.74 97.83 1
0.75 97.79 1
0.76 97.26 1
0.77 97.54 1
0.78 96.85 1
0.79 97.32 1
0.8 97.37 1
0.81 97.58 1
0.82 98.31 1
0.83 96.11 1
0.84 98.32 1
0.85 98.13 1
0.86 98.31 1
0.87 145.35 1
0.88 146.27 1
0.89 145.77 1
0.9 145.5 1
0.91 145.51 1
0.92 145.57 1
0.93 145.22 1
0.94 145.01 1
0.95 144.15 1
0.96 286.99 1
0.97 285.78 1
0.98 285.88 1
0.99 291.09 1
1.0 293.04 1
1.01 301.09 1
1.02 307.48 1
1.03 351.49 1
1.04 335.42 1
1.05 359.84 1
1.06 351.43 1
1.07 366.69 1
1.08 373.76 1
1.09 388.52 1
1.1 375.32 1
1.11 378.99 1
1.12 376.91 1
1.13 374.71 1
1.14 376.38 1
1.15 374.72 1
1.16 374.04 1
1.17 373.88 1
1.18 381.78 1
1.19 373.11 1
1.2 371.56 1
1.21 370.5 1
1.22 363.02 1
1.23 366.69 1
1.24 384.64 1
1.25 351.58 1
1.26 378.51 1
1.27 369.29 1
1.28 378.36 1
1.29 370.52 1
1.3 363.15 1
1.31 343.48 1
1.32 354.51 1
1.33 351.65 1
1.34 372.14 1
1.35 381.78 1
1.36 391.99 1
1.37 389.83 1
1.38 383.73 1
1.39 385.82 1
1.4 388.73 1
1.41 395.46 1
1.42 389.79 1
1.43 394.52 1
1.44 392.57 1
1.45 396.16 1
1.46 395.62 1
1.47 396.56 1
1.48 394.1 1
1.49 396.29 1
1.5 393.57 1
1.51 391.75 1
1.52 390.57 1
1.53 389.67 1
1.54 378.32 1
1.55 381.72 1
1.56 377.9 1
1.57 374.25 1
1.58 391.42 1
1.59 378.29 1
1.6 381.82 1
1.61 385.74 1
1.62 405.18 1
1.63 410.42 1
1.64 400.4 1
1.65 393.39 1
1.66 385.06 1
1.67 373.9 1
1.68 378.5 1
1.69 372.34 1
1.7 371.66 1
1.71 371.74 1
1.72 373.15 1
1.73 371.85 1
1.74 371.98 1
1.75 383.59 1
1.76 383.35 1
1.77 392.07 1
1.78 395.31 1
1.79 395.35 1
1.8 393.02 1
1.81 394.61 1
1.82 397.58 1
1.83 397.97 1
1.84 397.0 1
1.85 383.69 1
1.86 378.51 1
1.87 0.0 1
1.88 0.0 1
1.89 0.0 1
1.9 0.0 1
1.91 0.0 1
1.92 0.0 1
1.93 0.0 1
1.94 0.0 1
1.95 0.0 1
1.96 0.0 1
1.97 0.0 1
1.98 0.0 1
1.99 0.0 1
2.0 0.0 1
2.01 0.0 1
2.02 0.0 1
2.03 0.0 1
2.04 0.0 1
2.05 0.0 1
2.06 0.0 1
2.07 0.0 1
2.08 0.0 1
2.09 0.0 1
2.1 0.0 1
2.11 0.0 1
2.12 0.0 1
2.13 0.0 1
2.14 0.0 1
2.15 0.0 1
2.16 0.0 1
2.17 0.0 1
2.18 248.03 1
2.19 240.34 1
2.2 225.58 1
2.21 241.51 1
2.22 255.16 1
2.23 257.6 1
2.24 258.83 1
2.25 259.55 1
2.26 258.69 1
2.27 260.18 1
2.28 261.72 1
2.29 262.88 1
2.3 258.78 1
2.31 260.34 1
2.32 264.87 1
2.33 265.7 1
2.34 271.32 1
2.35 276.28 1
2.36 276.47 1
2.37 281.37 1
2.38 280.98 1
2.39 281.32 1
2.4 282.52 1
2.41 283.34 1
2.42 285.12 1
2.43 285.51 1
2.44 285.87 1
2.45 286.95 1
2.46 287.83 1
2.47 287.67 1
2.48 286.08 1
2.49 284.53 1
2.5 283.45 1
2.51 283.55 1
2.52 282.91 1
2.53 285.33 1
2.54 288.95 1
2.55 291.15 1
2.56 295.23 1
2.57 315.79 1
2.58 292.94 1
2.59 332.73 1
2.6 346.0 1
2.61 351.68 1
2.62 371.68 1
2.63 378.52 1
2.64 381.8 1
2.65 381.77 1
2.66 380.13 1
2.67 379.44 1
2.68 379.82 1
2.69 376.88 1
2.7 376.45 1
2.71 378.86 1
2.72 378.55 1
2.73 378.54 1
2.74 379.12 1
2.75 384.04 1
2.76 382.64 1
2.77 384.47 1
2.78 385.92 1
2.79 388.5 1
2.8 389.07 1
2.81 390.39 1
2.82 390.81 1
2.83 390.69 1
2.84 391.09 1
2.85 388.01 1
2.86 384.86 1
2.87 378.82 1
2.88 373.92 1
2.89 369.02 1
2.9 364.55 1
2.91 362.09 1
2.92 361.03 1
2.93 362.6 1
2.94 368.88 1
2.95 370.82 1
2.96 384.83 1
2.97 381.48 1
2.98 384.15 1
2.99 388.11 1
3.0 388.68 1
3.01 388.92 1
3.02 388.2 1
3.03 388.47 1
3.04 383.57 1
3.05 378.15 1
3.06 375.17 1
3.07 370.98 1
3.08 366.19 1
3.09 361.89 1
3.1 354.32 1
3.11 350.65 1
3.12 344.72 1
3.13 340.64 1
3.14 333.99 1
3.15 330.37 1
3.16 327.57 1
3.17 325.48 1
3.18 324.17 1
3.19 323.04 1
3.2 323.02 1
3.21 323.05 1
3.22 325.4 1
3.23 323.4 1
3.24 325.41 1
3.25 325.44 1
3.26 325.38 1
3.27 325.43 1
3.28 325.32 1
3.29 326.74 1
3.3 330.43 1
3.31 332.21 1
3.32 335.62 1
3.33 334.82 1
3.34 335.24 1
3.35 331.61 1
3.36 328.78 1
3.37 325.17 1
3.38 283.33 1
3.39 274.73 1
3.4 266.04 1
3.41 245.3 1
3.42 241.66 1
3.43 247.71 1
3.44 245.74 1
3.45 252.19 1
3.46 252.78 1
3.47 255.19 1
3.48 254.47 1
3.49 254.88 1
3.5 282.6 1
3.51 281.81 1
3.52 285.45 1
3.53 288.46 1
3.54 289.58 1
3.55 288.62 1
3.56 290.28 1
3.57 289.9 1
3.58 290.58 1
3.59 291.09 1
3.6 291.1 1
3.61 291.11 1
3.62 291.13 1
3.63 291.16 1
3.64 291.19 1
3.65 291.18 1
3.66 291.19 1
3.67 291.16 1
3.68 291.17 1
3.69 291.2 1
3.7 293.08 1
3.71 291.21 1
3.72 291.21 1
3.73 291.23 1
3.74 291.25 1
3.75 291.22 1
3.76 291.24 1
3.77 291.23 1
3.78 291.19 1
3.79 291.19 1
3.8 291.21 1
3.81 291.17 1
3.82 291.17 1
3.83 292.9 1
3.84 291.17 1
3.85 293.04 1
3.86 293.99 1
3.87 293.09 1
3.88 293.1 1
3.89 293.12 1
3.9 291.19 1
3.91 291.15 1
3.92 291.12 1
3.93 291.09 1
3.94 291.09 1
3.95 289.22 1
3.96 289.64 1
3.97 289.18 1
3.98 289.22 1
3.99 291.1 1
4.0 291.19 1
4.01 291.21 1
4.02 293.06 1
4.03 293.5 1
4.04 291.14 1
4.05 290.74 1
4.06 290.58 1
4.07 288.73 1
4.08 285.9 1
4.09 283.12 1
4.1 279.5 1
4.11 272.77 1
4.12 266.51 1
4.13 268.08 1
4.14 257.15 1
4.15 250.02 1
4.16 242.9 1
4.17 240.24 1
4.18 232.37 1
4.19 227.99 1
4.2 244.18 1
4.21 242.94 1
4.22 249.12 1
4.23 255.73 1
4.24 260.25 1
4.25 270.66 1
4.26 279.19 1
4.27 280.69 1
4.28 279.56 1
4.29 274.8 1
4.3 269.71 1
4.31 260.21 1
4.32 256.73 1
4.33 253.31 1
4.34 249.72 1
4.35 249.1 1
4.36 248.32 1
4.37 245.88 1
4.38 246.86 1
4.39 247.59 1
4.4 246.46 1
4.41 245.57 1
4.42 245.89 1
4.43 244.54 1
4.44 244.32 1
4.45 243.31 1
4.46 242.8 1
4.47 242.16 1
4.48 241.87 1
4.49 242.96 1
4.5 242.76 1
4.51 244.31 1
4.52 243.9 1
4.53 244.3 1
4.54 242.35 1
4.55 242.96 1
4.56 241.94 1
4.57 241.8 1
4.58 242.04 1
4.59 241.7 1
4.6 240.58 1
4.61 241.1 1
4.62 242.92 1
4.63 242.94 1
4.64 243.66 1
4.65 247.04 1
4.66 248.26 1
4.67 249.99 1
4.68 251.37 1
4.69 251.6 1
4.7 250.06 1
4.71 249.37 1
4.72 246.46 1
4.73 243.75 1
4.74 241.62 1
4.75 239.62 1
4.76 237.77 1
4.77 238.2 1
4.78 238.62 1
4.79 239.56 1
4.8 241.63 1
4.81 243.65 1
4.82 248.13 1
4.83 250.86 1
4.84 252.21 1
4.85 253.03 1
4.86 254.21 1
4.87 255.65 1
4.88 255.67 1
4.89 254.18 1
4.9 252.13 1
4.91 251.05 1
4.92 247.33 1
4.93 245.46 1
4.94 243.24 1
4.95 239.77 1
4.96 240.28 1
4.97 232.73 1
4.98 229.17 1
4.99 227.24 1
5.0 224.81 1
5.01 223.01 1
5.02 222.5 1
5.03 221.32 1
5.04 221.86 1
5.05 220.31 1
5.06 221.05 1
5.07 219.91 1
5.08 220.19 1
5.09 219.37 1
5.1 219.87 1
5.11 214.98 1
5.12 216.66 1
5.13 213.02 1
5.14 214.64 1
5.15 214.91 1
5.16 216.17 1
5.17 220.2 1
5.18 222.2 1
5.19 225.86 1
5.2 230.44 1
5.21 235.22 1
5.22 239.06 1
5.23 244.13 1
5.24 246.03 1
5.25 246.33 1
5.26 247.48 1
5.27 245.68 1
5.28 245.52 1
5.29 245.56 1
5.3 245.15 1
5.31 245.98 1
5.32 246.58 1
5.33 246.39 1
5.34 245.9 1
5.35 245.71 1
5.36 245.87 1
5.37 245.91 1
5.38 245.32 1
5.39 244.74 1
5.4 244.45 1
5.41 243.96 1
5.42 243.72 1
5.43 243.64 1
5.44 243.39 1
5.45 243.21 1
5.46 243.8 1
5.47 242.89 1
5.48 243.56 1
5.49 243.8 1
5.5 243.29 1
5.51 243.54 1
5.52 243.35 1
5.53 243.99 1
5.54 243.57 1
5.55 243.32 1
5.56 243.62 1
5.57 243.84 1
5.58 243.33 1
5.59 244.27 1
5.6 242.9 1
5.61 243.22 1
5.62 242.97 1
5.63 243.07 1
5.64 242.96 1
5.65 242.29 1
5.66 242.95 1
5.67 241.94 1
5.68 242.93 1
5.69 241.95 1
5.7 241.63 1
5.71 241.64 1
5.72 241.59 1
5.73 240.53 1
5.74 240.75 1
5.75 241.62 1
5.76 242.12 1
5.77 242.31 1
5.78 242.97 1
5.79 243.08 1
5.8 242.97 1
5.81 243.02 1
5.82 243.58 1
5.83 243.25 1
5.84 243.01 1
5.85 244.28 1
5.86 243.6 1
5.87 243.59 1
5.88 242.95 1
5.89 242.34 1
5.9 242.93 1
5.91 242.9 1
5.92 242.96 1
5.93 242.85 1
5.94 244.28 1
5.95 242.97 1
5.96 243.28 1
5.97 242.66 1
5.98 242.68 1
5.99 243.08 1
6.0 243.32 1
6.01 243.35 1
6.02 243.54 1
6.03 243.35 1
6.04 244.24 1
6.05 242.79 1
6.06 242.65 1
6.07 242.14 1
6.08 242.37 1
6.09 242.08 1
6.1 242.94 1
6.11 240.87 1
6.12 242.9 1
6.13 241.67 1
6.14 242.17 1
6.15 243.42 1
6.16 243.24 1
6.17 244.04 1
6.18 245.08 1
6.19 245.79 1
6.2 247.77 1
6.21 250.12 1
6.22 252.51 1
6.23 252.63 1
6.24 253.33 1
6.25 252.97 1
6.26 250.22 1
6.27 246.71 1
6.28 241.62 1
6.29 238.75 1
6.3 234.71 1
6.31 226.88 1
6.32 230.38 1
6.33 232.61 1
6.34 235.79 1
6.35 237.5 1
6.36 244.88 1
6.37 249.4 1
6.38 258.67 1
6.39 260.24 1
6.4 273.19 1
6.41 279.14 1
6.42 284.3 1
6.43 290.53 1
6.44 294.98 1
6.45 294.16 1
6.46 291.85 1
6.47 292.95 1
6.48 294.71 1
6.49 292.93 1
6.5 294.62 1
6.51 294.04 1
6.52 293.03 1
6.53 292.66 1
6.54 290.67 1
6.55 288.02 1
6.56 286.1 1
6.57 282.92 1
6.58 279.34 1
6.59 275.25 1
6.6 271.28 1
6.61 269.57 1
6.62 251.25 1
6.63 245.55 1
6.64 240.69 1
6.65 242.79 1
6.66 240.91 1
6.67 242.36 1
6.68 240.24 1
6.69 240.4 1
6.7 0.0 1
6.71 0.0 1
6.72 0.0 1
6.73 0.0 1
6.74 0.0 1
6.75 0.0 1
6.76 0.0 1
6.77 0.0 1
6.78 0.0 1
6.79 0.0 1
6.8 0.0 1
6.81 0.0 1
6.82 0.0 1
6.83 0.0 1
6.84 0.0 1
6.85 0.0 1
6.86 97.68 1
6.87 97.46 1
6.88 98.04 1
6.89 97.89 1
6.9 97.89 1
6.91 98.18 1
6.92 98.17 1
6.93 98.1 1
6.94 97.86 1
6.95 98.25 1
6.96 98.63 1
6.97 98.59 1
6.98 98.46 1
6.99 98.58 1
7.0 98.33 1
7.01 98.3 1
7.02 98.44 1
7.03 98.27 1
7.04 98.23 1
7.05 98.11 1
7.06 98.1 1
7.07 98.11 1
7.08 98.28 1
7.09 98.46 1
7.1 98.4 1
7.11 98.47 1
7.12 98.42 1
7.13 98.39 1
7.14 97.9 1
7.15 98.54 1
7.16 98.19 1
7.17 98.2 1
7.18 98.05 1
7.19 97.92 1
7.2 97.92 1
7.21 97.86 1
7.22 97.79 1
7.23 97.92 1
7.24 98.31 1
7.25 98.17 1
7.26 98.1 1
7.27 98.23 1
7.28 98.03 1
7.29 97.87 1
7.3 97.34 1
7.31 96.83 1
7.32 97.12 1
7.33 96.62 1
7.34 96.95 1
7.35 97.2 1
7.36 97.25 1
7.37 97.19 1
7.38 97.11 1
7.39 97.28 1
7.4 97.65 1
7.41 97.8 1
7.42 97.91 1
7.43 97.82 1
7.44 97.51 1
7.45 96.82 1
7.46 96.36 1
7.47 96.31 1
7.48 96.61 1
7.49 96.7 1
7.5 96.38 1
7.51 96.53 1
7.52 96.3 1
7.53 95.75 1
7.54 95.5 1
7.55 95.63 1
7.56 95.67 1
7.57 96.18 1
7.58 96.38 1
7.59 96.98 1
7.6 97.77 1
7.61 98.53 1
7.62 99.07 1
7.63 98.87 1
7.64 98.76 1
7.65 98.5 1
7.66 98.42 1
7.67 97.68 1
7.68 97.52 1
7.69 97.52 1
7.7 97.05 1
7.71 97.53 1
7.72 97.89 1
7.73 98.1 1
7.74 97.99 1
7.75 98.1 1
7.76 97.9 1
7.77 97.75 1
7.78 97.28 1
7.79 96.91 1
7.8 96.66 1
7.81 96.08 1
7.82 288.07 1
7.83 287.82 1
7.84 286.6 1
7.85 284.7 1
7.86 282.28 1
7.87 276.21 1
7.88 273.62 1
7.89 269.98 1
7.9 269.69 1
7.91 257.15 1
7.92 245.8 1
7.93 247.23 1
7.94 242.6 1
7.95 242.99 1
7.96 251.86 1
7.97 246.93 1
7.98 250.24 1
7.99 255.66 1
8.0 263.29 1
8.01 270.36 1
8.02 285.89 1
8.03 288.92 1
8.04 283.6 1
8.05 286.15 1
8.06 281.85 1
8.07 285.87 1
8.08 286.3 1
8.09 287.45 1
8.1 287.71 1
8.11 287.3 1
8.12 287.86 1
8.13 287.29 1
8.14 288.16 1
8.15 287.05 1
8.16 286.9 1
8.17 287.43 1
8.18 288.66 1
8.19 290.56 1
8.2 291.67 1
8.21 293.04 1
8.22 293.18 1
8.23 294.48 1
8.24 294.75 1
8.25 293.57 1
8.26 292.72 1
8.27 290.65 1
8.28 288.63 1
8.29 285.1 1
8.3 281.36 1
8.31 276.79 1
8.32 273.27 1
8.33 267.57 1
8.34 262.88 1
8.35 258.57 1
8.36 255.63 1
8.37 250.26 1
8.38 248.82 1
8.39 247.55 1
8.4 247.08 1
8.41 249.26 1
8.42 251.29 1
8.43 260.19 1
8.44 269.36 1
8.45 279.99 1
8.46 266.27 1
8.47 261.53 1
8.48 317.22 1
8.49 160.72 1
8.5 172.67 1
8.51 348.69 1
8.52 354.25 1
8.53 359.98 1
8.54 358.87 1
8.55 359.93 1
8.56 346.25 1
8.57 359.51 1
8.58 346.85 1
8.59 340.82 1
8.6 334.1 1
8.61 327.91 1
8.62 325.34 1
8.63 320.82 1
8.64 346.76 1
8.65 316.75 1
8.66 225.45 1
8.67 316.68 1
8.68 318.61 1
8.69 322.52 1
8.7 413.1 1
8.71 323.59 1
8.72 338.95 1
8.73 340.73 1
8.74 343.33 1
8.75 344.19 1
8.76 342.02 1
8.77 335.55 1
8.78 333.95 1
8.79 325.42 1
8.8 316.29 1
8.81 308.85 1
8.82 303.26 1
8.83 296.95 1
8.84 291.2 1
8.85 291.71 1
8.86 289.28 1
8.87 286.7 1
8.88 285.93 1
8.89 287.42 1
8.9 0.0 1
8.91 0.0 1
8.92 0.0 1
8.93 0.0 1
8.94 0.0 1
8.95 0.0 1
8.96 0.0 1
8.97 0.0 1
8.98 0.0 1
8.99 0.0 1
9.0 0.0 1
9.01 73.61 1
9.02 73.21 1
9.03 73.68 1
9.04 73.22 1
9.05 73.93 1
9.06 73.28 1
9.07 73.93 1
9.08 73.81 1
9.09 73.8 1
9.1 73.93 1
9.11 73.68 1
9.12 73.81 1
9.13 73.81 1
9.14 73.93 1
9.15 73.76 1
9.16 73.8 1
9.17 73.63 1
9.18 73.93 1
9.19 73.57 1
9.2 73.78 1
9.21 73.54 1
9.22 73.93 1
9.23 73.41 1
9.24 150.25 1
9.25 147.25 1
9.26 149.4 1
9.27 153.04 1
9.28 303.1 1
9.29 298.77 1
9.3 289.79 1
9.31 289.18 1
9.32 288.02 1
9.33 287.1 1
9.34 286.02 1
9.35 284.87 1
9.36 283.79 1
9.37 282.69 1
9.38 282.34 1
9.39 283.71 1
9.4 284.84 1
9.41 285.84 1
9.42 286.11 1
9.43 287.77 1
9.44 290.54 1
9.45 291.19 1
9.46 293.14 1
9.47 287.2 1
9.48 292.89 1
9.49 286.24 1
9.5 308.34 1
9.51 354.47 1
9.52 357.38 1
9.53 385.05 1
9.54 391.82 1
9.55 387.59 1
9.56 393.46 1
9.57 394.26 1
9.58 399.05 1
9.59 393.44 1
9.6 393.44 1
9.61 396.35 1
9.62 395.56 1
9.63 394.2 1
9.64 388.73 1
9.65 390.83 1
9.66 390.34 1
9.67 387.07 1
9.68 386.28 1
9.69 383.61 1
9.7 386.74 1
9.71 387.4 1
9.72 390.17 1
9.73 390.4 1
9.74 391.4 1
9.75 389.68 1
9.76 389.28 1
9.77 389.34 1
9.78 389.53 1
9.79 386.92 1
9.8 387.24 1
9.81 390.93 1
9.82 395.17 1
9.83 393.63 1
9.84 394.99 1
9.85 391.82 1
9.86 390.14 1
9.87 383.73 1
9.88 378.31 1
9.89 371.76 1
9.9 362.97 1
9.91 359.02 1
9.92 351.78 1
9.93 354.47 1
9.94 361.21 1
9.95 368.67 1
9.96 376.02 1
9.97 385.04 1
9.98 390.01 1
9.99 397.15 1
10.0 405.95 1
10.01 400.79 1
10.02 403.44 1
10.03 402.44 1
10.04 400.86 1
10.05 401.8 1
10.06 395.72 1
10.07 392.84 1
10.08 389.86 1
10.09 0.0 1
10.1 0.0 1
10.11 0.0 1
10.12 0.0 1
10.13 0.0 1
10.14 0.0 1
10.15 340.7 1
10.16 337.93 1
10.17 332.78 1
10.18 332.64 1
10.19 323.93 1
10.2 324.96 1
10.21 325.33 1
10.22 322.36 1
10.23 322.78 1
10.24 319.97 1
10.25 320.65 1
10.26 318.47 1
10.27 320.46 1
10.28 317.66 1
10.29 318.41 1
10.3 320.61 1
10.31 320.69 1
10.32 322.99 1
10.33 323.25 1
10.34 326.38 1
10.35 329.36 1
10.36 332.17 1
10.37 334.05 1
10.38 334.2 1
10.39 338.66 1
10.4 340.67 1
10.41 338.02 1
10.42 336.64 1
10.43 332.96 1
10.44 327.94 1
10.45 312.23 1
10.46 296.45 1
10.47 293.69 1
10.48 289.49 1
10.49 289.32 1
10.5 289.21 1
10.51 289.54 1
10.52 291.18 1
10.53 292.18 1
10.54 98.03 1
10.55 98.53 1
10.56 98.42 1
10.57 98.76 1
10.58 98.13 1
10.59 98.65 1
10.6 98.7 1
10.61 98.55 1
10.62 98.11 1
10.63 98.11 1
10.64 98.02 1
10.65 97.89 1
10.66 97.69 1
10.67 97.5 1
10.68 97.46 1
10.69 97.49 1
10.7 97.49 1
10.71 97.6 1
10.72 97.76 1
10.73 97.87 1
10.74 97.92 1
10.75 97.86 1
10.76 97.84 1
10.77 97.9 1
10.78 98.0 1
10.79 97.91 1
10.8 97.73 1
10.81 97.73 1
10.82 97.63 1
10.83 97.53 1
10.84 97.63 1
10.85 97.91 1
10.86 98.37 1
10.87 98.76 1
10.88 99.05 1
10.89 98.92 1
10.9 99.26 1
10.91 99.06 1
10.92 99.06 1
10.93 98.72 1
10.94 98.32 1
10.95 98.68 1
10.96 97.66 1
10.97 97.23 1
10.98 96.95 1
10.99 96.61 1
11.0 96.53 1
11.01 96.31 1
11.02 95.86 1
11.03 95.1 1
11.04 280.91 1
11.05 273.91 1
11.06 269.3 1
11.07 260.18 1
11.08 248.25 1
11.09 240.35 1
11.1 235.33 1
11.11 226.77 1
11.12 228.19 1
11.13 229.78 1
11.14 230.32 1
11.15 240.77 1
11.16 250.78 1
11.17 248.65 1
11.18 255.63 1
11.19 255.71 1
11.2 260.19 1
11.21 290.35 1
11.22 288.92 1
11.23 278.23 1
11.24 262.06 1
11.25 263.93 1
11.26 253.76 1
11.27 246.32 1
11.28 236.47 1
11.29 243.1 1
11.3 239.06 1
11.31 236.87 1
11.32 236.46 1
11.33 236.47 1
11.34 237.85 1
11.35 239.45 1
11.36 241.18 1
11.37 241.69 1
11.38 242.18 1
11.39 241.78 1
11.4 241.64 1
11.41 241.66 1
11.42 241.72 1
11.43 242.87 1
11.44 244.23 1
11.45 245.14 1
11.46 245.61 1
11.47 246.72 1
11.48 246.1 1
11.49 246.06 1
11.5 245.84 1
11.51 246.16 1
11.52 246.42 1
11.53 246.51 1
11.54 246.11 1
11.55 246.01 1
11.56 246.11 1
11.57 247.3 1
11.58 248.69 1
11.59 249.48 1
11.6 249.35 1
11.61 249.02 1
11.62 247.65 1
11.63 246.57 1
11.64 246.93 1
11.65 246.1 1
11.66 246.41 1
11.67 246.16 1
11.68 246.21 1
11.69 245.13 1
11.7 244.94 1
11.71 244.48 1
11.72 244.94 1
11.73 244.08 1
11.74 245.63 1
11.75 243.91 1
11.76 244.95 1
11.77 243.57 1
11.78 245.32 1
11.79 246.73 1
11.8 250.21 1
11.81 251.27 1
11.82 254.92 1
11.83 257.04 1
11.84 254.21 1
11.85 255.69 1
11.86 271.35 1
11.87 260.25 1
11.88 264.83 1
11.89 266.34 1
11.9 260.25 1
11.91 261.82 1
11.92 257.19 1
11.93 257.2 1
11.94 255.92 1
11.95 251.19 1
11.96 249.52 1
11.97 246.54 1
11.98 243.76 1
11.99 244.75 1
12.0 246.85 1
12.01 250.68 1
12.02 254.19 1
12.03 261.73 1
12.04 264.9 1
12.05 263.5 1
12.06 266.56 1
12.07 274.27 1
12.08 273.53 1
12.09 278.06 1
12.1 261.84 1
12.11 268.04 1
12.12 264.67 1
12.13 261.76 1
12.14 261.73 1
12.15 255.72 1
12.16 258.25 1
12.17 256.26 1
12.18 252.61 1
12.19 249.48 1
12.2 244.91 1
12.21 242.94 1
12.22 241.83 1
12.23 243.7 1
12.24 245.79 1
12.25 250.96 1
12.26 252.75 1
12.27 258.67 1
12.28 255.7 1
12.29 261.76 1
12.3 267.08 1
12.31 261.87 1
12.32 269.62 1
12.33 257.2 1
12.34 251.31 1
12.35 249.23 1
12.36 241.94 1
12.37 240.28 1
12.38 233.08 1
12.39 230.5 1
12.4 227.54 1
12.41 225.38 1
12.42 223.38 1
12.43 221.95 1
12.44 220.77 1
12.45 214.75 1
12.46 216.76 1
12.47 218.51 1
12.48 218.71 1
12.49 219.81 1
12.5 220.07 1
12.51 220.62 1
12.52 220.36 1
12.53 218.96 1
12.54 218.51 1
12.55 217.69 1
12.56 218.0 1
12.57 218.69 1
12.58 219.92 1
12.59 220.94 1
12.6 225.08 1
12.61 227.93 1
12.62 231.04 1
12.63 236.47 1
12.64 245.65 1
12.65 243.45 1
12.66 242.7 1
12.67 237.76 1
12.68 248.37 1
12.69 241.69 1
12.7 243.65 1
12.71 241.67 1
12.72 244.55 1
12.73 244.42 1
12.74 244.67 1
12.75 244.26 1
12.76 245.11 1
12.77 244.91 1
12.78 244.91 1
12.79 244.62 1
12.8 244.21 1
12.81 243.21 1
12.82 244.58 1
12.83 243.57 1
12.84 243.75 1
12.85 242.75 1
12.86 243.73 1
12.87 243.13 1
12.88 242.81 1
12.89 242.14 1
12.9 242.83 1
12.91 242.37 1
12.92 243.0 1
12.93 245.02 1
12.94 246.21 1
12.95 250.46 1
12.96 252.63 1
12.97 254.24 1
12.98 257.21 1
12.99 258.77 1
13.0 246.82 1
13.01 269.24 1
13.02 254.3 1
13.03 254.45 1
13.04 256.4 1
13.05 251.28 1
13.06 246.93 1
13.07 241.64 1
13.08 239.64 1
13.09 239.87 1
13.1 240.2 1
13.11 242.87 1
13.12 249.76 1
13.13 255.02 1
13.14 257.24 1
13.15 258.73 1
13.16 251.3 1
