0.01 0.0 1
0.02 0.0 1
0.03 0.0 1
0.04 0.0 1
0.05 0.0 1
0.06 399.08 1
0.07 405.24 1
0.08 399.23 1
0.09 397.4 1
0.1 397.72 1
0.11 396.51 1
0.12 397.22 1
0.13 397.02 1
0.14 396.14 1
0.15 396.12 1
0.16 394.65 1
0.17 394.29 1
0.18 394.61 1
0.19 394.87 1
0.2 394.76 1
0.21 394.37 1
0.22 394.57 1
0.23 394.73 1
0.24 395.85 1
0.25 395.8 1
0.26 395.66 1
0.27 396.44 1
0.28 396.54 1
0.29 396.05 1
0.3 395.93 1
0.31 395.25 1
0.32 395.21 1
0.33 394.85 1
0.34 394.36 1
0.35 394.41 1
0.36 394.72 1
0.37 395.3 1
0.38 395.51 1
0.39 395.3 1
0.4 394.65 1
0.41 393.75 1
0.42 392.97 1
0.43 391.59 1
0.44 391.21 1
0.45 391.0 1
0.46 385.24 1
0.47 357.12 1
0.48 378.83 1
0.49 196.24 1
0.5 196.4 1
0.51 193.88 1
0.52 194.72 1
0.53 196.14 1
0.54 197.26 1
0.55 196.24 1
0.56 198.13 1
0.57 195.54 1
0.58 195.52 1
0.59 196.28 1
0.6 196.38 1
0.61 0.0 1
0.62 0.0 1
0.63 0.0 1
0.64 0.0 1
0.65 0.0 1
0.66 0.0 1
0.67 0.0 1
0.68 0.0 1
0.69 0.0 1
0.7 0.0 1
0.71 98.06 1
0.72 98.1 1
0.73 97.7 1
0.74 98.32 1
0.75 98.0 1
0.76 97.69 1
0.77 98.53 1
0.78 98.53 1
0.79 98.53 1
0.8 97.69 1
0.81 98.54 1
0.82 97.26 1
0.83 98.75 1
0.84 0.0 1
0.85 0.0 1
0.86 0.0 1
0.87 0.0 1
0.88 0.0 1
0.89 0.0 1
0.9 0.0 1
0.91 0.0 1
0.92 0.0 1
0.93 0.0 1
0.94 263.12 1
0.95 264.12 1
0.96 269.68 1
0.97 265.83 1
0.98 265.92 1
0.99 269.63 1
1.0 258.72 1
1.01 258.7 1
1.02 260.52 1
1.03 258.72 1
1.04 255.81 1
1.05 257.24 1
1.06 257.22 1
1.07 257.23 1
1.08 258.69 1
1.09 257.21 1
1.1 254.27 1
1.11 254.27 1
1.12 254.25 1
1.13 254.23 1
1.14 254.27 1
1.15 256.86 1
1.16 258.69 1
1.17 261.82 1
1.18 274.32 1
1.19 285.02 1
1.2 0.0 1
1.21 0.0 1
1.22 0.0 1
1.23 0.0 1
1.24 0.0 1
1.25 0.0 1
1.26 0.0 1
1.27 356.56 1
1.28 358.91 1
1.29 361.78 1
1.3 365.62 1
1.31 360.17 1
1.32 360.08 1
1.33 356.34 1
1.34 348.64 1
1.35 338.33 1
1.36 340.57 1
1.37 353.35 1
1.38 358.1 1
1.39 409.19 1
1.4 417.78 1
1.41 392.09 1
1.42 398.73 1
1.43 392.86 1
1.44 393.29 1
1.45 391.14 1
1.46 391.98 1
1.47 390.59 1
1.48 388.53 1
1.49 391.56 1
1.5 391.37 1
1.51 186.55 1
1.52 375.2 1
1.53 363.46 1
1.54 368.64 1
1.55 352.99 1
1.56 343.91 1
1.57 339.4 1
1.58 333.35 1
1.59 328.96 1
1.6 325.45 1
1.61 325.4 1
1.62 325.33 1
1.63 320.7 1
1.64 320.14 1
1.65 318.87 1
1.66 320.71 1
1.67 323.02 1
1.68 325.42 1
1.69 329.12 1
1.7 333.03 1
1.71 336.6 1
1.72 336.76 1
1.73 330.41 1
1.74 276.23 1
1.75 336.71 1
1.76 325.54 1
1.77 334.57 1
1.78 335.32 1
1.79 0.0 1
1.8 0.0 1
1.81 0.0 1
1.82 0.0 1
1.83 295.03 1
1.84 296.72 1
1.85 295.16 1
1.86 293.88 1
1.87 293.06 1
1.88 293.78 1
1.89 293.53 1
1.9 294.12 1
1.91 293.3 1
1.92 294.2 1
1.93 293.94 1
1.94 294.16 1
1.95 294.11 1
1.96 293.04 1
1.97 292.43 1
1.98 292.05 1
1.99 291.09 1
2.0 291.11 1
2.01 291.14 1
2.02 291.16 1
2.03 291.17 1
2.04 293.04 1
2.05 293.1 1
2.06 294.99 1
2.07 293.2 1
2.08 293.21 1
2.09 293.24 1
2.1 293.23 1
2.11 293.25 1
2.12 293.25 1
2.13 293.23 1
2.14 293.2 1
2.15 293.17 1
2.16 293.08 1
2.17 293.05 1
2.18 292.47 1
2.19 290.99 1
2.2 291.15 1
2.21 291.13 1
2.22 291.12 1
2.23 293.03 1
2.24 291.1 1
2.25 291.08 1
2.26 291.31 1
2.27 291.39 1
2.28 294.52 1
2.29 293.43 1
2.3 293.04 1
2.31 293.04 1
2.32 294.11 1
2.33 293.67 1
2.34 294.0 1
2.35 294.16 1
2.36 293.04 1
2.37 294.22 1
2.38 293.61 1
2.39 293.03 1
2.4 293.03 1
2.41 293.07 1
2.42 292.78 1
2.43 293.02 1
2.44 293.04 1
2.45 293.79 1
2.46 293.7 1
2.47 293.43 1
2.48 293.12 1
2.49 293.58 1
2.5 293.03 1
2.51 292.83 1
2.52 292.23 1
2.53 291.28 1
2.54 290.61 1
2.55 289.4 1
2.56 288.32 1
2.57 286.21 1
2.58 281.78 1
2.59 276.26 1
2.6 0.0 1
2.61 0.0 1
2.62 0.0 1
2.63 0.0 1
2.64 0.0 1
2.65 0.0 1
2.66 0.0 1
2.67 0.0 1
2.68 0.0 1
2.69 0.0 1
2.7 0.0 1
2.71 0.0 1
2.72 0.0 1
2.73 0.0 1
2.74 0.0 1
2.75 0.0 1
2.76 0.0 1
2.77 286.32 1
2.78 290.71 1
2.79 289.46 1
2.8 288.52 1
2.81 291.0 1
2.82 291.11 1
2.83 293.03 1
2.84 293.71 1
2.85 294.35 1
2.86 294.52 1
2.87 293.07 1
2.88 293.03 1
2.89 292.95 1
2.9 292.36 1
2.91 292.56 1
2.92 292.46 1
2.93 292.91 1
2.94 291.14 1
2.95 291.18 1
2.96 293.09 1
2.97 291.36 1
2.98 293.15 1
2.99 291.32 1
3.0 293.13 1
3.01 291.26 1
3.02 291.21 1
3.03 290.8 1
3.04 288.31 1
3.05 286.8 1
3.06 285.48 1
3.07 0.0 1
3.08 0.0 1
3.09 0.0 1
3.1 0.0 1
3.11 0.0 1
3.12 0.0 1
3.13 0.0 1
3.14 0.0 1
3.15 0.0 1
3.16 0.0 1
3.17 0.0 1
3.18 0.0 1
3.19 0.0 1
3.2 0.0 1
3.21 0.0 1
3.22 0.0 1
3.23 0.0 1
3.24 0.0 1
3.25 0.0 1
3.26 0.0 1
3.27 142.72 1
3.28 143.73 1
3.29 144.27 1
3.3 143.88 1
3.31 144.38 1
3.32 144.35 1
3.33 144.38 1
3.34 145.31 1
3.35 145.79 1
3.36 145.79 1
3.37 146.76 1
3.38 147.98 1
3.39 148.31 1
3.4 147.74 1
3.41 147.74 1
3.42 145.79 1
3.43 147.25 1
3.44 147.25 1
3.45 146.76 1
3.46 144.35 1
3.47 144.35 1
3.48 145.31 1
3.49 148.73 1
3.5 147.95 1
3.51 148.73 1
3.52 148.53 1
3.53 147.98 1
3.54 148.08 1
3.55 146.76 1
3.56 146.76 1
3.57 146.27 1
3.58 146.77 1
3.59 147.39 1
3.6 148.04 1
3.61 147.65 1
3.62 148.26 1
3.63 146.27 1
3.64 147.25 1
3.65 148.01 1
3.66 152.64 1
3.67 198.19 1
3.68 218.74 1
3.69 212.53 1
3.7 206.56 1
3.71 204.64 1
3.72 202.8 1
3.73 206.59 1
3.74 207.57 1
3.75 205.65 1
3.76 207.56 1
3.77 207.57 1
3.78 209.51 1
3.79 210.74 1
3.8 211.4 1
3.81 212.51 1
3.82 209.54 1
3.83 207.59 1
3.84 202.82 1
3.85 204.68 1
3.86 204.67 1
3.87 203.72 1
3.88 202.79 1
3.89 202.52 1
3.9 202.74 1
3.91 204.67 1
3.92 207.58 1
3.93 216.71 1
3.94 221.56 1
3.95 119.33 1
3.96 124.38 1
3.97 253.85 1
3.98 255.73 1
3.99 269.87 1
4.0 276.45 1
4.01 280.46 1
4.02 286.17 1
4.03 290.23 1
4.04 289.75 1
4.05 295.0 1
4.06 293.03 1
4.07 291.79 1
4.08 292.2 1
4.09 291.11 1
4.1 291.08 1
4.11 293.73 1
4.12 292.28 1
4.13 291.68 1
4.14 289.36 1
4.15 293.78 1
4.16 294.27 1
4.17 296.74 1
4.18 296.35 1
4.19 298.14 1
4.2 298.59 1
4.21 298.55 1
4.22 297.01 1
4.23 297.01 1
4.24 295.1 1
4.25 293.18 1
4.26 293.24 1
4.27 293.19 1
4.28 293.19 1
4.29 293.18 1
4.3 293.12 1
4.31 293.04 1
4.32 292.41 1
4.33 290.95 1
4.34 286.65 1
4.35 281.79 1
4.36 279.78 1
4.37 277.94 1
4.38 265.46 1
4.39 0.0 1
4.4 0.0 1
4.41 0.0 1
4.42 0.0 1
4.43 238.84 1
4.44 241.11 1
4.45 247.66 1
4.46 260.28 1
4.47 275.07 1
4.48 290.87 1
4.49 297.14 1
4.5 296.11 1
4.51 295.91 1
4.52 318.27 1
4.53 280.77 1
4.54 284.56 1
4.55 278.11 1
4.56 273.02 1
4.57 264.84 1
4.58 227.89 1
4.59 225.59 1
4.6 220.22 1
4.61 229.73 1
4.62 242.93 1
4.63 247.04 1
4.64 245.66 1
4.65 244.31 1
4.66 243.92 1
4.67 244.27 1
4.68 243.26 1
4.69 245.53 1
4.7 243.78 1
4.71 245.53 1
4.72 243.66 1
4.73 244.56 1
4.74 244.83 1
4.75 245.29 1
4.76 245.38 1
4.77 245.01 1
4.78 243.24 1
4.79 242.89 1
4.8 243.03 1
4.81 242.28 1
4.82 244.13 1
4.83 242.16 1
4.84 242.56 1
4.85 242.92 1
4.86 242.93 1
4.87 242.88 1
4.88 242.39 1
4.89 242.07 1
4.9 231.55 1
4.91 230.29 1
4.92 240.77 1
4.93 239.87 1
4.94 244.51 1
4.95 225.75 1
4.96 221.53 1
4.97 236.67 1
4.98 240.54 1
4.99 244.69 1
5.0 246.75 1
5.01 249.68 1
5.02 248.89 1
5.03 249.61 1
5.04 247.23 1
5.05 245.86 1
5.06 244.29 1
5.07 242.04 1
5.08 239.78 1
5.09 237.69 1
5.1 235.55 1
5.11 231.52 1
5.12 230.41 1
5.13 227.69 1
5.14 223.31 1
5.15 223.28 1
5.16 219.93 1
5.17 218.24 1
5.18 217.81 1
5.19 219.88 1
5.2 215.76 1
5.21 218.81 1
5.22 217.18 1
5.23 218.56 1
5.24 220.09 1
5.25 222.82 1
5.26 225.61 1
5.27 233.94 1
5.28 235.21 1
5.29 239.86 1
5.3 244.33 1
5.31 244.18 1
5.32 244.22 1
5.33 232.73 1
5.34 242.27 1
5.35 243.02 1
5.36 0.0 1
5.37 0.0 1
5.38 0.0 1
5.39 0.0 1
5.4 0.0 1
5.41 0.0 1
5.42 0.0 1
5.43 0.0 1
5.44 0.0 1
5.45 194.69 1
5.46 193.14 1
5.47 190.25 1
5.48 189.84 1
5.49 191.12 1
5.5 190.06 1
5.51 193.84 1
5.52 191.51 1
5.53 190.82 1
5.54 191.03 1
5.55 191.11 1
5.56 191.97 1
5.57 191.93 1
5.58 194.0 1
5.59 195.0 1
5.6 195.59 1
5.61 196.19 1
5.62 196.75 1
5.63 198.49 1
5.64 197.98 1
5.65 197.76 1
5.66 198.12 1
5.67 197.37 1
5.68 196.93 1
5.69 196.56 1
5.7 196.78 1
5.71 197.31 1
5.72 197.7 1
5.73 197.31 1
5.74 197.37 1
5.75 196.94 1
5.76 195.35 1
5.77 195.68 1
5.78 192.89 1
5.79 191.03 1
5.8 189.68 1
5.81 188.07 1
5.82 193.93 1
5.83 200.9 1
5.84 184.14 1
5.85 185.65 1
5.86 195.56 1
5.87 201.82 1
5.88 211.51 1
5.89 241.1 1
5.9 251.17 1
5.91 257.08 1
5.92 252.23 1
5.93 252.75 1
5.94 254.72 1
5.95 254.19 1
5.96 254.39 1
5.97 252.5 1
5.98 249.9 1
5.99 247.04 1
6.0 243.25 1
6.01 241.63 1
6.02 237.69 1
6.03 233.95 1
6.04 231.24 1
6.05 227.84 1
6.06 222.06 1
6.07 218.69 1
6.08 217.76 1
6.09 215.79 1
6.1 216.31 1
6.11 215.61 1
6.12 213.99 1
6.13 215.09 1
6.14 216.66 1
6.15 215.03 1
6.16 214.95 1
6.17 214.84 1
6.18 213.58 1
6.19 214.13 1
6.2 214.08 1
6.21 214.85 1
6.22 216.83 1
6.23 216.15 1
6.24 227.92 1
6.25 214.41 1
6.26 216.1 1
6.27 211.51 1
6.28 209.53 1
6.29 0.0 1
6.3 0.0 1
6.31 0.0 1
6.32 263.78 1
6.33 255.72 1
6.34 251.93 1
6.35 244.28 1
6.36 240.65 1
6.37 236.65 1
6.38 240.59 1
6.39 244.26 1
6.4 247.75 1
6.41 251.99 1
6.42 257.16 1
6.43 260.18 1
6.44 255.87 1
6.45 258.32 1
6.46 255.87 1
6.47 249.63 1
6.48 247.04 1
6.49 242.15 1
6.5 239.93 1
6.51 226.52 1
6.52 244.22 1
6.53 247.02 1
6.54 252.94 1
6.55 254.19 1
6.56 257.28 1
6.57 266.23 1
6.58 261.8 1
6.59 266.44 1
6.6 259.57 1
6.61 250.78 1
6.62 263.32 1
6.63 0.0 1
6.64 0.0 1
6.65 0.0 1
6.66 0.0 1
6.67 0.0 1
6.68 0.0 1
6.69 0.0 1
6.7 0.0 1
6.71 0.0 1
6.72 0.0 1
6.73 0.0 1
6.74 0.0 1
6.75 241.64 1
6.76 231.18 1
6.77 229.51 1
6.78 230.31 1
6.79 231.85 1
6.8 235.15 1
6.81 230.34 1
6.82 228.93 1
6.83 225.6 1
6.84 224.19 1
6.85 221.87 1
6.86 217.41 1
6.87 211.5 1
6.88 203.84 1
6.89 197.27 1
6.9 188.18 1
6.91 192.87 1
6.92 190.97 1
6.93 190.16 1
6.94 181.94 1
6.95 185.35 1
6.96 200.07 1
6.97 186.59 1
6.98 193.6 1
6.99 190.53 1
7.0 191.73 1
7.01 195.43 1
7.02 192.44 1
7.03 192.99 1
7.04 193.37 1
7.05 194.47 1
7.06 194.32 1
7.07 194.72 1
7.08 194.77 1
7.09 194.02 1
7.1 196.42 1
7.11 0.0 1
7.12 0.0 1
7.13 0.0 1
7.14 0.0 1
7.15 0.0 1
7.16 0.0 1
7.17 194.69 1
7.18 192.16 1
7.19 192.15 1
7.2 191.01 1
7.21 194.67 1
7.22 203.17 1
7.23 196.39 1
7.24 194.7 1
7.25 196.91 1
7.26 196.87 1
7.27 198.15 1
7.28 196.49 1
7.29 198.16 1
7.3 196.45 1
7.31 197.24 1
7.32 194.9 1
7.33 195.53 1
7.34 188.67 1
7.35 184.51 1
7.36 189.75 1
7.37 180.35 1
7.38 178.4 1
7.39 178.89 1
7.4 179.41 1
7.41 182.26 1
7.42 195.58 1
7.43 195.91 1
7.44 203.69 1
7.45 217.02 1
7.46 214.35 1
7.47 196.3 1
7.48 196.71 1
7.49 0.0 1
7.5 0.0 1
7.51 0.0 1
7.52 0.0 1
7.53 0.0 1
7.54 0.0 1
7.55 220.26 1
7.56 205.4 1
7.57 201.24 1
7.58 183.39 1
7.59 179.33 1
7.6 176.69 1
7.61 172.25 1
7.62 169.95 1
7.63 171.94 1
7.64 174.65 1
7.65 178.9 1
7.66 182.24 1
7.67 188.06 1
7.68 190.5 1
7.69 195.19 1
7.7 196.82 1
7.71 196.91 1
7.72 194.22 1
7.73 191.32 1
7.74 187.94 1
7.75 183.7 1
7.76 182.53 1
7.77 177.44 1
7.78 173.87 1
7.79 168.59 1
7.8 164.83 1
7.81 159.5 1
7.82 158.37 1
7.83 154.56 1
7.84 154.61 1
7.85 151.01 1
7.86 148.25 1
7.87 149.46 1
7.88 147.26 1
7.89 150.19 1
7.9 146.28 1
7.91 145.79 1
7.92 144.65 1
7.93 148.54 1
7.94 146.27 1
7.95 146.27 1
7.96 145.81 1
7.97 144.37 1
7.98 143.63 1
7.99 146.27 1
8.0 146.76 1
8.01 148.73 1
8.02 143.37 1
8.03 144.08 1
8.04 144.83 1
8.05 144.1 1
8.06 145.26 1
8.07 144.62 1
8.08 145.07 1
8.09 144.86 1
8.1 145.34 1
8.11 147.75 1
8.12 147.28 1
8.13 148.25 1
8.14 151.23 1
8.15 153.99 1
8.16 156.13 1
8.17 159.32 1
8.18 182.63 1
8.19 183.37 1
8.2 191.32 1
8.21 197.34 1
8.22 199.63 1
8.23 200.33 1
8.24 200.8 1
8.25 196.41 1
8.26 197.29 1
8.27 194.38 1
8.28 197.22 1
8.29 190.53 1
8.3 172.41 1
8.31 168.31 1
8.32 163.81 1
8.33 163.62 1
8.34 155.56 1
8.35 159.49 1
8.36 152.84 1
8.37 0.0 1
8.38 0.0 1
8.39 0.0 1
8.4 0.0 1
8.41 0.0 1
8.42 0.0 1
8.43 182.99 1
8.44 171.28 1
8.45 184.13 1
8.46 186.47 1
8.47 183.75 1
8.48 185.69 1
8.49 164.86 1
8.5 177.72 1
8.51 173.99 1
8.52 0.0 1
8.53 0.0 1
8.54 0.0 1
8.55 0.0 1
8.56 0.0 1
8.57 159.82 1
8.58 161.47 1
8.59 167.99 1
8.6 167.68 1
8.61 170.11 1
8.62 171.28 1
8.63 182.69 1
8.64 180.35 1
8.65 194.08 1
8.66 98.99 1
8.67 99.07 1
8.68 99.65 1
8.69 98.55 1
8.7 97.68 1
8.71 96.81 1
8.72 190.95 1
8.73 185.7 1
8.74 184.15 1
8.75 183.33 1
8.76 181.86 1
8.77 184.15 1
8.78 97.03 1
8.79 98.43 1
8.8 104.63 1
8.81 101.5 1
8.82 103.65 1
8.83 107.96 1
8.84 100.8 1
8.85 0.0 1
8.86 0.0 1
8.87 0.0 1
8.88 0.0 1
8.89 0.0 1
8.9 0.0 1
8.91 0.0 1
8.92 0.0 1
8.93 0.0 1
8.94 0.0 1
8.95 0.0 1
8.96 0.0 1
8.97 98.99 1
8.98 99.88 1
8.99 99.21 1
9.0 98.87 1
9.01 99.89 1
9.02 99.38 1
9.03 99.68 1
9.04 99.43 1
9.05 99.48 1
9.06 100.07 1
9.07 100.45 1
9.08 100.5 1
9.09 100.8 1
9.1 101.26 1
9.11 100.9 1
9.12 100.8 1
9.13 100.26 1
9.14 100.17 1
9.15 99.85 1
9.16 99.36 1
9.17 98.69 1
9.18 98.9 1
9.19 98.43 1
9.2 98.98 1
9.21 98.51 1
9.22 98.35 1
9.23 98.77 1
9.24 99.06 1
9.25 99.21 1
9.26 99.41 1
9.27 99.88 1
9.28 99.5 1
9.29 99.45 1
9.3 99.21 1
9.31 99.5 1
9.32 99.31 1
9.33 99.32 1
9.34 98.99 1
9.35 99.27 1
9.36 99.07 1
9.37 98.91 1
9.38 97.25 1
9.39 98.99 1
9.4 110.38 1
9.41 98.99 1
9.42 99.21 1
9.43 98.33 1
9.44 98.3 1
9.45 98.38 1
9.46 98.54 1
9.47 98.6 1
9.48 98.2 1
9.49 98.01 1
9.5 98.11 1
9.51 98.33 1
9.52 98.15 1
9.53 98.11 1
9.54 97.26 1
9.55 98.33 1
9.56 97.63 1
9.57 98.32 1
9.58 98.8 1
9.59 98.33 1
9.6 97.68 1
9.61 98.98 1
9.62 97.03 1
9.63 98.33 1
9.64 98.7 1
9.65 99.66 1
9.66 97.71 1
9.67 98.99 1
9.68 97.03 1
9.69 98.99 1
9.7 99.21 1
9.71 96.19 1
9.72 98.54 1
9.73 97.89 1
9.74 98.11 1
9.75 97.89 1
9.76 97.84 1
9.77 0.0 1
9.78 0.0 1
9.79 211.5 1
9.8 202.22 1
9.81 209.5 1
9.82 196.4 1
9.83 194.69 1
9.84 195.55 1
9.85 193.29 1
9.86 194.69 1
9.87 194.7 1
9.88 193.81 1
9.89 195.57 1
9.9 197.38 1
9.91 197.78 1
9.92 198.58 1
9.93 200.49 1
9.94 201.85 1
9.95 201.5 1
9.96 202.78 1
9.97 201.57 1
9.98 199.35 1
9.99 196.67 1
10.0 195.49 1
10.01 188.07 1
10.02 184.19 1
10.03 183.76 1
10.04 183.64 1
10.05 184.23 1
10.06 189.62 1
10.07 190.52 1
10.08 200.73 1
10.09 211.49 1
10.1 230.38 1
10.11 268.05 1
10.12 276.98 1
10.13 281.48 1
10.14 281.84 1
10.15 284.82 1
10.16 282.23 1
10.17 282.69 1
10.18 278.23 1
10.19 285.43 1
10.2 286.41 1
10.21 283.59 1
10.22 280.02 1
10.23 282.77 1
10.24 287.29 1
10.25 284.78 1
10.26 283.42 1
10.27 285.88 1
10.28 286.94 1
10.29 289.04 1
10.3 290.78 1
10.31 291.13 1
10.32 293.07 1
10.33 295.04 1
10.34 295.71 1
10.35 293.03 1
10.36 293.8 1
10.37 293.61 1
10.38 293.04 1
10.39 292.61 1
10.4 291.49 1
10.41 291.08 1
10.42 289.64 1
10.43 287.93 1
10.44 286.6 1
10.45 282.3 1
10.46 280.0 1
10.47 271.15 1
10.48 0.0 1
10.49 0.0 1
10.5 0.0 1
10.51 0.0 1
10.52 0.0 1
10.53 0.0 1
10.54 0.0 1
10.55 0.0 1
10.56 0.0 1
10.57 0.0 1
10.58 0.0 1
10.59 0.0 1
10.6 0.0 1
10.61 0.0 1
10.62 0.0 1
10.63 0.0 1
10.64 0.0 1
10.65 0.0 1
10.66 0.0 1
10.67 0.0 1
10.68 0.0 1
10.69 0.0 1
10.7 0.0 1
10.71 0.0 1
10.72 0.0 1
10.73 0.0 1
10.74 117.86 1
10.75 119.67 1
10.76 120.98 1
10.77 119.36 1
10.78 120.97 1
10.79 120.03 1
10.8 121.23 1
10.81 120.71 1
10.82 123.26 1
10.83 120.71 1
10.84 121.32 1
10.85 119.1 1
10.86 118.09 1
10.87 120.04 1
10.88 118.15 1
10.89 118.75 1
10.9 119.67 1
10.91 238.92 1
10.92 239.01 1
10.93 240.24 1
10.94 238.56 1
10.95 238.85 1
10.96 240.28 1
10.97 239.21 1
10.98 240.31 1
10.99 240.53 1
11.0 239.86 1
11.01 241.37 1
11.02 241.56 1
11.03 242.96 1
11.04 242.13 1
11.05 242.17 1
11.06 244.2 1
11.07 244.45 1
11.08 246.28 1
11.09 249.86 1
11.1 248.82 1
11.11 254.08 1
11.12 245.47 1
11.13 247.93 1
11.14 248.36 1
11.15 278.47 1
11.16 273.05 1
11.17 258.72 1
11.18 252.86 1
11.19 248.26 1
11.2 243.0 1
11.21 237.84 1
11.22 237.68 1
11.23 232.79 1
11.24 239.04 1
11.25 241.09 1
11.26 246.27 1
11.27 250.35 1
11.28 254.29 1
11.29 254.27 1
11.3 262.15 1
11.31 263.28 1
11.32 263.84 1
11.33 261.01 1
11.34 257.31 1
11.35 251.27 1
11.36 245.99 1
11.37 242.61 1
11.38 235.21 1
11.39 231.39 1
11.4 227.69 1
11.41 223.98 1
11.42 222.48 1
11.43 220.9 1
11.44 220.52 1
11.45 218.89 1
11.46 219.1 1
11.47 220.95 1
11.48 221.43 1
11.49 222.43 1
11.5 220.68 1
11.51 222.91 1
11.52 224.4 1
11.53 209.47 1
11.54 221.49 1
11.55 209.92 1
11.56 222.2 1
11.57 216.75 1
11.58 187.23 1
11.59 220.81 1
11.6 232.67 1
11.61 242.97 1
11.62 245.64 1
11.63 246.82 1
11.64 245.13 1
11.65 244.32 1
11.66 244.47 1
11.67 243.54 1
11.68 242.94 1
11.69 240.29 1
11.7 241.07 1
11.71 240.64 1
11.72 242.83 1
11.73 240.38 1
11.74 241.53 1
11.75 241.25 1
11.76 242.87 1
11.77 245.53 1
11.78 242.46 1
11.79 242.93 1
11.8 242.06 1
11.81 241.85 1
11.82 239.89 1
11.83 240.35 1
11.84 240.59 1
11.85 240.31 1
11.86 240.27 1
11.87 241.57 1
11.88 239.66 1
11.89 241.23 1
11.9 241.5 1
11.91 241.44 1
11.92 241.43 1
11.93 240.54 1
11.94 240.11 1
11.95 240.2 1
11.96 240.47 1
11.97 232.73 1
11.98 232.72 1
11.99 240.59 1
12.0 238.76 1
12.01 238.45 1
12.02 233.99 1
12.03 237.9 1
12.04 254.19 1
12.05 236.7 1
12.06 236.49 1
12.07 240.28 1
12.08 241.6 1
12.09 238.51 1
12.1 230.31 1
12.11 236.52 1
12.12 239.63 1
12.13 240.32 1
12.14 240.31 1
12.15 241.61 1
12.16 241.61 1
12.17 239.75 1
12.18 239.97 1
12.19 240.34 1
12.2 241.59 1
12.21 241.86 1
12.22 241.77 1
12.23 241.6 1
12.24 240.3 1
12.25 237.84 1
12.26 237.39 1
12.27 234.03 1
12.28 236.47 1
12.29 239.04 1
12.3 240.31 1
12.31 239.08 1
12.32 240.44 1
12.33 239.57 1
12.34 240.28 1
12.35 239.22 1
12.36 244.22 1
12.37 247.27 1
12.38 255.7 1
12.39 257.21 1
12.4 260.03 1
12.41 260.21 1
12.42 257.22 1
12.43 0.0 1
12.44 0.0 1
12.45 0.0 1
12.46 0.0 1
12.47 0.0 1
12.48 0.0 1
12.49 313.23 1
12.5 303.46 1
12.51 292.59 1
12.52 280.82 1
12.53 271.28 1
12.54 258.56 1
12.55 252.07 1
12.56 242.88 1
12.57 241.54 1
12.58 230.1 1
12.59 225.67 1
12.6 228.53 1
12.61 230.58 1
12.62 242.8 1
12.63 243.11 1
12.64 251.48 1
12.65 254.26 1
12.66 260.28 1
12.67 266.52 1
12.68 280.02 1
12.69 284.49 1
12.7 285.5 1
12.71 285.47 1
12.72 286.49 1
12.73 289.09 1
12.74 289.65 1
12.75 291.85 1
12.76 291.17 1
12.77 293.04 1
12.78 291.15 1
12.79 291.2 1
12.8 292.11 1
12.81 290.85 1
12.82 290.39 1
12.83 290.47 1
12.84 290.23 1
12.85 290.3 1
12.86 290.25 1
12.87 290.5 1
12.88 291.1 1
12.89 291.18 1
12.9 291.19 1
12.91 291.2 1
12.92 292.64 1
12.93 291.66 1
12.94 291.12 1
12.95 291.11 1
12.96 291.67 1
12.97 291.15 1
12.98 291.15 1
12.99 291.19 1
13.0 293.03 1
13.01 293.07 1
13.02 293.04 1
13.03 293.14 1
13.04 293.18 1
13.05 292.76 1
13.06 293.25 1
13.07 292.15 1
13.08 292.37 1
13.09 291.21 1
13.1 292.73 1
13.11 291.23 1
13.12 291.23 1
13.13 291.33 1
13.14 291.32 1
13.15 291.34 1
13.16 291.34 1
13.17 291.34 1
13.18 291.31 1
13.19 291.34 1
13.2 293.15 1
13.21 293.17 1
13.22 291.38 1
13.23 293.15 1
13.24 293.09 1
13.25 290.65 1
13.26 288.6 1
13.27 286.23 1
13.28 285.03 1
13.29 287.33 1
13.3 293.07 1
13.31 287.55 1
13.32 289.2 1
13.33 285.5 1
13.34 289.21 1
13.35 287.07 1
13.36 288.83 1
13.37 288.9 1
13.38 290.46 1
13.39 292.07 1
13.4 292.02 1
13.41 291.82 1
13.42 292.05 1
13.43 291.13 1
13.44 290.87 1
13.45 291.13 1
13.46 290.9 1
13.47 290.79 1
13.48 291.19 1
13.49 291.33 1
13.5 291.15 1
13.51 297.92 1
13.52 0.0 1
13.53 0.0 1
13.54 0.0 1
13.55 0.0 1
13.56 382.7 1
13.57 386.66 1
13.58 385.03 1
13.59 381.99 1
13.6 381.28 1
13.61 387.8 1
13.62 372.81 1
13.63 368.94 1
13.64 364.21 1
13.65 343.57 1
13.66 351.68 1
13.67 343.42 1
13.68 343.31 1
13.69 339.83 1
13.7 336.63 1
13.71 333.11 1
13.72 329.3 1
13.73 324.33 1
13.74 322.97 1
13.75 319.61 1
13.76 320.14 1
13.77 322.83 1
13.78 318.54 1
13.79 321.55 1
13.8 323.01 1
13.81 328.51 1
13.82 320.83 1
13.83 330.24 1
13.84 320.33 1
13.85 343.12 1
13.86 370.85 1
13.87 189.39 1
13.88 187.32 1
13.89 202.33 1
13.9 192.91 1
13.91 192.9 1
13.92 197.29 1
13.93 193.81 1
13.94 203.75 1
13.95 194.84 1
13.96 199.0 1
13.97 195.63 1
13.98 196.45 1
13.99 195.85 1
14.0 197.23 1
14.01 194.43 1
14.02 195.48 1
14.03 188.96 1
14.04 198.66 1
14.05 195.58 1
14.06 368.85 1
14.07 360.39 1
14.08 360.55 1
14.09 368.57 1
14.1 371.92 1
14.11 190.14 1
14.12 203.81 1
14.13 193.88 1
14.14 202.77 1
14.15 200.09 1
14.16 196.74 1
14.17 189.22 1
14.18 194.71 1
14.19 192.98 1
14.2 0.0 1
14.21 0.0 1
14.22 188.93 1
14.23 196.41 1
14.24 196.29 1
