0.01 340.47 1
0.02 341.15 1
0.03 337.0 1
0.04 334.93 1
0.05 336.63 1
0.06 343.22 1
0.07 343.52 1
0.08 357.18 1
0.09 378.54 1
0.1 402.78 1
0.11 418.34 1
0.12 456.96 1
0.13 486.92 1
0.14 506.95 1
0.15 520.32 1
0.16 522.1 1
0.17 539.13 1
0.18 528.42 1
0.19 520.76 1
0.2 524.97 1
0.21 514.38 1
0.22 515.97 1
0.23 501.25 1
0.24 493.41 1
0.25 488.8 1
0.26 487.1 1
0.27 476.65 1
0.28 473.93 1
0.29 476.62 1
0.3 486.98 1
0.31 481.91 1
0.32 487.64 1
0.33 503.42 1
0.34 513.19 1
0.35 511.78 1
0.36 507.99 1
0.37 510.79 1
0.38 510.08 1
0.39 498.2 1
0.4 481.48 1
0.41 476.55 1
0.42 434.38 1
0.43 218.85 1
0.44 207.53 1
0.45 215.1 1
0.46 216.63 1
0.47 217.59 1
0.48 218.27 1
0.49 217.2 1
0.5 216.69 1
0.51 214.48 1
0.52 215.04 1
0.53 214.31 1
0.54 213.12 1
0.55 213.22 1
0.56 213.06 1
0.57 210.52 1
0.58 209.51 1
0.59 204.65 1
0.6 198.1 1
0.61 180.38 1
0.62 192.23 1
0.63 185.29 1
0.64 191.3 1
0.65 194.66 1
0.66 191.42 1
0.67 195.18 1
0.68 195.55 1
0.69 196.4 1
0.7 195.41 1
0.71 196.44 1
0.72 197.33 1
0.73 197.33 1
0.74 197.3 1
0.75 197.55 1
0.76 197.84 1
0.77 198.45 1
0.78 199.4 1
0.79 198.75 1
0.8 198.62 1
0.81 197.83 1
0.82 195.07 1
0.83 388.44 1
0.84 385.09 1
0.85 388.47 1
0.86 363.8 1
0.87 358.81 1
0.88 358.57 1
0.89 357.18 1
0.9 361.12 1
0.91 377.95 1
0.92 378.38 1
0.93 388.31 1
0.94 394.04 1
0.95 394.42 1
0.96 396.57 1
0.97 394.02 1
0.98 391.84 1
0.99 388.88 1
1.0 384.8 1
1.01 380.82 1
1.02 377.35 1
1.03 357.51 1
1.04 375.29 1
1.05 377.11 1
1.06 382.55 1
1.07 391.14 1
1.08 396.7 1
1.09 418.77 1
1.1 418.04 1
1.11 422.13 1
1.12 422.09 1
1.13 426.17 1
1.14 430.35 1
1.15 434.54 1
1.16 438.81 1
1.17 434.6 1
1.18 441.88 1
1.19 442.75 1
1.2 442.58 1
1.21 438.92 1
1.22 436.08 1
1.23 418.04 1
1.24 418.08 1
1.25 410.32 1
1.26 365.85 1
1.27 340.65 1
1.28 372.14 1
1.29 360.64 1
1.3 399.76 1
1.31 0.0 1
1.32 365.75 1
1.33 381.35 1
1.34 382.76 1
1.35 382.43 1
1.36 386.53 1
1.37 385.27 1
1.38 402.63 1
1.39 387.93 1
1.4 390.86 1
1.41 387.95 1
1.42 390.1 1
1.43 389.09 1
1.44 389.46 1
1.45 392.44 1
1.46 392.97 1
1.47 390.71 1
1.48 392.46 1
1.49 391.78 1
1.5 390.93 1
1.51 388.17 1
1.52 382.96 1
1.53 373.84 1
1.54 354.32 1
1.55 357.31 1
1.56 345.95 1
1.57 351.4 1
1.58 353.74 1
1.59 356.43 1
1.6 360.02 1
1.61 371.05 1
1.62 381.83 1
1.63 388.94 1
1.64 390.11 1
1.65 399.38 1
1.66 401.85 1
1.67 401.3 1
1.68 396.17 1
1.69 401.39 1
1.7 393.0 1
1.71 383.94 1
1.72 371.24 1
1.73 375.33 1
1.74 348.42 1
1.75 332.96 1
1.76 333.48 1
1.77 318.86 1
1.78 318.17 1
1.79 317.77 1
1.8 320.95 1
1.81 325.39 1
1.82 331.33 1
1.83 339.44 1
1.84 340.56 1
1.85 345.98 1
1.86 351.67 1
1.87 348.54 1
1.88 340.66 1
1.89 340.81 1
1.9 322.13 1
1.91 320.06 1
1.92 311.66 1
1.93 296.97 1
1.94 293.14 1
1.95 292.33 1
1.96 290.45 1
1.97 289.71 1
1.98 288.9 1
1.99 288.22 1
2.0 288.27 1
2.01 288.77 1
2.02 289.46 1
2.03 290.44 1
2.04 289.63 1
2.05 288.72 1
2.06 288.9 1
2.07 287.75 1
2.08 287.8 1
2.09 289.71 1
2.1 290.18 1
2.11 291.77 1
2.12 248.43 1
2.13 274.78 1
2.14 286.34 1
2.15 290.63 1
2.16 296.97 1
2.17 282.78 1
2.18 284.03 1
2.19 280.23 1
2.2 280.0 1
2.21 277.5 1
2.22 281.77 1
2.23 289.26 1
2.24 293.11 1
2.25 322.97 1
2.26 333.91 1
2.27 357.02 1
2.28 374.55 1
2.29 391.83 1
2.3 395.04 1
2.31 393.66 1
2.32 473.28 1
2.33 384.87 1
2.34 372.62 1
2.35 357.79 1
2.36 338.93 1
2.37 331.56 1
2.38 331.07 1
2.39 329.44 1
2.4 331.28 1
2.41 336.2 1
2.42 340.56 1
2.43 351.49 1
2.44 360.09 1
2.45 381.48 1
2.46 385.68 1
2.47 366.17 1
2.48 385.14 1
2.49 385.66 1
2.5 391.77 1
2.51 384.65 1
2.52 369.79 1
2.53 363.96 1
2.54 354.5 1
2.55 353.86 1
2.56 357.1 1
2.57 362.91 1
2.58 354.29 1
2.59 361.03 1
2.6 363.01 1
2.61 372.01 1
2.62 375.28 1
2.63 384.88 1
2.64 381.52 1
2.65 383.7 1
2.66 391.94 1
2.67 389.64 1
2.68 393.43 1
2.69 393.97 1
2.7 394.62 1
2.71 392.39 1
2.72 394.8 1
2.73 391.98 1
2.74 391.94 1
2.75 388.4 1
2.76 391.8 1
2.77 388.11 1
2.78 377.77 1
2.79 381.12 1
2.8 387.54 1
2.81 389.45 1
2.82 401.75 1
2.83 414.09 1
2.84 429.29 1
2.85 422.15 1
2.86 441.7 1
2.87 430.3 1
2.88 442.52 1
2.89 434.54 1
2.9 440.77 1
2.91 418.1 1
2.92 423.99 1
2.93 411.38 1
2.94 397.07 1
2.95 189.7 1
2.96 178.93 1
2.97 184.74 1
2.98 191.6 1
2.99 184.91 1
3.0 183.77 1
3.01 198.88 1
3.02 184.21 1
3.03 189.1 1
3.04 189.0 1
3.05 188.89 1
3.06 189.69 1
3.07 192.99 1
3.08 193.21 1
3.09 193.79 1
3.1 189.72 1
3.11 192.13 1
3.12 192.77 1
3.13 0.0 1
3.14 0.0 1
3.15 0.0 1
3.16 192.22 1
3.17 195.55 1
3.18 192.67 1
3.19 196.42 1
3.2 191.33 1
3.21 197.29 1
3.22 148.24 1
3.23 145.42 1
3.24 147.32 1
3.25 146.19 1
3.26 144.83 1
3.27 144.35 1
3.28 147.5 1
3.29 145.53 1
3.3 146.76 1
3.31 146.76 1
3.32 147.74 1
3.33 146.27 1
3.34 147.56 1
3.35 145.79 1
3.36 147.13 1
3.37 146.7 1
3.38 147.82 1
3.39 148.82 1
3.4 148.17 1
3.41 149.01 1
3.42 149.17 1
3.43 149.26 1
3.44 125.25 1
3.45 247.03 1
3.46 247.78 1
3.47 251.01 1
3.48 252.01 1
3.49 252.1 1
3.5 254.23 1
3.51 272.94 1
3.52 286.16 1
3.53 302.38 1
3.54 327.74 1
3.55 340.57 1
3.56 340.63 1
3.57 354.36 1
3.58 348.62 1
3.59 354.74 1
3.6 365.6 1
3.61 368.86 1
3.62 331.35 1
3.63 350.5 1
3.64 345.05 1
3.65 337.8 1
3.66 325.06 1
3.67 323.03 1
3.68 317.17 1
3.69 321.9 1
3.7 319.15 1
3.71 321.51 1
3.72 321.77 1
3.73 323.13 1
3.74 333.66 1
3.75 339.54 1
3.76 340.59 1
3.77 340.57 1
3.78 338.06 1
3.79 330.87 1
3.8 316.79 1
3.81 311.54 1
3.82 288.4 1
3.83 289.12 1
3.84 289.08 1
3.85 286.57 1
3.86 287.53 1
3.87 285.95 1
3.88 288.81 1
3.89 287.4 1
3.9 290.09 1
3.91 288.79 1
3.92 288.06 1
3.93 288.72 1
3.94 287.89 1
3.95 287.41 1
3.96 286.11 1
3.97 286.49 1
3.98 287.91 1
3.99 288.86 1
4.0 287.32 1
4.01 287.55 1
4.02 287.78 1
4.03 287.4 1
4.04 0.0 1
4.05 0.0 1
4.06 0.0 1
4.07 0.0 1
4.08 0.0 1
4.09 281.36 1
4.1 277.52 1
4.11 282.54 1
4.12 287.96 1
4.13 288.0 1
4.14 287.71 1
4.15 288.1 1
4.16 289.35 1
4.17 290.1 1
4.18 287.93 1
4.19 288.89 1
4.2 287.2 1
4.21 285.07 1
4.22 283.57 1
4.23 283.73 1
4.24 279.48 1
4.25 276.43 1
4.26 273.29 1
4.27 270.33 1
4.28 262.31 1
4.29 258.48 1
4.3 248.96 1
4.31 237.99 1
4.32 235.04 1
4.33 234.08 1
4.34 238.86 1
4.35 242.87 1
4.36 264.41 1
4.37 259.24 1
4.38 281.81 1
4.39 296.12 1
4.4 293.03 1
4.41 295.03 1
4.42 303.1 1
4.43 301.03 1
4.44 297.63 1
4.45 292.17 1
4.46 290.01 1
4.47 284.66 1
4.48 280.69 1
4.49 269.27 1
4.5 259.94 1
4.51 254.37 1
4.52 241.9 1
4.53 229.96 1
4.54 227.99 1
4.55 240.49 1
4.56 240.25 1
4.57 251.94 1
4.58 261.42 1
4.59 263.28 1
4.6 284.55 1
4.61 288.93 1
4.62 296.99 1
4.63 281.7 1
4.64 282.57 1
4.65 292.65 1
4.66 280.15 1
4.67 276.62 1
4.68 257.78 1
4.69 248.62 1
4.7 241.22 1
4.71 235.83 1
4.72 232.98 1
4.73 237.97 1
4.74 235.47 1
4.75 238.84 1
4.76 238.93 1
4.77 240.9 1
4.78 239.88 1
4.79 242.62 1
4.8 242.38 1
4.81 239.9 1
4.82 240.58 1
4.83 239.67 1
4.84 238.99 1
4.85 236.08 1
4.86 234.26 1
4.87 231.49 1
4.88 221.62 1
4.89 216.44 1
4.9 214.63 1
4.91 208.47 1
4.92 207.0 1
4.93 209.75 1
4.94 209.11 1
4.95 209.5 1
4.96 214.94 1
4.97 216.95 1
4.98 230.29 1
4.99 231.61 1
5.0 235.36 1
5.01 230.88 1
5.02 231.79 1
5.03 222.33 1
5.04 210.76 1
5.05 225.58 1
5.06 220.71 1
5.07 214.36 1
5.08 218.86 1
5.09 204.3 1
5.1 200.91 1
5.11 210.99 1
5.12 198.18 1
5.13 197.15 1
5.14 192.96 1
5.15 193.2 1
5.16 193.65 1
5.17 193.92 1
5.18 193.14 1
5.19 195.27 1
5.2 194.69 1
5.21 195.56 1
5.22 195.47 1
5.23 196.23 1
5.24 196.33 1
5.25 197.19 1
5.26 197.2 1
5.27 196.67 1
5.28 197.19 1
5.29 198.19 1
5.3 198.47 1
5.31 198.05 1
5.32 198.06 1
5.33 197.63 1
5.34 197.07 1
5.35 196.32 1
5.36 195.57 1
5.37 195.09 1
5.38 194.14 1
5.39 193.02 1
5.4 190.08 1
5.41 191.34 1
5.42 193.54 1
5.43 195.36 1
5.44 200.35 1
5.45 218.86 1
5.46 250.71 1
5.47 261.73 1
5.48 270.45 1
5.49 278.23 1
5.5 276.47 1
5.51 271.38 1
5.52 267.19 1
5.53 258.65 1
5.54 247.82 1
5.55 235.65 1
5.56 224.44 1
5.57 219.94 1
5.58 214.6 1
5.59 204.67 1
5.6 196.43 1
5.61 199.74 1
5.62 196.99 1
5.63 199.01 1
5.64 202.59 1
5.65 203.72 1
5.66 214.6 1
5.67 222.6 1
5.68 233.96 1
5.69 242.21 1
5.7 237.4 1
5.71 246.7 1
5.72 247.67 1
5.73 249.38 1
5.74 249.69 1
5.75 250.77 1
5.76 250.64 1
5.77 251.15 1
5.78 249.07 1
5.79 245.5 1
5.8 245.65 1
5.81 244.3 1
5.82 245.62 1
5.83 245.63 1
5.84 244.33 1
5.85 248.39 1
5.86 250.95 1
5.87 255.68 1
5.88 269.73 1
5.89 276.64 1
5.9 281.76 1
5.91 293.02 1
5.92 294.99 1
5.93 294.51 1
5.94 293.05 1
5.95 299.31 1
5.96 294.99 1
5.97 290.14 1
5.98 289.03 1
5.99 281.78 1
6.0 273.46 1
6.01 254.22 1
6.02 250.25 1
6.03 242.95 1
6.04 257.1 1
6.05 261.68 1
6.06 244.32 1
6.07 249.33 1
6.08 254.23 1
6.09 258.68 1
6.1 269.17 1
6.11 274.76 1
6.12 279.51 1
6.13 283.51 1
6.14 284.71 1
6.15 286.19 1
6.16 288.09 1
6.17 286.88 1
6.18 289.86 1
6.19 289.58 1
6.2 288.5 1
6.21 288.21 1
6.22 288.61 1
6.23 288.44 1
6.24 287.77 1
6.25 288.04 1
6.26 288.12 1
6.27 288.93 1
6.28 288.5 1
6.29 288.86 1
6.3 289.31 1
6.31 289.58 1
6.32 290.02 1
6.33 291.06 1
6.34 292.47 1
6.35 292.43 1
6.36 291.74 1
6.37 290.6 1
6.38 288.71 1
6.39 282.71 1
6.4 278.59 1
6.41 273.04 1
6.42 274.72 1
6.43 274.72 1
6.44 276.48 1
6.45 287.99 1
6.46 291.2 1
6.47 156.68 1
6.48 166.56 1
6.49 176.75 1
6.5 183.4 1
6.51 192.08 1
6.52 194.65 1
6.53 194.7 1
6.54 193.79 1
6.55 191.27 1
6.56 186.45 1
6.57 177.42 1
6.58 169.72 1
6.59 165.94 1
6.6 164.86 1
6.61 166.61 1
6.62 167.36 1
6.63 168.9 1
6.64 169.95 1
6.65 180.7 1
6.66 183.41 1
6.67 200.23 1
6.68 189.69 1
6.69 192.69 1
6.7 194.69 1
6.71 196.42 1
6.72 196.37 1
6.73 195.75 1
6.74 193.88 1
6.75 194.93 1
6.76 190.53 1
6.77 195.56 1
