0.01 207.75 1
0.02 203.04 1
0.03 198.04 1
0.04 198.29 1
0.05 199.31 1
0.06 199.03 1
0.07 199.0 1
0.08 198.6 1
0.09 198.7 1
0.1 199.82 1
0.11 198.25 1
0.12 201.6 1
0.13 197.08 1
0.14 198.14 1
0.15 196.86 1
0.16 197.25 1
0.17 195.79 1
0.18 390.47 1
0.19 389.46 1
0.2 387.3 1
0.21 388.34 1
0.22 386.65 1
0.23 386.77 1
0.24 391.42 1
0.25 387.62 1
0.26 388.89 1
0.27 389.92 1
0.28 390.39 1
0.29 390.16 1
0.3 390.33 1
0.31 388.75 1
0.32 389.64 1
0.33 389.17 1
0.34 388.55 1
0.35 386.66 1
0.36 385.01 1
0.37 385.03 1
0.38 193.78 1
0.39 196.2 1
0.4 194.61 1
0.41 196.16 1
0.42 193.87 1
0.43 193.84 1
0.44 194.62 1
0.45 193.83 1
0.46 193.72 1
0.47 193.02 1
0.48 194.73 1
0.49 196.36 1
0.5 193.95 1
0.51 193.68 1
0.52 197.22 1
0.53 196.37 1
0.54 197.29 1
0.55 195.55 1
0.56 196.42 1
0.57 147.75 1
0.58 147.25 1
0.59 146.81 1
0.6 147.31 1
0.61 148.75 1
0.62 148.25 1
0.63 147.74 1
0.64 147.57 1
0.65 148.22 1
0.66 145.64 1
0.67 147.95 1
0.68 147.25 1
0.69 0.0 1
0.7 0.0 1
0.71 0.0 1
0.72 0.0 1
0.73 0.0 1
0.74 0.0 1
0.75 0.0 1
0.76 0.0 1
0.77 0.0 1
0.78 0.0 1
0.79 0.0 1
0.8 0.0 1
0.81 0.0 1
0.82 0.0 1
0.83 0.0 1
0.84 0.0 1
0.85 0.0 1
0.86 167.7 1
0.87 164.21 1
0.88 161.74 1
0.89 157.15 1
0.9 152.94 1
0.91 150.68 1
0.92 151.75 1
0.93 153.56 1
0.94 156.73 1
0.95 164.44 1
0.96 169.93 1
0.97 173.4 1
0.98 178.61 1
0.99 182.18 1
1.0 184.84 1
1.01 189.38 1
1.02 186.65 1
1.03 185.8 1
1.04 185.72 1
1.05 185.04 1
1.06 183.46 1
1.07 354.93 1
1.08 354.59 1
1.09 351.55 1
1.1 343.79 1
1.11 343.57 1
1.12 343.4 1
1.13 340.87 1
1.14 341.07 1
1.15 343.68 1
1.16 351.48 1
1.17 348.94 1
1.18 354.68 1
1.19 363.06 1
1.2 360.31 1
1.21 378.46 1
1.22 379.18 1
1.23 388.04 1
1.24 391.11 1
1.25 387.93 1
1.26 384.98 1
1.27 387.71 1
1.28 383.98 1
1.29 374.33 1
1.3 351.39 1
1.31 340.7 1
1.32 329.53 1
1.33 325.15 1
1.34 318.19 1
1.35 301.59 1
1.36 322.69 1
1.37 313.6 1
1.38 322.78 1
1.39 324.01 1
1.4 331.48 1
1.41 337.45 1
1.42 343.57 1
1.43 340.96 1
1.44 346.03 1
1.45 343.72 1
1.46 345.87 1
1.47 342.34 1
1.48 337.59 1
1.49 330.49 1
1.5 321.36 1
1.51 320.45 1
1.52 315.79 1
1.53 310.21 1
1.54 312.81 1
1.55 320.65 1
1.56 327.27 1
1.57 340.55 1
1.58 357.22 1
1.59 0.0 1
1.6 0.0 1
1.61 418.2 1
1.62 453.9 1
1.63 460.43 1
1.64 443.26 1
1.65 430.33 1
1.66 357.09 1
1.67 335.44 1
1.68 287.16 1
1.69 303.12 1
1.7 290.05 1
1.71 289.98 1
1.72 285.9 1
1.73 301.03 1
1.74 303.6 1
1.75 317.81 1
1.76 156.04 1
1.77 165.62 1
1.78 168.17 1
1.79 169.49 1
1.8 169.69 1
1.81 168.68 1
1.82 168.04 1
1.83 164.99 1
1.84 327.65 1
1.85 324.88 1
1.86 315.11 1
1.87 303.84 1
1.88 299.6 1
1.89 293.72 1
1.9 296.6 1
1.91 293.26 1
1.92 293.0 1
1.93 291.9 1
1.94 291.55 1
1.95 290.75 1
1.96 290.2 1
1.97 289.58 1
1.98 290.34 1
1.99 290.15 1
2.0 290.32 1
2.01 290.59 1
2.02 290.95 1
2.03 291.06 1
2.04 292.31 1
2.05 292.43 1
2.06 291.78 1
2.07 291.69 1
2.08 291.14 1
2.09 291.16 1
2.1 290.6 1
2.11 289.56 1
2.12 288.37 1
2.13 287.47 1
2.14 285.28 1
2.15 281.73 1
2.16 275.08 1
2.17 274.56 1
2.18 260.23 1
2.19 249.01 1
2.2 229.65 1
2.21 224.14 1
2.22 220.07 1
2.23 220.86 1
2.24 223.76 1
2.25 229.34 1
2.26 236.53 1
2.27 247.9 1
2.28 259.28 1
2.29 251.03 1
2.3 277.7 1
2.31 258.9 1
2.32 292.03 1
2.33 287.84 1
2.34 258.92 1
2.35 257.83 1
2.36 249.59 1
2.37 244.23 1
2.38 237.94 1
2.39 232.74 1
2.4 232.68 1
2.41 230.09 1
2.42 232.7 1
2.43 237.1 1
2.44 244.87 1
2.45 252.7 1
2.46 264.76 1
2.47 256.23 1
2.48 281.07 1
2.49 289.22 1
2.5 278.0 1
2.51 279.83 1
2.52 285.0 1
2.53 281.94 1
2.54 299.05 1
2.55 291.49 1
2.56 289.2 1
2.57 291.1 1
2.58 284.18 1
2.59 280.41 1
2.6 251.33 1
2.61 281.19 1
2.62 255.83 1
2.63 250.54 1
2.64 240.31 1
2.65 237.74 1
2.66 237.81 1
2.67 243.1 1
2.68 255.56 1
2.69 251.24 1
2.7 256.53 1
2.71 280.91 1
2.72 283.62 1
2.73 283.63 1
2.74 290.69 1
2.75 285.47 1
2.76 286.45 1
2.77 279.99 1
2.78 278.16 1
2.79 263.3 1
2.8 269.71 1
2.81 260.09 1
2.82 253.48 1
2.83 250.6 1
2.84 247.9 1
2.85 247.05 1
2.86 245.1 1
2.87 120.33 1
2.88 122.01 1
2.89 120.33 1
2.9 121.32 1
2.91 122.5 1
2.92 122.4 1
2.93 121.66 1
2.94 122.2 1
2.95 122.36 1
2.96 121.32 1
2.97 122.24 1
2.98 121.0 1
2.99 122.0 1
3.0 121.33 1
3.01 121.64 1
3.02 120.34 1
3.03 120.39 1
3.04 120.24 1
3.05 119.36 1
3.06 119.71 1
3.07 119.05 1
3.08 119.05 1
3.09 119.47 1
3.1 118.71 1
3.11 118.59 1
3.12 117.55 1
3.13 117.03 1
3.14 117.11 1
3.15 237.55 1
3.16 242.07 1
3.17 247.67 1
3.18 260.19 1
3.19 261.94 1
3.2 269.07 1
3.21 276.28 1
3.22 285.53 1
3.23 289.99 1
3.24 293.06 1
3.25 293.98 1
3.26 290.5 1
3.27 287.43 1
3.28 283.27 1
3.29 277.13 1
3.3 274.68 1
3.31 263.18 1
3.32 253.97 1
3.33 249.84 1
3.34 242.41 1
3.35 241.59 1
3.36 230.36 1
3.37 231.74 1
3.38 231.5 1
3.39 234.0 1
3.4 237.72 1
3.41 236.68 1
3.42 242.97 1
3.43 248.79 1
3.44 263.3 1
3.45 280.87 1
3.46 267.67 1
3.47 268.09 1
3.48 317.84 1
3.49 281.33 1
3.5 285.02 1
3.51 288.5 1
3.52 290.54 1
3.53 293.42 1
3.54 291.25 1
3.55 293.1 1
3.56 292.3 1
3.57 291.11 1
3.58 290.78 1
3.59 290.42 1
3.6 290.79 1
3.61 289.95 1
3.62 290.46 1
3.63 290.86 1
3.64 289.89 1
3.65 290.06 1
3.66 289.29 1
3.67 288.74 1
3.68 289.05 1
3.69 289.38 1
3.7 289.38 1
3.71 289.17 1
3.72 289.03 1
3.73 288.49 1
3.74 288.2 1
3.75 288.04 1
3.76 288.05 1
3.77 288.43 1
3.78 288.17 1
3.79 287.52 1
3.8 285.82 1
3.81 286.15 1
3.82 287.32 1
3.83 289.17 1
3.84 291.73 1
3.85 293.48 1
3.86 293.04 1
3.87 292.95 1
3.88 292.76 1
3.89 292.63 1
3.9 291.94 1
3.91 290.41 1
3.92 289.36 1
3.93 285.41 1
3.94 281.13 1
3.95 278.14 1
3.96 271.47 1
3.97 272.89 1
3.98 270.12 1
3.99 272.2 1
4.0 275.43 1
4.01 280.3 1
4.02 289.49 1
4.03 297.14 1
4.04 291.42 1
4.05 309.47 1
4.06 297.83 1
4.07 307.72 1
4.08 310.27 1
4.09 346.3 1
4.1 379.25 1
4.11 387.68 1
4.12 379.36 1
4.13 190.7 1
4.14 193.52 1
4.15 189.61 1
4.16 194.07 1
4.17 184.71 1
4.18 181.71 1
4.19 180.15 1
4.2 177.1 1
4.21 182.76 1
4.22 183.51 1
4.23 181.15 1
4.24 183.27 1
4.25 184.35 1
4.26 188.41 1
4.27 191.08 1
4.28 390.03 1
4.29 391.88 1
4.3 395.48 1
4.31 395.33 1
4.32 392.97 1
4.33 390.37 1
4.34 385.05 1
4.35 376.39 1
4.36 315.24 1
4.37 360.68 1
4.38 359.44 1
4.39 347.08 1
4.4 349.11 1
4.41 351.01 1
4.42 351.43 1
4.43 354.54 1
4.44 360.3 1
4.45 368.36 1
4.46 377.44 1
4.47 388.1 1
4.48 388.78 1
4.49 390.89 1
4.5 391.9 1
4.51 390.97 1
4.52 391.29 1
4.53 384.79 1
4.54 378.96 1
4.55 372.04 1
4.56 363.92 1
4.57 362.29 1
4.58 348.86 1
4.59 343.05 1
4.6 334.16 1
4.61 325.89 1
4.62 316.1 1
4.63 307.73 1
4.64 299.13 1
4.65 296.16 1
4.66 291.46 1
4.67 287.86 1
4.68 285.58 1
4.69 284.83 1
4.7 285.53 1
4.71 286.74 1
4.72 288.16 1
4.73 288.53 1
4.74 289.11 1
4.75 286.36 1
4.76 285.62 1
4.77 286.16 1
4.78 285.17 1
4.79 289.45 1
4.8 284.06 1
4.81 291.1 1
4.82 288.12 1
4.83 294.59 1
4.84 293.03 1
4.85 292.6 1
4.86 290.72 1
4.87 288.86 1
4.88 288.93 1
4.89 289.53 1
4.9 292.44 1
4.91 295.03 1
4.92 301.08 1
4.93 318.07 1
4.94 322.54 1
4.95 333.55 1
4.96 0.0 1
4.97 0.0 1
4.98 0.0 1
4.99 0.0 1
5.0 0.0 1
5.01 0.0 1
5.02 351.84 1
5.03 357.15 1
5.04 348.79 1
5.05 340.87 1
5.06 340.18 1
5.07 337.61 1
5.08 335.16 1
5.09 336.44 1
5.1 338.76 1
5.11 345.67 1
5.12 346.06 1
5.13 351.73 1
5.14 354.66 1
5.15 0.0 1
5.16 193.68 1
5.17 192.83 1
5.18 194.92 1
5.19 194.88 1
5.2 193.54 1
5.21 193.82 1
5.22 153.44 1
5.23 152.84 1
5.24 185.02 1
5.25 184.84 1
5.26 183.6 1
5.27 182.8 1
5.28 181.26 1
5.29 181.39 1
5.3 180.99 1
5.31 363.88 1
5.32 368.83 1
5.33 363.63 1
5.34 375.19 1
5.35 381.31 1
5.36 386.28 1
5.37 391.3 1
5.38 394.94 1
5.39 398.46 1
5.4 402.6 1
5.41 402.27 1
5.42 401.08 1
5.43 399.93 1
5.44 396.18 1
5.45 392.12 1
5.46 387.04 1
5.47 388.1 1
5.48 384.66 1
5.49 0.0 1
5.5 0.0 1
5.51 0.0 1
5.52 0.0 1
5.53 0.0 1
5.54 0.0 1
5.55 388.1 1
5.56 393.74 1
5.57 403.52 1
5.58 414.01 1
5.59 414.66 1
5.6 422.64 1
5.61 446.97 1
5.62 452.24 1
5.63 448.27 1
5.64 443.48 1
5.65 430.37 1
5.66 416.39 1
5.67 406.23 1
5.68 394.48 1
5.69 391.58 1
5.7 398.2 1
5.71 391.28 1
5.72 189.95 1
5.73 95.47 1
5.74 95.64 1
5.75 95.89 1
5.76 96.14 1
5.77 96.23 1
5.78 95.99 1
5.79 96.26 1
5.8 96.08 1
5.81 95.91 1
5.82 95.74 1
5.83 95.72 1
5.84 95.75 1
5.85 95.25 1
5.86 95.12 1
5.87 189.75 1
5.88 189.92 1
5.89 381.41 1
5.9 371.64 1
5.91 374.76 1
5.92 388.43 1
5.93 392.19 1
5.94 358.75 1
5.95 359.76 1
5.96 364.81 1
5.97 363.6 1
5.98 379.16 1
5.99 388.05 1
6.0 391.41 1
6.01 390.58 1
6.02 393.4 1
6.03 393.76 1
6.04 391.95 1
6.05 389.04 1
6.06 388.07 1
6.07 391.29 1
6.08 381.1 1
6.09 359.5 1
6.1 343.35 1
6.11 332.82 1
6.12 327.36 1
6.13 323.99 1
6.14 324.26 1
6.15 326.13 1
6.16 328.55 1
6.17 332.27 1
6.18 328.71 1
6.19 340.84 1
6.2 341.1 1
6.21 348.75 1
6.22 348.97 1
6.23 342.82 1
6.24 338.61 1
6.25 329.76 1
6.26 320.25 1
6.27 308.66 1
6.28 295.09 1
6.29 290.59 1
6.3 285.2 1
6.31 282.51 1
6.32 283.49 1
6.33 285.95 1
6.34 289.07 1
6.35 291.35 1
6.36 294.14 1
6.37 293.13 1
6.38 294.32 1
6.39 293.06 1
6.4 293.09 1
6.41 293.14 1
6.42 295.02 1
6.43 295.05 1
6.44 293.16 1
6.45 295.05 1
6.46 293.07 1
6.47 291.14 1
6.48 293.05 1
6.49 293.07 1
6.5 293.07 1
6.51 288.82 1
6.52 285.42 1
6.53 284.03 1
6.54 285.35 1
6.55 281.54 1
6.56 281.43 1
6.57 282.36 1
6.58 289.64 1
6.59 295.63 1
6.6 312.87 1
6.61 304.71 1
6.62 309.67 1
6.63 322.05 1
6.64 361.48 1
6.65 370.63 1
6.66 374.19 1
6.67 187.5 1
6.68 187.85 1
6.69 184.64 1
6.7 182.89 1
6.71 181.52 1
6.72 179.64 1
6.73 354.37 1
6.74 352.29 1
6.75 350.48 1
6.76 348.01 1
6.77 347.34 1
6.78 349.19 1
6.79 348.91 1
6.8 355.01 1
6.81 335.1 1
6.82 363.43 1
6.83 375.18 1
6.84 341.6 1
6.85 383.84 1
6.86 385.19 1
6.87 378.9 1
6.88 348.86 1
6.89 375.35 1
