0.01 244.95 1
0.02 248.54 1
0.03 249.61 1
0.04 265.86 1
0.05 266.47 1
0.06 289.19 1
0.07 274.76 1
0.08 285.45 1
0.09 291.1 1
0.1 291.1 1
0.11 297.84 1
0.12 293.03 1
0.13 293.04 1
0.14 294.99 1
0.15 291.06 1
0.16 293.72 1
0.17 290.67 1
0.18 294.11 1
0.19 291.11 1
0.2 294.75 1
0.21 292.63 1
0.22 290.86 1
0.23 291.27 1
0.24 292.59 1
0.25 293.4 1
0.26 292.89 1
0.27 292.55 1
0.28 292.99 1
0.29 293.03 1
0.3 292.9 1
0.31 291.09 1
0.32 291.1 1
0.33 292.66 1
0.34 291.09 1
0.35 289.43 1
0.36 286.31 1
0.37 285.28 1
0.38 280.48 1
0.39 277.05 1
0.4 276.9 1
0.41 279.13 1
0.42 280.94 1
0.43 285.09 1
0.44 295.02 1
0.45 299.09 1
0.46 323.42 1
0.47 338.76 1
0.48 355.1 1
0.49 374.17 1
0.5 388.38 1
0.51 391.76 1
0.52 380.58 1
0.53 372.59 1
0.54 365.93 1
0.55 352.95 1
0.56 343.0 1
0.57 336.76 1
0.58 332.91 1
0.59 338.0 1
0.6 340.84 1
0.61 338.62 1
0.62 346.61 1
0.63 359.8 1
0.64 365.69 1
0.65 374.86 1
0.66 381.58 1
0.67 382.05 1
0.68 384.37 1
0.69 383.76 1
0.7 378.64 1
0.71 375.22 1
0.72 368.92 1
0.73 357.06 1
0.74 354.61 1
0.75 357.01 1
0.76 359.62 1
0.77 369.46 1
0.78 377.36 1
0.79 385.12 1
0.8 392.37 1
0.81 399.77 1
0.82 404.73 1
0.83 402.64 1
0.84 402.75 1
0.85 406.05 1
0.86 399.35 1
0.87 398.12 1
0.88 395.46 1
0.89 396.35 1
0.9 395.49 1
0.91 391.88 1
0.92 390.75 1
0.93 389.5 1
0.94 334.81 1
0.95 345.88 1
0.96 364.85 1
0.97 330.32 1
0.98 304.32 1
0.99 296.53 1
1.0 280.13 1
1.01 281.71 1
1.02 276.45 1
1.03 277.23 1
1.04 290.35 1
1.05 154.86 1
1.06 163.25 1
1.07 202.86 1
1.08 180.3 1
1.09 187.3 1
1.1 197.27 1
1.11 197.63 1
1.12 198.4 1
1.13 199.32 1
1.14 195.39 1
1.15 193.1 1
1.16 188.08 1
1.17 184.45 1
1.18 181.59 1
1.19 181.71 1
1.2 182.85 1
1.21 185.7 1
1.22 188.78 1
1.23 386.15 1
1.24 393.38 1
1.25 399.07 1
1.26 405.0 1
1.27 412.23 1
1.28 412.2 1
1.29 408.22 1
1.3 402.62 1
1.31 388.3 1
1.32 381.71 1
1.33 361.05 1
1.34 340.57 1
1.35 327.49 1
1.36 322.99 1
1.37 319.3 1
1.38 321.44 1
1.39 323.87 1
1.4 328.86 1
1.41 335.9 1
1.42 340.75 1
1.43 341.9 1
1.44 344.75 1
1.45 342.88 1
1.46 338.17 1
1.47 332.87 1
1.48 335.06 1
1.49 312.88 1
1.5 293.02 1
1.51 296.07 1
1.52 285.47 1
1.53 291.12 1
1.54 318.8 1
1.55 287.71 1
1.56 284.71 1
1.57 285.26 1
1.58 286.66 1
1.59 290.74 1
1.6 294.72 1
1.61 295.53 1
1.62 296.8 1
1.63 296.6 1
1.64 294.99 1
1.65 293.04 1
1.66 292.62 1
1.67 289.35 1
1.68 285.94 1
1.69 282.15 1
1.7 276.45 1
1.71 270.1 1
1.72 256.58 1
1.73 120.66 1
1.74 116.25 1
1.75 110.66 1
1.76 108.23 1
1.77 109.28 1
1.78 110.38 1
1.79 116.19 1
1.8 123.69 1
1.81 126.2 1
1.82 131.92 1
1.83 135.07 1
1.84 138.89 1
1.85 139.77 1
1.86 138.46 1
1.87 134.66 1
1.88 132.27 1
1.89 122.35 1
1.9 118.55 1
1.91 116.51 1
1.92 113.36 1
1.93 225.61 1
1.94 224.44 1
1.95 226.77 1
1.96 227.98 1
1.97 229.17 1
1.98 241.59 1
1.99 243.26 1
2.0 250.14 1
2.01 255.33 1
2.02 257.16 1
2.03 257.18 1
2.04 255.7 1
2.05 254.23 1
2.06 251.19 1
2.07 248.65 1
2.08 244.26 1
2.09 235.5 1
2.1 229.13 1
2.11 225.61 1
2.12 224.67 1
2.13 221.11 1
2.14 220.06 1
2.15 220.15 1
2.16 218.87 1
2.17 219.12 1
2.18 218.97 1
2.19 220.14 1
2.2 220.35 1
2.21 220.46 1
2.22 219.99 1
2.23 218.85 1
2.24 217.75 1
2.25 211.69 1
2.26 214.57 1
2.27 210.52 1
2.28 213.21 1
2.29 216.73 1
2.3 222.52 1
2.31 220.07 1
2.32 235.25 1
2.33 241.59 1
2.34 245.68 1
2.35 249.84 1
2.36 251.47 1
2.37 251.6 1
2.38 250.56 1
2.39 248.98 1
2.4 248.05 1
2.41 246.77 1
2.42 247.28 1
2.43 247.23 1
2.44 247.69 1
2.45 247.65 1
2.46 247.85 1
2.47 246.33 1
2.48 245.67 1
2.49 243.91 1
2.5 242.35 1
2.51 242.52 1
2.52 242.58 1
2.53 242.23 1
2.54 235.77 1
2.55 0.0 1
2.56 0.0 1
2.57 117.69 1
2.58 119.69 1
2.59 118.71 1
2.6 119.43 1
2.61 119.36 1
2.62 147.25 1
2.63 145.62 1
2.64 146.13 1
2.65 147.75 1
2.66 146.22 1
2.67 146.96 1
2.68 72.74 1
2.69 73.1 1
2.7 72.97 1
2.71 73.79 1
2.72 73.57 1
2.73 73.68 1
2.74 73.14 1
2.75 73.32 1
2.76 73.12 1
2.77 73.81 1
2.78 73.2 1
2.79 73.52 1
2.8 74.28 1
2.81 74.06 1
2.82 74.06 1
2.83 73.98 1
2.84 74.09 1
2.85 74.02 1
2.86 73.93 1
2.87 72.71 1
2.88 73.94 1
2.89 74.06 1
2.9 74.06 1
2.91 97.9 1
2.92 98.05 1
2.93 97.68 1
2.94 98.04 1
2.95 98.13 1
2.96 98.08 1
2.97 98.06 1
2.98 98.54 1
2.99 98.11 1
3.0 97.69 1
3.01 0.0 1
3.02 0.0 1
3.03 0.0 1
3.04 0.0 1
3.05 0.0 1
3.06 0.0 1
3.07 0.0 1
3.08 0.0 1
3.09 0.0 1
3.1 279.91 1
3.11 279.93 1
3.12 284.5 1
3.13 289.64 1
3.14 291.18 1
3.15 290.17 1
3.16 289.04 1
3.17 289.46 1
3.18 290.61 1
3.19 292.4 1
3.2 295.49 1
3.21 297.5 1
3.22 297.56 1
3.23 297.41 1
3.24 296.61 1
3.25 294.07 1
3.26 292.41 1
3.27 291.36 1
3.28 291.89 1
3.29 290.37 1
3.3 289.54 1
3.31 287.76 1
3.32 287.71 1
3.33 288.01 1
3.34 287.79 1
3.35 289.53 1
3.36 290.83 1
3.37 291.23 1
3.38 290.75 1
3.39 289.79 1
3.4 287.59 1
3.41 283.07 1
3.42 277.36 1
3.43 270.6 1
3.44 257.06 1
3.45 246.16 1
3.46 239.02 1
3.47 227.87 1
3.48 221.46 1
3.49 218.82 1
3.5 219.03 1
3.51 220.89 1
3.52 227.95 1
3.53 235.22 1
3.54 247.03 1
3.55 254.36 1
3.56 283.33 1
3.57 274.86 1
3.58 293.03 1
3.59 295.01 1
3.6 296.86 1
3.61 291.09 1
3.62 285.42 1
3.63 280.31 1
3.64 273.63 1
3.65 263.4 1
3.66 256.57 1
3.67 249.01 1
3.68 242.98 1
3.69 238.79 1
3.7 237.35 1
3.71 237.18 1
3.72 237.66 1
3.73 238.53 1
3.74 240.12 1
3.75 240.31 1
3.76 239.73 1
3.77 241.08 1
3.78 243.04 1
3.79 250.16 1
3.8 254.26 1
3.81 257.16 1
3.82 272.73 1
3.83 278.59 1
3.84 281.68 1
3.85 291.03 1
3.86 322.17 1
3.87 330.32 1
3.88 334.84 1
3.89 336.27 1
3.9 333.24 1
3.91 336.18 1
3.92 331.95 1
3.93 327.87 1
3.94 322.05 1
3.95 294.78 1
3.96 303.74 1
3.97 300.45 1
3.98 291.41 1
3.99 290.09 1
4.0 288.27 1
4.01 288.48 1
4.02 288.68 1
4.03 289.13 1
4.04 291.11 1
4.05 293.2 1
4.06 297.14 1
4.07 300.48 1
4.08 293.06 1
4.09 285.45 1
4.1 274.73 1
4.11 0.0 1
4.12 0.0 1
4.13 0.0 1
4.14 0.0 1
4.15 0.0 1
4.16 280.48 1
4.17 293.09 1
4.18 297.32 1
4.19 286.32 1
4.2 286.68 1
4.21 284.71 1
4.22 288.37 1
4.23 293.09 1
4.24 318.13 1
4.25 325.48 1
4.26 0.0 1
4.27 0.0 1
4.28 0.0 1
4.29 0.0 1
4.3 432.2 1
4.31 430.3 1
4.32 423.56 1
4.33 410.12 1
4.34 396.21 1
4.35 350.59 1
4.36 378.0 1
4.37 390.79 1
4.38 379.17 1
4.39 376.29 1
4.4 353.8 1
4.41 353.24 1
4.42 358.68 1
4.43 365.48 1
4.44 371.67 1
4.45 377.77 1
4.46 372.04 1
4.47 371.9 1
4.48 367.14 1
4.49 364.86 1
4.5 355.56 1
4.51 359.58 1
4.52 348.95 1
4.53 340.53 1
4.54 331.9 1
4.55 325.32 1
4.56 324.32 1
4.57 325.06 1
4.58 328.02 1
4.59 330.32 1
4.6 333.37 1
4.61 333.22 1
4.62 337.66 1
4.63 337.21 1
4.64 334.82 1
4.65 329.71 1
4.66 320.86 1
4.67 305.52 1
4.68 295.21 1
4.69 289.02 1
4.7 282.49 1
4.71 278.69 1
4.72 275.9 1
4.73 276.77 1
4.74 279.95 1
4.75 282.88 1
4.76 285.79 1
4.77 288.5 1
4.78 291.43 1
4.79 294.64 1
4.8 296.15 1
4.81 296.56 1
4.82 296.48 1
4.83 295.84 1
4.84 293.38 1
4.85 291.09 1
4.86 285.29 1
4.87 279.55 1
4.88 273.59 1
4.89 265.93 1
4.9 257.03 1
4.91 248.47 1
4.92 236.21 1
4.93 231.18 1
4.94 232.42 1
4.95 237.67 1
4.96 246.8 1
4.97 252.73 1
4.98 260.74 1
4.99 258.74 1
5.0 266.84 1
5.01 267.91 1
5.02 249.74 1
5.03 257.73 1
5.04 251.39 1
5.05 242.96 1
5.06 229.18 1
5.07 227.91 1
5.08 227.17 1
5.09 232.31 1
5.1 235.17 1
5.11 235.63 1
5.12 237.36 1
5.13 239.78 1
5.14 241.47 1
5.15 242.19 1
5.16 243.49 1
5.17 242.97 1
5.18 242.96 1
5.19 243.3 1
5.2 244.06 1
5.21 243.67 1
5.22 244.37 1
5.23 243.92 1
5.24 242.33 1
5.25 242.35 1
5.26 241.13 1
5.27 241.16 1
5.28 240.14 1
5.29 240.03 1
5.3 241.47 1
5.31 243.37 1
5.32 247.41 1
5.33 253.84 1
5.34 257.19 1
5.35 265.33 1
5.36 253.35 1
5.37 255.97 1
5.38 254.25 1
5.39 254.14 1
5.4 258.7 1
5.41 258.65 1
5.42 251.1 1
5.43 241.64 1
5.44 233.3 1
5.45 225.59 1
5.46 210.46 1
5.47 205.41 1
5.48 205.28 1
5.49 214.7 1
5.5 209.89 1
5.51 214.95 1
5.52 223.31 1
5.53 230.38 1
5.54 231.51 1
5.55 241.11 1
5.56 242.98 1
5.57 240.31 1
5.58 236.63 1
5.59 229.82 1
5.6 223.13 1
5.61 218.87 1
5.62 217.75 1
5.63 218.75 1
5.64 222.63 1
5.65 228.9 1
5.66 233.29 1
5.67 240.93 1
5.68 247.05 1
5.69 242.93 1
5.7 248.25 1
5.71 227.89 1
5.72 221.45 1
5.73 227.0 1
5.74 242.68 1
5.75 231.2 1
5.76 0.0 1
5.77 0.0 1
5.78 0.0 1
5.79 0.0 1
5.8 0.0 1
5.81 0.0 1
5.82 0.0 1
5.83 0.0 1
5.84 0.0 1
5.85 0.0 1
5.86 0.0 1
5.87 0.0 1
5.88 0.0 1
5.89 0.0 1
5.9 0.0 1
5.91 0.0 1
5.92 0.0 1
5.93 0.0 1
