0.01 0.0 1
0.02 292.8 1
0.03 289.09 1
0.04 290.37 1
0.05 294.03 1
0.06 294.46 1
0.07 294.99 1
0.08 294.19 1
0.09 295.21 1
0.1 293.25 1
0.11 294.99 1
0.12 293.03 1
0.13 291.31 1
0.14 291.23 1
0.15 292.44 1
0.16 292.93 1
0.17 293.22 1
0.18 293.04 1
0.19 293.72 1
0.2 294.58 1
0.21 294.54 1
0.22 294.99 1
0.23 295.09 1
0.24 295.07 1
0.25 294.59 1
0.26 294.42 1
0.27 293.97 1
0.28 293.29 1
0.29 291.28 1
0.3 293.88 1
0.31 293.79 1
0.32 295.01 1
0.33 296.07 1
0.34 297.03 1
0.35 297.55 1
0.36 298.03 1
0.37 297.45 1
0.38 296.98 1
0.39 295.36 1
0.4 293.82 1
0.41 290.32 1
0.42 287.8 1
0.43 285.52 1
0.44 283.31 1
0.45 282.05 1
0.46 285.22 1
0.47 290.04 1
0.48 297.15 1
0.49 307.55 1
0.5 321.15 1
0.51 308.71 1
0.52 350.79 1
0.53 357.66 1
0.54 369.75 1
0.55 374.96 1
0.56 375.07 1
0.57 372.1 1
0.58 367.97 1
0.59 362.87 1
0.6 353.02 1
0.61 346.15 1
0.62 342.89 1
0.63 340.74 1
0.64 343.23 1
0.65 350.94 1
0.66 357.13 1
0.67 363.64 1
0.68 367.29 1
0.69 374.96 1
0.7 379.12 1
0.71 383.87 1
0.72 386.53 1
0.73 386.48 1
0.74 391.43 1
0.75 383.19 1
0.76 376.78 1
0.77 377.93 1
0.78 362.79 1
0.79 350.85 1
0.8 340.03 1
0.81 342.44 1
0.82 337.76 1
0.83 348.31 1
0.84 361.21 1
0.85 372.73 1
0.86 395.05 1
0.87 391.76 1
0.88 398.91 1
0.89 400.5 1
0.9 399.45 1
0.91 395.89 1
0.92 395.34 1
0.93 393.69 1
0.94 392.69 1
0.95 391.48 1
0.96 393.06 1
0.97 390.61 1
0.98 385.82 1
0.99 378.54 1
1.0 357.28 1
1.01 348.61 1
1.02 296.39 1
1.03 311.53 1
1.04 293.08 1
1.05 283.57 1
1.06 276.56 1
1.07 281.54 1
1.08 281.47 1
1.09 284.97 1
1.1 291.49 1
1.11 0.0 1
1.12 0.0 1
1.13 0.0 1
1.14 0.0 1
1.15 0.0 1
1.16 0.0 1
1.17 200.04 1
1.18 201.87 1
1.19 201.9 1
1.2 201.87 1
1.21 200.92 1
1.22 197.63 1
1.23 194.71 1
1.24 192.91 1
1.25 181.15 1
1.26 178.98 1
1.27 178.0 1
1.28 178.08 1
1.29 180.77 1
1.3 183.33 1
1.31 378.3 1
1.32 398.17 1
1.33 389.72 1
1.34 397.24 1
1.35 403.61 1
1.36 406.03 1
1.37 405.9 1
1.38 400.74 1
1.39 392.0 1
1.4 388.45 1
1.41 375.07 1
1.42 346.01 1
1.43 335.36 1
1.44 328.06 1
1.45 319.2 1
1.46 318.11 1
1.47 312.7 1
1.48 314.69 1
1.49 320.7 1
1.5 327.79 1
1.51 333.3 1
1.52 340.33 1
1.53 340.78 1
1.54 344.37 1
1.55 340.66 1
1.56 336.52 1
1.57 0.0 1
1.58 0.0 1
1.59 0.0 1
1.6 0.0 1
1.61 0.0 1
1.62 0.0 1
1.63 0.0 1
1.64 0.0 1
1.65 282.14 1
1.66 287.33 1
1.67 285.86 1
1.68 284.15 1
1.69 283.59 1
1.7 284.79 1
1.71 284.84 1
1.72 286.95 1
1.73 287.82 1
1.74 288.86 1
1.75 289.29 1
1.76 289.27 1
1.77 291.05 1
1.78 291.13 1
1.79 291.17 1
1.8 291.32 1
1.81 291.26 1
1.82 287.51 1
1.83 286.3 1
1.84 280.27 1
1.85 279.62 1
1.86 267.94 1
1.87 254.13 1
1.88 246.95 1
1.89 236.44 1
1.9 230.41 1
1.91 116.97 1
1.92 236.55 1
1.93 245.54 1
1.94 249.92 1
1.95 255.68 1
1.96 255.8 1
1.97 268.05 1
1.98 269.95 1
1.99 272.06 1
2.0 272.98 1
2.01 268.59 1
2.02 263.33 1
2.03 257.26 1
2.04 254.78 1
2.05 251.84 1
2.06 247.26 1
2.07 244.66 1
2.08 242.8 1
2.09 245.44 1
2.1 242.9 1
2.11 245.5 1
2.12 244.35 1
2.13 247.49 1
2.14 251.59 1
2.15 254.25 1
2.16 257.27 1
2.17 261.78 1
2.18 261.88 1
2.19 261.88 1
2.2 260.24 1
2.21 258.75 1
2.22 254.74 1
2.23 248.5 1
2.24 245.58 1
2.25 240.09 1
2.26 230.4 1
2.27 223.83 1
2.28 225.5 1
2.29 221.99 1
2.3 220.64 1
2.31 219.99 1
2.32 219.91 1
2.33 218.67 1
2.34 219.09 1
2.35 220.96 1
2.36 219.59 1
2.37 219.04 1
2.38 219.53 1
2.39 219.93 1
2.4 219.25 1
2.41 219.92 1
2.42 218.55 1
2.43 217.74 1
2.44 216.06 1
2.45 217.69 1
2.46 219.38 1
2.47 221.79 1
2.48 225.72 1
2.49 227.96 1
2.5 223.2 1
2.51 229.0 1
2.52 245.74 1
2.53 248.09 1
2.54 249.89 1
2.55 249.86 1
2.56 247.94 1
2.57 245.57 1
2.58 250.92 1
2.59 244.36 1
2.6 249.63 1
2.61 245.35 1
2.62 246.98 1
2.63 244.27 1
2.64 246.91 1
2.65 244.02 1
2.66 244.3 1
2.67 244.13 1
2.68 244.65 1
2.69 244.03 1
2.7 243.28 1
2.71 242.88 1
2.72 243.25 1
2.73 243.6 1
2.74 244.49 1
2.75 244.49 1
2.76 245.04 1
2.77 245.58 1
2.78 243.76 1
2.79 244.26 1
2.8 243.87 1
2.81 243.88 1
2.82 244.25 1
2.83 242.29 1
2.84 242.84 1
2.85 237.91 1
2.86 236.4 1
2.87 233.74 1
2.88 233.2 1
2.89 232.81 1
2.9 240.12 1
2.91 241.75 1
2.92 247.95 1
2.93 257.16 1
2.94 263.38 1
2.95 271.66 1
2.96 283.82 1
2.97 289.67 1
2.98 293.04 1
2.99 295.07 1
3.0 294.05 1
3.01 290.8 1
3.02 287.1 1
3.03 282.75 1
3.04 278.08 1
3.05 264.99 1
3.06 259.05 1
3.07 248.06 1
3.08 235.79 1
3.09 226.05 1
3.1 228.03 1
3.11 116.88 1
3.12 117.44 1
3.13 118.69 1
3.14 119.62 1
3.15 115.7 1
3.16 118.39 1
3.17 118.8 1
3.18 116.44 1
3.19 117.42 1
3.2 117.41 1
3.21 117.77 1
3.22 0.0 1
3.23 0.0 1
3.24 0.0 1
3.25 0.0 1
3.26 0.0 1
3.27 0.0 1
3.28 0.0 1
3.29 0.0 1
3.3 0.0 1
3.31 300.59 1
3.32 301.03 1
3.33 301.03 1
3.34 297.0 1
3.35 295.9 1
3.36 294.26 1
3.37 293.28 1
3.38 292.01 1
3.39 291.79 1
3.4 291.18 1
3.41 292.6 1
3.42 291.53 1
3.43 290.97 1
3.44 291.14 1
3.45 290.79 1
3.46 290.35 1
3.47 290.73 1
3.48 292.42 1
3.49 293.03 1
3.5 293.35 1
3.51 294.49 1
3.52 295.54 1
3.53 295.95 1
3.54 296.47 1
3.55 295.11 1
3.56 294.34 1
3.57 293.8 1
3.58 294.34 1
3.59 293.22 1
3.6 292.34 1
3.61 291.01 1
3.62 291.33 1
3.63 291.78 1
3.64 292.44 1
3.65 293.18 1
3.66 292.48 1
3.67 291.33 1
3.68 287.72 1
3.69 283.78 1
3.7 278.13 1
3.71 269.94 1
3.72 260.39 1
3.73 248.26 1
3.74 238.99 1
3.75 228.85 1
3.76 223.54 1
3.77 223.51 1
3.78 223.97 1
3.79 226.41 1
3.8 230.3 1
3.81 235.21 1
3.82 240.81 1
3.83 254.37 1
3.84 259.66 1
3.85 265.52 1
3.86 249.96 1
3.87 251.28 1
3.88 293.03 1
3.89 300.08 1
3.9 327.75 1
3.91 316.19 1
3.92 284.32 1
3.93 272.67 1
3.94 264.93 1
3.95 252.96 1
3.96 246.49 1
3.97 242.9 1
3.98 238.29 1
3.99 235.94 1
4.0 236.33 1
4.01 237.87 1
4.02 239.07 1
4.03 240.71 1
4.04 243.61 1
4.05 249.34 1
4.06 255.58 1
4.07 254.23 1
4.08 251.24 1
4.09 146.79 1
4.1 153.08 1
4.11 154.55 1
4.12 158.94 1
4.13 163.61 1
4.14 167.36 1
4.15 165.49 1
4.16 166.99 1
4.17 165.94 1
4.18 165.06 1
4.19 165.47 1
4.2 163.79 1
4.21 163.06 1
4.22 166.09 1
4.23 166.74 1
4.24 168.99 1
4.25 169.96 1
4.26 348.23 1
4.27 348.71 1
4.28 352.62 1
4.29 348.92 1
4.3 343.75 1
4.31 336.5 1
4.32 321.6 1
4.33 311.71 1
4.34 297.5 1
4.35 289.85 1
4.36 285.6 1
4.37 282.86 1
4.38 283.11 1
4.39 283.76 1
4.4 282.61 1
4.41 283.8 1
4.42 283.88 1
4.43 284.14 1
4.44 283.91 1
4.45 277.72 1
4.46 278.24 1
4.47 282.25 1
4.48 0.0 1
4.49 0.0 1
4.5 0.0 1
4.51 0.0 1
4.52 0.0 1
4.53 0.0 1
4.54 304.63 1
4.55 298.68 1
4.56 294.0 1
4.57 291.13 1
4.58 287.8 1
4.59 285.94 1
4.6 286.51 1
4.61 288.66 1
4.62 291.28 1
4.63 297.31 1
4.64 314.35 1
4.65 298.96 1
4.66 0.0 1
4.67 0.0 1
4.68 96.6 1
4.69 98.46 1
4.7 98.77 1
4.71 99.17 1
4.72 98.37 1
4.73 97.49 1
4.74 127.28 1
4.75 125.75 1
4.76 124.3 1
4.77 123.3 1
4.78 123.01 1
4.79 121.65 1
4.8 122.65 1
4.81 122.84 1
4.82 125.91 1
4.83 126.22 1
4.84 126.16 1
4.85 131.85 1
4.86 135.06 1
4.87 134.25 1
4.88 131.44 1
4.89 132.61 1
4.9 129.31 1
4.91 127.64 1
4.92 124.3 1
4.93 172.32 1
4.94 173.97 1
4.95 168.66 1
4.96 177.47 1
4.97 177.34 1
4.98 164.86 1
4.99 165.42 1
5.0 164.45 1
5.01 164.24 1
5.02 164.29 1
5.03 165.4 1
5.04 164.02 1
5.05 164.05 1
5.06 163.65 1
5.07 162.77 1
5.08 164.17 1
5.09 163.14 1
5.1 162.43 1
5.11 162.92 1
5.12 160.62 1
5.13 159.46 1
5.14 155.5 1
5.15 151.79 1
5.16 293.23 1
5.17 285.69 1
5.18 281.77 1
5.19 276.95 1
5.2 273.14 1
5.21 281.7 1
5.22 279.91 1
5.23 283.62 1
5.24 289.08 1
5.25 291.21 1
5.26 289.29 1
5.27 300.98 1
5.28 293.34 1
5.29 297.1 1
5.3 297.0 1
5.31 291.18 1
5.32 285.58 1
5.33 274.91 1
5.34 276.44 1
5.35 263.43 1
5.36 266.27 1
5.37 254.19 1
5.38 249.53 1
5.39 247.08 1
5.4 244.37 1
5.41 245.31 1
5.42 248.04 1
5.43 252.27 1
5.44 258.66 1
5.45 262.89 1
5.46 261.9 1
5.47 247.07 1
5.48 251.25 1
5.49 272.81 1
5.5 260.25 1
5.51 254.21 1
5.52 253.1 1
5.53 249.44 1
5.54 243.88 1
5.55 244.29 1
5.56 236.51 1
5.57 243.43 1
5.58 244.3 1
5.59 243.91 1
5.6 244.96 1
5.61 241.17 1
5.62 240.56 1
5.63 239.6 1
5.64 240.64 1
5.65 240.32 1
5.66 240.05 1
5.67 240.69 1
5.68 241.13 1
5.69 242.95 1
5.7 243.83 1
5.71 246.16 1
5.72 247.41 1
5.73 251.4 1
5.74 252.79 1
5.75 253.76 1
5.76 253.07 1
5.77 251.77 1
5.78 250.59 1
5.79 248.95 1
5.8 247.23 1
5.81 243.43 1
5.82 240.3 1
5.83 233.85 1
5.84 233.64 1
5.85 234.66 1
5.86 236.5 1
5.87 245.6 1
5.88 253.26 1
5.89 257.17 1
5.9 244.32 1
5.91 269.63 1
5.92 251.88 1
5.93 263.3 1
5.94 268.74 1
5.95 257.15 1
5.96 241.2 1
5.97 255.51 1
5.98 248.29 1
5.99 244.31 1
6.0 235.83 1
6.01 228.95 1
6.02 224.97 1
6.03 222.92 1
6.04 222.22 1
6.05 221.28 1
6.06 222.17 1
6.07 212.22 1
6.08 223.75 1
6.09 223.35 1
6.1 224.83 1
6.11 223.11 1
6.12 221.77 1
6.13 221.75 1
6.14 221.66 1
6.15 221.38 1
6.16 220.92 1
6.17 221.36 1
6.18 221.61 1
6.19 222.72 1
6.2 224.25 1
6.21 228.32 1
6.22 230.34 1
6.23 231.66 1
6.24 240.43 1
6.25 245.64 1
6.26 248.88 1
6.27 249.97 1
6.28 251.38 1
6.29 251.82 1
6.3 252.55 1
6.31 248.48 1
6.32 247.33 1
6.33 244.77 1
6.34 244.2 1
6.35 240.96 1
6.36 239.0 1
6.37 230.6 1
6.38 232.67 1
6.39 231.53 1
6.4 232.81 1
6.41 235.08 1
6.42 241.77 1
6.43 248.63 1
6.44 257.57 1
6.45 241.42 1
6.46 272.83 1
6.47 136.78 1
6.48 136.51 1
6.49 133.88 1
6.5 133.03 1
6.51 126.91 1
6.52 123.95 1
6.53 116.77 1
6.54 119.61 1
6.55 115.47 1
6.56 119.92 1
6.57 120.76 1
6.58 115.6 1
6.59 119.35 1
6.6 118.99 1
6.61 119.68 1
