0.01 255.23 1
0.02 255.07 1
0.03 268.08 1
0.04 274.03 1
0.05 278.22 1
0.06 279.34 1
0.07 281.54 1
0.08 281.89 1
0.09 282.87 1
0.1 281.83 1
0.11 285.88 1
0.12 286.92 1
0.13 290.78 1
0.14 291.11 1
0.15 293.05 1
0.16 296.81 1
0.17 298.7 1
0.18 299.2 1
0.19 300.25 1
0.2 299.51 1
0.21 298.03 1
0.22 296.99 1
0.23 296.71 1
0.24 295.51 1
0.25 294.03 1
0.26 292.22 1
0.27 290.28 1
0.28 288.83 1
0.29 288.43 1
0.3 286.83 1
0.31 286.18 1
0.32 285.55 1
0.33 283.32 1
0.34 280.48 1
0.35 280.52 1
0.36 283.9 1
0.37 291.94 1
0.38 297.04 1
0.39 321.39 1
0.4 330.49 1
0.41 360.01 1
0.42 380.68 1
0.43 401.84 1
0.44 410.31 1
0.45 414.31 1
0.46 412.27 1
0.47 403.12 1
0.48 382.76 1
0.49 397.03 1
0.5 351.18 1
0.51 339.48 1
0.52 341.64 1
0.53 351.31 1
0.54 351.75 1
0.55 363.76 1
0.56 366.6 1
0.57 387.94 1
0.58 385.91 1
0.59 391.12 1
0.6 390.4 1
0.61 385.41 1
0.62 346.52 1
0.63 374.07 1
0.64 369.56 1
0.65 363.58 1
0.66 363.63 1
0.67 366.08 1
0.68 377.81 1
0.69 372.35 1
0.7 386.78 1
0.71 392.63 1
0.72 393.94 1
0.73 393.81 1
0.74 393.86 1
0.75 391.68 1
0.76 391.83 1
0.77 392.49 1
0.78 394.11 1
0.79 391.12 1
0.8 387.75 1
0.81 384.64 1
0.82 381.93 1
0.83 332.39 1
0.84 356.04 1
0.85 334.85 1
0.86 325.42 1
0.87 309.8 1
0.88 289.13 1
0.89 291.12 1
0.9 293.03 1
0.91 293.15 1
0.92 322.74 1
0.93 327.07 1
0.94 179.6 1
0.95 186.65 1
0.96 196.32 1
0.97 202.33 1
0.98 202.76 1
0.99 203.72 1
1.0 202.76 1
1.01 396.44 1
1.02 382.67 1
1.03 369.01 1
1.04 360.48 1
1.05 357.12 1
1.06 355.59 1
1.07 349.0 1
1.08 356.58 1
1.09 357.27 1
1.1 366.98 1
1.11 384.55 1
1.12 385.12 1
1.13 394.69 1
1.14 396.84 1
1.15 401.16 1
1.16 402.25 1
1.17 401.58 1
1.18 396.02 1
1.19 386.25 1
1.2 371.72 1
1.21 354.23 1
1.22 338.52 1
1.23 329.63 1
1.24 323.55 1
1.25 323.07 1
1.26 324.66 1
1.27 327.69 1
1.28 333.92 1
1.29 339.23 1
1.3 340.55 1
1.31 340.57 1
1.32 339.99 1
1.33 335.56 1
1.34 330.61 1
1.35 303.05 1
1.36 290.98 1
1.37 293.02 1
1.38 337.95 1
1.39 323.11 1
1.4 330.36 1
1.41 281.8 1
1.42 279.06 1
1.43 281.77 1
1.44 282.98 1
1.45 284.37 1
1.46 288.56 1
1.47 291.19 1
1.48 292.22 1
1.49 291.1 1
1.5 291.89 1
1.51 290.51 1
1.52 288.32 1
1.53 286.68 1
1.54 283.16 1
1.55 279.31 1
1.56 274.76 1
1.57 268.23 1
1.58 263.21 1
1.59 249.44 1
1.6 238.97 1
1.61 226.65 1
1.62 221.0 1
1.63 224.16 1
1.64 227.99 1
1.65 242.91 1
1.66 249.06 1
1.67 255.69 1
1.68 266.47 1
1.69 271.16 1
1.7 278.34 1
1.71 281.0 1
1.72 278.44 1
1.73 276.48 1
1.74 267.63 1
1.75 260.22 1
1.76 251.81 1
1.77 245.91 1
1.78 241.85 1
1.79 242.88 1
1.8 244.22 1
1.81 238.85 1
1.82 244.29 1
1.83 243.94 1
1.84 247.95 1
1.85 250.26 1
1.86 251.48 1
1.87 256.97 1
1.88 255.69 1
1.89 255.69 1
1.9 255.67 1
1.91 253.76 1
1.92 248.53 1
1.93 246.26 1
1.94 238.17 1
1.95 230.27 1
1.96 227.86 1
1.97 225.56 1
1.98 220.05 1
1.99 218.83 1
2.0 216.14 1
2.01 215.64 1
2.02 215.63 1
2.03 214.83 1
2.04 216.7 1
2.05 216.58 1
2.06 217.77 1
2.07 217.75 1
2.08 215.63 1
2.09 215.62 1
2.1 215.62 1
2.11 213.55 1
2.12 212.58 1
2.13 212.84 1
2.14 212.77 1
2.15 216.69 1
2.16 219.68 1
2.17 222.06 1
2.18 227.92 1
2.19 237.73 1
2.2 241.67 1
2.21 246.41 1
2.22 248.5 1
2.23 248.89 1
2.24 248.97 1
2.25 247.17 1
2.26 246.52 1
2.27 245.61 1
2.28 244.43 1
2.29 245.35 1
2.3 245.7 1
2.31 246.51 1
2.32 246.61 1
2.33 246.26 1
2.34 245.88 1
2.35 245.61 1
2.36 245.01 1
2.37 244.02 1
2.38 243.23 1
2.39 242.95 1
2.4 242.19 1
2.41 244.23 1
2.42 242.91 1
2.43 242.02 1
2.44 242.97 1
2.45 244.27 1
2.46 244.4 1
2.47 245.58 1
2.48 242.82 1
2.49 244.21 1
2.5 240.62 1
2.51 239.0 1
2.52 237.69 1
2.53 231.58 1
2.54 230.42 1
2.55 239.41 1
2.56 243.43 1
2.57 249.75 1
2.58 257.96 1
2.59 268.2 1
2.6 276.48 1
2.61 283.76 1
2.62 289.37 1
2.63 289.34 1
2.64 288.35 1
2.65 285.85 1
2.66 281.78 1
2.67 273.04 1
2.68 266.44 1
2.69 257.15 1
2.7 251.49 1
2.71 247.12 1
2.72 243.35 1
2.73 239.21 1
2.74 239.01 1
2.75 239.75 1
2.76 242.15 1
2.77 245.02 1
2.78 235.72 1
2.79 237.78 1
2.8 231.51 1
2.81 244.28 1
2.82 0.0 1
2.83 0.0 1
2.84 0.0 1
2.85 0.0 1
2.86 0.0 1
2.87 0.0 1
2.88 0.0 1
2.89 0.0 1
2.9 0.0 1
2.91 0.0 1
2.92 0.0 1
2.93 0.0 1
2.94 0.0 1
2.95 0.0 1
2.96 309.48 1
2.97 301.09 1
2.98 305.21 1
2.99 301.03 1
3.0 298.63 1
3.01 297.42 1
3.02 293.24 1
3.03 295.01 1
3.04 295.04 1
3.05 295.18 1
3.06 293.21 1
3.07 293.21 1
3.08 291.48 1
3.09 291.48 1
3.1 294.68 1
3.11 291.42 1
3.12 291.26 1
3.13 290.82 1
3.14 291.09 1
3.15 290.21 1
3.16 289.77 1
3.17 289.13 1
3.18 289.34 1
3.19 289.17 1
3.2 289.28 1
3.21 289.34 1
3.22 290.51 1
3.23 288.21 1
3.24 284.72 1
3.25 282.08 1
3.26 278.62 1
3.27 273.89 1
3.28 261.88 1
3.29 259.22 1
3.3 241.81 1
3.31 225.29 1
3.32 222.1 1
3.33 218.94 1
3.34 223.21 1
3.35 223.85 1
3.36 228.35 1
3.37 236.49 1
3.38 243.58 1
3.39 258.66 1
3.4 271.81 1
3.41 284.99 1
3.42 279.99 1
3.43 280.04 1
3.44 290.82 1
3.45 301.31 1
3.46 295.74 1
3.47 289.08 1
3.48 283.36 1
3.49 275.74 1
3.5 268.05 1
3.51 261.56 1
3.52 256.57 1
3.53 251.13 1
3.54 245.68 1
3.55 239.83 1
3.56 238.7 1
3.57 238.67 1
3.58 239.98 1
3.59 244.25 1
3.6 243.61 1
3.61 246.94 1
3.62 247.84 1
3.63 252.7 1
3.64 255.69 1
3.65 254.02 1
3.66 275.76 1
3.67 272.27 1
3.68 282.38 1
3.69 294.36 1
3.7 325.99 1
3.71 330.23 1
3.72 331.82 1
3.73 330.39 1
3.74 328.61 1
3.75 323.17 1
3.76 322.85 1
3.77 319.43 1
3.78 313.06 1
3.79 311.82 1
3.8 309.42 1
3.81 302.61 1
3.82 298.81 1
3.83 295.33 1
3.84 291.01 1
3.85 291.58 1
3.86 291.15 1
3.87 292.84 1
3.88 292.56 1
3.89 291.91 1
3.9 293.19 1
3.91 293.54 1
3.92 293.4 1
3.93 294.3 1
3.94 294.04 1
3.95 274.76 1
3.96 273.71 1
3.97 0.0 1
3.98 0.0 1
3.99 0.0 1
4.0 0.0 1
4.01 0.0 1
4.02 316.11 1
4.03 294.88 1
4.04 301.13 1
4.05 289.35 1
4.06 289.78 1
4.07 290.94 1
4.08 291.12 1
4.09 293.11 1
4.1 309.47 1
4.11 324.89 1
4.12 335.56 1
4.13 357.44 1
4.14 385.33 1
4.15 401.12 1
4.16 410.3 1
4.17 414.12 1
4.18 410.28 1
4.19 403.71 1
4.2 391.86 1
4.21 376.5 1
4.22 354.52 1
4.23 358.41 1
4.24 356.97 1
4.25 362.38 1
4.26 358.44 1
4.27 362.79 1
4.28 360.11 1
4.29 361.72 1
4.3 360.56 1
4.31 360.26 1
4.32 362.78 1
4.33 362.17 1
4.34 360.43 1
4.35 364.87 1
4.36 365.97 1
4.37 365.15 1
4.38 364.87 1
4.39 364.11 1
4.4 357.2 1
4.41 351.99 1
4.42 345.82 1
4.43 345.97 1
4.44 339.6 1
4.45 315.97 1
4.46 315.99 1
4.47 318.13 1
4.48 324.46 1
4.49 332.62 1
4.5 334.53 1
4.51 333.13 1
4.52 337.03 1
4.53 336.63 1
4.54 333.69 1
4.55 328.0 1
4.56 321.17 1
4.57 311.76 1
4.58 301.16 1
4.59 293.08 1
4.6 292.12 1
4.61 290.67 1
4.62 290.8 1
4.63 291.15 1
4.64 295.84 1
4.65 299.0 1
4.66 300.32 1
4.67 302.92 1
4.68 304.08 1
4.69 303.39 1
4.7 300.8 1
4.71 297.7 1
4.72 294.42 1
4.73 291.13 1
4.74 289.13 1
4.75 286.27 1
4.76 283.58 1
4.77 275.42 1
4.78 269.7 1
4.79 261.92 1
4.8 252.79 1
4.81 248.56 1
4.82 242.26 1
4.83 239.24 1
4.84 236.32 1
4.85 238.78 1
4.86 245.67 1
4.87 251.58 1
4.88 257.16 1
4.89 257.2 1
4.9 260.9 1
4.91 257.16 1
4.92 253.92 1
4.93 246.47 1
4.94 235.22 1
4.95 230.0 1
4.96 226.96 1
4.97 227.46 1
4.98 230.87 1
4.99 230.3 1
5.0 231.51 1
5.01 235.6 1
5.02 239.32 1
5.03 238.24 1
5.04 239.51 1
5.05 240.53 1
5.06 240.32 1
5.07 240.07 1
5.08 240.03 1
5.09 241.63 1
5.1 239.67 1
5.11 240.53 1
5.12 241.29 1
5.13 241.79 1
5.14 242.35 1
5.15 242.02 1
5.16 242.42 1
5.17 240.52 1
5.18 238.91 1
5.19 240.31 1
5.2 243.33 1
5.21 246.17 1
5.22 252.42 1
5.23 255.67 1
5.24 258.74 1
5.25 264.92 1
5.26 254.12 1
5.27 252.86 1
5.28 263.36 1
5.29 255.73 1
5.3 254.24 1
5.31 248.49 1
5.32 241.61 1
5.33 230.29 1
5.34 223.84 1
5.35 216.71 1
5.36 212.26 1
5.37 210.06 1
5.38 215.14 1
5.39 216.08 1
5.4 220.25 1
5.41 226.79 1
5.42 228.75 1
5.43 230.29 1
5.44 230.29 1
5.45 230.29 1
5.46 235.19 1
5.47 229.59 1
5.48 223.97 1
5.49 221.29 1
5.5 218.39 1
5.51 212.33 1
5.52 213.25 1
5.53 214.88 1
5.54 211.46 1
5.55 219.6 1
5.56 223.96 1
5.57 230.54 1
5.58 236.46 1
5.59 241.83 1
5.6 248.49 1
5.61 243.39 1
5.62 250.68 1
5.63 250.01 1
5.64 245.08 1
5.65 245.06 1
5.66 245.22 1
5.67 242.85 1
5.68 241.88 1
5.69 239.65 1
5.7 239.28 1
5.71 237.25 1
5.72 239.48 1
5.73 242.92 1
5.74 247.84 1
5.75 254.42 1
5.76 257.15 1
5.77 269.59 1
5.78 278.97 1
5.79 262.05 1
5.8 280.29 1
5.81 278.29 1
5.82 269.76 1
