0.01 290.01 1
0.02 292.02 1
0.03 292.05 1
0.04 291.43 1
0.05 291.62 1
0.06 291.14 1
0.07 291.17 1
0.08 293.05 1
0.09 293.04 1
0.1 291.17 1
0.11 293.04 1
0.12 293.04 1
0.13 291.17 1
0.14 293.04 1
0.15 293.03 1
0.16 291.15 1
0.17 291.11 1
0.18 291.09 1
0.19 291.1 1
0.2 290.96 1
0.21 290.78 1
0.22 290.32 1
0.23 290.49 1
0.24 290.38 1
0.25 290.74 1
0.26 291.1 1
0.27 291.14 1
0.28 291.18 1
0.29 292.7 1
0.3 291.14 1
0.31 292.5 1
0.32 291.13 1
0.33 292.19 1
0.34 291.98 1
0.35 291.13 1
0.36 291.1 1
0.37 291.09 1
0.38 290.81 1
0.39 291.09 1
0.4 291.12 1
0.41 291.19 1
0.42 293.12 1
0.43 295.06 1
0.44 293.1 1
0.45 289.85 1
0.46 293.05 1
0.47 293.03 1
0.48 287.32 1
0.49 289.92 1
0.5 287.3 1
0.51 283.6 1
0.52 276.48 1
0.53 270.22 1
0.54 259.3 1
0.55 246.56 1
0.56 239.79 1
0.57 231.58 1
0.58 231.03 1
0.59 227.01 1
0.6 240.29 1
0.61 245.28 1
0.62 249.93 1
0.63 254.33 1
0.64 259.8 1
0.65 258.79 1
0.66 258.82 1
0.67 259.94 1
0.68 255.1 1
0.69 249.81 1
0.7 245.46 1
0.71 236.56 1
0.72 232.71 1
0.73 232.12 1
0.74 231.66 1
0.75 240.23 1
0.76 242.33 1
0.77 246.59 1
0.78 251.75 1
0.79 255.84 1
0.8 254.33 1
0.81 254.39 1
0.82 258.71 1
0.83 259.92 1
0.84 258.39 1
0.85 255.71 1
0.86 253.31 1
0.87 250.34 1
0.88 247.91 1
0.89 248.08 1
0.9 250.31 1
0.91 252.5 1
0.92 257.15 1
0.93 262.87 1
0.94 260.22 1
0.95 264.9 1
0.96 261.75 1
0.97 231.45 1
0.98 249.87 1
0.99 265.65 1
1.0 265.8 1
1.01 258.7 1
1.02 269.66 1
1.03 252.73 1
1.04 258.66 1
1.05 255.67 1
1.06 264.88 1
1.07 289.66 1
1.08 295.82 1
1.09 296.89 1
1.1 294.56 1
1.11 293.03 1
1.12 294.41 1
1.13 294.98 1
1.14 293.05 1
1.15 293.06 1
1.16 295.0 1
1.17 293.07 1
1.18 295.0 1
1.19 293.07 1
1.2 295.01 1
1.21 293.09 1
1.22 293.08 1
1.23 293.08 1
1.24 295.01 1
1.25 294.99 1
1.26 293.03 1
1.27 291.11 1
1.28 289.33 1
1.29 291.27 1
1.3 291.26 1
1.31 291.15 1
1.32 146.29 1
1.33 145.81 1
1.34 147.84 1
1.35 145.34 1
1.36 151.28 1
1.37 145.33 1
1.38 150.23 1
1.39 145.8 1
1.4 148.72 1
1.41 145.33 1
1.42 150.2 1
1.43 144.05 1
1.44 151.72 1
1.45 144.36 1
1.46 149.72 1
1.47 145.82 1
1.48 150.9 1
1.49 146.32 1
1.5 149.22 1
1.51 145.8 1
1.52 151.97 1
1.53 147.74 1
1.54 150.91 1
1.55 148.24 1
1.56 150.76 1
1.57 146.32 1
1.58 147.74 1
1.59 147.66 1
1.6 148.59 1
1.61 146.51 1
1.62 146.27 1
1.63 147.32 1
1.64 146.76 1
1.65 120.0 1
1.66 118.88 1
1.67 245.38 1
1.68 251.43 1
1.69 245.81 1
1.7 247.03 1
1.71 247.54 1
1.72 248.92 1
1.73 249.01 1
1.74 250.35 1
1.75 250.93 1
1.76 250.06 1
1.77 250.11 1
1.78 249.45 1
1.79 249.11 1
1.8 247.31 1
1.81 245.14 1
1.82 244.31 1
1.83 242.85 1
1.84 242.59 1
1.85 245.63 1
1.86 245.94 1
1.87 246.91 1
1.88 247.27 1
1.89 247.66 1
1.9 246.71 1
1.91 246.77 1
1.92 249.16 1
1.93 257.17 1
1.94 263.28 1
1.95 260.21 1
1.96 258.71 1
1.97 256.99 1
1.98 268.08 1
1.99 247.36 1
2.0 242.93 1
2.01 238.41 1
2.02 236.03 1
2.03 236.78 1
2.04 242.91 1
2.05 243.81 1
2.06 248.72 1
2.07 254.28 1
2.08 257.18 1
2.09 263.31 1
2.1 263.39 1
2.11 265.49 1
2.12 260.3 1
2.13 255.79 1
2.14 250.42 1
2.15 245.53 1
2.16 237.55 1
2.17 230.12 1
2.18 226.8 1
2.19 229.91 1
2.2 235.18 1
2.21 244.1 1
2.22 252.18 1
2.23 266.36 1
2.24 264.88 1
2.25 275.67 1
2.26 291.18 1
2.27 290.08 1
2.28 274.03 1
2.29 281.68 1
2.3 287.96 1
2.31 279.17 1
2.32 278.17 1
2.33 269.63 1
2.34 258.67 1
2.35 251.29 1
2.36 245.07 1
2.37 236.51 1
2.38 236.44 1
2.39 237.05 1
2.4 241.34 1
2.41 247.13 1
2.42 254.94 1
2.43 254.24 1
2.44 258.68 1
2.45 264.0 1
2.46 262.41 1
2.47 258.2 1
2.48 252.62 1
2.49 245.8 1
2.5 236.47 1
2.51 231.68 1
2.52 225.11 1
2.53 221.97 1
2.54 220.95 1
2.55 219.97 1
2.56 208.18 1
2.57 219.94 1
2.58 218.25 1
2.59 217.78 1
2.6 220.43 1
2.61 220.1 1
2.62 232.75 1
2.63 220.93 1
2.64 182.47 1
2.65 243.61 1
2.66 255.14 1
2.67 253.32 1
2.68 252.03 1
2.69 251.04 1
2.7 247.56 1
2.71 244.95 1
2.72 241.81 1
2.73 241.23 1
2.74 243.97 1
2.75 246.79 1
2.76 244.43 1
2.77 245.99 1
2.78 245.97 1
2.79 245.42 1
2.8 246.23 1
2.81 246.42 1
2.82 246.05 1
2.83 242.44 1
2.84 240.31 1
2.85 234.6 1
2.86 286.99 1
2.87 280.51 1
2.88 260.22 1
2.89 255.81 1
2.9 242.95 1
2.91 231.8 1
2.92 225.04 1
2.93 217.39 1
2.94 218.31 1
2.95 220.37 1
2.96 227.92 1
2.97 231.6 1
2.98 240.27 1
2.99 244.43 1
3.0 249.22 1
3.01 253.05 1
3.02 252.78 1
3.03 254.13 1
3.04 251.47 1
3.05 246.98 1
3.06 242.97 1
3.07 234.72 1
3.08 232.68 1
3.09 233.92 1
3.1 225.85 1
3.11 220.32 1
3.12 219.94 1
3.13 215.65 1
3.14 210.5 1
3.15 210.5 1
3.16 203.7 1
3.17 200.52 1
3.18 200.64 1
3.19 196.97 1
3.2 97.39 1
3.21 96.77 1
3.22 95.98 1
3.23 96.34 1
3.24 96.19 1
3.25 95.7 1
3.26 95.94 1
3.27 95.85 1
3.28 96.32 1
3.29 96.51 1
3.3 96.19 1
3.31 96.27 1
3.32 95.98 1
3.33 96.18 1
3.34 96.39 1
3.35 95.98 1
3.36 95.75 1
3.37 95.56 1
3.38 96.39 1
3.39 96.6 1
3.4 96.61 1
3.41 97.45 1
3.42 97.25 1
3.43 96.91 1
3.44 96.31 1
3.45 95.6 1
3.46 95.92 1
3.47 96.57 1
3.48 96.77 1
3.49 96.58 1
3.5 96.52 1
3.51 96.99 1
3.52 97.67 1
3.53 98.54 1
3.54 99.21 1
3.55 99.43 1
3.56 208.52 1
3.57 227.91 1
3.58 246.12 1
3.59 246.98 1
3.6 252.57 1
3.61 254.21 1
3.62 258.34 1
3.63 251.3 1
3.64 247.59 1
3.65 244.71 1
3.66 237.73 1
3.67 229.38 1
3.68 225.58 1
3.69 222.34 1
3.7 218.8 1
3.71 219.91 1
3.72 206.53 1
3.73 218.82 1
3.74 217.74 1
3.75 218.84 1
3.76 218.23 1
3.77 217.85 1
3.78 217.76 1
3.79 214.62 1
3.8 217.76 1
3.81 214.87 1
3.82 215.55 1
3.83 213.69 1
3.84 216.42 1
3.85 239.84 1
3.86 221.03 1
3.87 217.22 1
3.88 228.36 1
3.89 251.29 1
3.9 232.33 1
3.91 213.6 1
3.92 231.48 1
3.93 225.24 1
3.94 229.43 1
3.95 221.84 1
3.96 225.59 1
3.97 200.77 1
3.98 207.53 1
3.99 219.94 1
4.0 208.56 1
4.01 205.18 1
4.02 220.34 1
4.03 222.2 1
4.04 230.31 1
4.05 235.2 1
4.06 239.93 1
4.07 239.01 1
4.08 231.5 1
4.09 229.25 1
4.1 224.02 1
4.11 214.64 1
4.12 215.63 1
4.13 207.55 1
4.14 206.01 1
4.15 202.81 1
4.16 204.58 1
4.17 203.5 1
4.18 196.24 1
4.19 202.8 1
4.2 199.83 1
4.21 195.58 1
4.22 195.67 1
4.23 184.2 1
4.24 193.84 1
4.25 183.86 1
4.26 93.4 1
4.27 97.91 1
4.28 95.98 1
4.29 96.82 1
4.3 98.06 1
4.31 97.46 1
4.32 97.24 1
4.33 98.28 1
4.34 147.25 1
4.35 146.29 1
4.36 145.21 1
4.37 144.36 1
4.38 144.36 1
4.39 147.29 1
4.4 145.31 1
4.41 147.74 1
4.42 144.35 1
4.43 146.04 1
4.44 144.83 1
4.45 148.3 1
4.46 143.6 1
4.47 148.27 1
4.48 145.35 1
4.49 150.06 1
4.5 144.1 1
4.51 149.06 1
4.52 198.85 1
4.53 199.71 1
4.54 201.76 1
4.55 201.38 1
4.56 195.57 1
4.57 194.68 1
4.58 195.33 1
4.59 195.91 1
4.6 195.63 1
4.61 196.89 1
4.62 197.26 1
4.63 197.58 1
4.64 196.87 1
4.65 196.45 1
4.66 195.12 1
4.67 195.55 1
4.68 195.74 1
4.69 194.9 1
4.7 194.0 1
4.71 192.16 1
4.72 195.35 1
4.73 195.4 1
4.74 194.72 1
4.75 193.86 1
4.76 195.4 1
4.77 181.04 1
4.78 142.03 1
4.79 147.75 1
4.8 148.08 1
4.81 145.8 1
4.82 143.89 1
4.83 150.77 1
4.84 147.25 1
4.85 198.2 1
4.86 183.59 1
4.87 195.55 1
4.88 197.49 1
4.89 200.91 1
4.9 214.13 1
4.91 227.95 1
4.92 125.66 1
4.93 132.25 1
4.94 257.35 1
4.95 259.96 1
4.96 256.7 1
4.97 248.37 1
4.98 232.4 1
4.99 222.4 1
5.0 209.8 1
5.01 205.08 1
5.02 203.67 1
5.03 203.84 1
5.04 206.81 1
5.05 211.52 1
5.06 213.16 1
5.07 216.72 1
5.08 223.11 1
5.09 203.42 1
5.1 198.2 1
5.11 213.09 1
5.12 201.83 1
5.13 203.3 1
5.14 216.97 1
5.15 201.83 1
5.16 200.0 1
5.17 216.1 1
5.18 234.6 1
5.19 242.97 1
5.2 247.01 1
5.21 245.65 1
5.22 245.92 1
5.23 246.1 1
5.24 246.13 1
5.25 245.01 1
5.26 244.56 1
5.27 241.99 1
5.28 240.79 1
5.29 240.85 1
5.3 241.63 1
5.31 241.38 1
5.32 241.39 1
5.33 241.19 1
5.34 241.57 1
5.35 240.32 1
5.36 240.33 1
5.37 240.32 1
5.38 241.0 1
5.39 242.0 1
5.4 242.14 1
5.41 230.29 1
5.42 241.62 1
5.43 241.64 1
5.44 247.03 1
5.45 243.59 1
5.46 246.16 1
5.47 241.64 1
5.48 249.85 1
5.49 225.61 1
5.5 222.76 1
5.51 219.93 1
5.52 219.75 1
5.53 225.06 1
5.54 228.08 1
5.55 244.31 1
5.56 255.74 1
5.57 274.75 1
5.58 282.39 1
5.59 286.08 1
5.6 285.81 1
5.61 281.77 1
