0.01 0.0 1
0.02 0.0 1
0.03 0.0 1
0.04 0.0 1
0.05 443.02 1
0.06 393.71 1
0.07 393.4 1
0.08 393.63 1
0.09 389.61 1
0.1 391.9 1
0.11 389.82 1
0.12 389.79 1
0.13 390.64 1
0.14 388.47 1
0.15 391.49 1
0.16 389.69 1
0.17 391.9 1
0.18 390.78 1
0.19 389.34 1
0.2 194.08 1
0.21 193.42 1
0.22 193.85 1
0.23 195.48 1
0.24 195.47 1
0.25 195.18 1
0.26 197.17 1
0.27 194.1 1
0.28 192.78 1
0.29 192.96 1
0.3 193.78 1
0.31 193.79 1
0.32 193.27 1
0.33 191.93 1
0.34 190.57 1
0.35 188.96 1
0.36 189.74 1
0.37 191.32 1
0.38 192.04 1
0.39 193.6 1
0.4 188.95 1
0.41 182.65 1
0.42 188.08 1
0.43 198.18 1
0.44 193.25 1
0.45 193.39 1
0.46 152.34 1
0.47 151.8 1
0.48 156.0 1
0.49 161.84 1
0.5 168.63 1
0.51 169.56 1
0.52 169.72 1
0.53 169.29 1
0.54 167.71 1
0.55 166.6 1
0.56 165.27 1
0.57 163.48 1
0.58 161.29 1
0.59 155.56 1
0.6 155.67 1
0.61 154.61 1
0.62 154.04 1
0.63 153.82 1
0.64 152.34 1
0.65 152.72 1
0.66 150.88 1
0.67 149.87 1
0.68 149.24 1
0.69 149.74 1
0.7 147.89 1
0.71 146.95 1
0.72 144.37 1
0.73 142.97 1
0.74 144.79 1
0.75 143.04 1
0.76 143.27 1
0.77 143.71 1
0.78 144.51 1
0.79 144.88 1
0.8 144.38 1
0.81 145.79 1
0.82 143.29 1
0.83 142.06 1
0.84 145.94 1
0.85 145.98 1
0.86 145.72 1
0.87 150.58 1
0.88 154.25 1
0.89 151.38 1
0.9 151.79 1
0.91 146.77 1
0.92 143.88 1
0.93 140.29 1
0.94 143.91 1
0.95 144.36 1
0.96 140.63 1
0.97 140.86 1
0.98 143.38 1
0.99 144.36 1
1.0 145.79 1
1.01 147.74 1
1.02 151.28 1
1.03 150.25 1
1.04 151.28 1
1.05 150.01 1
1.06 147.29 1
1.07 144.35 1
1.08 143.07 1
1.09 143.66 1
1.1 143.17 1
1.11 143.42 1
1.12 204.69 1
1.13 202.76 1
1.14 197.18 1
1.15 193.82 1
1.16 199.88 1
1.17 216.64 1
1.18 366.57 1
1.19 364.63 1
1.2 381.55 1
1.21 361.15 1
1.22 351.95 1
1.23 362.16 1
1.24 368.81 1
1.25 365.2 1
1.26 365.95 1
1.27 354.31 1
1.28 332.0 1
1.29 0.0 1
1.3 0.0 1
1.31 0.0 1
1.32 0.0 1
1.33 195.24 1
1.34 192.68 1
1.35 198.56 1
1.36 202.72 1
1.37 199.23 1
1.38 197.81 1
1.39 196.39 1
1.4 195.55 1
1.41 195.64 1
1.42 196.42 1
1.43 197.27 1
1.44 194.92 1
1.45 195.4 1
1.46 194.56 1
1.47 197.26 1
1.48 189.77 1
1.49 196.42 1
1.5 195.22 1
1.51 196.42 1
1.52 195.63 1
1.53 198.18 1
1.54 196.84 1
1.55 195.93 1
1.56 197.09 1
1.57 203.7 1
1.58 196.23 1
1.59 197.22 1
1.6 197.27 1
1.61 195.55 1
1.62 196.02 1
1.63 200.0 1
1.64 196.44 1
1.65 197.32 1
1.66 195.61 1
1.67 198.16 1
1.68 146.51 1
1.69 145.8 1
1.7 146.62 1
1.71 148.23 1
1.72 147.73 1
1.73 147.34 1
1.74 147.54 1
1.75 147.91 1
1.76 146.55 1
1.77 149.73 1
1.78 316.13 1
1.79 331.69 1
1.8 330.24 1
1.81 315.88 1
1.82 318.12 1
1.83 305.0 1
1.84 296.97 1
1.85 293.23 1
1.86 293.37 1
1.87 154.77 1
1.88 157.88 1
1.89 160.66 1
1.9 182.26 1
1.91 183.41 1
1.92 192.03 1
1.93 187.38 1
1.94 391.79 1
1.95 396.88 1
1.96 399.68 1
1.97 405.4 1
1.98 391.13 1
1.99 388.33 1
2.0 378.74 1
2.01 363.35 1
2.02 354.55 1
2.03 351.59 1
2.04 345.97 1
2.05 338.89 1
2.06 333.2 1
2.07 331.91 1
2.08 331.99 1
2.09 332.1 1
2.1 332.58 1
2.11 332.97 1
2.12 331.21 1
2.13 328.15 1
2.14 325.06 1
2.15 325.36 1
2.16 322.96 1
2.17 323.42 1
2.18 323.43 1
2.19 324.83 1
2.2 326.62 1
2.21 326.54 1
2.22 330.26 1
2.23 327.87 1
2.24 330.34 1
2.25 335.32 1
2.26 354.24 1
2.27 364.86 1
2.28 375.35 1
2.29 375.68 1
2.3 364.28 1
2.31 378.72 1
2.32 383.15 1
2.33 385.85 1
2.34 387.51 1
2.35 390.74 1
2.36 392.27 1
2.37 395.82 1
2.38 396.45 1
2.39 396.42 1
2.4 396.76 1
2.41 394.23 1
2.42 387.11 1
2.43 381.67 1
2.44 374.76 1
2.45 360.27 1
2.46 360.35 1
2.47 358.93 1
2.48 361.49 1
2.49 364.45 1
2.5 371.47 1
2.51 381.23 1
2.52 384.73 1
2.53 388.63 1
2.54 395.77 1
2.55 394.51 1
2.56 385.05 1
2.57 360.03 1
2.58 358.85 1
2.59 365.0 1
2.6 333.11 1
2.61 370.21 1
2.62 368.3 1
2.63 0.0 1
2.64 0.0 1
2.65 0.0 1
2.66 0.0 1
2.67 0.0 1
2.68 0.0 1
2.69 0.0 1
2.7 416.51 1
2.71 400.86 1
2.72 390.51 1
2.73 389.69 1
2.74 391.99 1
2.75 391.47 1
2.76 392.67 1
2.77 392.51 1
2.78 393.33 1
2.79 394.75 1
2.8 393.8 1
2.81 393.99 1
2.82 393.68 1
2.83 390.36 1
2.84 390.24 1
2.85 389.38 1
2.86 387.39 1
2.87 388.54 1
2.88 391.84 1
2.89 391.89 1
2.9 391.92 1
2.91 391.98 1
2.92 393.17 1
2.93 394.29 1
2.94 392.09 1
2.95 391.18 1
2.96 390.17 1
2.97 389.88 1
2.98 389.64 1
2.99 382.14 1
3.0 382.17 1
3.01 388.63 1
3.02 391.64 1
3.03 390.26 1
3.04 395.32 1
3.05 0.0 1
3.06 0.0 1
3.07 0.0 1
3.08 406.36 1
3.09 418.01 1
3.1 399.24 1
3.11 392.95 1
3.12 388.52 1
3.13 385.02 1
3.14 381.53 1
3.15 381.48 1
3.16 378.26 1
3.17 375.0 1
3.18 378.38 1
3.19 391.47 1
3.2 388.43 1
3.21 389.21 1
3.22 392.8 1
3.23 394.29 1
3.24 395.19 1
3.25 395.88 1
3.26 394.86 1
3.27 394.23 1
3.28 391.92 1
3.29 388.39 1
3.3 381.54 1
3.31 378.36 1
3.32 354.48 1
3.33 343.32 1
3.34 332.78 1
3.35 327.67 1
3.36 315.82 1
3.37 297.54 1
3.38 298.53 1
3.39 296.91 1
3.4 285.83 1
3.41 289.12 1
3.42 289.91 1
3.43 288.37 1
3.44 286.65 1
3.45 283.22 1
3.46 280.09 1
3.47 282.89 1
3.48 284.15 1
3.49 278.28 1
3.5 0.0 1
3.51 0.0 1
3.52 0.0 1
3.53 0.0 1
3.54 0.0 1
3.55 0.0 1
3.56 287.85 1
3.57 285.52 1
3.58 286.44 1
3.59 283.48 1
3.6 285.04 1
3.61 284.87 1
3.62 283.61 1
3.63 281.89 1
3.64 280.21 1
3.65 280.02 1
3.66 278.36 1
3.67 279.32 1
3.68 284.13 1
3.69 289.18 1
3.7 291.34 1
3.71 307.47 1
3.72 323.92 1
3.73 171.26 1
3.74 179.87 1
3.75 371.99 1
3.76 377.06 1
3.77 385.01 1
3.78 384.62 1
3.79 388.31 1
3.8 384.93 1
3.81 381.47 1
3.82 374.75 1
3.83 368.91 1
3.84 355.27 1
3.85 345.89 1
3.86 340.39 1
3.87 330.34 1
3.88 327.83 1
3.89 324.76 1
3.9 327.84 1
3.91 327.85 1
3.92 327.77 1
3.93 328.95 1
3.94 329.11 1
3.95 328.21 1
3.96 326.42 1
3.97 324.57 1
3.98 323.42 1
3.99 323.89 1
4.0 323.89 1
4.01 327.81 1
4.02 325.96 1
4.03 333.47 1
4.04 337.94 1
4.05 341.01 1
4.06 369.02 1
4.07 369.18 1
4.08 382.1 1
4.09 385.18 1
4.1 382.05 1
4.11 386.8 1
4.12 379.16 1
4.13 391.47 1
4.14 391.55 1
4.15 393.43 1
4.16 394.18 1
4.17 393.63 1
4.18 390.34 1
4.19 388.53 1
4.2 382.94 1
4.21 378.27 1
4.22 352.38 1
4.23 352.06 1
4.24 346.47 1
4.25 351.47 1
4.26 355.73 1
4.27 360.28 1
4.28 371.0 1
4.29 378.18 1
4.3 385.61 1
4.31 389.78 1
4.32 394.15 1
4.33 394.54 1
4.34 390.18 1
4.35 365.29 1
4.36 334.83 1
4.37 356.63 1
4.38 364.48 1
4.39 335.68 1
4.4 391.91 1
4.41 358.74 1
4.42 0.0 1
4.43 0.0 1
4.44 0.0 1
4.45 0.0 1
4.46 0.0 1
4.47 301.03 1
4.48 296.02 1
4.49 282.7 1
4.5 276.36 1
4.51 263.25 1
4.52 255.72 1
4.53 258.0 1
4.54 254.6 1
4.55 254.21 1
4.56 255.56 1
4.57 254.2 1
4.58 254.18 1
4.59 253.33 1
4.6 253.47 1
4.61 254.18 1
4.62 253.29 1
4.63 254.18 1
4.64 255.01 1
4.65 254.2 1
4.66 258.67 1
4.67 258.74 1
4.68 263.33 1
4.69 281.5 1
4.7 144.36 1
4.71 151.8 1
4.72 157.26 1
4.73 163.72 1
4.74 168.74 1
4.75 182.65 1
4.76 181.71 1
4.77 181.65 1
4.78 184.0 1
4.79 183.14 1
4.8 187.01 1
4.81 190.36 1
4.82 191.34 1
4.83 187.25 1
4.84 182.61 1
4.85 186.37 1
4.86 189.52 1
4.87 203.59 1
4.88 189.7 1
4.89 192.73 1
4.9 190.59 1
4.91 191.94 1
4.92 193.79 1
4.93 194.62 1
4.94 189.95 1
4.95 188.72 1
4.96 187.43 1
4.97 184.63 1
4.98 368.93 1
4.99 360.43 1
5.0 351.58 1
5.01 356.95 1
5.02 346.43 1
5.03 340.65 1
5.04 337.79 1
5.05 334.71 1
5.06 330.5 1
5.07 325.27 1
5.08 327.67 1
5.09 325.31 1
5.1 327.44 1
5.11 315.33 1
5.12 322.83 1
5.13 320.59 1
5.14 320.63 1
5.15 320.87 1
5.16 327.74 1
5.17 327.68 1
5.18 330.13 1
5.19 334.72 1
5.2 340.63 1
5.21 340.66 1
5.22 335.39 1
5.23 323.06 1
5.24 337.76 1
5.25 332.91 1
5.26 320.87 1
5.27 325.46 1
5.28 283.42 1
5.29 283.51 1
5.3 278.2 1
5.31 298.93 1
5.32 298.16 1
5.33 294.23 1
5.34 299.22 1
5.35 292.69 1
5.36 290.65 1
5.37 291.65 1
5.38 293.03 1
5.39 294.08 1
5.4 294.83 1
5.41 295.04 1
5.42 296.46 1
5.43 293.18 1
5.44 295.09 1
5.45 295.11 1
5.46 295.78 1
5.47 294.66 1
5.48 294.78 1
5.49 293.07 1
5.5 293.04 1
5.51 292.41 1
5.52 292.48 1
5.53 291.09 1
5.54 291.8 1
5.55 292.31 1
5.56 291.63 1
5.57 291.66 1
5.58 292.61 1
5.59 292.71 1
5.6 293.16 1
5.61 293.04 1
5.62 293.87 1
5.63 293.02 1
5.64 291.13 1
5.65 292.2 1
5.66 291.12 1
5.67 291.13 1
5.68 291.11 1
5.69 291.11 1
5.7 291.1 1
5.71 291.14 1
5.72 291.09 1
5.73 293.0 1
5.74 292.74 1
5.75 292.42 1
5.76 291.1 1
5.77 292.62 1
5.78 292.34 1
5.79 293.02 1
5.8 292.54 1
5.81 292.12 1
5.82 291.83 1
5.83 291.53 1
5.84 291.05 1
5.85 290.53 1
5.86 291.11 1
5.87 291.1 1
5.88 291.1 1
5.89 291.22 1
5.9 291.09 1
5.91 291.45 1
5.92 291.77 1
5.93 292.49 1
5.94 292.53 1
5.95 291.47 1
5.96 290.66 1
5.97 289.08 1
5.98 287.01 1
5.99 281.77 1
6.0 285.45 1
6.01 123.68 1
6.02 119.68 1
6.03 113.24 1
6.04 112.66 1
6.05 232.73 1
6.06 235.27 1
6.07 244.26 1
6.08 252.45 1
6.09 260.27 1
6.1 247.06 1
6.11 0.0 1
6.12 0.0 1
6.13 0.0 1
6.14 0.0 1
6.15 0.0 1
6.16 0.0 1
6.17 302.22 1
6.18 291.99 1
6.19 283.17 1
6.2 265.49 1
6.21 254.45 1
6.22 245.63 1
6.23 116.81 1
6.24 112.1 1
6.25 114.86 1
6.26 116.78 1
6.27 238.93 1
6.28 240.26 1
6.29 247.16 1
6.3 250.52 1
6.31 257.23 1
6.32 261.8 1
6.33 271.47 1
6.34 276.63 1
6.35 279.4 1
6.36 277.62 1
6.37 280.1 1
6.38 281.01 1
6.39 281.66 1
6.4 280.94 1
6.41 281.8 1
6.42 282.7 1
6.43 285.21 1
6.44 286.9 1
6.45 288.77 1
6.46 289.81 1
6.47 288.77 1
6.48 287.93 1
6.49 287.41 1
6.5 287.02 1
6.51 289.49 1
6.52 290.75 1
6.53 287.91 1
6.54 288.02 1
6.55 288.45 1
6.56 285.45 1
6.57 277.71 1
6.58 288.03 1
6.59 325.41 1
6.6 352.0 1
6.61 348.0 1
6.62 346.34 1
6.63 342.41 1
6.64 336.73 1
6.65 327.89 1
6.66 322.87 1
6.67 318.17 1
6.68 303.47 1
6.69 318.25 1
6.7 312.57 1
6.71 313.88 1
6.72 322.83 1
6.73 325.32 1
6.74 329.05 1
6.75 335.26 1
6.76 336.82 1
6.77 336.65 1
6.78 338.58 1
6.79 335.42 1
6.8 332.9 1
6.81 327.88 1
6.82 318.74 1
6.83 325.22 1
6.84 316.01 1
6.85 316.01 1
6.86 322.79 1
6.87 316.2 1
6.88 327.77 1
6.89 323.08 1
6.9 330.22 1
6.91 322.93 1
6.92 320.7 1
6.93 337.73 1
6.94 341.89 1
6.95 335.14 1
6.96 369.04 1
6.97 356.7 1
6.98 461.78 1
6.99 363.51 1
7.0 356.83 1
7.01 352.07 1
7.02 340.54 1
7.03 330.32 1
7.04 325.19 1
7.05 313.2 1
7.06 312.49 1
7.07 314.93 1
7.08 319.17 1
7.09 326.2 1
7.1 329.8 1
7.11 335.27 1
7.12 340.55 1
7.13 349.13 1
7.14 348.49 1
7.15 346.02 1
7.16 347.98 1
7.17 343.25 1
7.18 343.19 1
7.19 337.88 1
7.2 331.31 1
7.21 325.56 1
7.22 322.89 1
7.23 313.48 1
7.24 301.11 1
7.25 291.34 1
7.26 286.65 1
7.27 283.88 1
7.28 279.74 1
7.29 269.72 1
7.3 265.67 1
7.31 264.26 1
7.32 260.29 1
7.33 262.7 1
7.34 257.24 1
7.35 255.77 1
7.36 252.76 1
7.37 245.68 1
7.38 257.16 1
7.39 251.38 1
7.4 248.36 1
7.41 247.08 1
7.42 241.66 1
7.43 252.76 1
7.44 248.18 1
7.45 264.62 1
7.46 291.1 1
7.47 294.61 1
7.48 297.42 1
7.49 298.2 1
7.5 297.7 1
7.51 295.05 1
7.52 291.29 1
7.53 285.77 1
7.54 287.49 1
7.55 288.12 1
7.56 290.59 1
7.57 98.45 1
7.58 97.47 1
7.59 97.03 1
7.6 98.33 1
7.61 98.17 1
7.62 98.36 1
7.63 98.11 1
7.64 98.46 1
7.65 98.36 1
7.66 98.69 1
7.67 98.55 1
7.68 98.55 1
7.69 98.11 1
7.7 98.6 1
7.71 97.67 1
7.72 98.74 1
7.73 97.25 1
7.74 98.86 1
7.75 97.57 1
7.76 98.28 1
7.77 97.9 1
7.78 98.98 1
7.79 98.08 1
7.8 98.42 1
7.81 97.89 1
7.82 98.33 1
7.83 98.03 1
7.84 98.18 1
7.85 97.89 1
7.86 98.19 1
7.87 98.1 1
7.88 98.23 1
7.89 97.98 1
7.9 98.39 1
7.91 117.99 1
7.92 143.42 1
7.93 289.75 1
7.94 293.94 1
7.95 296.83 1
7.96 299.84 1
7.97 298.81 1
7.98 297.25 1
7.99 296.36 1
8.0 296.05 1
8.01 295.28 1
8.02 295.19 1
8.03 296.78 1
8.04 297.98 1
8.05 297.86 1
8.06 297.09 1
8.07 297.07 1
8.08 295.05 1
8.09 291.29 1
8.1 291.11 1
8.11 289.84 1
8.12 286.22 1
8.13 279.99 1
8.14 278.14 1
8.15 276.39 1
8.16 266.07 1
8.17 257.28 1
8.18 257.37 1
8.19 252.33 1
8.2 251.6 1
8.21 247.79 1
8.22 246.17 1
8.23 245.66 1
8.24 242.97 1
8.25 242.94 1
8.26 239.82 1
8.27 241.61 1
8.28 241.94 1
8.29 205.59 1
8.3 245.68 1
8.31 247.96 1
8.32 255.96 1
8.33 257.17 1
8.34 261.24 1
8.35 257.18 1
8.36 257.98 1
8.37 260.68 1
8.38 253.65 1
8.39 250.44 1
8.4 249.81 1
8.41 239.89 1
8.42 237.84 1
8.43 244.18 1
8.44 241.54 1
8.45 243.57 1
8.46 248.76 1
8.47 254.84 1
8.48 257.17 1
8.49 261.82 1
8.5 267.76 1
8.51 271.25 1
8.52 268.22 1
8.53 266.85 1
8.54 262.5 1
8.55 258.3 1
8.56 252.52 1
8.57 248.19 1
8.58 244.9 1
8.59 242.11 1
8.6 244.32 1
8.61 246.3 1
8.62 249.88 1
8.63 185.1 1
8.64 255.67 1
8.65 254.27 1
8.66 257.21 1
8.67 261.8 1
8.68 254.21 1
8.69 244.36 1
8.7 241.66 1
8.71 198.76 1
8.72 208.9 1
8.73 201.86 1
8.74 208.59 1
8.75 201.14 1
8.76 0.0 1
8.77 0.0 1
8.78 0.0 1
8.79 0.0 1
8.8 278.92 1
8.81 288.63 1
8.82 292.97 1
8.83 293.54 1
8.84 298.03 1
8.85 295.37 1
8.86 295.04 1
8.87 291.31 1
8.88 291.4 1
8.89 294.76 1
8.9 294.39 1
8.91 293.06 1
8.92 293.04 1
8.93 292.97 1
8.94 293.02 1
8.95 292.8 1
8.96 292.27 1
8.97 292.16 1
8.98 291.12 1
8.99 291.79 1
9.0 292.14 1
9.01 292.32 1
9.02 292.21 1
9.03 291.45 1
9.04 290.77 1
9.05 289.8 1
9.06 289.75 1
9.07 289.34 1
9.08 289.75 1
9.09 290.37 1
9.1 291.28 1
9.11 290.73 1
9.12 290.64 1
9.13 293.11 1
9.14 291.18 1
9.15 290.85 1
9.16 291.11 1
9.17 294.31 1
9.18 293.06 1
9.19 299.01 1
9.2 303.71 1
9.21 298.1 1
9.22 291.11 1
9.23 280.91 1
9.24 278.12 1
9.25 271.36 1
9.26 271.2 1
9.27 270.52 1
9.28 272.98 1
9.29 275.68 1
9.3 281.71 1
9.31 286.08 1
9.32 290.78 1
9.33 293.18 1
9.34 297.45 1
9.35 295.13 1
9.36 295.4 1
9.37 293.01 1
9.38 290.13 1
9.39 286.09 1
9.4 281.4 1
9.41 277.35 1
9.42 274.65 1
9.43 271.25 1
9.44 263.3 1
9.45 258.66 1
9.46 251.15 1
9.47 247.04 1
9.48 237.08 1
9.49 233.09 1
9.5 229.76 1
9.51 226.5 1
9.52 223.37 1
9.53 221.69 1
9.54 221.23 1
9.55 218.93 1
9.56 220.07 1
9.57 221.09 1
9.58 221.83 1
9.59 224.26 1
9.6 217.92 1
9.61 215.62 1
9.62 204.63 1
9.63 0.0 1
9.64 0.0 1
9.65 0.0 1
9.66 0.0 1
9.67 222.19 1
9.68 226.61 1
9.69 238.63 1
9.7 244.29 1
9.71 244.31 1
9.72 245.49 1
9.73 245.94 1
9.74 246.79 1
9.75 247.0 1
9.76 245.77 1
9.77 244.81 1
9.78 244.18 1
9.79 243.46 1
9.8 243.33 1
9.81 243.32 1
9.82 243.26 1
9.83 243.05 1
9.84 243.43 1
9.85 243.73 1
9.86 243.85 1
9.87 244.27 1
9.88 243.71 1
9.89 243.68 1
9.9 243.08 1
9.91 242.96 1
9.92 241.64 1
9.93 241.63 1
9.94 241.63 1
9.95 241.33 1
9.96 242.97 1
9.97 243.12 1
9.98 240.35 1
9.99 242.33 1
10.0 247.05 1
10.01 255.58 1
10.02 245.65 1
10.03 247.03 1
10.04 260.15 1
10.05 259.07 1
10.06 250.95 1
10.07 248.5 1
10.08 245.64 1
10.09 238.73 1
10.1 237.02 1
10.11 236.55 1
10.12 239.01 1
10.13 242.9 1
10.14 245.06 1
10.15 249.57 1
10.16 255.06 1
10.17 255.72 1
10.18 261.25 1
10.19 257.24 1
10.2 257.3 1
10.21 259.25 1
10.22 256.5 1
10.23 252.76 1
10.24 248.21 1
10.25 243.62 1
10.26 240.84 1
10.27 240.29 1
10.28 240.27 1
10.29 240.74 1
10.3 243.64 1
10.31 245.57 1
10.32 252.69 1
10.33 254.26 1
10.34 261.85 1
10.35 268.21 1
10.36 275.04 1
10.37 274.74 1
10.38 272.8 1
10.39 0.0 1
10.4 0.0 1
10.41 0.0 1
10.42 0.0 1
10.43 0.0 1
10.44 0.0 1
10.45 0.0 1
10.46 0.0 1
10.47 274.74 1
10.48 282.79 1
10.49 283.4 1
10.5 264.84 1
10.51 257.69 1
10.52 254.75 1
10.53 247.99 1
10.54 244.25 1
10.55 240.3 1
10.56 242.95 1
10.57 243.86 1
10.58 247.82 1
10.59 254.21 1
10.6 257.22 1
10.61 261.78 1
10.62 267.6 1
10.63 269.38 1
10.64 260.32 1
10.65 263.41 1
10.66 261.78 1
10.67 257.22 1
10.68 255.95 1
10.69 249.13 1
10.7 245.41 1
10.71 241.61 1
10.72 236.47 1
10.73 237.67 1
10.74 231.47 1
10.75 226.03 1
10.76 217.84 1
10.77 217.75 1
10.78 212.02 1
10.79 207.83 1
10.8 201.84 1
10.81 196.41 1
10.82 196.56 1
10.83 194.72 1
10.84 195.67 1
10.85 194.84 1
10.86 195.4 1
10.87 196.03 1
10.88 195.56 1
10.89 192.79 1
10.9 95.98 1
10.91 98.77 1
10.92 97.75 1
10.93 96.61 1
10.94 95.97 1
10.95 95.91 1
10.96 96.37 1
10.97 96.25 1
10.98 95.68 1
10.99 95.14 1
11.0 96.83 1
11.01 95.14 1
11.02 95.27 1
11.03 95.76 1
11.04 96.0 1
11.05 96.87 1
11.06 97.46 1
11.07 98.32 1
11.08 98.84 1
11.09 99.22 1
11.1 99.44 1
11.11 99.48 1
11.12 99.21 1
11.13 98.77 1
11.14 97.84 1
11.15 97.66 1
11.16 96.37 1
11.17 95.52 1
11.18 95.55 1
11.19 94.98 1
11.2 95.35 1
11.21 98.08 1
11.22 101.27 1
11.23 107.18 1
11.24 109.02 1
11.25 117.26 1
11.26 0.0 1
11.27 0.0 1
11.28 0.0 1
11.29 0.0 1
11.3 0.0 1
11.31 268.13 1
11.32 276.46 1
11.33 259.06 1
11.34 248.03 1
11.35 240.32 1
11.36 233.58 1
11.37 186.42 1
11.38 198.17 1
11.39 208.51 1
11.4 206.77 1
11.41 203.77 1
11.42 207.55 1
11.43 214.53 1
11.44 217.79 1
11.45 225.63 1
11.46 234.68 1
11.47 237.58 1
11.48 241.99 1
11.49 244.84 1
11.5 244.01 1
11.51 244.32 1
11.52 244.32 1
11.53 242.97 1
11.54 241.64 1
11.55 242.95 1
11.56 242.97 1
11.57 242.96 1
11.58 241.93 1
11.59 242.95 1
11.6 241.42 1
11.61 242.46 1
11.62 242.6 1
11.63 244.27 1
11.64 243.7 1
11.65 242.59 1
11.66 241.65 1
11.67 221.03 1
11.68 243.68 1
11.69 247.0 1
11.7 243.07 1
11.71 243.55 1
11.72 242.83 1
11.73 244.28 1
11.74 267.27 1
11.75 241.19 1
11.76 240.15 1
11.77 236.85 1
11.78 236.46 1
11.79 237.17 1
11.8 240.31 1
11.81 239.33 1
11.82 241.68 1
11.83 242.48 1
11.84 243.33 1
11.85 243.31 1
11.86 243.61 1
11.87 243.69 1
11.88 243.17 1
11.89 244.69 1
11.9 243.34 1
11.91 246.52 1
11.92 244.09 1
11.93 245.65 1
11.94 243.11 1
11.95 242.45 1
11.96 240.31 1
11.97 228.03 1
11.98 226.81 1
11.99 226.97 1
12.0 225.58 1
12.01 225.23 1
12.02 227.81 1
12.03 228.01 1
12.04 243.54 1
12.05 255.92 1
12.06 261.82 1
12.07 279.65 1
12.08 289.2 1
12.09 294.98 1
12.1 286.69 1
12.11 283.64 1
12.12 300.8 1
12.13 293.08 1
12.14 304.76 1
12.15 307.28 1
12.16 316.09 1
12.17 303.15 1
12.18 290.64 1
12.19 279.97 1
12.2 269.66 1
12.21 257.15 1
12.22 247.02 1
12.23 244.09 1
12.24 233.9 1
12.25 229.17 1
12.26 232.28 1
12.27 235.82 1
12.28 242.95 1
12.29 247.56 1
12.3 252.07 1
12.31 255.73 1
12.32 260.24 1
12.33 271.38 1
12.34 275.7 1
12.35 280.06 1
12.36 273.08 1
12.37 283.67 1
12.38 291.1 1
12.39 291.1 1
12.4 291.09 1
12.41 290.9 1
12.42 291.26 1
12.43 290.4 1
12.44 290.77 1
12.45 291.29 1
12.46 292.46 1
12.47 293.07 1
12.48 294.92 1
12.49 295.04 1
12.5 294.83 1
12.51 291.17 1
12.52 288.78 1
12.53 289.23 1
12.54 291.1 1
12.55 289.27 1
12.56 290.64 1
12.57 291.1 1
12.58 291.09 1
12.59 293.51 1
12.6 291.96 1
12.61 290.41 1
12.62 289.58 1
12.63 289.4 1
12.64 290.11 1
12.65 290.22 1
12.66 290.49 1
12.67 290.56 1
12.68 289.55 1
12.69 289.39 1
12.7 289.76 1
12.71 290.32 1
12.72 290.86 1
12.73 291.1 1
12.74 291.16 1
12.75 294.05 1
12.76 295.14 1
12.77 293.24 1
12.78 291.32 1
12.79 291.21 1
12.8 288.56 1
12.81 284.73 1
12.82 281.89 1
12.83 281.75 1
12.84 281.78 1
12.85 283.37 1
12.86 287.73 1
12.87 291.16 1
12.88 295.37 1
12.89 310.92 1
12.9 0.0 1
12.91 0.0 1
12.92 0.0 1
12.93 0.0 1
12.94 0.0 1
12.95 402.81 1
12.96 406.51 1
12.97 410.23 1
12.98 400.9 1
12.99 394.52 1
13.0 386.36 1
13.01 369.71 1
13.02 356.12 1
13.03 345.66 1
13.04 326.24 1
13.05 363.15 1
13.06 329.49 1
13.07 321.08 1
13.08 324.07 1
13.09 323.76 1
13.1 335.59 1
13.11 345.89 1
13.12 346.53 1
13.13 363.18 1
13.14 372.36 1
13.15 381.97 1
13.16 387.49 1
13.17 392.26 1
13.18 394.45 1
13.19 395.9 1
13.2 392.21 1
13.21 390.3 1
13.22 384.83 1
13.23 379.18 1
13.24 360.81 1
13.25 368.87 1
13.26 370.24 1
13.27 372.11 1
13.28 378.77 1
13.29 386.77 1
13.3 393.25 1
13.31 398.72 1
13.32 404.64 1
13.33 408.7 1
13.34 408.85 1
13.35 408.27 1
13.36 397.75 1
13.37 379.91 1
13.38 362.98 1
13.39 375.59 1
13.4 376.21 1
13.41 356.41 1
13.42 380.31 1
13.43 379.49 1
13.44 378.62 1
13.45 392.62 1
13.46 401.79 1
13.47 391.23 1
13.48 388.4 1
13.49 388.35 1
13.5 388.48 1
13.51 389.44 1
13.52 390.96 1
13.53 391.74 1
13.54 390.96 1
13.55 387.94 1
13.56 390.87 1
13.57 392.82 1
13.58 398.77 1
13.59 390.4 1
13.6 386.6 1
13.61 0.0 1
13.62 0.0 1
13.63 0.0 1
13.64 0.0 1
13.65 0.0 1
13.66 0.0 1
