0.01 0.0 1
0.02 0.0 1
0.03 0.0 1
0.04 0.0 1
0.05 0.0 1
0.06 0.0 1
0.07 0.0 1
0.08 0.0 1
0.09 0.0 1
0.1 0.0 1
0.11 0.0 1
0.12 397.73 1
0.13 380.77 1
0.14 379.84 1
0.15 380.28 1
0.16 379.77 1
0.17 379.76 1
0.18 381.9 1
0.19 378.75 1
0.2 386.4 1
0.21 381.36 1
0.22 385.21 1
0.23 381.41 1
0.24 381.63 1
0.25 386.25 1
0.26 388.74 1
0.27 386.88 1
0.28 388.36 1
0.29 392.21 1
0.3 388.5 1
0.31 388.87 1
0.32 389.87 1
0.33 390.83 1
0.34 392.34 1
0.35 391.67 1
0.36 390.51 1
0.37 390.04 1
0.38 389.25 1
0.39 390.04 1
0.4 389.94 1
0.41 389.97 1
0.42 390.47 1
0.43 390.86 1
0.44 391.32 1
0.45 391.47 1
0.46 392.2 1
0.47 390.85 1
0.48 389.92 1
0.49 390.72 1
0.5 390.98 1
0.51 390.78 1
0.52 391.02 1
0.53 391.01 1
0.54 390.33 1
0.55 388.91 1
0.56 387.68 1
0.57 388.12 1
0.58 387.29 1
0.59 389.2 1
0.6 390.44 1
0.61 390.64 1
0.62 391.16 1
0.63 391.15 1
0.64 391.44 1
0.65 392.59 1
0.66 392.11 1
0.67 392.72 1
0.68 391.53 1
0.69 391.9 1
0.7 392.25 1
0.71 391.79 1
0.72 391.82 1
0.73 392.14 1
0.74 391.95 1
0.75 391.71 1
0.76 391.49 1
0.77 391.29 1
0.78 391.21 1
0.79 391.25 1
0.8 391.2 1
0.81 391.5 1
0.82 392.8 1
0.83 392.96 1
0.84 393.13 1
0.85 394.23 1
0.86 393.55 1
0.87 391.57 1
0.88 390.5 1
0.89 388.99 1
0.9 390.71 1
0.91 390.05 1
0.92 389.5 1
0.93 389.43 1
0.94 389.36 1
0.95 390.21 1
0.96 392.03 1
0.97 392.6 1
0.98 391.31 1
0.99 390.6 1
1.0 389.32 1
1.01 390.39 1
1.02 390.21 1
1.03 390.24 1
1.04 390.16 1
1.05 390.9 1
1.06 391.2 1
1.07 391.23 1
1.08 390.92 1
1.09 390.17 1
1.1 389.44 1
1.11 389.84 1
1.12 389.67 1
1.13 389.11 1
1.14 390.11 1
1.15 391.92 1
1.16 391.46 1
1.17 392.3 1
1.18 392.41 1
1.19 392.3 1
1.2 392.74 1
1.21 393.26 1
1.22 392.8 1
1.23 392.96 1
1.24 393.38 1
1.25 392.43 1
1.26 392.0 1
1.27 391.74 1
1.28 390.66 1
1.29 390.32 1
1.3 389.6 1
1.31 391.93 1
1.32 390.45 1
1.33 390.32 1
1.34 391.83 1
1.35 389.21 1
1.36 388.6 1
1.37 388.37 1
1.38 391.63 1
1.39 394.86 1
1.4 391.38 1
1.41 394.57 1
1.42 391.6 1
1.43 391.66 1
1.44 398.66 1
1.45 405.38 1
1.46 0.0 1
1.47 395.14 1
1.48 389.01 1
1.49 391.9 1
1.5 390.35 1
1.51 390.12 1
1.52 389.94 1
1.53 388.24 1
1.54 388.53 1
1.55 391.82 1
1.56 388.67 1
1.57 391.86 1
1.58 391.83 1
1.59 390.33 1
1.6 390.35 1
1.61 389.66 1
1.62 389.33 1
1.63 390.08 1
1.64 390.48 1
1.65 390.36 1
1.66 389.96 1
1.67 388.53 1
1.68 391.63 1
1.69 388.5 1
1.7 391.8 1
1.71 388.55 1
1.72 391.75 1
1.73 391.54 1
1.74 381.54 1
1.75 378.27 1
1.76 368.97 1
1.77 360.09 1
1.78 354.32 1
1.79 350.99 1
1.8 344.77 1
1.81 349.03 1
1.82 351.48 1
1.83 357.27 1
1.84 374.9 1
1.85 381.5 1
1.86 381.89 1
1.87 393.85 1
1.88 398.12 1
1.89 399.25 1
1.9 399.09 1
1.91 397.3 1
1.92 394.3 1
1.93 391.99 1
1.94 388.5 1
1.95 391.51 1
1.96 388.12 1
1.97 394.9 1
1.98 388.02 1
1.99 381.57 1
2.0 381.38 1
2.01 372.12 1
2.02 372.04 1
2.03 183.21 1
2.04 182.86 1
2.05 182.69 1
2.06 183.36 1
2.07 183.38 1
2.08 183.92 1
2.09 183.38 1
2.1 183.92 1
2.11 182.76 1
2.12 184.04 1
2.13 181.96 1
2.14 181.22 1
2.15 180.89 1
2.16 179.83 1
2.17 179.86 1
2.18 181.02 1
2.19 182.04 1
2.2 183.52 1
2.21 183.34 1
2.22 198.73 1
2.23 379.09 1
2.24 383.02 1
2.25 387.64 1
2.26 391.89 1
2.27 389.56 1
2.28 393.39 1
2.29 393.65 1
2.3 395.12 1
2.31 393.5 1
2.32 392.36 1
2.33 391.94 1
2.34 391.79 1
2.35 388.47 1
2.36 388.32 1
2.37 385.15 1
2.38 391.39 1
2.39 391.42 1
2.4 391.61 1
2.41 388.54 1
2.42 391.68 1
2.43 389.43 1
2.44 389.58 1
2.45 388.43 1
2.46 388.42 1
2.47 387.59 1
2.48 391.69 1
2.49 388.7 1
2.5 388.54 1
2.51 389.14 1
2.52 389.05 1
2.53 389.47 1
2.54 388.9 1
2.55 387.45 1
2.56 382.57 1
2.57 375.79 1
2.58 374.92 1
2.59 363.02 1
2.6 350.2 1
2.61 335.36 1
2.62 327.78 1
2.63 316.09 1
2.64 316.03 1
2.65 313.55 1
2.66 318.51 1
2.67 327.04 1
2.68 338.56 1
2.69 347.85 1
2.7 357.24 1
2.71 372.68 1
2.72 387.37 1
2.73 382.55 1
2.74 351.02 1
2.75 386.39 1
2.76 385.28 1
2.77 379.82 1
2.78 373.43 1
2.79 364.39 1
2.8 357.17 1
2.81 353.25 1
2.82 345.91 1
2.83 340.28 1
2.84 337.77 1
2.85 334.03 1
2.86 331.37 1
2.87 328.59 1
2.88 325.67 1
2.89 325.44 1
2.9 323.99 1
2.91 323.03 1
2.92 321.78 1
2.93 323.0 1
2.94 320.9 1
2.95 322.59 1
2.96 322.56 1
2.97 324.96 1
2.98 331.03 1
2.99 336.43 1
3.0 343.04 1
3.01 354.3 1
3.02 360.32 1
3.03 373.47 1
3.04 378.68 1
3.05 380.28 1
3.06 379.35 1
3.07 377.14 1
3.08 377.28 1
3.09 375.86 1
3.1 373.79 1
3.11 373.95 1
3.12 373.54 1
3.13 373.78 1
3.14 372.11 1
3.15 368.97 1
3.16 361.93 1
3.17 355.17 1
3.18 353.15 1
3.19 354.22 1
3.2 362.91 1
3.21 372.3 1
3.22 388.02 1
3.23 391.38 1
3.24 404.01 1
3.25 410.23 1
3.26 416.01 1
3.27 421.23 1
3.28 396.26 1
3.29 376.68 1
3.3 357.19 1
3.31 345.36 1
3.32 369.1 1
3.33 325.02 1
3.34 291.99 1
3.35 287.58 1
3.36 295.66 1
3.37 329.04 1
3.38 325.33 1
3.39 327.73 1
3.4 333.11 1
3.41 338.77 1
3.42 342.33 1
3.43 340.89 1
3.44 344.18 1
3.45 341.75 1
3.46 338.98 1
3.47 334.64 1
3.48 327.84 1
3.49 321.44 1
3.5 320.29 1
3.51 309.02 1
3.52 301.31 1
3.53 300.76 1
3.54 297.32 1
3.55 295.25 1
3.56 292.65 1
3.57 292.34 1
3.58 291.14 1
3.59 293.27 1
3.6 294.56 1
3.61 295.76 1
3.62 297.04 1
3.63 298.14 1
3.64 297.02 1
3.65 295.78 1
3.66 293.98 1
3.67 293.34 1
3.68 294.06 1
3.69 293.55 1
3.7 294.19 1
3.71 294.99 1
3.72 296.37 1
3.73 295.88 1
3.74 296.78 1
3.75 296.81 1
3.76 296.96 1
3.77 296.17 1
3.78 295.02 1
3.79 295.97 1
3.8 295.0 1
3.81 296.94 1
3.82 295.03 1
3.83 298.05 1
3.84 296.98 1
3.85 296.82 1
3.86 296.25 1
3.87 295.78 1
3.88 294.2 1
3.89 294.48 1
3.9 293.65 1
3.91 294.16 1
3.92 294.67 1
3.93 294.93 1
3.94 295.09 1
3.95 294.93 1
3.96 294.86 1
3.97 295.65 1
3.98 295.37 1
3.99 294.38 1
4.0 294.27 1
4.01 294.38 1
4.02 294.99 1
4.03 295.67 1
4.04 296.03 1
4.05 297.08 1
4.06 296.16 1
4.07 296.31 1
4.08 296.53 1
4.09 296.57 1
4.1 295.75 1
4.11 296.1 1
4.12 296.28 1
4.13 296.09 1
4.14 295.72 1
4.15 295.34 1
4.16 294.99 1
4.17 294.63 1
4.18 293.0 1
4.19 291.71 1
4.2 289.04 1
4.21 285.06 1
4.22 278.39 1
4.23 273.35 1
4.24 264.43 1
4.25 253.32 1
4.26 244.51 1
4.27 232.37 1
4.28 228.08 1
4.29 226.74 1
4.3 226.75 1
4.31 235.33 1
4.32 243.0 1
4.33 252.23 1
4.34 257.17 1
4.35 266.49 1
4.36 276.09 1
4.37 283.97 1
4.38 288.26 1
4.39 290.27 1
4.4 293.85 1
4.41 294.78 1
4.42 293.5 1
4.43 291.33 1
4.44 289.78 1
4.45 286.69 1
4.46 280.95 1
4.47 276.32 1
4.48 272.18 1
4.49 266.18 1
4.5 259.65 1
4.51 254.73 1
4.52 251.99 1
4.53 250.09 1
4.54 249.22 1
4.55 249.41 1
4.56 249.11 1
4.57 249.26 1
4.58 249.38 1
4.59 248.5 1
4.6 248.5 1
4.61 248.52 1
4.62 250.15 1
4.63 253.06 1
4.64 254.38 1
4.65 258.65 1
4.66 261.77 1
4.67 274.71 1
4.68 279.96 1
4.69 284.94 1
4.7 289.23 1
4.71 291.13 1
4.72 294.56 1
4.73 294.16 1
4.74 294.78 1
4.75 294.33 1
4.76 293.25 1
4.77 292.17 1
4.78 292.67 1
4.79 291.38 1
4.8 291.9 1
4.81 292.97 1
4.82 293.13 1
4.83 292.57 1
4.84 291.11 1
4.85 292.49 1
4.86 291.09 1
4.87 291.07 1
4.88 290.04 1
4.89 288.3 1
4.9 289.2 1
4.91 289.21 1
4.92 291.09 1
4.93 291.15 1
4.94 292.7 1
4.95 283.64 1
4.96 289.2 1
4.97 287.3 1
4.98 290.07 1
4.99 288.73 1
5.0 288.0 1
5.01 283.79 1
5.02 282.01 1
5.03 276.53 1
5.04 277.62 1
5.05 268.26 1
5.06 267.86 1
5.07 258.77 1
5.08 259.96 1
5.09 258.05 1
5.1 255.42 1
5.11 254.81 1
5.12 253.82 1
5.13 255.16 1
5.14 255.47 1
5.15 255.66 1
5.16 255.66 1
5.17 260.21 1
5.18 263.3 1
5.19 258.55 1
5.2 260.16 1
5.21 257.05 1
5.22 257.16 1
5.23 255.67 1
5.24 254.19 1
5.25 253.41 1
5.26 251.17 1
5.27 247.06 1
5.28 244.85 1
5.29 244.37 1
5.3 243.06 1
5.31 244.03 1
5.32 243.38 1
5.33 244.37 1
5.34 244.72 1
5.35 244.92 1
5.36 244.46 1
5.37 243.45 1
5.38 243.42 1
5.39 243.82 1
5.4 244.32 1
5.41 243.62 1
5.42 244.88 1
5.43 244.6 1
5.44 245.32 1
5.45 245.53 1
5.46 245.6 1
5.47 245.14 1
5.48 245.81 1
5.49 244.79 1
5.5 244.22 1
5.51 244.27 1
5.52 243.2 1
5.53 243.03 1
5.54 243.23 1
5.55 242.85 1
5.56 243.85 1
5.57 242.45 1
5.58 243.49 1
5.59 243.27 1
5.6 243.47 1
5.61 243.47 1
5.62 244.41 1
5.63 243.74 1
5.64 244.4 1
5.65 244.32 1
5.66 245.09 1
5.67 245.17 1
5.68 245.69 1
5.69 246.06 1
5.7 246.33 1
5.71 246.35 1
5.72 246.19 1
5.73 245.3 1
5.74 245.5 1
5.75 244.82 1
5.76 245.43 1
5.77 245.51 1
5.78 246.66 1
5.79 246.36 1
5.8 246.25 1
5.81 245.02 1
5.82 244.83 1
5.83 244.52 1
5.84 244.5 1
5.85 244.05 1
5.86 242.98 1
5.87 242.83 1
5.88 242.41 1
5.89 242.2 1
5.9 240.39 1
5.91 242.05 1
5.92 237.77 1
5.93 242.49 1
5.94 244.27 1
5.95 243.64 1
5.96 245.66 1
5.97 246.14 1
5.98 247.6 1
5.99 247.31 1
6.0 248.91 1
6.01 248.63 1
6.02 248.44 1
6.03 247.58 1
6.04 246.25 1
6.05 246.53 1
6.06 246.42 1
6.07 246.59 1
6.08 245.84 1
6.09 246.64 1
6.1 246.03 1
6.11 246.88 1
6.12 247.56 1
6.13 248.0 1
6.14 247.83 1
6.15 248.03 1
6.16 249.49 1
6.17 249.12 1
6.18 248.62 1
6.19 248.63 1
6.2 247.94 1
6.21 247.13 1
6.22 247.05 1
6.23 247.01 1
6.24 246.51 1
6.25 245.78 1
6.26 245.54 1
6.27 242.99 1
6.28 240.38 1
6.29 239.26 1
6.3 238.66 1
6.31 239.3 1
6.32 238.95 1
6.33 241.04 1
6.34 244.31 1
6.35 229.1 1
6.36 245.66 1
6.37 247.56 1
6.38 268.66 1
6.39 245.48 1
6.4 283.86 1
6.41 283.62 1
6.42 291.53 1
6.43 291.04 1
6.44 292.56 1
6.45 291.01 1
6.46 290.81 1
6.47 287.38 1
6.48 288.87 1
6.49 287.35 1
6.5 287.03 1
6.51 287.23 1
6.52 284.75 1
6.53 283.85 1
6.54 265.03 1
6.55 285.08 1
6.56 281.75 1
6.57 282.22 1
6.58 281.79 1
6.59 281.41 1
6.6 270.46 1
6.61 274.73 1
6.62 278.25 1
6.63 0.0 1
6.64 0.0 1
6.65 0.0 1
6.66 0.0 1
6.67 0.0 1
6.68 0.0 1
6.69 0.0 1
6.7 0.0 1
6.71 0.0 1
6.72 0.0 1
6.73 0.0 1
6.74 0.0 1
6.75 142.53 1
6.76 145.15 1
6.77 144.02 1
6.78 145.8 1
6.79 145.7 1
6.8 146.21 1
6.81 146.28 1
6.82 146.72 1
6.83 146.89 1
6.84 146.77 1
6.85 147.57 1
6.86 146.78 1
6.87 146.77 1
6.88 146.26 1
6.89 146.66 1
6.9 146.74 1
6.91 147.18 1
6.92 147.22 1
6.93 147.47 1
6.94 147.62 1
6.95 148.52 1
6.96 148.2 1
6.97 148.3 1
6.98 148.42 1
6.99 148.35 1
7.0 148.23 1
7.01 148.03 1
7.02 146.97 1
7.03 145.91 1
7.04 145.42 1
7.05 144.56 1
7.06 143.73 1
7.07 143.0 1
7.08 142.55 1
7.09 143.49 1
7.1 144.35 1
7.11 145.32 1
7.12 145.32 1
7.13 146.28 1
7.14 146.76 1
7.15 143.89 1
7.16 136.58 1
7.17 150.15 1
7.18 142.5 1
7.19 150.75 1
7.2 143.64 1
7.21 145.6 1
7.22 144.83 1
7.23 150.75 1
7.24 147.73 1
7.25 147.25 1
7.26 146.26 1
7.27 145.79 1
7.28 146.27 1
7.29 146.27 1
7.3 145.79 1
7.31 147.25 1
7.32 146.57 1
7.33 146.28 1
7.34 146.77 1
7.35 145.31 1
7.36 147.79 1
7.37 145.7 1
7.38 146.85 1
7.39 144.49 1
7.4 148.74 1
7.41 146.27 1
7.42 147.96 1
7.43 146.76 1
7.44 148.48 1
7.45 146.32 1
7.46 148.94 1
7.47 146.76 1
7.48 147.55 1
7.49 147.74 1
7.5 147.6 1
7.51 145.79 1
7.52 149.22 1
7.53 146.76 1
7.54 147.55 1
7.55 304.03 1
7.56 260.18 1
7.57 272.31 1
7.58 271.42 1
7.59 271.38 1
7.6 271.65 1
7.61 273.38 1
7.62 275.53 1
7.63 280.37 1
7.64 287.34 1
7.65 293.06 1
7.66 295.04 1
7.67 316.86 1
7.68 314.21 1
7.69 337.94 1
7.7 349.07 1
7.71 349.15 1
7.72 345.41 1
7.73 381.64 1
7.74 193.72 1
7.75 194.2 1
7.76 195.49 1
7.77 193.78 1
7.78 192.9 1
7.79 190.17 1
7.8 187.4 1
7.81 186.99 1
7.82 184.45 1
7.83 365.39 1
7.84 360.02 1
7.85 349.13 1
7.86 351.47 1
7.87 348.62 1
7.88 343.22 1
7.89 338.1 1
7.9 335.29 1
7.91 330.18 1
7.92 326.33 1
7.93 323.85 1
7.94 322.3 1
7.95 322.91 1
7.96 321.9 1
7.97 323.2 1
7.98 325.4 1
7.99 329.88 1
8.0 334.7 1
8.01 338.56 1
8.02 340.76 1
8.03 351.86 1
8.04 335.78 1
8.05 342.75 1
8.06 340.37 1
8.07 378.5 1
8.08 380.39 1
8.09 381.35 1
8.1 383.01 1
8.11 383.34 1
8.12 383.69 1
8.13 387.96 1
8.14 382.31 1
8.15 381.62 1
8.16 379.68 1
8.17 375.84 1
8.18 374.17 1
8.19 366.35 1
8.2 368.35 1
8.21 360.44 1
8.22 361.73 1
8.23 334.67 1
8.24 360.98 1
8.25 363.85 1
8.26 367.36 1
8.27 373.0 1
8.28 381.42 1
8.29 386.65 1
8.3 390.77 1
8.31 395.58 1
8.32 397.05 1
8.33 400.33 1
8.34 399.51 1
8.35 397.84 1
8.36 395.62 1
8.37 392.76 1
8.38 388.55 1
8.39 383.88 1
8.4 381.73 1
8.41 372.78 1
8.42 357.51 1
8.43 363.14 1
8.44 360.28 1
8.45 346.38 1
8.46 360.06 1
8.47 363.06 1
8.48 366.07 1
8.49 375.18 1
8.5 379.18 1
8.51 385.12 1
8.52 388.8 1
8.53 392.81 1
8.54 394.41 1
8.55 394.94 1
8.56 394.36 1
8.57 395.4 1
8.58 393.38 1
8.59 393.44 1
8.6 393.3 1
8.61 391.97 1
8.62 389.31 1
8.63 387.84 1
8.64 388.49 1
8.65 388.3 1
8.66 375.07 1
8.67 372.1 1
8.68 366.05 1
8.69 358.66 1
8.7 346.07 1
8.71 345.27 1
8.72 339.69 1
8.73 335.12 1
8.74 330.62 1
8.75 325.01 1
8.76 320.67 1
8.77 317.22 1
8.78 314.57 1
8.79 307.38 1
8.8 305.21 1
8.81 304.85 1
8.82 299.02 1
8.83 299.0 1
8.84 298.99 1
8.85 298.63 1
8.86 295.72 1
8.87 293.78 1
8.88 291.09 1
8.89 288.05 1
8.9 287.54 1
8.91 294.97 1
8.92 292.2 1
8.93 290.91 1
8.94 290.99 1
8.95 122.43 1
8.96 97.65 1
8.97 97.25 1
8.98 98.02 1
8.99 98.55 1
9.0 98.77 1
9.01 97.46 1
9.02 97.68 1
9.03 98.11 1
9.04 97.97 1
9.05 98.04 1
9.06 98.77 1
9.07 98.25 1
9.08 98.08 1
9.09 98.23 1
9.1 97.89 1
9.11 98.2 1
9.12 98.32 1
9.13 98.21 1
9.14 97.68 1
9.15 98.41 1
9.16 97.79 1
9.17 98.2 1
9.18 98.23 1
9.19 98.25 1
9.2 98.02 1
9.21 98.16 1
9.22 97.89 1
9.23 98.33 1
9.24 98.14 1
9.25 116.71 1
9.26 267.41 1
9.27 276.92 1
9.28 275.8 1
9.29 274.88 1
9.3 277.99 1
9.31 276.22 1
9.32 279.27 1
9.33 284.93 1
9.34 285.3 1
9.35 291.72 1
9.36 295.0 1
9.37 301.03 1
9.38 316.86 1
9.39 314.06 1
9.4 327.78 1
9.41 354.26 1
9.42 344.67 1
9.43 190.13 1
9.44 192.98 1
9.45 193.83 1
9.46 192.6 1
9.47 194.64 1
9.48 191.69 1
9.49 190.45 1
9.5 190.23 1
9.51 188.07 1
9.52 186.51 1
9.53 184.17 1
9.54 184.09 1
9.55 182.21 1
9.56 180.6 1
9.57 177.83 1
9.58 357.11 1
9.59 345.99 1
9.6 343.29 1
9.61 345.22 1
9.62 340.77 1
9.63 339.39 1
9.64 337.8 1
9.65 332.38 1
9.66 331.19 1
9.67 328.36 1
9.68 325.35 1
9.69 332.14 1
9.7 329.85 1
9.71 337.21 1
9.72 334.79 1
9.73 340.54 1
9.74 354.28 1
9.75 363.04 1
9.76 372.11 1
9.77 186.52 1
9.78 189.7 1
9.79 194.68 1
9.8 190.67 1
9.81 190.64 1
9.82 192.1 1
9.83 188.9 1
9.84 191.31 1
9.85 190.5 1
9.86 190.49 1
9.87 189.7 1
9.88 188.07 1
9.89 186.49 1
9.9 185.7 1
9.91 183.32 1
9.92 184.2 1
9.93 183.39 1
9.94 184.76 1
9.95 186.48 1
9.96 188.89 1
9.97 194.66 1
9.98 194.7 1
9.99 197.12 1
10.0 198.14 1
10.01 195.88 1
10.02 191.43 1
10.03 189.57 1
10.04 181.5 1
10.05 180.37 1
10.06 181.01 1
10.07 184.66 1
10.08 186.48 1
10.09 185.29 1
10.1 381.36 1
10.11 384.52 1
10.12 391.87 1
10.13 386.34 1
10.14 388.86 1
10.15 385.33 1
10.16 386.96 1
10.17 386.28 1
10.18 388.54 1
10.19 386.67 1
10.2 391.84 1
10.21 388.45 1
10.22 385.97 1
10.23 384.32 1
10.24 385.86 1
10.25 386.19 1
10.26 386.7 1
10.27 385.15 1
10.28 384.1 1
10.29 385.22 1
10.3 387.51 1
10.31 387.39 1
10.32 388.97 1
10.33 389.76 1
10.34 389.85 1
10.35 389.42 1
10.36 388.63 1
10.37 390.05 1
10.38 389.49 1
10.39 389.73 1
10.4 389.82 1
10.41 389.71 1
10.42 388.86 1
10.43 387.68 1
10.44 388.49 1
10.45 385.49 1
10.46 385.58 1
10.47 387.68 1
10.48 390.44 1
10.49 398.72 1
10.5 400.83 1
10.51 414.04 1
10.52 418.11 1
10.53 452.16 1
10.54 494.07 1
10.55 496.2 1
10.56 499.06 1
10.57 510.6 1
10.58 513.62 1
10.59 513.89 1
10.6 505.43 1
10.61 499.57 1
10.62 494.19 1
10.63 484.6 1
10.64 487.24 1
10.65 472.09 1
10.66 463.52 1
10.67 456.99 1
10.68 225.61 1
10.69 223.34 1
10.7 221.75 1
10.71 220.36 1
10.72 220.31 1
10.73 218.28 1
10.74 217.76 1
10.75 218.84 1
10.76 217.06 1
10.77 217.77 1
10.78 217.5 1
10.79 218.8 1
10.8 219.94 1
10.81 222.21 1
10.82 223.9 1
10.83 225.6 1
10.84 226.83 1
10.85 225.64 1
10.86 226.76 1
10.87 452.17 1
10.88 430.41 1
10.89 422.12 1
10.9 418.06 1
10.91 405.68 1
10.92 397.85 1
10.93 398.88 1
10.94 385.82 1
10.95 393.86 1
10.96 396.44 1
10.97 393.77 1
10.98 392.16 1
10.99 391.76 1
11.0 392.07 1
11.01 391.87 1
11.02 392.37 1
11.03 393.11 1
11.04 393.77 1
11.05 393.98 1
11.06 393.86 1
11.07 393.83 1
11.08 393.3 1
11.09 393.14 1
11.1 392.92 1
11.11 392.71 1
11.12 392.4 1
11.13 391.97 1
11.14 390.41 1
11.15 390.43 1
11.16 391.97 1
11.17 393.0 1
11.18 393.02 1
11.19 393.72 1
11.2 392.63 1
11.21 391.55 1
11.22 390.88 1
11.23 390.41 1
11.24 389.59 1
11.25 389.0 1
11.26 387.19 1
11.27 386.76 1
11.28 385.85 1
11.29 384.4 1
11.3 385.11 1
11.31 385.13 1
11.32 385.34 1
11.33 384.39 1
11.34 385.15 1
11.35 385.87 1
11.36 386.68 1
11.37 387.78 1
11.38 388.14 1
11.39 387.54 1
11.4 388.0 1
11.41 387.08 1
11.42 387.17 1
11.43 387.38 1
11.44 387.55 1
11.45 387.88 1
11.46 387.11 1
11.47 385.84 1
11.48 383.48 1
11.49 379.37 1
11.5 378.56 1
11.51 378.62 1
11.52 376.17 1
11.53 362.5 1
11.54 365.94 1
11.55 354.61 1
11.56 375.1 1
11.57 378.45 1
11.58 375.27 1
11.59 381.75 1
11.6 387.3 1
11.61 388.82 1
11.62 387.26 1
11.63 389.04 1
11.64 388.49 1
11.65 387.16 1
11.66 386.29 1
11.67 385.71 1
11.68 385.1 1
11.69 382.66 1
11.7 381.75 1
11.71 381.72 1
11.72 377.54 1
11.73 370.73 1
11.74 368.34 1
11.75 346.24 1
11.76 354.24 1
11.77 351.41 1
11.78 345.18 1
11.79 340.66 1
11.8 338.54 1
11.81 335.43 1
11.82 333.06 1
11.83 330.75 1
11.84 328.99 1
11.85 326.65 1
11.86 325.57 1
11.87 322.73 1
11.88 323.04 1
11.89 320.72 1
11.9 320.84 1
11.91 320.71 1
11.92 320.72 1
11.93 320.53 1
11.94 320.38 1
11.95 320.72 1
11.96 323.0 1
11.97 324.56 1
11.98 327.0 1
11.99 329.89 1
12.0 336.28 1
12.01 339.26 1
12.02 340.61 1
12.03 348.75 1
12.04 346.02 1
12.05 350.68 1
12.06 345.95 1
12.07 342.41 1
12.08 335.46 1
12.09 329.92 1
12.1 324.69 1
12.11 320.71 1
12.12 316.3 1
12.13 311.63 1
12.14 303.2 1
12.15 302.88 1
12.16 293.07 1
12.17 297.13 1
12.18 295.74 1
12.19 293.02 1
12.2 293.02 1
12.21 291.89 1
12.22 292.5 1
12.23 292.52 1
12.24 293.03 1
12.25 293.06 1
12.26 293.95 1
12.27 293.58 1
12.28 292.4 1
12.29 292.89 1
12.3 292.44 1
12.31 292.0 1
12.32 291.15 1
12.33 292.07 1
12.34 292.25 1
12.35 292.72 1
12.36 292.39 1
12.37 292.68 1
12.38 292.68 1
12.39 293.0 1
12.4 292.63 1
12.41 290.97 1
12.42 288.7 1
12.43 283.63 1
12.44 269.92 1
12.45 290.29 1
12.46 290.57 1
12.47 268.48 1
12.48 289.22 1
12.49 280.04 1
12.5 289.2 1
12.51 290.03 1
12.52 288.56 1
12.53 289.32 1
12.54 289.31 1
12.55 291.75 1
12.56 294.64 1
12.57 296.85 1
12.58 298.1 1
12.59 297.09 1
12.6 296.62 1
12.61 301.0 1
12.62 357.17 1
12.63 377.31 1
12.64 354.28 1
12.65 368.06 1
12.66 376.54 1
12.67 416.71 1
12.68 398.87 1
12.69 387.81 1
12.7 391.84 1
12.71 391.84 1
12.72 391.72 1
12.73 391.65 1
12.74 382.26 1
12.75 379.82 1
12.76 184.16 1
12.77 182.88 1
12.78 181.09 1
12.79 170.82 1
12.8 176.73 1
12.81 174.57 1
12.82 170.54 1
12.83 168.66 1
12.84 167.99 1
12.85 166.66 1
12.86 164.57 1
12.87 164.32 1
12.88 162.32 1
12.89 162.12 1
12.9 162.1 1
12.91 164.65 1
12.92 166.15 1
12.93 169.91 1
12.94 347.23 1
12.95 353.06 1
12.96 357.12 1
12.97 370.86 1
12.98 377.02 1
12.99 381.47 1
13.0 384.31 1
13.01 387.06 1
13.02 389.9 1
13.03 391.32 1
13.04 393.01 1
13.05 392.09 1
13.06 395.97 1
13.07 396.23 1
13.08 395.33 1
13.09 396.12 1
13.1 391.19 1
13.11 385.95 1
13.12 385.02 1
13.13 384.67 1
13.14 381.22 1
13.15 375.18 1
13.16 378.49 1
13.17 381.79 1
13.18 387.21 1
13.19 393.15 1
13.2 394.17 1
13.21 403.12 1
13.22 403.21 1
13.23 400.97 1
13.24 385.33 1
13.25 395.56 1
13.26 395.53 1
