0.01 305.26 1
0.02 300.4 1
0.03 303.1 1
0.04 302.94 1
0.05 309.3 1
0.06 303.27 1
0.07 301.21 1
0.08 302.84 1
0.09 299.12 1
0.1 297.14 1
0.11 297.04 1
0.12 297.1 1
0.13 297.07 1
0.14 297.12 1
0.15 297.16 1
0.16 299.16 1
0.17 299.14 1
0.18 301.18 1
0.19 304.67 1
0.2 306.27 1
0.21 305.17 1
0.22 152.5 1
0.23 153.59 1
0.24 153.61 1
0.25 154.12 1
0.26 313.65 1
0.27 313.63 1
0.28 315.89 1
0.29 320.47 1
0.3 327.31 1
0.31 325.25 1
0.32 328.32 1
0.33 337.07 1
0.34 338.16 1
0.35 368.12 1
0.36 382.19 1
0.37 406.64 1
0.38 414.51 1
0.39 448.03 1
0.4 476.5 1
0.41 472.35 1
0.42 514.56 1
0.43 497.08 1
0.44 501.74 1
0.45 487.26 1
0.46 490.99 1
0.47 492.74 1
0.48 488.42 1
0.49 482.5 1
0.5 482.88 1
0.51 480.52 1
0.52 474.87 1
0.53 476.71 1
0.54 481.89 1
0.55 476.74 1
0.56 481.96 1
0.57 481.93 1
0.58 480.61 1
0.59 483.15 1
0.6 484.52 1
0.61 486.64 1
0.62 485.0 1
0.63 486.24 1
0.64 488.07 1
0.65 486.39 1
0.66 487.26 1
0.67 485.74 1
0.68 482.55 1
0.69 481.9 1
0.7 481.88 1
0.71 481.93 1
0.72 487.1 1
0.73 484.73 1
0.74 486.16 1
0.75 488.91 1
0.76 488.08 1
0.77 491.62 1
0.78 499.94 1
0.79 497.39 1
0.8 499.72 1
0.81 504.34 1
0.82 501.91 1
0.83 503.66 1
0.84 500.49 1
0.85 500.29 1
0.86 491.01 1
0.87 485.43 1
0.88 481.96 1
0.89 474.8 1
0.9 476.55 1
0.91 466.49 1
0.92 461.09 1
0.93 443.68 1
0.94 449.55 1
0.95 448.28 1
0.96 451.91 1
0.97 447.28 1
0.98 451.28 1
0.99 440.69 1
1.0 439.26 1
1.01 437.78 1
1.02 434.69 1
1.03 426.58 1
1.04 430.34 1
1.05 0.0 1
1.06 429.61 1
1.07 430.26 1
1.08 426.15 1
1.09 429.12 1
1.1 426.57 1
1.11 435.26 1
1.12 220.97 1
1.13 222.38 1
1.14 223.41 1
1.15 224.24 1
1.16 223.84 1
1.17 447.57 1
1.18 439.47 1
1.19 434.67 1
1.2 404.2 1
1.21 391.93 1
1.22 388.23 1
1.23 360.55 1
1.24 362.29 1
1.25 357.37 1
1.26 355.08 1
1.27 356.39 1
1.28 358.52 1
1.29 367.28 1
1.3 380.46 1
1.31 380.76 1
1.32 379.4 1
1.33 384.44 1
1.34 378.35 1
1.35 381.42 1
1.36 384.79 1
1.37 388.11 1
1.38 384.62 1
1.39 384.94 1
1.4 385.12 1
1.41 388.31 1
1.42 391.57 1
1.43 388.33 1
1.44 388.42 1
1.45 388.35 1
1.46 388.21 1
1.47 385.12 1
1.48 388.17 1
1.49 385.34 1
1.5 386.62 1
1.51 388.43 1
1.52 385.13 1
1.53 385.01 1
1.54 384.91 1
1.55 381.76 1
1.56 379.43 1
1.57 381.75 1
1.58 384.91 1
1.59 384.92 1
1.6 383.54 1
1.61 382.89 1
1.62 385.04 1
1.63 385.04 1
1.64 385.1 1
1.65 385.13 1
1.66 385.32 1
1.67 385.07 1
1.68 382.89 1
1.69 380.67 1
1.7 384.7 1
1.71 374.48 1
1.72 374.26 1
1.73 371.27 1
1.74 378.09 1
1.75 374.47 1
1.76 378.26 1
1.77 384.6 1
1.78 381.47 1
1.79 380.9 1
1.8 381.72 1
1.81 384.98 1
1.82 385.23 1
1.83 387.14 1
1.84 387.81 1
1.85 387.25 1
1.86 387.63 1
1.87 388.33 1
1.88 387.73 1
1.89 388.49 1
1.9 387.64 1
1.91 386.86 1
1.92 386.38 1
1.93 386.69 1
1.94 388.45 1
1.95 388.37 1
1.96 388.36 1
1.97 384.12 1
1.98 383.79 1
1.99 384.46 1
2.0 388.3 1
2.01 388.36 1
2.02 388.47 1
2.03 387.09 1
2.04 388.47 1
2.05 387.61 1
2.06 389.57 1
2.07 395.8 1
2.08 399.1 1
2.09 402.4 1
2.1 402.62 1
2.11 461.62 1
2.12 470.14 1
2.13 477.7 1
2.14 494.1 1
2.15 498.29 1
2.16 503.24 1
2.17 491.68 1
2.18 489.16 1
2.19 487.28 1
2.2 487.16 1
2.21 486.97 1
2.22 471.58 1
2.23 462.97 1
2.24 476.18 1
2.25 466.45 1
2.26 452.16 1
2.27 466.14 1
2.28 444.89 1
2.29 442.92 1
2.3 438.9 1
2.31 455.85 1
2.32 447.3 1
2.33 460.85 1
2.34 444.36 1
2.35 461.08 1
2.36 471.02 1
2.37 466.32 1
2.38 468.08 1
2.39 476.43 1
2.4 481.55 1
2.41 470.11 1
2.42 476.32 1
2.43 466.56 1
2.44 447.88 1
2.45 0.0 1
2.46 0.0 1
2.47 73.73 1
2.48 73.81 1
2.49 73.6 1
2.5 73.94 1
2.51 72.95 1
2.52 73.33 1
2.53 73.81 1
2.54 98.41 1
2.55 95.98 1
2.56 194.69 1
2.57 195.1 1
2.58 198.2 1
2.59 198.85 1
2.6 198.46 1
2.61 197.4 1
2.62 196.48 1
2.63 196.13 1
2.64 195.76 1
2.65 196.41 1
2.66 194.0 1
2.67 195.52 1
2.68 193.83 1
2.69 192.66 1
2.7 193.78 1
2.71 192.85 1
2.72 191.31 1
2.73 192.12 1
2.74 190.68 1
2.75 191.31 1
2.76 192.17 1
2.77 194.6 1
2.78 193.52 1
2.79 195.5 1
2.8 197.21 1
2.81 195.55 1
2.82 196.33 1
2.83 195.52 1
2.84 195.11 1
2.85 196.4 1
2.86 195.56 1
2.87 195.55 1
2.88 193.9 1
2.89 194.66 1
2.9 193.77 1
2.91 191.07 1
2.92 193.66 1
2.93 193.72 1
2.94 192.15 1
2.95 192.2 1
2.96 194.52 1
2.97 194.65 1
2.98 195.52 1
2.99 196.42 1
3.0 196.36 1
3.01 196.4 1
3.02 194.32 1
3.03 195.49 1
3.04 194.49 1
3.05 195.02 1
3.06 195.08 1
3.07 195.16 1
3.08 194.39 1
3.09 195.52 1
3.1 191.82 1
3.11 189.94 1
3.12 187.13 1
3.13 184.12 1
3.14 179.24 1
3.15 178.14 1
3.16 181.16 1
3.17 178.13 1
3.18 180.32 1
3.19 180.74 1
3.2 184.7 1
3.21 188.06 1
3.22 190.95 1
3.23 193.17 1
3.24 195.56 1
3.25 197.65 1
3.26 198.51 1
3.27 196.5 1
3.28 197.16 1
3.29 195.56 1
3.3 194.68 1
3.31 192.75 1
3.32 192.14 1
3.33 188.9 1
3.34 373.51 1
3.35 375.0 1
3.36 365.84 1
3.37 348.95 1
3.38 346.07 1
3.39 344.12 1
3.4 339.51 1
3.41 334.63 1
3.42 332.13 1
3.43 329.53 1
3.44 327.86 1
3.45 327.72 1
3.46 326.28 1
3.47 323.79 1
3.48 324.04 1
3.49 322.29 1
3.5 321.32 1
3.51 321.05 1
3.52 319.4 1
3.53 318.65 1
3.54 317.42 1
3.55 318.4 1
3.56 317.89 1
3.57 320.94 1
3.58 324.2 1
3.59 326.48 1
3.6 329.3 1
3.61 332.37 1
3.62 337.87 1
3.63 336.37 1
3.64 338.09 1
3.65 338.67 1
3.66 335.72 1
3.67 330.22 1
3.68 327.02 1
3.69 318.32 1
3.7 303.23 1
3.71 299.58 1
3.72 293.08 1
3.73 294.98 1
3.74 294.13 1
3.75 294.04 1
3.76 291.1 1
3.77 294.09 1
3.78 294.97 1
3.79 295.0 1
3.8 295.28 1
3.81 292.62 1
3.82 293.03 1
3.83 293.99 1
3.84 293.64 1
3.85 293.31 1
3.86 294.48 1
3.87 294.72 1
3.88 295.02 1
3.89 294.57 1
3.9 294.65 1
3.91 294.08 1
3.92 294.91 1
3.93 293.89 1
3.94 293.76 1
3.95 292.86 1
3.96 292.48 1
3.97 291.87 1
3.98 291.54 1
3.99 291.09 1
4.0 290.5 1
4.01 291.09 1
4.02 291.09 1
4.03 293.83 1
4.04 291.14 1
4.05 291.09 1
4.06 291.1 1
4.07 292.39 1
4.08 287.43 1
4.09 292.07 1
4.1 282.25 1
4.11 286.42 1
4.12 288.02 1
4.13 284.76 1
4.14 284.76 1
4.15 284.06 1
4.16 283.32 1
4.17 281.77 1
4.18 280.15 1
4.19 281.73 1
4.2 281.94 1
4.21 283.75 1
4.22 288.76 1
4.23 291.17 1
4.24 0.0 1
4.25 0.0 1
4.26 0.0 1
4.27 0.0 1
4.28 0.0 1
4.29 0.0 1
4.3 0.0 1
4.31 381.36 1
4.32 384.93 1
4.33 384.95 1
4.34 381.66 1
4.35 378.48 1
4.36 375.7 1
4.37 373.07 1
4.38 360.66 1
4.39 362.5 1
4.4 352.11 1
4.41 349.06 1
4.42 348.89 1
4.43 343.28 1
4.44 339.62 1
4.45 333.91 1
4.46 329.51 1
4.47 327.72 1
4.48 325.34 1
4.49 325.33 1
4.5 322.82 1
4.51 323.71 1
4.52 326.85 1
4.53 334.3 1
4.54 340.65 1
4.55 330.27 1
4.56 335.22 1
4.57 341.79 1
4.58 375.07 1
4.59 376.43 1
4.6 387.59 1
4.61 387.64 1
4.62 384.62 1
4.63 381.64 1
4.64 381.53 1
4.65 384.5 1
4.66 384.51 1
4.67 377.2 1
4.68 381.06 1
4.69 371.04 1
4.7 371.82 1
4.71 363.74 1
4.72 361.0 1
4.73 358.66 1
4.74 357.27 1
4.75 357.5 1
4.76 368.9 1
4.77 390.99 1
4.78 381.7 1
4.79 388.41 1
4.8 391.91 1
4.81 391.89 1
4.82 391.66 1
4.83 386.57 1
4.84 381.15 1
4.85 378.37 1
4.86 393.45 1
4.87 365.72 1
4.88 357.35 1
4.89 365.55 1
4.9 365.36 1
4.91 371.9 1
4.92 406.34 1
4.93 383.89 1
4.94 384.71 1
4.95 387.83 1
4.96 383.88 1
4.97 385.1 1
4.98 383.88 1
4.99 388.29 1
5.0 385.01 1
5.01 382.32 1
5.02 382.31 1
5.03 388.03 1
5.04 384.94 1
5.05 384.98 1
5.06 382.81 1
5.07 388.07 1
5.08 388.01 1
5.09 387.99 1
5.1 381.78 1
5.11 381.8 1
5.12 384.93 1
5.13 385.02 1
5.14 385.02 1
5.15 384.98 1
5.16 391.29 1
5.17 387.9 1
5.18 388.05 1
5.19 384.73 1
5.2 384.63 1
5.21 381.66 1
5.22 379.24 1
5.23 388.04 1
5.24 388.21 1
5.25 388.46 1
5.26 391.89 1
5.27 391.73 1
5.28 409.99 1
5.29 430.76 1
5.3 434.57 1
5.31 461.5 1
5.32 472.76 1
5.33 478.47 1
5.34 482.72 1
5.35 488.29 1
5.36 488.11 1
5.37 487.74 1
5.38 484.47 1
5.39 480.49 1
5.4 478.03 1
5.41 473.77 1
5.42 472.77 1
5.43 471.84 1
5.44 471.62 1
5.45 467.46 1
5.46 464.27 1
5.47 461.76 1
5.48 456.97 1
5.49 456.96 1
5.5 440.9 1
5.51 440.57 1
5.52 451.32 1
5.53 438.48 1
5.54 426.37 1
5.55 430.35 1
5.56 430.4 1
5.57 447.33 1
5.58 444.22 1
5.59 443.37 1
5.6 454.18 1
5.61 462.55 1
5.62 460.7 1
5.63 461.73 1
5.64 452.3 1
5.65 441.57 1
5.66 0.0 1
5.67 0.0 1
5.68 0.0 1
5.69 0.0 1
5.7 0.0 1
5.71 99.91 1
5.72 97.68 1
5.73 98.82 1
5.74 99.15 1
5.75 197.36 1
5.76 200.89 1
5.77 199.14 1
5.78 199.55 1
5.79 195.86 1
5.8 198.91 1
5.81 198.79 1
5.82 198.19 1
5.83 197.3 1
5.84 196.08 1
5.85 196.42 1
5.86 195.68 1
5.87 194.94 1
5.88 194.99 1
5.89 194.67 1
5.9 194.43 1
5.91 194.11 1
5.92 194.2 1
5.93 194.27 1
5.94 193.94 1
5.95 193.82 1
5.96 193.82 1
5.97 194.62 1
5.98 195.48 1
5.99 194.65 1
6.0 193.83 1
6.01 196.3 1
6.02 196.33 1
6.03 196.38 1
6.04 197.24 1
6.05 196.17 1
6.06 195.54 1
6.07 195.56 1
6.08 196.75 1
6.09 195.78 1
6.1 194.98 1
6.11 197.28 1
6.12 196.4 1
6.13 150.5 1
6.14 150.26 1
6.15 149.74 1
6.16 149.07 1
6.17 149.34 1
6.18 147.4 1
6.19 147.65 1
6.2 146.76 1
6.21 149.24 1
6.22 146.28 1
6.23 148.74 1
6.24 146.27 1
6.25 147.95 1
6.26 145.79 1
6.27 147.55 1
6.28 144.84 1
6.29 146.72 1
6.3 145.79 1
6.31 146.27 1
6.32 145.31 1
6.33 147.29 1
6.34 145.79 1
6.35 146.86 1
6.36 145.31 1
6.37 147.54 1
6.38 145.31 1
6.39 147.63 1
6.4 145.79 1
6.41 147.64 1
6.42 145.79 1
6.43 147.81 1
6.44 144.36 1
6.45 147.92 1
6.46 146.27 1
6.47 147.95 1
6.48 146.28 1
6.49 0.0 1
6.5 0.0 1
6.51 0.0 1
6.52 113.26 1
6.53 117.26 1
6.54 117.52 1
6.55 116.5 1
6.56 116.81 1
6.57 117.58 1
6.58 117.57 1
6.59 118.22 1
6.6 118.52 1
6.61 118.66 1
6.62 119.03 1
6.63 119.04 1
6.64 118.71 1
6.65 118.72 1
6.66 118.71 1
6.67 244.21 1
6.68 245.55 1
6.69 243.48 1
6.7 247.26 1
6.71 247.05 1
6.72 251.71 1
6.73 254.18 1
6.74 255.72 1
6.75 270.68 1
6.76 271.36 1
6.77 276.79 1
6.78 291.18 1
6.79 299.04 1
6.8 0.0 1
6.81 0.0 1
6.82 0.0 1
6.83 0.0 1
6.84 343.63 1
6.85 357.91 1
6.86 358.6 1
6.87 351.68 1
6.88 357.41 1
6.89 351.7 1
6.9 374.85 1
6.91 360.27 1
6.92 366.05 1
6.93 360.24 1
6.94 363.04 1
6.95 368.08 1
6.96 369.75 1
6.97 367.65 1
6.98 371.18 1
6.99 372.37 1
7.0 381.2 1
7.01 372.58 1
7.02 370.79 1
7.03 370.0 1
7.04 364.94 1
7.05 357.39 1
7.06 354.57 1
7.07 357.15 1
7.08 351.56 1
7.09 348.38 1
7.1 343.28 1
7.11 339.18 1
7.12 337.95 1
7.13 334.62 1
7.14 332.05 1
7.15 329.45 1
7.16 329.54 1
7.17 329.7 1
7.18 330.88 1
7.19 331.17 1
7.2 331.71 1
7.21 334.75 1
7.22 339.5 1
7.23 342.04 1
7.24 340.75 1
7.25 343.1 1
7.26 338.09 1
7.27 331.06 1
7.28 313.88 1
7.29 293.28 1
7.3 288.33 1
7.31 286.13 1
7.32 283.82 1
7.33 283.25 1
7.34 284.06 1
7.35 285.58 1
7.36 287.55 1
7.37 287.98 1
7.38 287.55 1
7.39 288.5 1
7.4 288.32 1
7.41 288.32 1
7.42 288.94 1
7.43 289.96 1
7.44 291.74 1
7.45 292.6 1
7.46 293.06 1
7.47 293.03 1
7.48 292.95 1
7.49 293.05 1
7.5 293.09 1
7.51 295.03 1
7.52 295.98 1
7.53 295.85 1
7.54 293.11 1
7.55 291.12 1
7.56 289.72 1
7.57 283.73 1
7.58 283.7 1
7.59 290.4 1
7.6 291.74 1
7.61 291.62 1
7.62 290.11 1
7.63 287.34 1
7.64 291.13 1
7.65 291.1 1
7.66 291.11 1
7.67 293.03 1
7.68 291.13 1
7.69 290.88 1
7.7 291.14 1
7.71 290.87 1
7.72 298.99 1
7.73 293.19 1
7.74 293.23 1
7.75 296.09 1
7.76 296.56 1
7.77 296.98 1
7.78 295.01 1
7.79 295.01 1
7.8 295.0 1
7.81 294.99 1
7.82 294.46 1
7.83 294.8 1
7.84 293.68 1
7.85 292.97 1
7.86 291.85 1
7.87 292.53 1
7.88 293.03 1
7.89 292.28 1
7.9 292.02 1
7.91 292.52 1
7.92 292.82 1
7.93 292.28 1
7.94 292.05 1
7.95 291.62 1
7.96 290.58 1
7.97 290.59 1
7.98 289.25 1
7.99 289.66 1
8.0 288.91 1
8.01 287.28 1
8.02 288.32 1
8.03 285.83 1
8.04 280.36 1
8.05 275.23 1
8.06 273.02 1
8.07 264.37 1
8.08 259.57 1
8.09 249.38 1
8.1 232.78 1
8.11 245.65 1
8.12 248.86 1
8.13 231.44 1
8.14 221.63 1
8.15 226.0 1
8.16 234.12 1
8.17 238.72 1
8.18 246.76 1
8.19 260.19 1
8.2 259.73 1
8.21 275.8 1
8.22 255.66 1
8.23 271.38 1
8.24 289.17 1
8.25 273.11 1
8.26 289.45 1
8.27 288.15 1
8.28 279.0 1
8.29 287.16 1
8.3 285.83 1
8.31 287.18 1
8.32 288.45 1
8.33 288.85 1
8.34 288.05 1
8.35 282.75 1
8.36 286.92 1
8.37 287.24 1
8.38 287.83 1
8.39 288.44 1
8.4 288.09 1
8.41 288.2 1
8.42 287.84 1
8.43 290.52 1
8.44 291.95 1
8.45 292.35 1
8.46 292.85 1
8.47 292.51 1
8.48 292.87 1
8.49 293.03 1
8.5 291.61 1
8.51 292.02 1
8.52 291.09 1
8.53 291.94 1
8.54 293.18 1
8.55 293.02 1
8.56 293.53 1
8.57 294.37 1
8.58 292.58 1
8.59 292.47 1
8.6 291.7 1
8.61 291.95 1
8.62 292.3 1
8.63 291.71 1
8.64 291.1 1
8.65 291.09 1
8.66 290.24 1
8.67 289.67 1
8.68 286.94 1
8.69 283.81 1
8.7 274.36 1
8.71 273.56 1
8.72 268.52 1
8.73 261.55 1
8.74 252.12 1
8.75 246.25 1
8.76 241.83 1
8.77 250.82 1
8.78 245.74 1
8.79 256.4 1
8.8 260.18 1
8.81 265.61 1
8.82 279.28 1
8.83 290.33 1
8.84 266.47 1
8.85 275.93 1
8.86 280.35 1
8.87 263.31 1
8.88 260.18 1
8.89 263.36 1
8.9 246.24 1
8.91 253.5 1
8.92 272.06 1
8.93 255.65 1
8.94 244.93 1
8.95 254.3 1
8.96 252.58 1
8.97 248.38 1
8.98 243.81 1
8.99 248.95 1
9.0 247.81 1
9.01 245.01 1
9.02 240.87 1
9.03 243.87 1
9.04 243.78 1
9.05 243.35 1
9.06 243.89 1
9.07 244.56 1
9.08 244.08 1
9.09 239.97 1
9.1 240.83 1
9.11 240.7 1
9.12 241.45 1
9.13 242.0 1
9.14 242.98 1
9.15 242.25 1
9.16 242.43 1
9.17 243.36 1
9.18 243.42 1
9.19 244.06 1
9.2 242.82 1
9.21 242.47 1
9.22 240.36 1
9.23 242.08 1
9.24 241.11 1
9.25 238.58 1
9.26 238.31 1
9.27 239.21 1
9.28 238.06 1
9.29 239.72 1
9.3 239.94 1
9.31 244.4 1
9.32 243.65 1
9.33 246.48 1
9.34 246.03 1
9.35 247.89 1
9.36 244.6 1
9.37 243.1 1
9.38 237.71 1
9.39 235.61 1
9.4 239.1 1
9.41 238.31 1
9.42 232.86 1
9.43 225.77 1
9.44 221.9 1
9.45 214.62 1
9.46 219.95 1
9.47 209.54 1
9.48 213.81 1
9.49 211.27 1
9.5 211.51 1
9.51 211.84 1
9.52 213.66 1
9.53 213.56 1
9.54 219.95 1
9.55 224.83 1
9.56 227.1 1
9.57 230.29 1
9.58 231.48 1
9.59 228.4 1
9.6 221.72 1
9.61 215.02 1
9.62 213.41 1
9.63 197.76 1
9.64 210.7 1
9.65 219.93 1
9.66 201.12 1
9.67 200.19 1
9.68 152.84 1
9.69 205.61 1
9.7 195.91 1
9.71 191.89 1
9.72 190.94 1
9.73 190.5 1
9.74 191.32 1
9.75 184.19 1
9.76 190.32 1
9.77 191.02 1
9.78 192.14 1
9.79 189.95 1
9.8 189.7 1
9.81 191.22 1
9.82 191.64 1
9.83 192.28 1
9.84 193.31 1
9.85 193.14 1
9.86 194.33 1
9.87 195.54 1
9.88 194.7 1
9.89 195.52 1
9.9 194.82 1
9.91 195.23 1
9.92 196.42 1
9.93 195.03 1
9.94 196.8 1
9.95 196.4 1
9.96 197.74 1
9.97 197.35 1
9.98 198.18 1
9.99 197.62 1
10.0 198.52 1
10.01 198.75 1
10.02 198.07 1
10.03 197.73 1
10.04 197.23 1
10.05 197.56 1
10.06 196.67 1
10.07 196.84 1
10.08 196.7 1
10.09 196.83 1
10.1 196.41 1
10.11 196.24 1
10.12 195.87 1
10.13 195.99 1
10.14 195.67 1
10.15 195.57 1
10.16 195.37 1
10.17 196.28 1
10.18 195.7 1
10.19 195.84 1
10.2 195.89 1
10.21 195.7 1
10.22 195.85 1
10.23 196.49 1
10.24 196.49 1
10.25 196.43 1
10.26 196.05 1
10.27 195.9 1
10.28 195.01 1
10.29 195.0 1
10.3 195.55 1
10.31 194.29 1
10.32 193.51 1
10.33 194.63 1
10.34 191.32 1
10.35 188.51 1
10.36 185.48 1
10.37 185.31 1
10.38 185.42 1
10.39 187.58 1
10.4 188.99 1
10.41 191.31 1
10.42 197.12 1
10.43 202.75 1
10.44 219.92 1
10.45 278.69 1
10.46 249.73 1
10.47 268.05 1
10.48 264.47 1
10.49 270.25 1
10.5 270.51 1
10.51 273.03 1
10.52 267.36 1
10.53 255.67 1
10.54 256.41 1
10.55 245.67 1
10.56 240.23 1
10.57 227.3 1
10.58 220.4 1
10.59 212.91 1
10.6 205.06 1
10.61 199.43 1
10.62 198.3 1
10.63 197.29 1
10.64 198.3 1
10.65 199.1 1
10.66 201.03 1
10.67 203.88 1
10.68 205.65 1
10.69 218.82 1
10.7 219.78 1
10.71 117.19 1
10.72 233.99 1
10.73 245.66 1
10.74 249.92 1
10.75 255.2 1
10.76 256.88 1
10.77 256.57 1
10.78 252.37 1
10.79 255.66 1
10.8 255.58 1
10.81 255.26 1
10.82 254.86 1
10.83 252.94 1
10.84 252.03 1
10.85 251.58 1
10.86 251.49 1
10.87 250.3 1
10.88 249.71 1
10.89 249.38 1
10.9 248.54 1
10.91 247.05 1
10.92 247.05 1
10.93 244.33 1
10.94 246.97 1
10.95 245.66 1
10.96 248.35 1
10.97 247.02 1
10.98 249.82 1
10.99 245.7 1
11.0 246.98 1
11.01 245.67 1
11.02 247.0 1
11.03 246.14 1
11.04 245.87 1
11.05 245.29 1
11.06 245.68 1
11.07 245.34 1
11.08 245.25 1
11.09 246.22 1
11.1 245.73 1
11.11 246.53 1
11.12 246.74 1
11.13 246.99 1
11.14 247.06 1
11.15 246.8 1
11.16 246.89 1
11.17 246.48 1
11.18 245.23 1
11.19 244.16 1
11.2 240.94 1
11.21 239.16 1
11.22 239.71 1
11.23 238.29 1
11.24 241.63 1
11.25 244.54 1
11.26 248.15 1
11.27 255.68 1
11.28 260.23 1
11.29 274.76 1
11.3 283.09 1
11.31 273.06 1
11.32 278.7 1
11.33 276.54 1
11.34 298.98 1
11.35 295.02 1
11.36 305.17 1
11.37 294.99 1
11.38 294.86 1
11.39 290.86 1
11.4 278.89 1
11.41 271.36 1
11.42 269.7 1
11.43 258.68 1
11.44 252.07 1
11.45 247.58 1
11.46 247.01 1
11.47 318.48 1
11.48 237.7 1
11.49 235.9 1
11.5 235.01 1
11.51 235.81 1
11.52 241.56 1
11.53 244.21 1
11.54 246.72 1
11.55 250.25 1
11.56 253.82 1
11.57 257.2 1
11.58 264.89 1
11.59 274.74 1
11.6 277.31 1
11.61 278.23 1
11.62 284.44 1
11.63 287.82 1
11.64 288.4 1
11.65 287.55 1
11.66 287.8 1
11.67 287.05 1
11.68 286.68 1
11.69 284.59 1
11.7 284.77 1
11.71 287.35 1
11.72 287.11 1
11.73 287.05 1
11.74 287.2 1
11.75 287.64 1
11.76 288.15 1
11.77 289.87 1
11.78 291.22 1
11.79 292.05 1
11.8 292.66 1
11.81 294.13 1
11.82 294.2 1
11.83 292.86 1
11.84 292.96 1
11.85 292.16 1
11.86 290.83 1
11.87 289.72 1
11.88 289.81 1
11.89 290.02 1
11.9 290.4 1
11.91 290.0 1
11.92 290.86 1
11.93 290.68 1
11.94 289.97 1
11.95 290.18 1
11.96 289.56 1
11.97 289.84 1
11.98 289.62 1
11.99 288.96 1
12.0 288.82 1
12.01 288.74 1
12.02 288.41 1
12.03 288.67 1
12.04 288.22 1
12.05 288.97 1
12.06 289.54 1
12.07 290.54 1
12.08 291.09 1
12.09 291.12 1
12.1 292.69 1
12.11 292.59 1
12.12 292.23 1
12.13 292.35 1
12.14 292.41 1
12.15 291.82 1
12.16 291.11 1
12.17 291.7 1
12.18 290.69 1
12.19 290.31 1
12.2 289.42 1
12.21 288.07 1
12.22 286.05 1
12.23 285.3 1
12.24 285.26 1
12.25 285.7 1
12.26 287.74 1
12.27 290.75 1
12.28 295.02 1
12.29 299.05 1
12.3 325.53 1
12.31 340.18 1
12.32 346.13 1
12.33 381.65 1
12.34 388.47 1
12.35 386.16 1
12.36 391.52 1
12.37 395.53 1
12.38 394.25 1
12.39 393.23 1
12.4 388.51 1
12.41 385.84 1
12.42 381.79 1
12.43 381.66 1
12.44 381.67 1
12.45 373.8 1
12.46 381.4 1
12.47 352.97 1
12.48 344.17 1
12.49 337.78 1
12.5 331.34 1
12.51 326.02 1
12.52 325.46 1
12.53 325.45 1
12.54 327.17 1
12.55 327.49 1
12.56 333.89 1
12.57 335.73 1
12.58 343.24 1
12.59 345.9 1
12.6 341.83 1
12.61 341.4 1
12.62 345.71 1
12.63 378.32 1
12.64 378.49 1
12.65 381.8 1
12.66 385.05 1
12.67 381.85 1
12.68 385.09 1
12.69 385.02 1
12.7 385.12 1
12.71 384.15 1
12.72 385.1 1
12.73 385.04 1
12.74 378.53 1
12.75 375.18 1
12.76 349.44 1
12.77 362.92 1
12.78 360.08 1
12.79 357.46 1
12.8 374.92 1
12.81 388.04 1
12.82 379.4 1
12.83 387.16 1
12.84 393.3 1
12.85 400.6 1
12.86 395.36 1
12.87 397.67 1
12.88 393.44 1
