0.01 476.98 1
0.02 470.36 1
0.03 476.73 1
0.04 480.93 1
0.05 487.68 1
0.06 489.23 1
0.07 497.85 1
0.08 488.43 1
0.09 487.24 1
0.1 487.15 1
0.11 482.63 1
0.12 487.2 1
0.13 484.46 1
0.14 487.2 1
0.15 490.72 1
0.16 492.48 1
0.17 482.92 1
0.18 471.74 1
0.19 444.01 1
0.2 481.97 1
0.21 448.0 1
0.22 456.26 1
0.23 343.35 1
0.24 340.59 1
0.25 341.69 1
0.26 340.51 1
0.27 340.66 1
0.28 343.45 1
0.29 363.41 1
0.3 0.0 1
0.31 0.0 1
0.32 0.0 1
0.33 430.3 1
0.34 447.91 1
0.35 490.43 1
0.36 526.74 1
0.37 526.66 1
0.38 521.93 1
0.39 520.99 1
0.4 510.57 1
0.41 487.14 1
0.42 510.17 1
0.43 496.19 1
0.44 493.34 1
0.45 488.98 1
0.46 502.83 1
0.47 506.11 1
0.48 493.87 1
0.49 484.2 1
0.5 491.99 1
0.51 494.92 1
0.52 509.72 1
0.53 515.79 1
0.54 525.18 1
0.55 528.67 1
0.56 521.93 1
0.57 525.8 1
0.58 523.49 1
0.59 515.84 1
0.6 508.59 1
0.61 451.69 1
0.62 433.78 1
0.63 500.41 1
0.64 498.34 1
0.65 421.05 1
0.66 421.76 1
0.67 432.61 1
0.68 433.59 1
0.69 438.31 1
0.7 443.77 1
0.71 447.71 1
0.72 449.65 1
0.73 456.94 1
0.74 452.92 1
0.75 456.86 1
0.76 455.47 1
0.77 453.79 1
0.78 454.01 1
0.79 452.09 1
0.8 521.99 1
0.81 561.82 1
0.82 515.84 1
0.83 548.81 1
0.84 509.84 1
0.85 498.89 1
0.86 508.7 1
0.87 513.99 1
0.88 503.5 1
0.89 495.77 1
0.9 492.56 1
0.91 491.38 1
0.92 492.86 1
0.93 514.19 1
0.94 500.89 1
0.95 509.67 1
0.96 513.31 1
0.97 511.9 1
0.98 520.62 1
0.99 524.11 1
1.0 523.54 1
1.01 523.36 1
1.02 514.56 1
1.03 516.15 1
1.04 524.28 1
1.05 510.96 1
1.06 469.42 1
1.07 469.33 1
1.08 456.98 1
1.09 441.92 1
1.1 441.23 1
1.11 441.6 1
1.12 445.5 1
1.13 449.55 1
1.14 457.07 1
1.15 463.66 1
1.16 462.15 1
1.17 466.63 1
1.18 462.89 1
1.19 453.95 1
1.2 443.17 1
1.21 207.53 1
1.22 193.61 1
1.23 193.42 1
1.24 203.72 1
1.25 192.97 1
1.26 197.54 1
1.27 200.83 1
1.28 199.64 1
1.29 195.01 1
1.3 191.98 1
1.31 197.83 1
1.32 193.84 1
1.33 188.1 1
1.34 188.38 1
1.35 188.62 1
1.36 191.31 1
1.37 191.3 1
1.38 193.82 1
1.39 193.69 1
1.4 196.34 1
1.41 194.82 1
1.42 195.51 1
1.43 195.22 1
1.44 194.6 1
1.45 194.15 1
1.46 187.29 1
1.47 191.34 1
1.48 191.34 1
1.49 183.28 1
1.5 188.01 1
1.51 182.77 1
1.52 181.41 1
1.53 182.74 1
1.54 179.31 1
1.55 181.16 1
1.56 186.51 1
1.57 194.66 1
1.58 195.27 1
1.59 196.45 1
1.6 199.59 1
1.61 200.18 1
1.62 199.56 1
1.63 199.1 1
1.64 191.71 1
1.65 189.96 1
1.66 194.7 1
1.67 195.97 1
1.68 192.36 1
1.69 346.95 1
1.7 340.62 1
1.71 327.49 1
1.72 318.41 1
1.73 311.65 1
1.74 305.18 1
1.75 300.4 1
1.76 297.01 1
1.77 296.92 1
1.78 291.1 1
1.79 289.95 1
1.8 290.02 1
1.81 291.1 1
1.82 295.01 1
1.83 297.0 1
1.84 296.98 1
1.85 288.15 1
1.86 296.32 1
1.87 293.03 1
1.88 293.06 1
1.89 298.28 1
1.9 293.05 1
1.91 303.9 1
1.92 302.33 1
1.93 291.15 1
1.94 287.13 1
1.95 279.93 1
1.96 274.65 1
1.97 279.93 1
1.98 280.0 1
1.99 289.92 1
2.0 293.1 1
2.01 320.6 1
2.02 331.61 1
2.03 341.11 1
2.04 343.14 1
2.05 332.89 1
2.06 339.52 1
2.07 340.59 1
2.08 357.12 1
2.09 332.25 1
2.1 344.74 1
2.11 347.01 1
2.12 346.08 1
2.13 348.49 1
2.14 351.42 1
2.15 363.16 1
2.16 369.1 1
2.17 380.5 1
2.18 388.0 1
2.19 391.04 1
2.2 402.24 1
2.21 392.01 1
2.22 390.77 1
2.23 390.84 1
2.24 389.72 1
2.25 388.5 1
2.26 388.67 1
2.27 339.18 1
2.28 353.78 1
2.29 381.86 1
2.3 355.84 1
2.31 363.46 1
2.32 359.99 1
2.33 351.32 1
2.34 351.03 1
2.35 402.47 1
2.36 418.01 1
2.37 354.96 1
2.38 389.97 1
2.39 391.43 1
2.4 392.95 1
2.41 394.48 1
2.42 394.42 1
2.43 394.36 1
2.44 394.86 1
2.45 398.07 1
2.46 395.76 1
2.47 395.04 1
2.48 395.51 1
2.49 393.08 1
2.5 390.85 1
2.51 388.03 1
2.52 380.86 1
2.53 376.04 1
2.54 363.7 1
2.55 345.96 1
2.56 338.93 1
2.57 332.69 1
2.58 333.67 1
2.59 340.64 1
2.6 348.65 1
2.61 375.29 1
2.62 388.65 1
2.63 394.29 1
2.64 410.71 1
2.65 408.66 1
2.66 398.55 1
2.67 387.8 1
2.68 0.0 1
2.69 0.0 1
2.7 0.0 1
2.71 0.0 1
2.72 0.0 1
2.73 293.04 1
2.74 300.52 1
2.75 290.29 1
2.76 296.99 1
2.77 301.1 1
2.78 320.6 1
2.79 321.04 1
2.8 331.43 1
2.81 338.16 1
2.82 343.22 1
2.83 338.64 1
2.84 340.15 1
2.85 338.48 1
2.86 332.45 1
2.87 322.04 1
2.88 316.7 1
2.89 313.86 1
2.9 309.09 1
2.91 299.06 1
2.92 293.08 1
2.93 291.86 1
2.94 290.6 1
2.95 288.5 1
2.96 288.99 1
2.97 286.7 1
2.98 285.36 1
2.99 285.07 1
3.0 285.67 1
3.01 285.7 1
3.02 286.35 1
3.03 285.27 1
3.04 288.07 1
3.05 287.33 1
3.06 287.68 1
3.07 280.27 1
3.08 264.87 1
3.09 267.76 1
3.1 0.0 1
3.11 0.0 1
3.12 0.0 1
3.13 0.0 1
3.14 0.0 1
3.15 0.0 1
3.16 0.0 1
3.17 294.99 1
3.18 287.0 1
3.19 282.41 1
3.2 281.75 1
3.21 281.73 1
3.22 279.97 1
3.23 282.55 1
3.24 287.96 1
3.25 301.12 1
3.26 327.17 1
3.27 345.75 1
3.28 372.12 1
3.29 388.86 1
3.3 396.42 1
3.31 406.56 1
3.32 434.34 1
3.33 381.84 1
3.34 399.1 1
3.35 386.07 1
3.36 388.56 1
3.37 388.56 1
3.38 388.58 1
3.39 362.91 1
3.4 349.19 1
3.41 347.31 1
3.42 348.64 1
3.43 354.27 1
3.44 357.19 1
3.45 371.59 1
3.46 381.7 1
3.47 388.21 1
3.48 380.58 1
3.49 379.24 1
3.5 374.83 1
3.51 372.78 1
3.52 351.77 1
3.53 374.9 1
3.54 340.56 1
3.55 370.86 1
3.56 344.44 1
3.57 317.71 1
3.58 340.54 1
3.59 152.98 1
3.6 312.08 1
3.61 317.18 1
3.62 316.12 1
3.63 316.12 1
3.64 319.56 1
3.65 325.61 1
3.66 328.67 1
3.67 332.74 1
3.68 334.46 1
3.69 333.3 1
3.7 333.32 1
3.71 318.38 1
3.72 330.6 1
3.73 311.68 1
3.74 327.0 1
3.75 325.04 1
3.76 327.51 1
3.77 322.31 1
3.78 584.01 1
3.79 307.32 1
3.8 299.0 1
3.81 282.79 1
3.82 277.76 1
3.83 289.9 1
3.84 283.14 1
3.85 285.31 1
3.86 283.79 1
3.87 286.89 1
3.88 289.72 1
3.89 290.54 1
3.9 293.04 1
3.91 293.08 1
3.92 293.08 1
3.93 297.03 1
3.94 295.1 1
3.95 299.12 1
3.96 299.07 1
3.97 291.23 1
3.98 291.1 1
3.99 285.74 1
4.0 273.02 1
4.01 258.7 1
4.02 248.39 1
4.03 184.19 1
4.04 221.88 1
4.05 218.86 1
4.06 218.85 1
4.07 225.59 1
4.08 242.89 1
4.09 247.49 1
4.1 261.79 1
4.11 278.76 1
4.12 288.53 1
4.13 291.12 1
4.14 296.98 1
4.15 295.01 1
4.16 293.02 1
4.17 287.97 1
4.18 292.55 1
4.19 293.05 1
4.2 290.13 1
4.21 293.93 1
4.22 286.89 1
4.23 280.25 1
4.24 255.41 1
4.25 241.64 1
4.26 226.05 1
4.27 215.33 1
4.28 216.66 1
4.29 218.26 1
4.3 186.51 1
4.31 243.12 1
4.32 253.34 1
4.33 258.69 1
4.34 283.24 1
4.35 287.15 1
4.36 280.64 1
4.37 276.08 1
4.38 269.72 1
4.39 258.44 1
4.4 269.77 1
4.41 235.12 1
4.42 278.33 1
4.43 276.46 1
4.44 258.66 1
4.45 239.02 1
4.46 252.8 1
4.47 251.68 1
4.48 240.02 1
4.49 242.93 1
4.5 240.58 1
4.51 242.59 1
4.52 242.39 1
4.53 242.78 1
4.54 244.4 1
4.55 245.81 1
4.56 247.04 1
4.57 247.66 1
4.58 245.15 1
4.59 235.23 1
4.6 231.27 1
4.61 231.5 1
4.62 227.89 1
4.63 198.47 1
4.64 212.07 1
4.65 199.0 1
4.66 204.97 1
4.67 209.76 1
4.68 208.86 1
4.69 210.16 1
4.7 215.72 1
4.71 227.92 1
4.72 233.49 1
4.73 234.78 1
4.74 232.73 1
4.75 245.18 1
4.76 230.3 1
4.77 222.1 1
4.78 207.51 1
4.79 205.06 1
4.8 195.18 1
4.81 201.04 1
4.82 207.73 1
4.83 199.68 1
4.84 202.24 1
4.85 211.08 1
4.86 203.87 1
4.87 197.34 1
4.88 195.52 1
4.89 196.68 1
4.9 194.02 1
4.91 194.18 1
4.92 194.2 1
4.93 194.2 1
4.94 195.76 1
4.95 195.72 1
4.96 195.88 1
4.97 196.19 1
4.98 195.92 1
4.99 194.63 1
5.0 194.72 1
5.01 196.46 1
5.02 196.92 1
5.03 197.5 1
5.04 196.88 1
5.05 197.66 1
5.06 194.56 1
5.07 195.57 1
5.08 198.61 1
5.09 205.13 1
5.1 211.98 1
5.11 219.48 1
5.12 226.74 1
5.13 234.19 1
5.14 124.6 1
5.15 129.51 1
5.16 134.02 1
5.17 141.57 1
5.18 149.23 1
5.19 143.88 1
5.2 147.25 1
5.21 145.15 1
5.22 143.88 1
5.23 144.72 1
5.24 146.1 1
5.25 146.46 1
5.26 147.26 1
5.27 149.08 1
5.28 143.6 1
5.29 149.24 1
5.3 0.0 1
5.31 0.0 1
5.32 0.0 1
5.33 0.0 1
5.34 0.0 1
5.35 0.0 1
5.36 0.0 1
5.37 0.0 1
5.38 0.0 1
5.39 0.0 1
5.4 0.0 1
5.41 0.0 1
5.42 0.0 1
5.43 0.0 1
5.44 0.0 1
5.45 0.0 1
5.46 0.0 1
5.47 0.0 1
5.48 248.62 1
5.49 247.43 1
5.5 235.38 1
5.51 236.21 1
5.52 232.72 1
5.53 235.2 1
5.54 235.91 1
5.55 236.32 1
5.56 237.81 1
5.57 238.68 1
5.58 241.6 1
5.59 239.54 1
5.6 238.57 1
5.61 233.96 1
5.62 233.97 1
5.63 239.8 1
5.64 238.26 1
5.65 238.45 1
5.66 238.11 1
5.67 247.05 1
5.68 226.94 1
5.69 223.4 1
5.7 220.55 1
5.71 222.62 1
5.72 227.97 1
5.73 252.54 1
5.74 261.13 1
5.75 280.04 1
5.76 299.15 1
5.77 326.4 1
5.78 333.96 1
5.79 338.67 1
5.8 323.5 1
5.81 293.03 1
5.82 329.98 1
5.83 328.63 1
5.84 327.5 1
5.85 0.0 1
5.86 0.0 1
5.87 0.0 1
5.88 285.44 1
5.89 294.2 1
5.9 297.7 1
5.91 293.03 1
5.92 296.97 1
5.93 295.02 1
5.94 296.98 1
5.95 297.0 1
5.96 297.03 1
5.97 297.04 1
5.98 295.12 1
5.99 293.19 1
6.0 295.12 1
6.01 295.11 1
6.02 295.06 1
6.03 291.11 1
6.04 291.12 1
6.05 291.1 1
6.06 298.2 1
6.07 299.01 1
6.08 291.15 1
6.09 287.53 1
6.1 289.94 1
6.11 281.45 1
6.12 281.7 1
6.13 278.15 1
6.14 276.44 1
6.15 280.06 1
6.16 291.8 1
6.17 303.21 1
6.18 319.36 1
6.19 332.86 1
6.2 0.0 1
6.21 0.0 1
6.22 0.0 1
6.23 0.0 1
6.24 0.0 1
6.25 0.0 1
6.26 347.97 1
6.27 344.09 1
6.28 330.33 1
6.29 338.79 1
6.3 337.93 1
6.31 336.52 1
6.32 340.74 1
6.33 344.69 1
6.34 344.97 1
6.35 362.98 1
6.36 378.91 1
6.37 387.64 1
6.38 388.55 1
6.39 394.56 1
6.4 393.44 1
6.41 390.91 1
