0.01 0.0 1
0.02 0.0 1
0.03 0.0 1
0.04 0.0 1
0.05 0.0 1
0.06 0.0 1
0.07 0.0 1
0.08 0.0 1
0.09 0.0 1
0.1 0.0 1
0.11 0.0 1
0.12 0.0 1
0.13 0.0 1
0.14 365.61 1
0.15 371.94 1
0.16 382.09 1
0.17 383.34 1
0.18 383.27 1
0.19 386.41 1
0.2 388.04 1
0.21 391.8 1
0.22 398.52 1
0.23 392.58 1
0.24 394.49 1
0.25 397.22 1
0.26 398.09 1
0.27 396.89 1
0.28 394.5 1
0.29 391.68 1
0.3 391.97 1
0.31 391.96 1
0.32 391.45 1
0.33 392.96 1
0.34 391.86 1
0.35 390.93 1
0.36 393.01 1
0.37 392.04 1
0.38 392.41 1
0.39 390.41 1
0.4 389.55 1
0.41 388.53 1
0.42 388.78 1
0.43 387.44 1
0.44 386.6 1
0.45 384.99 1
0.46 384.99 1
0.47 383.4 1
0.48 382.65 1
0.49 381.87 1
0.5 384.94 1
0.51 382.91 1
0.52 382.28 1
0.53 384.41 1
0.54 391.53 1
0.55 385.11 1
0.56 384.09 1
0.57 388.31 1
0.58 385.11 1
0.59 193.79 1
0.6 192.56 1
0.61 192.94 1
0.62 192.49 1
0.63 194.59 1
0.64 193.48 1
0.65 193.82 1
0.66 194.63 1
0.67 194.7 1
0.68 194.67 1
0.69 194.16 1
0.7 194.66 1
0.71 194.02 1
0.72 194.69 1
0.73 193.88 1
0.74 194.64 1
0.75 193.78 1
0.76 193.8 1
0.77 192.73 1
0.78 193.06 1
0.79 193.27 1
0.8 193.09 1
0.81 193.6 1
0.82 193.57 1
0.83 194.62 1
0.84 193.03 1
0.85 194.61 1
0.86 193.46 1
0.87 193.56 1
0.88 193.4 1
0.89 193.62 1
0.9 193.99 1
0.91 193.87 1
0.92 194.15 1
0.93 194.12 1
0.94 193.71 1
0.95 193.72 1
0.96 193.79 1
0.97 193.27 1
0.98 193.92 1
0.99 193.32 1
1.0 196.27 1
1.01 391.62 1
1.02 391.77 1
1.03 391.87 1
1.04 390.1 1
1.05 392.22 1
1.06 391.51 1
1.07 393.21 1
1.08 392.02 1
1.09 391.5 1
1.1 390.12 1
1.11 389.05 1
1.12 389.48 1
1.13 388.99 1
1.14 389.8 1
1.15 389.4 1
1.16 387.96 1
1.17 390.61 1
1.18 389.29 1
1.19 388.96 1
1.2 388.99 1
1.21 388.99 1
1.22 389.37 1
1.23 395.15 1
1.24 391.71 1
1.25 391.7 1
1.26 388.47 1
1.27 394.98 1
1.28 391.72 1
1.29 395.03 1
1.3 395.07 1
1.31 391.78 1
1.32 398.27 1
1.33 391.75 1
1.34 391.84 1
1.35 391.9 1
1.36 392.32 1
1.37 393.85 1
1.38 392.55 1
1.39 392.31 1
1.4 393.21 1
1.41 393.96 1
1.42 393.0 1
1.43 392.72 1
1.44 392.86 1
1.45 392.15 1
1.46 391.93 1
1.47 390.85 1
1.48 391.45 1
1.49 391.78 1
1.5 391.89 1
1.51 391.81 1
1.52 391.91 1
1.53 391.95 1
1.54 392.09 1
1.55 391.68 1
1.56 392.51 1
1.57 392.66 1
1.58 392.84 1
1.59 392.9 1
1.6 393.15 1
1.61 393.77 1
1.62 392.77 1
1.63 385.31 1
1.64 385.19 1
1.65 386.6 1
1.66 390.93 1
1.67 391.5 1
1.68 378.39 1
1.69 371.57 1
1.7 373.39 1
1.71 372.05 1
1.72 355.31 1
1.73 348.26 1
1.74 348.6 1
1.75 341.94 1
1.76 316.25 1
1.77 349.39 1
1.78 357.68 1
1.79 367.59 1
1.8 375.45 1
1.81 388.14 1
1.82 392.53 1
1.83 397.42 1
1.84 200.48 1
1.85 200.04 1
1.86 200.47 1
1.87 199.53 1
1.88 199.05 1
1.89 197.32 1
1.9 195.54 1
1.91 192.99 1
1.92 190.48 1
1.93 188.09 1
1.94 184.27 1
1.95 186.95 1
1.96 187.25 1
1.97 187.55 1
1.98 188.31 1
1.99 189.68 1
2.0 189.39 1
2.01 189.01 1
2.02 187.61 1
2.03 184.14 1
2.04 181.11 1
2.05 157.73 1
2.06 182.91 1
2.07 190.78 1
2.08 193.71 1
2.09 195.53 1
2.1 195.82 1
2.11 198.83 1
2.12 199.01 1
2.13 195.52 1
2.14 194.08 1
2.15 190.83 1
2.16 193.07 1
2.17 192.83 1
2.18 197.31 1
2.19 196.55 1
2.2 198.2 1
2.21 198.18 1
2.22 198.02 1
2.23 196.48 1
2.24 196.59 1
2.25 196.05 1
2.26 195.59 1
2.27 195.9 1
2.28 195.96 1
2.29 195.82 1
2.3 196.35 1
2.31 195.85 1
2.32 196.17 1
2.33 195.9 1
2.34 195.93 1
2.35 194.96 1
2.36 195.46 1
2.37 194.72 1
2.38 196.39 1
2.39 195.1 1
2.4 195.76 1
2.41 195.77 1
2.42 196.42 1
2.43 195.83 1
2.44 196.42 1
2.45 196.34 1
2.46 195.92 1
2.47 194.85 1
2.48 195.54 1
2.49 194.93 1
2.5 194.54 1
2.51 175.39 1
2.52 186.48 1
2.53 194.72 1
2.54 195.41 1
2.55 190.51 1
2.56 188.06 1
2.57 340.57 1
2.58 337.3 1
2.59 335.12 1
2.6 313.29 1
2.61 318.23 1
2.62 317.74 1
2.63 307.21 1
2.64 301.1 1
2.65 299.15 1
2.66 297.23 1
2.67 313.63 1
2.68 307.37 1
2.69 310.94 1
2.7 312.48 1
2.71 317.28 1
2.72 320.71 1
2.73 326.19 1
2.74 330.38 1
2.75 330.41 1
2.76 303.49 1
2.77 313.81 1
2.78 367.37 1
2.79 187.04 1
2.8 201.89 1
2.81 191.24 1
2.82 190.73 1
2.83 193.68 1
2.84 192.03 1
2.85 186.76 1
2.86 184.78 1
2.87 182.54 1
2.88 189.65 1
2.89 185.73 1
2.9 349.56 1
2.91 343.36 1
2.92 340.56 1
2.93 330.56 1
2.94 330.64 1
2.95 329.19 1
2.96 329.13 1
2.97 327.66 1
2.98 325.83 1
2.99 324.98 1
3.0 323.03 1
3.01 320.76 1
3.02 323.93 1
3.03 302.77 1
3.04 311.7 1
3.05 325.51 1
3.06 316.12 1
3.07 327.87 1
3.08 184.64 1
3.09 183.7 1
3.1 190.79 1
3.11 192.99 1
3.12 192.93 1
3.13 189.65 1
3.14 186.54 1
3.15 190.52 1
3.16 190.53 1
3.17 182.61 1
3.18 191.43 1
3.19 194.46 1
3.2 195.57 1
3.21 193.9 1
3.22 200.01 1
3.23 194.58 1
3.24 192.26 1
3.25 193.83 1
3.26 194.06 1
3.27 195.51 1
3.28 193.87 1
3.29 202.97 1
3.3 193.67 1
3.31 194.2 1
3.32 186.55 1
3.33 187.32 1
3.34 184.25 1
3.35 180.34 1
3.36 179.94 1
3.37 182.52 1
3.38 186.09 1
3.39 200.05 1
3.4 193.39 1
3.41 192.25 1
3.42 183.38 1
3.43 191.34 1
3.44 196.17 1
3.45 193.98 1
3.46 203.58 1
3.47 193.84 1
3.48 196.43 1
3.49 193.74 1
3.5 201.48 1
3.51 201.64 1
3.52 194.7 1
3.53 193.83 1
3.54 187.19 1
3.55 184.93 1
3.56 183.35 1
3.57 185.63 1
3.58 182.54 1
3.59 181.1 1
3.6 179.51 1
3.61 181.09 1
3.62 181.65 1
3.63 181.79 1
3.64 182.63 1
3.65 184.67 1
3.66 372.07 1
3.67 375.08 1
3.68 375.31 1
3.69 377.09 1
3.7 375.5 1
3.71 374.26 1
3.72 375.3 1
3.73 378.36 1
3.74 373.0 1
3.75 372.08 1
3.76 366.09 1
3.77 365.91 1
3.78 365.82 1
3.79 358.02 1
3.8 356.45 1
3.81 348.63 1
3.82 340.7 1
3.83 335.7 1
3.84 335.57 1
3.85 338.93 1
3.86 335.61 1
3.87 333.16 1
3.88 328.25 1
3.89 327.82 1
3.9 320.72 1
3.91 320.58 1
3.92 316.12 1
3.93 320.56 1
3.94 307.34 1
3.95 299.08 1
3.96 301.58 1
3.97 297.06 1
3.98 297.04 1
3.99 293.23 1
4.0 293.14 1
4.01 291.19 1
4.02 295.0 1
4.03 294.15 1
4.04 293.04 1
4.05 292.42 1
4.06 291.32 1
4.07 291.1 1
4.08 289.8 1
4.09 291.11 1
4.1 293.02 1
4.11 293.05 1
4.12 295.27 1
4.13 295.02 1
4.14 295.01 1
4.15 293.11 1
4.16 295.02 1
4.17 295.03 1
4.18 293.1 1
4.19 293.07 1
4.2 294.99 1
4.21 293.06 1
4.22 293.06 1
4.23 293.07 1
4.24 294.99 1
4.25 293.08 1
4.26 293.09 1
4.27 293.07 1
4.28 293.09 1
4.29 293.06 1
4.3 293.08 1
4.31 293.09 1
4.32 293.08 1
4.33 293.05 1
4.34 293.05 1
4.35 293.04 1
4.36 293.03 1
4.37 291.1 1
4.38 294.14 1
4.39 291.12 1
4.4 291.1 1
4.41 290.93 1
4.42 285.47 1
4.43 290.15 1
4.44 289.08 1
4.45 292.42 1
4.46 292.95 1
4.47 291.42 1
4.48 288.85 1
4.49 289.84 1
4.5 289.94 1
4.51 290.22 1
4.52 290.12 1
4.53 289.87 1
4.54 289.75 1
4.55 290.72 1
4.56 291.51 1
4.57 292.08 1
4.58 291.11 1
4.59 292.16 1
4.6 291.7 1
4.61 291.9 1
4.62 291.68 1
4.63 292.07 1
4.64 292.94 1
4.65 293.83 1
4.66 291.92 1
4.67 290.06 1
4.68 289.5 1
4.69 288.14 1
4.7 284.39 1
4.71 278.66 1
4.72 0.0 1
4.73 0.0 1
4.74 0.0 1
4.75 0.0 1
4.76 0.0 1
4.77 0.0 1
4.78 0.0 1
4.79 0.0 1
4.8 0.0 1
4.81 0.0 1
4.82 0.0 1
4.83 0.0 1
4.84 0.0 1
4.85 0.0 1
4.86 0.0 1
4.87 0.0 1
4.88 0.0 1
4.89 0.0 1
4.9 0.0 1
4.91 309.53 1
4.92 305.23 1
4.93 297.26 1
4.94 280.71 1
4.95 273.04 1
4.96 263.45 1
4.97 250.17 1
4.98 118.18 1
4.99 112.08 1
5.0 226.7 1
5.01 224.27 1
5.02 225.31 1
5.03 225.61 1
5.04 225.58 1
5.05 228.0 1
5.06 240.62 1
5.07 250.99 1
5.08 254.21 1
5.09 257.21 1
5.1 272.05 1
5.11 280.11 1
5.12 280.5 1
5.13 286.6 1
5.14 285.51 1
5.15 285.98 1
5.16 287.15 1
5.17 288.63 1
5.18 289.32 1
5.19 291.25 1
5.2 290.89 1
5.21 289.74 1
5.22 288.76 1
5.23 288.91 1
5.24 288.24 1
5.25 289.45 1
5.26 290.53 1
5.27 290.92 1
5.28 291.1 1
5.29 291.06 1
5.3 291.1 1
5.31 287.35 1
5.32 285.48 1
5.33 283.64 1
5.34 280.26 1
5.35 289.24 1
5.36 280.08 1
5.37 276.63 1
5.38 260.17 1
5.39 261.75 1
5.4 281.76 1
5.41 272.57 1
5.42 287.17 1
5.43 288.31 1
5.44 289.49 1
5.45 289.21 1
5.46 290.11 1
5.47 289.49 1
5.48 289.28 1
5.49 290.16 1
5.5 289.21 1
5.51 289.17 1
5.52 289.43 1
5.53 289.67 1
5.54 291.11 1
5.55 291.11 1
5.56 291.54 1
5.57 291.52 1
5.58 291.1 1
5.59 289.91 1
5.6 288.33 1
5.61 287.38 1
5.62 285.58 1
5.63 283.06 1
5.64 281.79 1
5.65 278.88 1
5.66 279.9 1
5.67 276.45 1
5.68 278.18 1
5.69 272.99 1
5.7 269.64 1
5.71 260.27 1
5.72 258.7 1
5.73 255.71 1
5.74 256.23 1
5.75 252.34 1
5.76 251.25 1
5.77 249.38 1
5.78 247.62 1
5.79 248.42 1
5.8 249.62 1
5.81 122.97 1
5.82 117.75 1
5.83 123.31 1
5.84 120.38 1
5.85 122.31 1
5.86 121.0 1
5.87 122.64 1
5.88 120.35 1
5.89 121.01 1
5.9 121.78 1
5.91 121.66 1
5.92 121.98 1
5.93 120.37 1
5.94 0.0 1
5.95 0.0 1
5.96 0.0 1
5.97 0.0 1
5.98 0.0 1
5.99 0.0 1
6.0 0.0 1
6.01 73.87 1
6.02 74.06 1
6.03 73.82 1
6.04 81.5 1
6.05 82.18 1
6.06 81.88 1
6.07 81.89 1
6.08 81.62 1
6.09 82.03 1
6.1 81.4 1
6.11 121.85 1
6.12 121.66 1
6.13 120.35 1
6.14 121.4 1
6.15 120.04 1
6.16 121.82 1
6.17 120.05 1
6.18 121.51 1
6.19 118.08 1
6.2 114.05 1
6.21 117.8 1
6.22 121.5 1
6.23 118.71 1
6.24 120.79 1
6.25 118.39 1
6.26 122.65 1
6.27 117.36 1
6.28 136.32 1
6.29 121.65 1
6.3 123.0 1
6.31 148.33 1
6.32 122.99 1
6.33 119.07 1
6.34 120.58 1
6.35 120.45 1
6.36 120.02 1
6.37 120.36 1
6.38 119.71 1
6.39 0.0 1
6.4 0.0 1
6.41 0.0 1
6.42 0.0 1
6.43 0.0 1
6.44 0.0 1
6.45 0.0 1
6.46 121.34 1
6.47 119.42 1
6.48 120.05 1
6.49 121.57 1
6.5 244.0 1
6.51 244.31 1
6.52 245.07 1
6.53 244.65 1
6.54 239.19 1
6.55 246.92 1
6.56 243.21 1
6.57 246.88 1
6.58 241.68 1
6.59 244.24 1
6.6 240.39 1
6.61 239.15 1
6.62 190.31 1
6.63 241.62 1
6.64 250.74 1
6.65 276.91 1
6.66 246.91 1
6.67 248.31 1
6.68 246.98 1
6.69 246.81 1
6.7 246.32 1
6.71 246.6 1
6.72 241.79 1
6.73 243.21 1
6.74 118.78 1
6.75 117.43 1
6.76 114.7 1
6.77 114.3 1
6.78 115.08 1
6.79 114.79 1
6.8 117.08 1
6.81 115.04 1
6.82 116.22 1
6.83 237.23 1
6.84 234.01 1
6.85 254.64 1
6.86 258.72 1
6.87 271.8 1
6.88 278.33 1
6.89 283.1 1
6.9 285.71 1
6.91 288.63 1
6.92 291.53 1
6.93 294.42 1
6.94 292.19 1
6.95 292.88 1
6.96 293.02 1
6.97 295.34 1
6.98 294.55 1
6.99 294.99 1
7.0 294.99 1
7.01 296.76 1
7.02 296.97 1
7.03 296.86 1
7.04 296.26 1
7.05 293.1 1
7.06 294.21 1
7.07 292.15 1
7.08 288.81 1
7.09 286.18 1
7.1 282.56 1
7.11 0.0 1
7.12 0.0 1
7.13 0.0 1
7.14 0.0 1
7.15 0.0 1
7.16 0.0 1
7.17 0.0 1
7.18 0.0 1
7.19 0.0 1
7.2 0.0 1
7.21 0.0 1
7.22 0.0 1
7.23 0.0 1
7.24 0.0 1
7.25 0.0 1
7.26 0.0 1
7.27 0.0 1
7.28 290.97 1
7.29 290.68 1
7.3 290.3 1
7.31 289.47 1
7.32 291.09 1
7.33 291.56 1
7.34 291.13 1
7.35 291.08 1
7.36 291.09 1
7.37 290.58 1
7.38 289.84 1
7.39 290.06 1
7.4 290.57 1
7.41 290.32 1
7.42 291.11 1
7.43 291.09 1
7.44 291.1 1
7.45 291.14 1
7.46 294.51 1
7.47 294.67 1
7.48 293.04 1
7.49 291.95 1
7.5 290.62 1
7.51 289.75 1
7.52 289.84 1
7.53 288.55 1
7.54 287.23 1
7.55 283.9 1
7.56 276.53 1
7.57 278.12 1
7.58 271.26 1
7.59 281.6 1
7.6 266.38 1
7.61 252.22 1
7.62 247.71 1
7.63 247.03 1
7.64 244.29 1
7.65 245.65 1
7.66 243.57 1
7.67 245.63 1
7.68 248.2 1
7.69 250.75 1
7.7 257.01 1
7.71 257.27 1
7.72 270.32 1
7.73 278.15 1
7.74 277.98 1
7.75 282.2 1
7.76 284.67 1
7.77 286.74 1
7.78 287.26 1
7.79 288.34 1
7.8 291.74 1
7.81 289.99 1
7.82 290.82 1
7.83 289.05 1
7.84 290.58 1
7.85 289.56 1
7.86 289.16 1
7.87 287.62 1
7.88 289.2 1
7.89 0.0 1
7.9 0.0 1
7.91 0.0 1
7.92 0.0 1
7.93 0.0 1
7.94 0.0 1
7.95 0.0 1
7.96 0.0 1
7.97 0.0 1
7.98 196.13 1
7.99 197.27 1
8.0 195.66 1
8.01 195.66 1
8.02 196.37 1
8.03 196.4 1
8.04 196.12 1
8.05 196.19 1
8.06 196.26 1
8.07 97.7 1
8.08 98.14 1
8.09 97.9 1
8.1 98.32 1
8.11 98.11 1
8.12 98.05 1
8.13 97.69 1
8.14 98.14 1
8.15 97.9 1
8.16 98.22 1
8.17 98.01 1
8.18 98.02 1
8.19 98.96 1
8.2 98.11 1
8.21 97.06 1
8.22 120.33 1
8.23 279.99 1
8.24 276.49 1
8.25 283.58 1
8.26 288.77 1
8.27 289.42 1
8.28 293.06 1
8.29 293.29 1
8.3 293.32 1
8.31 293.21 1
8.32 293.16 1
8.33 291.18 1
8.34 293.05 1
8.35 293.5 1
8.36 293.15 1
8.37 294.61 1
8.38 294.77 1
8.39 295.06 1
8.4 295.17 1
8.41 293.08 1
8.42 295.03 1
8.43 301.07 1
8.44 296.15 1
8.45 318.08 1
8.46 354.43 1
8.47 381.75 1
8.48 391.65 1
8.49 391.78 1
8.5 391.43 1
8.51 390.06 1
8.52 387.09 1
8.53 382.43 1
8.54 391.13 1
8.55 184.17 1
8.56 183.34 1
8.57 178.88 1
8.58 174.01 1
8.59 173.19 1
8.6 166.85 1
8.61 163.69 1
8.62 162.98 1
8.63 160.96 1
8.64 160.25 1
8.65 159.72 1
8.66 157.86 1
8.67 161.34 1
8.68 165.54 1
8.69 168.09 1
8.7 171.26 1
8.71 173.14 1
8.72 182.61 1
8.73 187.76 1
8.74 188.92 1
8.75 198.06 1
8.76 200.01 1
8.77 201.78 1
8.78 195.61 1
8.79 193.6 1
8.8 189.78 1
8.81 184.22 1
8.82 175.99 1
8.83 181.11 1
8.84 181.75 1
8.85 166.16 1
8.86 176.69 1
8.87 173.96 1
8.88 171.3 1
8.89 171.4 1
8.9 174.68 1
8.91 354.08 1
8.92 360.18 1
8.93 370.41 1
8.94 377.92 1
8.95 426.46 1
8.96 385.1 1
8.97 383.12 1
8.98 377.81 1
8.99 371.75 1
9.0 367.22 1
9.01 365.85 1
9.02 357.38 1
9.03 395.76 1
9.04 353.95 1
9.05 354.11 1
9.06 357.49 1
9.07 364.75 1
9.08 375.13 1
9.09 422.59 1
9.1 391.87 1
9.11 398.15 1
9.12 343.94 1
9.13 375.33 1
9.14 383.69 1
9.15 452.21 1
9.16 474.64 1
9.17 418.49 1
9.18 394.89 1
9.19 429.67 1
9.2 423.86 1
9.21 422.7 1
9.22 414.29 1
9.23 406.39 1
9.24 391.34 1
9.25 388.43 1
9.26 391.57 1
9.27 372.42 1
9.28 375.2 1
9.29 378.3 1
9.3 180.36 1
9.31 181.23 1
9.32 177.56 1
9.33 181.36 1
9.34 183.12 1
9.35 185.2 1
9.36 190.45 1
9.37 188.88 1
9.38 192.96 1
9.39 193.39 1
9.4 193.7 1
9.41 193.83 1
9.42 195.53 1
9.43 192.91 1
9.44 192.92 1
9.45 191.99 1
9.46 188.82 1
9.47 187.91 1
9.48 185.71 1
9.49 186.61 1
9.5 184.1 1
9.51 117.57 1
9.52 118.29 1
9.53 116.79 1
9.54 114.97 1
9.55 113.35 1
9.56 152.35 1
9.57 337.02 1
9.58 328.67 1
9.59 324.3 1
9.6 327.74 1
9.61 319.87 1
9.62 320.49 1
9.63 315.99 1
9.64 309.64 1
9.65 152.91 1
9.66 303.22 1
9.67 301.23 1
9.68 297.03 1
9.69 297.04 1
9.7 293.15 1
9.71 293.16 1
9.72 293.04 1
9.73 293.11 1
9.74 293.08 1
9.75 294.77 1
9.76 294.54 1
9.77 293.19 1
9.78 291.17 1
9.79 292.64 1
9.8 292.84 1
9.81 291.13 1
9.82 292.23 1
9.83 292.68 1
9.84 291.12 1
9.85 290.94 1
9.86 291.11 1
9.87 291.11 1
9.88 291.06 1
9.89 290.62 1
9.9 290.66 1
9.91 291.06 1
9.92 290.99 1
9.93 291.09 1
9.94 290.99 1
9.95 291.13 1
9.96 293.06 1
9.97 294.67 1
9.98 294.99 1
9.99 294.84 1
10.0 293.78 1
10.01 292.28 1
10.02 292.05 1
10.03 290.98 1
10.04 290.18 1
10.05 287.37 1
10.06 289.21 1
10.07 289.3 1
10.08 292.56 1
10.09 290.96 1
10.1 290.32 1
10.11 290.43 1
10.12 281.86 1
10.13 291.84 1
10.14 291.45 1
10.15 290.39 1
10.16 289.63 1
10.17 291.77 1
10.18 293.75 1
10.19 296.26 1
10.2 295.14 1
10.21 295.22 1
10.22 293.4 1
10.23 297.16 1
10.24 293.43 1
10.25 295.22 1
10.26 295.22 1
10.27 293.28 1
10.28 293.18 1
10.29 293.14 1
10.3 293.05 1
10.31 293.03 1
10.32 295.94 1
10.33 297.19 1
10.34 295.02 1
10.35 301.37 1
10.36 0.0 1
10.37 0.0 1
10.38 0.0 1
10.39 0.0 1
10.4 95.95 1
10.41 95.76 1
10.42 95.35 1
10.43 95.35 1
10.44 94.88 1
10.45 190.43 1
10.46 186.56 1
10.47 190.35 1
10.48 187.72 1
10.49 186.5 1
10.5 186.46 1
10.51 183.88 1
10.52 180.94 1
10.53 315.98 1
10.54 333.39 1
10.55 330.88 1
10.56 332.12 1
10.57 323.58 1
10.58 325.99 1
10.59 329.02 1
10.6 330.48 1
10.61 333.4 1
10.62 326.95 1
10.63 335.97 1
10.64 346.13 1
10.65 326.25 1
10.66 345.57 1
10.67 345.86 1
10.68 183.27 1
10.69 189.44 1
10.7 195.44 1
10.71 194.69 1
10.72 186.41 1
10.73 196.31 1
10.74 193.79 1
10.75 202.97 1
10.76 193.26 1
10.77 202.01 1
10.78 192.66 1
10.79 194.51 1
10.8 189.97 1
10.81 195.23 1
10.82 196.12 1
10.83 197.02 1
10.84 194.51 1
10.85 196.25 1
10.86 192.99 1
10.87 193.74 1
10.88 192.14 1
10.89 184.26 1
10.9 186.85 1
10.91 368.76 1
10.92 355.21 1
10.93 326.95 1
10.94 357.3 1
10.95 365.6 1
10.96 372.63 1
10.97 378.87 1
10.98 388.35 1
10.99 392.23 1
11.0 402.53 1
11.01 398.4 1
11.02 383.73 1
11.03 355.33 1
11.04 343.74 1
11.05 0.0 1
11.06 0.0 1
11.07 0.0 1
11.08 0.0 1
11.09 0.0 1
11.1 0.0 1
11.11 0.0 1
11.12 0.0 1
11.13 0.0 1
11.14 0.0 1
11.15 412.83 1
11.16 406.25 1
11.17 392.81 1
11.18 391.98 1
11.19 389.24 1
11.2 387.44 1
11.21 385.63 1
11.22 391.86 1
11.23 391.87 1
11.24 391.9 1
11.25 395.14 1
11.26 391.98 1
11.27 392.26 1
11.28 391.7 1
11.29 391.14 1
11.3 391.92 1
11.31 391.99 1
11.32 393.72 1
11.33 394.03 1
11.34 396.35 1
11.35 396.23 1
11.36 396.12 1
11.37 396.79 1
11.38 397.11 1
11.39 395.49 1
11.4 395.55 1
11.41 396.28 1
11.42 395.54 1
11.43 394.08 1
11.44 393.33 1
11.45 392.0 1
11.46 391.28 1
11.47 392.5 1
11.48 392.87 1
11.49 392.2 1
11.5 393.6 1
11.51 392.24 1
11.52 345.26 1
11.53 375.33 1
11.54 385.29 1
11.55 393.97 1
11.56 378.78 1
11.57 427.86 1
11.58 443.38 1
11.59 451.87 1
11.6 475.43 1
11.61 491.41 1
11.62 508.79 1
11.63 512.89 1
11.64 505.68 1
11.65 504.7 1
11.66 501.31 1
11.67 491.87 1
11.68 488.12 1
11.69 482.55 1
11.7 475.34 1
11.71 473.47 1
11.72 471.24 1
11.73 464.99 1
11.74 460.88 1
11.75 455.35 1
11.76 450.69 1
11.77 448.61 1
11.78 445.14 1
11.79 441.78 1
11.8 440.61 1
11.81 439.26 1
11.82 437.96 1
11.83 438.04 1
11.84 440.78 1
11.85 443.51 1
11.86 445.18 1
11.87 448.9 1
11.88 452.3 1
11.89 454.64 1
11.9 457.22 1
11.91 465.51 1
11.92 466.61 1
11.93 458.05 1
11.94 450.81 1
11.95 410.25 1
11.96 0.0 1
11.97 0.0 1
11.98 0.0 1
11.99 0.0 1
12.0 0.0 1
12.01 0.0 1
12.02 0.0 1
12.03 0.0 1
12.04 0.0 1
12.05 0.0 1
12.06 99.88 1
12.07 97.97 1
12.08 98.1 1
12.09 98.75 1
12.1 95.38 1
12.11 97.62 1
12.12 96.99 1
12.13 97.31 1
12.14 97.15 1
12.15 97.65 1
12.16 97.44 1
12.17 96.77 1
12.18 193.34 1
12.19 386.06 1
12.2 387.21 1
12.21 386.12 1
12.22 388.39 1
12.23 391.66 1
12.24 395.13 1
12.25 395.27 1
12.26 391.02 1
12.27 393.46 1
12.28 394.91 1
12.29 395.05 1
12.3 394.61 1
12.31 395.42 1
12.32 394.01 1
12.33 394.02 1
12.34 393.6 1
12.35 393.58 1
12.36 395.26 1
12.37 398.88 1
12.38 396.02 1
12.39 394.98 1
12.4 395.36 1
12.41 395.53 1
12.42 388.81 1
12.43 382.25 1
12.44 392.01 1
12.45 385.18 1
12.46 377.39 1
12.47 376.84 1
12.48 370.33 1
12.49 388.29 1
12.5 388.46 1
12.51 388.0 1
12.52 388.04 1
12.53 395.17 1
12.54 398.52 1
12.55 405.66 1
12.56 453.2 1
12.57 392.72 1
12.58 392.83 1
12.59 393.43 1
12.6 393.26 1
12.61 392.18 1
12.62 391.33 1
12.63 388.23 1
12.64 388.49 1
12.65 391.47 1
12.66 391.34 1
12.67 391.38 1
12.68 386.28 1
12.69 388.41 1
12.7 385.55 1
12.71 388.43 1
12.72 391.67 1
12.73 391.68 1
12.74 391.58 1
12.75 381.54 1
12.76 373.26 1
12.77 371.82 1
12.78 373.31 1
12.79 375.24 1
12.8 381.51 1
12.81 381.67 1
12.82 381.81 1
12.83 376.06 1
12.84 369.08 1
12.85 363.05 1
12.86 360.04 1
12.87 388.33 1
12.88 423.86 1
12.89 396.63 1
12.9 0.0 1
12.91 395.95 1
12.92 393.83 1
12.93 388.69 1
12.94 382.33 1
12.95 377.9 1
12.96 375.27 1
12.97 375.22 1
12.98 367.87 1
12.99 354.53 1
13.0 360.68 1
13.01 357.09 1
13.02 348.69 1
13.03 345.22 1
13.04 338.99 1
13.05 333.24 1
13.06 330.07 1
13.07 328.84 1
13.08 326.63 1
13.09 327.78 1
13.1 323.33 1
13.11 325.27 1
13.12 322.96 1
13.13 322.97 1
13.14 325.29 1
13.15 325.28 1
13.16 322.92 1
13.17 325.22 1
13.18 323.03 1
13.19 323.33 1
13.2 327.86 1
13.21 332.19 1
13.22 337.44 1
13.23 338.35 1
13.24 338.42 1
13.25 344.5 1
13.26 334.71 1
13.27 338.91 1
13.28 340.46 1
13.29 344.31 1
13.3 0.0 1
13.31 0.0 1
13.32 0.0 1
13.33 0.0 1
13.34 0.0 1
13.35 0.0 1
13.36 283.97 1
13.37 292.99 1
13.38 293.36 1
13.39 294.26 1
13.4 293.37 1
13.41 293.05 1
13.42 293.09 1
13.43 295.84 1
13.44 296.3 1
13.45 296.29 1
13.46 295.02 1
13.47 293.11 1
13.48 294.73 1
13.49 293.92 1
13.5 293.3 1
13.51 292.51 1
13.52 292.1 1
13.53 291.14 1
13.54 292.15 1
13.55 291.13 1
13.56 291.05 1
13.57 291.11 1
13.58 290.8 1
13.59 291.11 1
13.6 291.09 1
13.61 291.13 1
13.62 291.19 1
13.63 293.09 1
13.64 293.14 1
13.65 293.16 1
13.66 293.14 1
13.67 293.12 1
13.68 293.08 1
13.69 292.48 1
13.7 290.8 1
13.71 289.2 1
13.72 285.06 1
13.73 287.35 1
13.74 0.0 1
13.75 0.0 1
13.76 287.36 1
13.77 289.36 1
13.78 285.76 1
13.79 274.87 1
13.8 288.91 1
13.81 291.6 1
13.82 289.16 1
13.83 288.58 1
13.84 290.42 1
13.85 290.6 1
13.86 290.42 1
13.87 290.59 1
13.88 291.77 1
13.89 291.14 1
13.9 291.14 1
13.91 291.11 1
13.92 291.13 1
13.93 291.14 1
13.94 291.25 1
13.95 290.94 1
13.96 291.15 1
13.97 291.44 1
13.98 0.0 1
13.99 0.0 1
14.0 0.0 1
14.01 0.0 1
14.02 0.0 1
14.03 0.0 1
14.04 381.74 1
14.05 388.22 1
14.06 381.73 1
14.07 375.44 1
14.08 373.52 1
14.09 368.45 1
14.1 363.52 1
14.11 346.32 1
14.12 351.49 1
14.13 347.26 1
14.14 339.7 1
14.15 333.15 1
14.16 327.86 1
14.17 327.71 1
14.18 325.41 1
14.19 323.75 1
14.2 324.41 1
14.21 327.34 1
14.22 333.5 1
14.23 340.54 1
14.24 331.71 1
14.25 343.14 1
14.26 346.22 1
14.27 360.04 1
14.28 362.98 1
14.29 383.84 1
14.3 350.57 1
14.31 385.28 1
14.32 380.74 1
14.33 377.8 1
14.34 377.94 1
14.35 376.08 1
14.36 375.93 1
14.37 377.8 1
14.38 377.69 1
14.39 379.7 1
14.4 384.85 1
14.41 388.55 1
14.42 390.06 1
14.43 391.42 1
14.44 392.18 1
14.45 393.05 1
14.46 391.61 1
14.47 390.18 1
14.48 388.88 1
14.49 391.24 1
14.5 375.32 1
14.51 375.22 1
14.52 359.82 1
14.53 355.13 1
14.54 355.78 1
14.55 359.94 1
14.56 364.65 1
14.57 372.38 1
14.58 379.36 1
14.59 391.45 1
14.6 389.72 1
14.61 393.55 1
14.62 393.52 1
14.63 390.45 1
