0.01 315.31 1
0.02 296.6 1
0.03 292.98 1
0.04 292.51 1
0.05 291.23 1
0.06 289.85 1
0.07 288.94 1
0.08 286.46 1
0.09 286.06 1
0.1 286.4 1
0.11 285.71 1
0.12 283.66 1
0.13 274.79 1
0.14 263.3 1
0.15 285.93 1
0.16 281.81 1
0.17 288.01 1
0.18 284.96 1
0.19 260.18 1
0.2 323.0 1
0.21 316.26 1
0.22 315.99 1
0.23 309.9 1
0.24 311.62 1
0.25 313.87 1
0.26 318.68 1
0.27 329.08 1
0.28 340.13 1
0.29 345.95 1
0.3 343.47 1
0.31 354.42 1
0.32 364.06 1
0.33 365.98 1
0.34 354.37 1
0.35 348.66 1
0.36 345.9 1
0.37 340.22 1
0.38 330.81 1
0.39 327.21 1
0.4 325.4 1
0.41 325.53 1
0.42 326.46 1
0.43 332.2 1
0.44 337.75 1
0.45 340.56 1
0.46 343.65 1
0.47 342.59 1
0.48 335.39 1
0.49 340.55 1
0.5 337.87 1
0.51 337.59 1
0.52 325.59 1
0.53 260.26 1
0.54 274.74 1
0.55 303.07 1
0.56 294.98 1
0.57 299.0 1
0.58 300.63 1
0.59 296.99 1
0.6 296.98 1
0.61 296.97 1
0.62 296.98 1
0.63 295.02 1
0.64 297.03 1
0.65 297.03 1
0.66 295.05 1
0.67 296.78 1
0.68 286.94 1
0.69 297.26 1
0.7 290.98 1
0.71 291.13 1
0.72 293.09 1
0.73 271.4 1
0.74 250.12 1
0.75 226.82 1
0.76 222.92 1
0.77 222.22 1
0.78 226.95 1
0.79 229.1 1
0.8 239.74 1
0.81 249.29 1
0.82 272.98 1
0.83 261.76 1
0.84 271.3 1
0.85 271.14 1
0.86 255.58 1
0.87 266.4 1
0.88 264.87 1
0.89 248.84 1
0.9 271.03 1
0.91 285.47 1
0.92 251.59 1
0.93 246.88 1
0.94 260.19 1
0.95 248.44 1
0.96 247.04 1
0.97 248.22 1
0.98 246.93 1
0.99 247.51 1
1.0 248.15 1
1.01 249.39 1
1.02 248.65 1
1.03 249.64 1
1.04 247.86 1
1.05 266.48 1
1.06 249.67 1
1.07 247.32 1
1.08 258.66 1
1.09 252.72 1
1.1 255.34 1
1.11 257.12 1
1.12 241.61 1
1.13 235.21 1
1.14 238.99 1
1.15 238.72 1
1.16 240.32 1
1.17 249.81 1
1.18 250.41 1
1.19 251.33 1
1.2 258.67 1
1.21 266.87 1
1.22 261.76 1
1.23 263.43 1
1.24 257.16 1
1.25 254.2 1
1.26 268.07 1
1.27 132.99 1
1.28 132.22 1
1.29 132.57 1
1.3 154.98 1
1.31 147.29 1
1.32 150.49 1
1.33 144.26 1
1.34 143.02 1
1.35 290.73 1
1.36 292.19 1
1.37 292.41 1
1.38 293.04 1
1.39 294.99 1
1.4 293.05 1
1.41 294.43 1
1.42 293.66 1
1.43 292.49 1
1.44 290.27 1
1.45 286.69 1
1.46 284.23 1
1.47 278.21 1
1.48 271.33 1
1.49 264.83 1
1.5 255.89 1
1.51 251.88 1
1.52 247.49 1
1.53 250.99 1
1.54 254.23 1
1.55 263.31 1
1.56 264.97 1
1.57 281.11 1
1.58 291.1 1
1.59 293.02 1
1.6 296.01 1
1.61 294.72 1
1.62 289.52 1
1.63 291.33 1
1.64 286.64 1
1.65 295.11 1
1.66 290.13 1
1.67 284.47 1
1.68 257.15 1
1.69 250.01 1
1.7 287.32 1
1.71 241.58 1
1.72 239.77 1
1.73 242.97 1
1.74 250.98 1
1.75 255.93 1
1.76 257.17 1
1.77 269.47 1
1.78 271.31 1
1.79 273.84 1
1.8 271.8 1
1.81 260.6 1
1.82 257.54 1
1.83 264.87 1
1.84 266.99 1
1.85 251.62 1
1.86 261.72 1
1.87 241.64 1
1.88 250.88 1
1.89 258.6 1
1.9 247.04 1
1.91 247.22 1
1.92 249.76 1
1.93 251.41 1
1.94 252.48 1
1.95 254.69 1
1.96 253.35 1
1.97 253.57 1
1.98 251.12 1
1.99 250.1 1
2.0 230.62 1
2.01 251.72 1
2.02 268.11 1
2.03 266.94 1
2.04 250.09 1
2.05 248.65 1
2.06 254.19 1
2.07 251.27 1
2.08 237.55 1
2.09 232.76 1
2.1 239.27 1
2.11 238.5 1
2.12 247.17 1
2.13 266.3 1
2.14 254.24 1
2.15 272.21 1
2.16 276.55 1
2.17 281.75 1
2.18 273.83 1
2.19 264.56 1
2.2 274.63 1
2.21 261.82 1
2.22 265.8 1
2.23 258.12 1
2.24 249.29 1
2.25 257.14 1
2.26 235.24 1
2.27 227.49 1
2.28 226.74 1
2.29 214.01 1
2.3 213.77 1
2.31 209.51 1
2.32 222.27 1
2.33 218.43 1
2.34 227.91 1
2.35 244.31 1
2.36 229.09 1
2.37 214.6 1
2.38 224.77 1
2.39 227.91 1
2.4 207.58 1
2.41 221.04 1
2.42 251.82 1
2.43 256.53 1
2.44 254.67 1
2.45 237.73 1
2.46 231.26 1
2.47 223.05 1
2.48 219.91 1
2.49 216.68 1
2.5 214.56 1
2.51 212.15 1
2.52 217.74 1
2.53 212.83 1
2.54 219.71 1
2.55 225.09 1
2.56 226.74 1
2.57 229.0 1
2.58 232.72 1
2.59 236.99 1
2.6 238.7 1
2.61 242.53 1
2.62 240.46 1
2.63 242.97 1
2.64 246.12 1
2.65 247.38 1
2.66 248.3 1
2.67 248.17 1
2.68 246.86 1
2.69 244.83 1
2.7 240.35 1
2.71 241.65 1
2.72 239.4 1
2.73 237.4 1
2.74 240.44 1
2.75 232.73 1
2.76 231.59 1
2.77 223.43 1
2.78 210.29 1
2.79 208.48 1
2.8 208.85 1
2.81 214.02 1
2.82 211.51 1
2.83 221.18 1
2.84 229.1 1
2.85 234.98 1
2.86 247.06 1
2.87 234.09 1
2.88 238.89 1
2.89 229.09 1
2.9 247.1 1
2.91 230.3 1
2.92 229.12 1
2.93 206.75 1
2.94 222.16 1
2.95 221.39 1
2.96 235.22 1
2.97 235.2 1
2.98 235.2 1
2.99 208.31 1
3.0 197.79 1
3.01 194.76 1
3.02 195.9 1
3.03 196.69 1
3.04 195.84 1
3.05 197.9 1
3.06 197.51 1
3.07 197.21 1
3.08 196.99 1
3.09 197.1 1
3.1 196.35 1
3.11 196.71 1
3.12 194.96 1
3.13 196.84 1
3.14 198.08 1
3.15 196.45 1
3.16 196.49 1
3.17 196.27 1
3.18 190.15 1
3.19 182.62 1
3.2 183.38 1
3.21 183.31 1
3.22 185.37 1
3.23 0.0 1
3.24 0.0 1
3.25 194.8 1
3.26 193.0 1
3.27 205.21 1
3.28 209.5 1
3.29 214.89 1
3.3 206.48 1
3.31 198.19 1
3.32 222.57 1
3.33 210.15 1
3.34 213.79 1
3.35 198.2 1
3.36 192.4 1
3.37 182.6 1
3.38 174.16 1
3.39 168.29 1
3.4 166.65 1
3.41 159.98 1
3.42 155.03 1
3.43 158.83 1
3.44 161.82 1
3.45 159.93 1
3.46 169.29 1
3.47 172.67 1
3.48 168.81 1
3.49 175.47 1
3.5 179.63 1
3.51 193.68 1
3.52 194.74 1
3.53 190.51 1
3.54 180.76 1
3.55 179.09 1
3.56 179.02 1
3.57 178.67 1
3.58 178.09 1
3.59 185.62 1
3.6 97.03 1
3.61 101.21 1
3.62 96.61 1
3.63 98.53 1
3.64 98.21 1
3.65 98.2 1
3.66 97.68 1
3.67 96.82 1
3.68 98.09 1
3.69 98.23 1
3.7 96.61 1
3.71 98.08 1
3.72 97.9 1
3.73 97.87 1
3.74 98.54 1
3.75 98.28 1
3.76 97.25 1
3.77 98.23 1
3.78 97.68 1
3.79 97.98 1
3.8 98.98 1
3.81 97.98 1
3.82 97.46 1
3.83 98.33 1
3.84 98.04 1
3.85 98.16 1
3.86 97.97 1
3.87 98.2 1
3.88 97.85 1
3.89 98.25 1
3.9 97.46 1
3.91 98.32 1
3.92 93.72 1
3.93 165.48 1
3.94 160.59 1
3.95 160.19 1
3.96 160.66 1
3.97 158.24 1
3.98 151.28 1
3.99 145.82 1
4.0 144.43 1
4.01 144.83 1
4.02 130.67 1
4.03 133.84 1
4.04 135.05 1
4.05 165.83 1
4.06 154.02 1
4.07 152.77 1
4.08 152.46 1
4.09 166.87 1
4.1 160.36 1
4.11 154.33 1
4.12 150.84 1
4.13 148.21 1
4.14 149.1 1
4.15 155.56 1
4.16 163.22 1
4.17 183.66 1
4.18 187.94 1
4.19 188.0 1
4.2 199.7 1
4.21 183.14 1
4.22 184.14 1
4.23 185.54 1
4.24 171.95 1
4.25 178.91 1
4.26 176.33 1
4.27 168.63 1
4.28 163.75 1
4.29 169.99 1
4.3 170.6 1
4.31 176.63 1
4.32 181.47 1
4.33 187.61 1
4.34 194.67 1
4.35 203.7 1
4.36 200.12 1
4.37 198.88 1
4.38 195.7 1
4.39 194.87 1
4.4 193.85 1
4.41 195.95 1
4.42 199.08 1
4.43 196.51 1
4.44 199.23 1
4.45 188.96 1
4.46 196.24 1
4.47 195.3 1
4.48 193.84 1
4.49 195.61 1
4.5 194.7 1
4.51 195.14 1
4.52 196.14 1
4.53 194.94 1
4.54 195.76 1
4.55 195.43 1
4.56 195.27 1
4.57 194.45 1
4.58 193.57 1
4.59 191.34 1
4.6 188.87 1
4.61 193.77 1
4.62 192.49 1
4.63 193.56 1
4.64 193.14 1
4.65 197.79 1
4.66 219.11 1
4.67 216.7 1
4.68 238.31 1
4.69 238.3 1
4.7 241.98 1
4.71 238.89 1
4.72 233.99 1
4.73 231.5 1
4.74 225.67 1
4.75 217.78 1
4.76 213.09 1
4.77 198.32 1
4.78 149.25 1
4.79 149.24 1
4.8 152.85 1
4.81 141.58 1
4.82 147.74 1
4.83 145.7 1
4.84 147.52 1
4.85 153.26 1
4.86 144.72 1
4.87 150.76 1
4.88 147.25 1
4.89 148.23 1
4.9 147.74 1
4.91 148.06 1
4.92 149.63 1
4.93 146.52 1
4.94 147.46 1
4.95 146.77 1
4.96 149.24 1
4.97 146.53 1
4.98 147.28 1
4.99 146.96 1
5.0 122.89 1
5.01 190.43 1
5.02 194.16 1
5.03 188.06 1
5.04 193.84 1
5.05 193.42 1
5.06 195.51 1
5.07 198.1 1
5.08 195.95 1
5.09 192.52 1
5.1 190.25 1
5.11 189.42 1
5.12 193.31 1
5.13 185.47 1
5.14 199.44 1
5.15 185.3 1
5.16 206.41 1
5.17 186.38 1
5.18 189.67 1
5.19 191.31 1
5.2 192.15 1
5.21 194.13 1
5.22 194.99 1
5.23 195.92 1
5.24 197.86 1
5.25 198.38 1
5.26 197.05 1
5.27 194.66 1
5.28 192.85 1
5.29 190.09 1
5.3 170.56 1
5.31 171.93 1
5.32 186.48 1
5.33 193.9 1
5.34 192.02 1
5.35 190.38 1
5.36 202.53 1
5.37 216.62 1
5.38 224.26 1
5.39 244.84 1
5.4 258.71 1
5.41 256.78 1
5.42 276.65 1
5.43 274.8 1
5.44 259.79 1
5.45 269.32 1
5.46 260.55 1
5.47 255.65 1
5.48 241.46 1
5.49 254.18 1
5.5 233.89 1
5.51 234.83 1
5.52 227.45 1
5.53 225.54 1
5.54 221.65 1
5.55 223.84 1
5.56 225.06 1
5.57 231.76 1
5.58 236.83 1
5.59 246.56 1
5.6 254.38 1
5.61 258.14 1
5.62 255.67 1
5.63 254.19 1
5.64 255.65 1
5.65 252.53 1
5.66 245.67 1
5.67 251.29 1
5.68 251.29 1
5.69 238.33 1
5.7 221.05 1
5.71 244.32 1
5.72 245.67 1
5.73 246.27 1
5.74 251.04 1
5.75 255.66 1
5.76 263.3 1
5.77 263.41 1
5.78 276.47 1
5.79 279.99 1
5.8 277.88 1
5.81 275.07 1
5.82 267.88 1
5.83 263.75 1
