0.01 301.05 1
0.02 289.38 1
0.03 295.55 1
0.04 292.15 1
0.05 288.81 1
0.06 289.25 1
0.07 288.84 1
0.08 287.89 1
0.09 286.52 1
0.1 286.55 1
0.11 288.19 1
0.12 287.84 1
0.13 288.38 1
0.14 287.69 1
0.15 288.05 1
0.16 289.08 1
0.17 289.41 1
0.18 290.66 1
0.19 291.11 1
0.2 292.74 1
0.21 292.54 1
0.22 291.12 1
0.23 292.73 1
0.24 291.11 1
0.25 291.1 1
0.26 291.09 1
0.27 291.09 1
0.28 291.1 1
0.29 291.11 1
0.3 291.6 1
0.31 290.27 1
0.32 289.51 1
0.33 288.49 1
0.34 284.88 1
0.35 276.51 1
0.36 287.31 1
0.37 271.38 1
0.38 268.93 1
0.39 253.87 1
0.4 252.28 1
0.41 250.16 1
0.42 244.22 1
0.43 242.95 1
0.44 247.01 1
0.45 247.78 1
0.46 252.67 1
0.47 255.67 1
0.48 261.53 1
0.49 261.76 1
0.5 265.63 1
0.51 260.24 1
0.52 260.2 1
0.53 252.72 1
0.54 258.67 1
0.55 251.34 1
0.56 254.22 1
0.57 254.23 1
0.58 259.95 1
0.59 251.98 1
0.6 281.03 1
0.61 288.82 1
0.62 284.71 1
0.63 289.22 1
0.64 291.09 1
0.65 293.05 1
0.66 295.04 1
0.67 298.13 1
0.68 293.09 1
0.69 291.13 1
0.7 288.28 1
0.71 281.33 1
0.72 281.85 1
0.73 284.41 1
0.74 285.43 1
0.75 285.48 1
0.76 200.89 1
0.77 214.59 1
0.78 226.43 1
0.79 219.94 1
0.8 225.55 1
0.81 227.27 1
0.82 230.34 1
0.83 234.01 1
0.84 242.62 1
0.85 247.32 1
0.86 251.21 1
0.87 254.42 1
0.88 255.65 1
0.89 254.28 1
0.9 249.78 1
0.91 250.49 1
0.92 246.31 1
0.93 242.98 1
0.94 244.31 1
0.95 244.33 1
0.96 248.23 1
0.97 227.92 1
0.98 228.7 1
0.99 227.92 1
1.0 230.8 1
1.01 232.72 1
1.02 238.87 1
1.03 246.89 1
1.04 247.91 1
1.05 255.66 1
1.06 263.29 1
1.07 271.3 1
1.08 274.48 1
1.09 258.03 1
1.1 258.46 1
1.11 245.68 1
1.12 254.2 1
1.13 264.63 1
1.14 223.26 1
1.15 216.19 1
1.16 209.38 1
1.17 206.37 1
1.18 206.65 1
1.19 208.23 1
1.2 211.59 1
1.21 214.21 1
1.22 216.5 1
1.23 220.21 1
1.24 224.91 1
1.25 229.1 1
1.26 227.92 1
1.27 220.79 1
1.28 219.93 1
1.29 220.48 1
1.3 216.69 1
1.31 210.18 1
1.32 209.52 1
1.33 218.82 1
1.34 216.66 1
1.35 217.76 1
1.36 219.94 1
1.37 226.11 1
1.38 231.52 1
1.39 245.18 1
1.4 255.69 1
1.41 270.41 1
1.42 273.78 1
1.43 284.83 1
1.44 284.95 1
1.45 292.2 1
1.46 0.0 1
1.47 0.0 1
1.48 0.0 1
1.49 0.0 1
1.5 0.0 1
1.51 0.0 1
1.52 274.18 1
1.53 274.45 1
1.54 248.99 1
1.55 245.53 1
1.56 242.78 1
1.57 236.37 1
1.58 238.99 1
1.59 242.93 1
1.6 247.88 1
1.61 253.02 1
1.62 255.67 1
1.63 260.2 1
1.64 257.17 1
1.65 255.91 1
1.66 248.74 1
1.67 243.24 1
1.68 244.81 1
1.69 223.51 1
1.7 217.82 1
1.71 207.53 1
1.72 203.7 1
1.73 202.23 1
1.74 200.01 1
1.75 199.31 1
1.76 197.75 1
1.77 197.97 1
1.78 196.44 1
1.79 197.9 1
1.8 198.93 1
1.81 198.76 1
1.82 197.01 1
1.83 189.28 1
1.84 199.86 1
1.85 195.57 1
1.86 197.77 1
1.87 181.93 1
1.88 197.99 1
1.89 188.37 1
1.9 181.53 1
1.91 183.4 1
1.92 185.47 1
1.93 186.49 1
1.94 194.55 1
1.95 202.76 1
1.96 218.5 1
1.97 230.32 1
1.98 253.35 1
1.99 268.1 1
2.0 275.73 1
2.01 278.22 1
2.02 256.88 1
2.03 279.54 1
2.04 248.19 1
2.05 247.04 1
2.06 243.7 1
2.07 251.19 1
2.08 247.51 1
2.09 245.68 1
2.1 245.68 1
2.11 245.51 1
2.12 249.29 1
2.13 253.4 1
2.14 258.74 1
2.15 260.23 1
2.16 279.74 1
2.17 273.1 1
2.18 273.08 1
2.19 264.89 1
2.2 257.25 1
2.21 246.54 1
2.22 223.82 1
2.23 241.54 1
2.24 255.67 1
2.25 225.21 1
2.26 202.29 1
2.27 209.89 1
2.28 213.56 1
2.29 211.51 1
2.3 218.35 1
2.31 218.15 1
2.32 237.29 1
2.33 236.46 1
2.34 237.51 1
2.35 230.35 1
2.36 225.58 1
2.37 223.3 1
2.38 214.89 1
2.39 224.98 1
2.4 236.44 1
2.41 215.88 1
2.42 218.85 1
2.43 246.88 1
2.44 193.32 1
2.45 192.23 1
2.46 195.05 1
2.47 194.7 1
2.48 196.17 1
2.49 195.46 1
2.5 196.14 1
2.51 196.65 1
2.52 196.87 1
2.53 197.24 1
2.54 197.0 1
2.55 196.3 1
2.56 193.86 1
2.57 193.33 1
2.58 195.37 1
2.59 185.96 1
2.6 184.91 1
2.61 194.25 1
2.62 183.94 1
2.63 185.59 1
2.64 184.07 1
2.65 185.06 1
2.66 184.93 1
2.67 187.27 1
2.68 190.59 1
2.69 194.71 1
2.7 203.85 1
2.71 207.23 1
2.72 197.48 1
2.73 188.06 1
2.74 201.7 1
2.75 202.76 1
2.76 197.31 1
2.77 193.56 1
2.78 191.32 1
2.79 187.41 1
2.8 99.26 1
2.81 95.98 1
2.82 103.16 1
2.83 100.58 1
2.84 129.56 1
2.85 129.42 1
2.86 135.87 1
2.87 139.77 1
2.88 142.64 1
2.89 142.75 1
2.9 139.77 1
2.91 139.35 1
2.92 0.0 1
2.93 0.0 1
2.94 0.0 1
2.95 0.0 1
2.96 0.0 1
2.97 0.0 1
2.98 0.0 1
2.99 155.09 1
3.0 164.98 1
3.01 171.27 1
3.02 172.13 1
3.03 167.28 1
3.04 160.07 1
3.05 163.02 1
3.06 162.13 1
3.07 168.12 1
3.08 171.28 1
3.09 182.61 1
3.1 188.87 1
3.11 192.92 1
3.12 195.39 1
3.13 195.86 1
3.14 193.48 1
3.15 190.71 1
3.16 180.37 1
3.17 171.9 1
3.18 165.51 1
3.19 167.49 1
3.2 151.85 1
3.21 150.4 1
3.22 155.0 1
3.23 156.66 1
3.24 168.38 1
3.25 173.97 1
3.26 182.5 1
3.27 182.85 1
3.28 184.91 1
3.29 211.51 1
3.3 186.47 1
3.31 191.21 1
3.32 190.85 1
3.33 188.84 1
3.34 163.71 1
3.35 170.61 1
3.36 174.96 1
3.37 176.79 1
3.38 181.46 1
3.39 198.4 1
3.4 188.01 1
3.41 203.7 1
3.42 209.78 1
3.43 206.23 1
3.44 215.66 1
3.45 214.25 1
3.46 212.28 1
3.47 207.51 1
3.48 207.17 1
3.49 202.45 1
3.5 209.5 1
3.51 216.79 1
3.52 209.36 1
3.53 203.32 1
3.54 200.94 1
3.55 204.99 1
3.56 203.62 1
3.57 202.89 1
3.58 203.54 1
3.59 204.83 1
3.6 201.22 1
3.61 198.63 1
3.62 199.23 1
3.63 199.52 1
3.64 200.53 1
3.65 198.58 1
3.66 195.96 1
3.67 197.02 1
3.68 194.14 1
3.69 196.46 1
3.7 197.76 1
3.71 196.43 1
3.72 195.34 1
3.73 196.61 1
3.74 200.01 1
3.75 205.61 1
3.76 214.85 1
3.77 220.02 1
3.78 236.73 1
3.79 244.19 1
3.8 240.87 1
3.81 244.29 1
3.82 226.03 1
3.83 232.74 1
3.84 205.09 1
3.85 199.58 1
3.86 202.55 1
3.87 219.94 1
3.88 202.39 1
3.89 202.82 1
3.9 196.32 1
3.91 193.0 1
3.92 196.5 1
3.93 195.95 1
3.94 196.96 1
3.95 197.5 1
3.96 196.88 1
3.97 197.26 1
3.98 197.25 1
3.99 197.84 1
4.0 198.01 1
4.01 197.29 1
4.02 196.92 1
4.03 194.31 1
4.04 193.18 1
4.05 192.96 1
4.06 194.2 1
4.07 190.5 1
4.08 186.6 1
4.09 192.95 1
4.1 190.44 1
4.11 190.79 1
4.12 190.89 1
4.13 188.99 1
4.14 191.38 1
4.15 192.36 1
4.16 192.9 1
4.17 193.2 1
4.18 193.51 1
4.19 193.77 1
4.2 193.43 1
4.21 192.32 1
4.22 189.78 1
4.23 188.92 1
4.24 187.94 1
4.25 185.54 1
4.26 183.48 1
4.27 183.35 1
4.28 181.11 1
4.29 182.9 1
4.3 189.68 1
4.31 197.67 1
4.32 199.05 1
4.33 213.83 1
4.34 219.04 1
4.35 242.97 1
4.36 219.65 1
4.37 221.05 1
4.38 209.5 1
4.39 202.75 1
4.4 199.87 1
4.41 210.51 1
4.42 221.03 1
4.43 191.4 1
4.44 193.85 1
4.45 194.44 1
4.46 191.34 1
4.47 193.46 1
4.48 195.6 1
4.49 191.31 1
4.5 191.03 1
4.51 191.86 1
4.52 192.34 1
4.53 194.35 1
4.54 195.1 1
4.55 193.78 1
4.56 193.01 1
4.57 189.69 1
4.58 193.87 1
4.59 194.05 1
4.6 190.76 1
4.61 190.51 1
4.62 192.88 1
4.63 192.17 1
4.64 189.83 1
4.65 192.11 1
4.66 195.62 1
4.67 199.27 1
4.68 203.66 1
4.69 225.37 1
4.7 240.02 1
4.71 247.05 1
4.72 263.33 1
4.73 275.93 1
4.74 274.89 1
4.75 255.93 1
4.76 259.46 1
4.77 241.09 1
4.78 239.71 1
4.79 235.83 1
4.8 236.51 1
4.81 236.38 1
4.82 232.75 1
4.83 235.57 1
4.84 237.62 1
4.85 236.34 1
4.86 239.96 1
4.87 242.25 1
4.88 243.3 1
4.89 244.39 1
4.9 245.52 1
4.91 244.21 1
4.92 237.74 1
4.93 233.97 1
4.94 218.69 1
4.95 240.81 1
4.96 237.33 1
4.97 236.28 1
4.98 237.88 1
4.99 237.36 1
5.0 240.74 1
5.01 247.32 1
5.02 255.28 1
5.03 257.21 1
5.04 266.47 1
5.05 276.47 1
5.06 279.77 1
5.07 282.72 1
5.08 281.55 1
5.09 274.76 1
5.1 264.89 1
5.11 254.18 1
5.12 263.31 1
5.13 260.25 1
5.14 261.74 1
5.15 264.96 1
5.16 266.47 1
5.17 276.49 1
5.18 296.86 1
5.19 300.83 1
5.2 300.58 1
5.21 298.32 1
5.22 295.77 1
5.23 294.99 1
5.24 295.96 1
5.25 294.79 1
5.26 291.17 1
5.27 98.23 1
5.28 99.11 1
5.29 98.35 1
5.3 98.36 1
5.31 98.11 1
5.32 97.46 1
5.33 98.55 1
5.34 98.34 1
5.35 98.3 1
5.36 99.43 1
5.37 98.19 1
5.38 98.54 1
5.39 97.68 1
5.4 98.76 1
5.41 97.47 1
5.42 98.12 1
5.43 96.62 1
5.44 99.2 1
5.45 97.89 1
5.46 98.3 1
5.47 97.89 1
5.48 98.21 1
5.49 97.26 1
5.5 98.54 1
5.51 98.06 1
5.52 98.13 1
5.53 97.93 1
5.54 98.38 1
5.55 98.98 1
5.56 97.93 1
5.57 179.0 1
5.58 349.62 1
5.59 340.54 1
5.6 333.84 1
5.61 329.73 1
5.62 332.04 1
5.63 338.27 1
5.64 343.76 1
5.65 353.82 1
5.66 357.13 1
5.67 351.52 1
5.68 343.24 1
5.69 319.48 1
5.7 318.43 1
5.71 307.33 1
5.72 332.13 1
5.73 289.05 1
5.74 270.57 1
5.75 287.86 1
5.76 298.09 1
5.77 290.14 1
5.78 292.5 1
5.79 291.09 1
5.8 291.09 1
5.81 294.63 1
5.82 296.99 1
5.83 297.03 1
5.84 297.04 1
5.85 297.02 1
