0.01 201.15 1
0.02 209.5 1
0.03 217.76 1
0.04 220.0 1
0.05 223.45 1
0.06 218.92 1
0.07 223.75 1
0.08 223.31 1
0.09 225.63 1
0.1 225.58 1
0.11 225.21 1
0.12 222.19 1
0.13 222.93 1
0.14 223.29 1
0.15 222.43 1
0.16 223.86 1
0.17 229.11 1
0.18 236.07 1
0.19 237.78 1
0.2 252.64 1
0.21 252.87 1
0.22 261.79 1
0.23 275.6 1
0.24 261.59 1
0.25 285.62 1
0.26 287.51 1
0.27 288.9 1
0.28 288.29 1
0.29 288.09 1
0.3 287.35 1
0.31 288.82 1
0.32 289.54 1
0.33 294.61 1
0.34 291.72 1
0.35 289.51 1
0.36 294.47 1
0.37 287.52 1
0.38 287.99 1
0.39 143.89 1
0.4 144.73 1
0.41 143.37 1
0.42 142.45 1
0.43 141.06 1
0.44 140.41 1
0.45 140.02 1
0.46 139.75 1
0.47 139.17 1
0.48 139.35 1
0.49 141.0 1
0.5 141.42 1
0.51 140.58 1
0.52 141.02 1
0.53 141.01 1
0.54 140.57 1
0.55 139.73 1
0.56 139.46 1
0.57 141.9 1
0.58 141.38 1
0.59 142.04 1
0.6 142.97 1
0.61 144.28 1
0.62 145.66 1
0.63 147.45 1
0.64 147.8 1
0.65 148.56 1
0.66 147.6 1
0.67 147.01 1
0.68 146.32 1
0.69 145.93 1
0.7 73.04 1
0.71 145.15 1
0.72 292.68 1
0.73 288.71 1
0.74 288.85 1
0.75 282.66 1
0.76 282.42 1
0.77 289.0 1
0.78 288.9 1
0.79 288.86 1
0.8 283.32 1
0.81 281.64 1
0.82 281.06 1
0.83 278.45 1
0.84 280.54 1
0.85 281.72 1
0.86 281.33 1
0.87 285.21 1
0.88 285.33 1
0.89 286.84 1
0.9 290.12 1
0.91 291.39 1
0.92 296.33 1
0.93 326.26 1
0.94 302.67 1
0.95 292.06 1
0.96 297.15 1
0.97 295.8 1
0.98 294.06 1
0.99 291.18 1
1.0 290.39 1
1.01 295.98 1
1.02 292.64 1
1.03 316.76 1
1.04 292.54 1
1.05 288.63 1
1.06 288.7 1
1.07 287.95 1
1.08 286.47 1
1.09 287.05 1
1.1 288.68 1
1.11 288.75 1
1.12 284.89 1
1.13 283.63 1
1.14 283.27 1
1.15 283.69 1
1.16 285.9 1
1.17 292.67 1
1.18 300.26 1
1.19 297.67 1
1.2 294.18 1
1.21 338.03 1
1.22 338.49 1
1.23 299.88 1
1.24 309.02 1
1.25 301.88 1
1.26 297.71 1
1.27 293.29 1
1.28 289.14 1
1.29 290.42 1
1.3 255.88 1
1.31 285.06 1
1.32 283.66 1
1.33 144.23 1
1.34 141.04 1
1.35 149.88 1
1.36 160.22 1
1.37 147.63 1
1.38 152.47 1
1.39 152.38 1
1.4 151.08 1
1.41 147.87 1
1.42 146.7 1
1.43 285.71 1
1.44 142.83 1
1.45 141.54 1
1.46 142.41 1
1.47 144.45 1
1.48 147.25 1
1.49 150.22 1
1.5 151.2 1
1.51 150.02 1
1.52 150.0 1
1.53 74.52 1
1.54 74.43 1
1.55 74.59 1
1.56 74.5 1
1.57 74.49 1
1.58 74.52 1
1.59 74.49 1
1.6 74.65 1
1.61 74.52 1
1.62 74.56 1
1.63 74.51 1
1.64 74.49 1
1.65 74.56 1
1.66 74.45 1
1.67 74.53 1
1.68 74.57 1
1.69 74.47 1
1.7 74.56 1
1.71 74.5 1
1.72 74.48 1
1.73 74.53 1
1.74 74.45 1
1.75 74.65 1
1.76 74.51 1
1.77 74.58 1
1.78 74.55 1
1.79 74.43 1
1.8 74.56 1
1.81 64.33 1
1.82 148.79 1
1.83 145.31 1
1.84 144.83 1
1.85 145.31 1
1.86 144.83 1
1.87 144.83 1
1.88 149.74 1
1.89 152.83 1
1.9 153.36 1
1.91 150.41 1
1.92 150.33 1
1.93 150.77 1
1.94 150.23 1
1.95 149.48 1
1.96 149.46 1
1.97 149.49 1
1.98 149.65 1
1.99 149.74 1
2.0 149.45 1
2.01 149.35 1
2.02 149.17 1
2.03 149.07 1
2.04 149.01 1
2.05 148.56 1
2.06 148.67 1
2.07 149.04 1
2.08 149.27 1
2.09 149.23 1
2.1 148.94 1
2.11 148.88 1
2.12 148.74 1
2.13 147.26 1
2.14 148.24 1
2.15 148.53 1
2.16 148.52 1
2.17 148.68 1
2.18 148.72 1
2.19 148.74 1
2.2 148.95 1
2.21 149.14 1
2.22 149.28 1
2.23 149.04 1
2.24 148.53 1
2.25 148.41 1
2.26 148.19 1
2.27 147.75 1
2.28 147.72 1
2.29 147.25 1
2.3 147.5 1
2.31 147.84 1
2.32 148.27 1
2.33 148.7 1
2.34 149.09 1
2.35 297.0 1
2.36 296.99 1
2.37 294.99 1
2.38 291.09 1
2.39 275.11 1
2.4 259.91 1
2.41 244.12 1
2.42 227.26 1
2.43 224.44 1
2.44 224.53 1
2.45 222.18 1
2.46 222.69 1
2.47 228.97 1
2.48 247.94 1
2.49 221.45 1
2.5 255.75 1
2.51 276.51 1
2.52 290.65 1
2.53 293.99 1
2.54 287.41 1
2.55 295.73 1
2.56 296.48 1
2.57 296.49 1
2.58 295.04 1
2.59 297.0 1
2.6 297.24 1
2.61 295.06 1
2.62 297.01 1
2.63 299.85 1
2.64 297.05 1
2.65 300.21 1
2.66 299.03 1
2.67 299.9 1
2.68 298.62 1
2.69 297.99 1
2.7 296.98 1
2.71 296.48 1
2.72 293.06 1
2.73 292.26 1
2.74 288.67 1
2.75 274.81 1
2.76 265.61 1
2.77 255.65 1
2.78 244.38 1
2.79 243.86 1
2.8 241.64 1
2.81 238.94 1
2.82 252.5 1
2.83 254.1 1
2.84 266.44 1
2.85 264.91 1
2.86 260.1 1
2.87 289.3 1
2.88 295.03 1
2.89 307.12 1
2.9 297.09 1
2.91 297.07 1
2.92 298.95 1
2.93 297.89 1
2.94 291.25 1
2.95 296.5 1
2.96 297.56 1
2.97 298.04 1
2.98 291.29 1
2.99 300.94 1
3.0 294.99 1
3.01 289.21 1
3.02 287.9 1
3.03 285.45 1
3.04 287.2 1
3.05 291.09 1
3.06 295.04 1
3.07 307.23 1
3.08 307.37 1
3.09 315.21 1
3.1 307.31 1
3.11 276.53 1
3.12 137.4 1
3.13 74.58 1
3.14 74.43 1
3.15 74.55 1
3.16 74.5 1
3.17 74.51 1
3.18 74.62 1
3.19 74.43 1
3.2 74.3 1
3.21 144.84 1
3.22 286.61 1
3.23 292.46 1
3.24 289.66 1
3.25 290.83 1
3.26 291.17 1
3.27 293.11 1
3.28 293.12 1
3.29 296.48 1
3.3 295.63 1
3.31 293.09 1
3.32 291.19 1
3.33 292.56 1
3.34 291.1 1
3.35 289.25 1
3.36 283.88 1
3.37 284.28 1
3.38 279.63 1
3.39 273.0 1
3.4 261.74 1
3.41 254.76 1
3.42 246.93 1
3.43 244.26 1
3.44 241.94 1
3.45 244.23 1
3.46 245.26 1
3.47 249.28 1
3.48 254.24 1
3.49 266.39 1
3.5 263.6 1
3.51 275.03 1
3.52 283.69 1
3.53 288.28 1
3.54 278.71 1
3.55 280.56 1
3.56 271.36 1
3.57 255.79 1
3.58 241.58 1
3.59 226.42 1
3.6 221.17 1
3.61 220.29 1
3.62 220.83 1
3.63 221.69 1
3.64 223.53 1
3.65 225.52 1
3.66 230.22 1
3.67 230.12 1
3.68 226.83 1
3.69 229.55 1
3.7 227.62 1
3.71 225.59 1
3.72 223.34 1
3.73 225.56 1
3.74 224.87 1
3.75 224.43 1
3.76 223.81 1
3.77 224.26 1
3.78 223.48 1
3.79 223.1 1
3.8 222.72 1
3.81 223.27 1
3.82 222.4 1
3.83 221.74 1
3.84 222.63 1
3.85 224.06 1
3.86 224.47 1
3.87 224.45 1
3.88 226.62 1
3.89 229.06 1
3.9 228.16 1
3.91 225.85 1
3.92 222.51 1
3.93 219.9 1
3.94 217.62 1
3.95 210.43 1
3.96 207.4 1
3.97 207.31 1
3.98 163.73 1
3.99 213.56 1
4.0 218.83 1
4.01 222.76 1
4.02 225.43 1
4.03 227.33 1
4.04 225.65 1
4.05 226.03 1
4.06 224.36 1
4.07 223.56 1
4.08 222.83 1
4.09 222.37 1
4.1 221.87 1
4.11 221.89 1
4.12 218.88 1
4.13 74.46 1
4.14 74.36 1
4.15 74.31 1
4.16 74.66 1
4.17 74.34 1
4.18 74.53 1
4.19 74.69 1
4.2 74.3 1
4.21 74.82 1
4.22 115.27 1
4.23 229.39 1
4.24 226.73 1
4.25 224.21 1
4.26 224.35 1
4.27 224.52 1
4.28 224.38 1
4.29 224.64 1
4.3 224.66 1
4.31 225.34 1
4.32 224.74 1
4.33 224.71 1
4.34 223.6 1
4.35 222.2 1
4.36 224.34 1
4.37 221.45 1
4.38 221.05 1
4.39 222.22 1
4.4 222.55 1
4.41 222.19 1
4.42 222.47 1
4.43 223.08 1
4.44 223.72 1
4.45 222.24 1
4.46 222.24 1
4.47 221.62 1
4.48 220.7 1
4.49 222.87 1
4.5 213.17 1
4.51 202.11 1
4.52 183.18 1
4.53 182.92 1
4.54 175.22 1
4.55 169.33 1
4.56 169.25 1
4.57 177.73 1
4.58 178.65 1
4.59 177.14 1
4.6 201.69 1
4.61 220.69 1
4.62 224.44 1
4.63 230.3 1
4.64 242.58 1
4.65 248.42 1
4.66 244.36 1
4.67 240.48 1
4.68 230.17 1
4.69 221.8 1
4.7 207.71 1
4.71 209.36 1
4.72 198.31 1
4.73 192.94 1
4.74 184.19 1
4.75 182.92 1
4.76 180.73 1
4.77 181.2 1
4.78 181.74 1
4.79 184.17 1
4.8 187.32 1
4.81 194.83 1
4.82 202.81 1
4.83 212.48 1
4.84 211.54 1
4.85 74.36 1
4.86 75.07 1
4.87 75.84 1
4.88 76.19 1
4.89 75.71 1
4.9 74.7 1
4.91 74.94 1
4.92 74.56 1
4.93 74.56 1
4.94 74.56 1
4.95 74.68 1
4.96 74.84 1
4.97 74.9 1
4.98 74.69 1
4.99 75.0 1
5.0 74.41 1
5.01 74.68 1
5.02 74.75 1
5.03 74.24 1
5.04 74.71 1
5.05 74.56 1
5.06 74.44 1
5.07 74.68 1
5.08 74.0 1
5.09 74.17 1
5.1 73.68 1
5.11 73.56 1
5.12 74.18 1
5.13 74.51 1
5.14 73.43 1
5.15 74.56 1
5.16 74.68 1
5.17 74.57 1
5.18 74.68 1
5.19 74.68 1
5.2 74.81 1
5.21 74.44 1
5.22 74.36 1
5.23 74.06 1
5.24 73.81 1
5.25 74.05 1
5.26 74.18 1
5.27 74.35 1
5.28 74.58 1
5.29 74.56 1
5.3 74.68 1
5.31 74.75 1
5.32 74.65 1
5.33 74.63 1
5.34 74.56 1
5.35 74.56 1
5.36 74.42 1
5.37 74.22 1
5.38 74.18 1
5.39 74.34 1
5.4 74.41 1
5.41 74.34 1
5.42 74.16 1
5.43 74.18 1
5.44 73.99 1
5.45 73.99 1
5.46 74.07 1
5.47 73.98 1
5.48 73.93 1
5.49 73.88 1
5.5 73.97 1
5.51 74.16 1
5.52 74.3 1
5.53 74.41 1
5.54 74.41 1
5.55 74.56 1
5.56 74.94 1
5.57 75.19 1
5.58 74.94 1
5.59 75.32 1
5.6 74.81 1
5.61 74.94 1
5.62 75.04 1
5.63 74.81 1
5.64 74.72 1
5.65 74.72 1
5.66 74.69 1
5.67 74.73 1
5.68 74.56 1
5.69 74.43 1
5.7 74.35 1
5.71 74.26 1
5.72 74.31 1
5.73 74.4 1
5.74 74.55 1
5.75 74.69 1
5.76 112.2 1
5.77 112.42 1
5.78 225.87 1
5.79 226.54 1
5.8 222.25 1
5.81 223.32 1
5.82 225.43 1
5.83 225.48 1
5.84 222.2 1
5.85 223.23 1
5.86 224.01 1
5.87 224.7 1
5.88 224.43 1
5.89 224.37 1
5.9 225.19 1
5.91 225.63 1
5.92 225.59 1
5.93 226.64 1
5.94 222.25 1
5.95 227.81 1
5.96 226.77 1
5.97 226.76 1
5.98 226.73 1
5.99 226.74 1
6.0 225.59 1
6.01 225.58 1
6.02 226.16 1
6.03 225.6 1
6.04 225.58 1
6.05 224.46 1
6.06 224.72 1
6.07 224.01 1
6.08 223.78 1
6.09 223.89 1
6.1 224.31 1
6.11 225.11 1
6.12 224.59 1
6.13 224.28 1
6.14 224.7 1
6.15 225.18 1
6.16 225.95 1
6.17 225.59 1
6.18 226.74 1
6.19 223.49 1
6.2 226.74 1
6.21 226.27 1
6.22 226.1 1
6.23 223.41 1
6.24 224.44 1
6.25 224.43 1
6.26 224.05 1
6.27 223.34 1
6.28 224.44 1
6.29 224.27 1
6.3 224.04 1
6.31 223.75 1
6.32 223.69 1
6.33 223.7 1
6.34 223.52 1
6.35 222.21 1
6.36 221.97 1
6.37 222.29 1
6.38 221.8 1
6.39 222.34 1
6.4 223.17 1
6.41 224.39 1
6.42 224.54 1
6.43 225.52 1
6.44 225.32 1
6.45 225.55 1
6.46 225.62 1
6.47 225.59 1
6.48 224.44 1
6.49 222.45 1
6.5 219.5 1
6.51 217.59 1
6.52 210.62 1
6.53 220.35 1
6.54 221.27 1
6.55 217.05 1
6.56 221.66 1
6.57 225.61 1
6.58 230.01 1
6.59 230.3 1
6.6 226.5 1
6.61 223.67 1
6.62 223.3 1
6.63 224.06 1
6.64 223.57 1
6.65 224.0 1
6.66 223.72 1
6.67 223.56 1
6.68 223.07 1
6.69 148.26 1
6.7 148.91 1
6.71 149.11 1
6.72 148.95 1
6.73 149.32 1
6.74 148.74 1
6.75 149.17 1
6.76 148.26 1
6.77 148.73 1
6.78 149.66 1
6.79 148.93 1
6.8 149.39 1
6.81 150.2 1
6.82 149.59 1
6.83 148.29 1
6.84 147.3 1
6.85 149.55 1
6.86 149.23 1
6.87 149.1 1
6.88 148.28 1
6.89 149.71 1
6.9 149.23 1
6.91 148.75 1
6.92 147.32 1
6.93 149.05 1
6.94 251.11 1
6.95 230.28 1
6.96 228.63 1
6.97 225.58 1
6.98 226.2 1
6.99 233.94 1
7.0 231.36 1
7.01 233.05 1
7.02 232.42 1
7.03 229.94 1
7.04 229.03 1
7.05 227.43 1
7.06 226.35 1
7.07 225.12 1
7.08 225.35 1
7.09 224.82 1
7.1 225.08 1
7.11 225.13 1
7.12 225.15 1
7.13 224.74 1
7.14 224.72 1
7.15 224.55 1
7.16 224.61 1
7.17 224.81 1
7.18 224.55 1
7.19 224.07 1
7.2 223.63 1
7.21 223.09 1
7.22 222.58 1
7.23 222.49 1
7.24 222.51 1
7.25 222.5 1
7.26 222.43 1
7.27 222.18 1
7.28 221.63 1
7.29 219.99 1
7.3 221.25 1
7.31 222.15 1
7.32 222.21 1
7.33 222.76 1
7.34 223.28 1
7.35 224.5 1
7.36 224.71 1
7.37 224.44 1
7.38 224.68 1
7.39 223.21 1
7.4 219.64 1
7.41 213.37 1
7.42 206.6 1
7.43 206.95 1
7.44 206.58 1
7.45 212.16 1
7.46 217.27 1
7.47 220.14 1
7.48 227.25 1
7.49 229.74 1
7.5 226.8 1
7.51 227.22 1
7.52 221.03 1
7.53 218.17 1
7.54 221.06 1
7.55 181.85 1
7.56 184.65 1
7.57 188.01 1
7.58 161.74 1
7.59 178.92 1
7.6 184.15 1
7.61 204.63 1
7.62 217.77 1
7.63 219.99 1
7.64 229.34 1
7.65 229.08 1
7.66 228.24 1
7.67 226.82 1
7.68 223.47 1
7.69 224.45 1
7.7 223.58 1
7.71 223.1 1
7.72 222.91 1
7.73 223.52 1
7.74 225.42 1
7.75 222.26 1
7.76 220.09 1
7.77 221.02 1
7.78 221.67 1
7.79 222.07 1
7.8 222.85 1
7.81 223.62 1
7.82 224.1 1
7.83 223.09 1
7.84 222.24 1
7.85 222.08 1
7.86 223.53 1
7.87 223.1 1
7.88 222.37 1
7.89 223.25 1
7.9 228.96 1
7.91 242.85 1
7.92 254.31 1
7.93 278.31 1
7.94 0.0 1
7.95 0.0 1
7.96 311.84 1
7.97 307.51 1
7.98 310.86 1
7.99 306.28 1
8.0 295.3 1
8.01 291.2 1
8.02 284.72 1
8.03 278.07 1
8.04 272.84 1
8.05 261.75 1
8.06 255.69 1
8.07 251.78 1
8.08 249.07 1
8.09 247.04 1
8.1 245.35 1
8.11 245.54 1
8.12 242.96 1
8.13 244.15 1
8.14 245.44 1
8.15 244.36 1
8.16 245.23 1
8.17 246.46 1
8.18 246.71 1
8.19 247.7 1
8.2 247.95 1
8.21 249.34 1
8.22 249.77 1
8.23 251.96 1
8.24 254.25 1
8.25 254.29 1
8.26 263.15 1
8.27 268.62 1
8.28 275.68 1
8.29 278.2 1
8.3 278.15 1
8.31 276.04 1
8.32 278.04 1
8.33 272.91 1
8.34 264.83 1
8.35 255.93 1
8.36 256.07 1
8.37 251.87 1
8.38 247.71 1
8.39 243.48 1
8.4 236.64 1
8.41 234.04 1
8.42 228.1 1
8.43 227.97 1
8.44 225.59 1
8.45 223.66 1
8.46 222.26 1
8.47 220.65 1
8.48 220.2 1
8.49 220.97 1
8.5 221.51 1
8.51 221.61 1
8.52 221.99 1
8.53 223.44 1
8.54 225.0 1
8.55 225.07 1
8.56 223.33 1
8.57 228.96 1
8.58 221.88 1
8.59 217.95 1
8.6 219.91 1
8.61 219.93 1
8.62 221.06 1
8.63 213.56 1
8.64 221.04 1
8.65 237.37 1
8.66 235.2 1
8.67 243.0 1
8.68 264.87 1
8.69 315.98 1
8.7 301.1 1
8.71 307.32 1
8.72 299.17 1
8.73 295.23 1
8.74 295.1 1
8.75 295.07 1
8.76 293.09 1
8.77 293.13 1
8.78 295.0 1
8.79 291.18 1
8.8 293.08 1
8.81 291.2 1
8.82 291.19 1
8.83 291.17 1
8.84 292.03 1
8.85 291.1 1
8.86 290.11 1
8.87 290.93 1
8.88 291.1 1
8.89 291.15 1
8.9 291.16 1
8.91 293.06 1
8.92 293.13 1
8.93 295.11 1
8.94 297.09 1
8.95 297.1 1
8.96 297.09 1
8.97 295.11 1
8.98 293.13 1
8.99 291.2 1
9.0 288.82 1
9.01 285.92 1
9.02 281.48 1
9.03 280.21 1
9.04 280.43 1
9.05 283.01 1
9.06 287.87 1
9.07 291.12 1
9.08 293.12 1
9.09 293.25 1
9.1 297.16 1
9.11 297.24 1
9.12 301.16 1
9.13 303.1 1
9.14 295.29 1
9.15 295.24 1
9.16 297.14 1
9.17 297.14 1
9.18 293.35 1
9.19 299.09 1
9.2 297.13 1
9.21 297.08 1
9.22 297.04 1
9.23 298.99 1
9.24 297.06 1
9.25 301.03 1
9.26 299.11 1
9.27 301.07 1
9.28 301.04 1
9.29 297.14 1
9.3 297.04 1
9.31 295.01 1
9.32 291.18 1
9.33 288.04 1
9.34 284.16 1
9.35 281.77 1
9.36 283.18 1
9.37 284.78 1
9.38 288.41 1
9.39 291.52 1
9.4 293.21 1
9.41 293.29 1
9.42 297.23 1
9.43 293.41 1
9.44 293.46 1
9.45 293.38 1
9.46 295.23 1
9.47 295.22 1
9.48 295.23 1
9.49 297.15 1
9.5 295.21 1
9.51 295.19 1
9.52 291.33 1
9.53 291.17 1
9.54 285.42 1
9.55 274.99 1
9.56 257.47 1
9.57 251.01 1
9.58 243.18 1
9.59 238.95 1
9.6 237.67 1
9.61 238.48 1
9.62 243.35 1
9.63 250.03 1
9.64 257.25 1
9.65 203.81 1
9.66 279.2 1
9.67 287.4 1
9.68 295.79 1
9.69 302.36 1
9.7 303.24 1
9.71 305.22 1
9.72 303.14 1
9.73 299.07 1
9.74 295.08 1
9.75 293.6 1
9.76 289.62 1
9.77 284.29 1
9.78 278.46 1
9.79 275.15 1
9.8 270.73 1
9.81 267.98 1
9.82 257.29 1
9.83 253.99 1
9.84 249.34 1
9.85 248.39 1
9.86 249.54 1
9.87 253.14 1
9.88 259.6 1
9.89 279.93 1
9.9 297.82 1
9.91 301.17 1
9.92 337.66 1
9.93 395.22 1
9.94 410.32 1
9.95 395.62 1
9.96 340.38 1
9.97 309.3 1
9.98 279.94 1
9.99 274.69 1
10.0 269.98 1
10.01 138.33 1
10.02 140.73 1
10.03 143.39 1
10.04 154.05 1
10.05 149.21 1
10.06 150.11 1
10.07 151.18 1
10.08 150.63 1
10.09 147.74 1
10.1 144.89 1
10.11 144.68 1
10.12 142.92 1
10.13 141.61 1
10.14 141.17 1
10.15 141.76 1
10.16 142.88 1
10.17 143.62 1
10.18 144.77 1
10.19 146.77 1
10.2 148.48 1
10.21 149.18 1
10.22 150.09 1
10.23 150.77 1
10.24 150.76 1
10.25 147.82 1
10.26 149.26 1
