0.01 224.32 1
0.02 224.47 1
0.03 210.53 1
0.04 198.19 1
0.05 193.81 1
0.06 189.2 1
0.07 187.73 1
0.08 184.19 1
0.09 183.56 1
0.1 181.82 1
0.11 181.69 1
0.12 182.93 1
0.13 184.92 1
0.14 184.94 1
0.15 186.5 1
0.16 197.26 1
0.17 198.38 1
0.18 204.27 1
0.19 210.36 1
0.2 216.72 1
0.21 222.31 1
0.22 225.23 1
0.23 227.92 1
0.24 228.87 1
0.25 227.93 1
0.26 227.93 1
0.27 227.04 1
0.28 223.86 1
0.29 221.28 1
0.3 215.24 1
0.31 223.3 1
0.32 225.65 1
0.33 222.28 1
0.34 221.11 1
0.35 223.37 1
0.36 218.91 1
0.37 212.52 1
0.38 198.18 1
0.39 199.55 1
0.4 205.64 1
0.41 222.2 1
0.42 240.32 1
0.43 260.93 1
0.44 282.54 1
0.45 291.62 1
0.46 295.0 1
0.47 283.45 1
0.48 0.0 1
0.49 0.0 1
0.5 0.0 1
0.51 0.0 1
0.52 0.0 1
0.53 0.0 1
0.54 227.93 1
0.55 225.52 1
0.56 223.52 1
0.57 222.44 1
0.58 223.99 1
0.59 225.37 1
0.6 225.9 1
0.61 226.06 1
0.62 226.52 1
0.63 225.92 1
0.64 225.58 1
0.65 224.54 1
0.66 224.67 1
0.67 225.01 1
0.68 225.49 1
0.69 225.59 1
0.7 225.59 1
0.71 226.74 1
0.72 225.62 1
0.73 225.61 1
0.74 226.27 1
0.75 225.29 1
0.76 225.13 1
0.77 225.08 1
0.78 224.18 1
0.79 221.17 1
0.8 224.32 1
0.81 225.08 1
0.82 223.31 1
0.83 225.58 1
0.84 223.49 1
0.85 219.92 1
0.86 206.6 1
0.87 203.31 1
0.88 202.26 1
0.89 203.72 1
0.9 206.65 1
0.91 216.96 1
0.92 224.73 1
0.93 227.95 1
0.94 231.35 1
0.95 248.66 1
0.96 247.0 1
0.97 0.0 1
0.98 0.0 1
0.99 0.0 1
1.0 199.98 1
1.01 194.46 1
1.02 170.96 1
1.03 163.02 1
1.04 160.65 1
1.05 162.42 1
1.06 166.77 1
1.07 175.79 1
1.08 184.15 1
1.09 192.65 1
1.1 203.67 1
1.11 207.58 1
1.12 202.77 1
1.13 0.0 1
1.14 0.0 1
1.15 0.0 1
1.16 0.0 1
1.17 0.0 1
1.18 168.88 1
1.19 172.61 1
1.2 179.29 1
1.21 189.88 1
1.22 223.37 1
1.23 231.87 1
1.24 252.76 1
1.25 273.41 1
1.26 276.71 1
1.27 274.02 1
1.28 263.14 1
1.29 0.0 1
1.3 0.0 1
1.31 0.0 1
1.32 0.0 1
1.33 163.02 1
1.34 146.3 1
1.35 152.08 1
1.36 156.68 1
1.37 159.52 1
1.38 170.63 1
1.39 184.15 1
1.4 199.44 1
1.41 206.56 1
1.42 212.61 1
1.43 215.14 1
1.44 218.31 1
1.45 218.67 1
1.46 218.69 1
1.47 218.15 1
1.48 216.79 1
1.49 216.92 1
1.5 216.94 1
1.51 217.78 1
1.52 218.52 1
1.53 220.56 1
1.54 222.81 1
1.55 225.5 1
1.56 225.58 1
1.57 225.58 1
1.58 223.3 1
1.59 218.92 1
1.6 224.43 1
1.61 221.48 1
1.62 202.61 1
1.63 195.53 1
1.64 185.74 1
1.65 184.0 1
1.66 185.71 1
1.67 196.37 1
1.68 203.7 1
1.69 215.42 1
1.7 225.61 1
1.71 229.73 1
1.72 248.8 1
1.73 245.73 1
1.74 0.0 1
1.75 0.0 1
1.76 0.0 1
1.77 0.0 1
1.78 0.0 1
1.79 170.59 1
1.8 171.87 1
1.81 175.18 1
1.82 182.08 1
1.83 196.45 1
1.84 213.27 1
1.85 231.2 1
1.86 239.26 1
1.87 254.2 1
1.88 261.83 1
1.89 263.37 1
1.9 255.67 1
1.91 242.13 1
1.92 225.35 1
1.93 191.29 1
1.94 179.94 1
1.95 174.65 1
1.96 178.04 1
1.97 182.45 1
1.98 186.5 1
1.99 200.02 1
2.0 209.72 1
2.01 218.2 1
2.02 222.6 1
2.03 229.16 1
2.04 224.53 1
2.05 231.62 1
2.06 225.6 1
2.07 216.69 1
2.08 163.46 1
2.09 163.04 1
2.1 154.11 1
2.11 157.82 1
2.12 161.86 1
2.13 168.46 1
2.14 171.28 1
2.15 179.46 1
2.16 186.66 1
2.17 192.12 1
2.18 191.33 1
2.19 190.49 1
2.2 182.07 1
2.21 158.92 1
2.22 146.76 1
2.23 146.27 1
2.24 150.25 1
2.25 151.54 1
2.26 147.26 1
2.27 142.5 1
2.28 147.24 1
2.29 144.36 1
2.3 146.28 1
2.31 147.03 1
2.32 147.6 1
2.33 146.93 1
2.34 146.27 1
2.35 144.36 1
2.36 148.23 1
2.37 127.27 1
2.38 143.42 1
2.39 139.33 1
2.4 132.24 1
2.41 120.67 1
2.42 136.96 1
2.43 141.06 1
2.44 154.15 1
2.45 150.78 1
2.46 163.17 1
2.47 166.61 1
2.48 168.54 1
2.49 162.49 1
2.5 161.17 1
2.51 0.0 1
2.52 0.0 1
2.53 0.0 1
2.54 0.0 1
2.55 0.0 1
2.56 0.0 1
2.57 0.0 1
2.58 164.85 1
2.59 152.94 1
2.6 152.31 1
2.61 152.32 1
2.62 148.73 1
2.63 0.0 1
2.64 0.0 1
2.65 0.0 1
2.66 0.0 1
2.67 0.0 1
2.68 0.0 1
2.69 0.0 1
2.7 0.0 1
2.71 0.0 1
2.72 0.0 1
2.73 0.0 1
2.74 0.0 1
2.75 0.0 1
2.76 0.0 1
2.77 0.0 1
2.78 0.0 1
2.79 0.0 1
2.8 0.0 1
2.81 0.0 1
2.82 0.0 1
2.83 0.0 1
2.84 0.0 1
2.85 0.0 1
2.86 0.0 1
2.87 0.0 1
2.88 149.21 1
2.89 142.63 1
2.9 139.8 1
2.91 144.32 1
2.92 146.53 1
2.93 151.79 1
2.94 159.62 1
2.95 173.71 1
2.96 190.82 1
2.97 211.45 1
2.98 219.11 1
2.99 225.65 1
3.0 225.59 1
3.01 225.58 1
3.02 203.19 1
3.03 187.19 1
3.04 177.53 1
3.05 155.94 1
3.06 148.43 1
3.07 146.85 1
3.08 153.41 1
3.09 161.13 1
3.1 168.26 1
3.11 176.74 1
3.12 192.05 1
3.13 199.7 1
3.14 203.93 1
3.15 198.3 1
3.16 198.11 1
3.17 187.77 1
3.18 170.75 1
3.19 74.81 1
3.2 154.04 1
3.21 143.35 1
3.22 142.05 1
3.23 147.2 1
3.24 147.74 1
3.25 149.24 1
3.26 148.78 1
3.27 151.77 1
3.28 151.29 1
3.29 149.01 1
3.3 140.4 1
3.31 0.0 1
3.32 0.0 1
3.33 0.0 1
3.34 0.0 1
3.35 0.0 1
3.36 0.0 1
3.37 0.0 1
3.38 145.78 1
3.39 143.44 1
3.4 144.83 1
3.41 144.83 1
3.42 145.32 1
3.43 145.8 1
3.44 147.75 1
3.45 147.27 1
3.46 145.33 1
3.47 126.32 1
3.48 127.26 1
3.49 126.89 1
3.5 135.34 1
3.51 124.4 1
3.52 124.41 1
3.53 148.75 1
3.54 164.58 1
3.55 176.03 1
3.56 198.13 1
3.57 212.31 1
3.58 222.73 1
3.59 220.04 1
3.6 202.79 1
3.61 0.0 1
3.62 0.0 1
3.63 0.0 1
3.64 0.0 1
3.65 0.0 1
3.66 0.0 1
3.67 0.0 1
3.68 122.32 1
3.69 131.67 1
3.7 128.25 1
3.71 146.31 1
3.72 152.8 1
3.73 156.11 1
3.74 162.97 1
3.75 160.1 1
3.76 74.47 1
3.77 75.05 1
3.78 74.31 1
3.79 74.61 1
3.8 74.51 1
3.81 74.41 1
3.82 76.66 1
3.83 74.56 1
3.84 74.52 1
3.85 151.28 1
3.86 147.95 1
3.87 147.25 1
3.88 146.28 1
3.89 148.67 1
3.9 151.28 1
3.91 152.26 1
3.92 155.82 1
3.93 156.11 1
3.94 157.78 1
3.95 155.84 1
3.96 151.04 1
3.97 146.29 1
3.98 141.57 1
3.99 137.34 1
4.0 132.23 1
4.01 133.56 1
4.02 135.91 1
4.03 140.66 1
4.04 147.76 1
4.05 150.23 1
4.06 160.16 1
4.07 150.25 1
4.08 140.65 1
4.09 152.78 1
4.1 154.43 1
4.11 158.93 1
4.12 143.37 1
4.13 140.7 1
4.14 131.23 1
4.15 138.92 1
4.16 139.66 1
4.17 153.63 1
4.18 164.38 1
4.19 178.98 1
4.2 186.46 1
4.21 207.45 1
4.22 217.83 1
4.23 223.14 1
4.24 218.37 1
4.25 0.0 1
4.26 0.0 1
4.27 0.0 1
4.28 0.0 1
4.29 147.7 1
4.3 153.94 1
4.31 150.29 1
4.32 155.55 1
4.33 169.64 1
4.34 180.62 1
4.35 187.31 1
4.36 199.64 1
4.37 206.67 1
4.38 212.07 1
4.39 211.37 1
4.4 206.59 1
4.41 197.6 1
4.42 188.23 1
4.43 179.66 1
4.44 173.7 1
4.45 171.31 1
4.46 175.27 1
4.47 179.48 1
4.48 183.75 1
4.49 190.52 1
4.5 199.55 1
4.51 205.61 1
4.52 210.5 1
4.53 210.32 1
4.54 201.58 1
4.55 199.45 1
4.56 200.11 1
4.57 200.1 1
4.58 170.54 1
4.59 168.22 1
4.6 167.9 1
4.61 176.03 1
4.62 188.16 1
4.63 217.76 1
4.64 234.44 1
4.65 254.22 1
4.66 275.31 1
4.67 281.47 1
4.68 276.2 1
4.69 0.0 1
4.7 0.0 1
4.71 0.0 1
4.72 0.0 1
4.73 0.0 1
4.74 0.0 1
4.75 0.0 1
4.76 0.0 1
4.77 0.0 1
4.78 0.0 1
4.79 205.59 1
4.8 216.02 1
4.81 224.69 1
4.82 227.91 1
4.83 227.93 1
4.84 227.93 1
4.85 225.61 1
4.86 226.88 1
4.87 224.51 1
4.88 220.05 1
4.89 209.35 1
4.9 234.29 1
4.91 226.02 1
4.92 227.23 1
4.93 221.99 1
4.94 223.31 1
4.95 225.69 1
4.96 242.54 1
4.97 261.93 1
4.98 285.39 1
4.99 301.09 1
5.0 313.98 1
5.01 332.71 1
