0.01 355.2 1
0.02 351.6 1
0.03 294.98 1
0.04 288.1 1
0.05 288.2 1
0.06 285.87 1
0.07 287.94 1
0.08 290.89 1
0.09 291.9 1
0.1 292.59 1
0.11 291.13 1
0.12 293.03 1
0.13 294.05 1
0.14 294.99 1
0.15 293.27 1
0.16 297.19 1
0.17 297.7 1
0.18 298.54 1
0.19 295.2 1
0.2 297.09 1
0.21 297.03 1
0.22 298.03 1
0.23 298.04 1
0.24 298.88 1
0.25 297.0 1
0.26 291.14 1
0.27 275.14 1
0.28 285.58 1
0.29 291.19 1
0.3 296.99 1
0.31 291.13 1
0.32 300.39 1
0.33 311.62 1
0.34 340.56 1
0.35 339.96 1
0.36 343.97 1
0.37 346.87 1
0.38 344.61 1
0.39 342.91 1
0.4 340.55 1
0.41 337.33 1
0.42 336.6 1
0.43 336.07 1
0.44 335.81 1
0.45 336.38 1
0.46 336.93 1
0.47 338.86 1
0.48 339.78 1
0.49 339.22 1
0.5 337.94 1
0.51 336.6 1
0.52 334.71 1
0.53 332.21 1
0.54 331.66 1
0.55 331.43 1
0.56 332.9 1
0.57 333.21 1
0.58 332.88 1
0.59 332.34 1
0.6 333.31 1
0.61 335.71 1
0.62 336.83 1
0.63 340.01 1
0.64 343.44 1
0.65 345.17 1
0.66 340.11 1
0.67 166.1 1
0.68 74.43 1
0.69 74.53 1
0.7 74.07 1
0.71 74.31 1
0.72 74.19 1
0.73 74.54 1
0.74 74.5 1
0.75 74.31 1
0.76 74.92 1
0.77 74.31 1
0.78 74.49 1
0.79 74.52 1
0.8 74.55 1
0.81 74.61 1
0.82 74.54 1
0.83 74.49 1
0.84 74.43 1
0.85 74.46 1
0.86 74.43 1
0.87 74.56 1
0.88 74.48 1
0.89 74.51 1
0.9 74.53 1
0.91 74.5 1
0.92 74.54 1
0.93 74.5 1
0.94 74.49 1
0.95 74.49 1
0.96 0.0 1
0.97 0.0 1
0.98 289.21 1
0.99 269.73 1
1.0 291.1 1
1.01 285.45 1
1.02 290.47 1
1.03 291.03 1
1.04 291.19 1
1.05 295.0 1
1.06 295.42 1
1.07 294.81 1
1.08 295.35 1
1.09 295.03 1
1.1 296.0 1
1.11 296.71 1
1.12 297.36 1
1.13 297.28 1
1.14 297.02 1
1.15 298.5 1
1.16 299.51 1
1.17 299.52 1
1.18 298.57 1
1.19 297.99 1
1.2 295.83 1
1.21 285.51 1
1.22 0.0 1
1.23 0.0 1
1.24 0.0 1
1.25 0.0 1
1.26 0.0 1
1.27 298.38 1
1.28 298.9 1
1.29 302.69 1
1.3 304.45 1
1.31 305.29 1
1.32 303.06 1
1.33 302.44 1
1.34 301.52 1
1.35 301.99 1
1.36 301.04 1
1.37 301.37 1
1.38 300.09 1
1.39 298.75 1
1.4 298.74 1
1.41 299.37 1
1.42 295.23 1
1.43 295.3 1
1.44 300.38 1
1.45 299.07 1
1.46 297.14 1
1.47 295.21 1
1.48 299.71 1
1.49 298.99 1
1.5 293.19 1
1.51 291.19 1
1.52 275.72 1
1.53 293.12 1
1.54 296.98 1
1.55 291.11 1
1.56 298.8 1
1.57 294.99 1
1.58 295.0 1
1.59 299.98 1
1.6 299.97 1
1.61 295.1 1
1.62 298.84 1
1.63 299.82 1
1.64 297.05 1
1.65 297.13 1
1.66 301.26 1
1.67 301.73 1
1.68 297.17 1
1.69 295.14 1
1.7 295.13 1
1.71 290.73 1
1.72 288.63 1
1.73 288.39 1
1.74 287.83 1
1.75 299.07 1
1.76 307.75 1
1.77 303.65 1
1.78 315.99 1
1.79 305.54 1
1.8 299.26 1
1.81 0.0 1
1.82 0.0 1
1.83 0.0 1
1.84 0.0 1
1.85 0.0 1
1.86 0.0 1
1.87 0.0 1
1.88 0.0 1
1.89 285.44 1
1.9 289.58 1
1.91 291.02 1
1.92 293.84 1
1.93 293.45 1
1.94 295.03 1
1.95 294.48 1
1.96 291.2 1
1.97 290.72 1
1.98 291.09 1
1.99 290.87 1
2.0 292.68 1
2.01 293.13 1
2.02 293.3 1
2.03 295.26 1
2.04 295.24 1
2.05 295.15 1
2.06 291.43 1
2.07 293.12 1
2.08 287.38 1
2.09 279.76 1
2.1 269.94 1
2.11 278.27 1
2.12 278.27 1
2.13 228.28 1
2.14 231.51 1
2.15 245.69 1
2.16 242.99 1
2.17 255.62 1
2.18 263.57 1
2.19 278.6 1
2.2 283.29 1
2.21 281.95 1
2.22 301.05 1
2.23 306.47 1
2.24 305.34 1
2.25 301.04 1
2.26 298.0 1
2.27 293.53 1
2.28 289.03 1
2.29 283.5 1
2.3 278.38 1
2.31 272.78 1
2.32 266.44 1
2.33 255.74 1
2.34 249.82 1
2.35 246.62 1
2.36 239.07 1
2.37 224.37 1
2.38 238.86 1
2.39 234.35 1
2.4 240.45 1
2.41 245.43 1
2.42 276.6 1
2.43 262.62 1
2.44 274.2 1
2.45 285.47 1
2.46 294.08 1
2.47 299.04 1
2.48 291.14 1
2.49 301.32 1
2.5 298.89 1
2.51 295.09 1
2.52 295.06 1
2.53 295.08 1
2.54 296.29 1
2.55 291.34 1
2.56 291.33 1
2.57 291.28 1
2.58 290.41 1
2.59 287.47 1
2.6 286.1 1
2.61 287.78 1
2.62 289.31 1
2.63 297.0 1
2.64 311.42 1
2.65 309.68 1
2.66 317.97 1
2.67 311.72 1
2.68 307.33 1
2.69 290.83 1
2.7 293.9 1
2.71 289.18 1
2.72 144.36 1
2.73 74.56 1
2.74 74.29 1
2.75 74.63 1
2.76 74.94 1
2.77 74.03 1
2.78 74.91 1
2.79 74.56 1
2.8 74.07 1
2.81 74.68 1
2.82 74.21 1
2.83 74.7 1
2.84 75.07 1
2.85 73.93 1
2.86 74.56 1
2.87 74.68 1
2.88 73.93 1
2.89 74.81 1
2.9 74.11 1
2.91 74.18 1
2.92 74.69 1
2.93 73.93 1
2.94 74.72 1
2.95 0.0 1
2.96 0.0 1
2.97 226.71 1
2.98 229.84 1
2.99 226.11 1
3.0 221.37 1
3.01 221.62 1
3.02 220.44 1
3.03 220.83 1
3.04 221.26 1
3.05 223.17 1
3.06 224.15 1
3.07 225.19 1
3.08 226.46 1
3.09 225.65 1
3.1 225.68 1
3.11 226.78 1
3.12 225.63 1
3.13 225.62 1
3.14 225.59 1
3.15 226.29 1
3.16 225.41 1
3.17 226.75 1
3.18 235.06 1
3.19 246.4 1
3.2 254.3 1
3.21 273.43 1
3.22 284.94 1
3.23 289.21 1
3.24 298.99 1
3.25 308.59 1
3.26 285.46 1
3.27 320.68 1
3.28 320.72 1
3.29 309.47 1
3.3 313.87 1
3.31 316.12 1
3.32 304.29 1
3.33 296.99 1
3.34 312.24 1
3.35 306.22 1
3.36 303.11 1
3.37 309.47 1
3.38 306.12 1
3.39 285.43 1
3.4 305.17 1
3.41 306.4 1
3.42 291.48 1
3.43 289.18 1
3.44 279.97 1
3.45 278.21 1
3.46 274.75 1
3.47 274.26 1
3.48 285.77 1
3.49 291.1 1
3.5 298.88 1
3.51 311.65 1
3.52 322.89 1
3.53 325.44 1
3.54 296.97 1
3.55 328.05 1
3.56 309.09 1
3.57 309.47 1
3.58 307.31 1
3.59 299.05 1
3.6 299.8 1
3.61 298.4 1
3.62 294.59 1
3.63 292.36 1
3.64 285.92 1
3.65 279.97 1
3.66 276.44 1
3.67 261.79 1
3.68 251.43 1
3.69 248.25 1
3.7 245.65 1
3.71 242.96 1
3.72 244.29 1
3.73 244.27 1
3.74 243.06 1
3.75 247.56 1
3.76 252.77 1
3.77 261.98 1
3.78 269.79 1
3.79 284.93 1
3.8 287.42 1
3.81 290.48 1
3.82 280.81 1
3.83 271.03 1
3.84 193.01 1
3.85 205.34 1
3.86 189.93 1
3.87 185.69 1
3.88 176.74 1
3.89 181.84 1
3.9 182.59 1
3.91 179.62 1
3.92 223.28 1
3.93 219.28 1
3.94 222.18 1
3.95 223.26 1
3.96 222.1 1
3.97 223.54 1
3.98 223.78 1
3.99 223.21 1
4.0 223.71 1
4.01 222.97 1
4.02 223.41 1
4.03 222.75 1
4.04 221.64 1
4.05 221.6 1
4.06 221.53 1
4.07 221.96 1
4.08 222.85 1
4.09 222.9 1
4.1 222.46 1
4.11 222.94 1
4.12 224.41 1
4.13 221.23 1
4.14 223.65 1
4.15 222.17 1
4.16 221.36 1
4.17 219.96 1
4.18 213.56 1
4.19 223.46 1
4.2 229.09 1
4.21 230.31 1
4.22 228.98 1
4.23 225.58 1
4.24 225.58 1
4.25 225.44 1
4.26 224.66 1
4.27 223.53 1
4.28 223.28 1
4.29 223.91 1
4.3 225.0 1
4.31 225.59 1
4.32 224.94 1
4.33 221.4 1
4.34 215.64 1
4.35 209.86 1
4.36 206.29 1
4.37 206.58 1
4.38 211.51 1
4.39 215.92 1
4.4 222.44 1
4.41 225.67 1
4.42 236.52 1
4.43 219.87 1
4.44 214.6 1
4.45 209.51 1
4.46 204.64 1
4.47 183.36 1
4.48 181.83 1
4.49 194.99 1
4.5 193.03 1
4.51 201.17 1
4.52 212.53 1
4.53 215.54 1
4.54 220.27 1
4.55 220.6 1
4.56 220.27 1
4.57 220.37 1
4.58 220.54 1
4.59 220.87 1
4.6 221.6 1
4.61 221.84 1
4.62 220.57 1
4.63 219.23 1
4.64 216.15 1
4.65 210.59 1
4.66 203.45 1
4.67 194.64 1
4.68 185.05 1
4.69 182.52 1
4.7 181.11 1
4.71 180.37 1
4.72 179.63 1
4.73 178.91 1
4.74 178.9 1
4.75 180.54 1
4.76 182.65 1
4.77 180.89 1
4.78 178.94 1
4.79 183.2 1
4.8 184.91 1
4.81 187.74 1
4.82 195.63 1
4.83 202.72 1
4.84 202.78 1
4.85 207.54 1
4.86 204.25 1
4.87 201.84 1
4.88 199.01 1
4.89 194.91 1
4.9 191.07 1
4.91 186.22 1
4.92 182.09 1
4.93 178.34 1
4.94 174.92 1
4.95 173.91 1
4.96 170.48 1
4.97 168.85 1
4.98 167.7 1
4.99 165.82 1
5.0 165.74 1
5.01 165.46 1
5.02 165.0 1
5.03 163.85 1
5.04 165.05 1
5.05 166.11 1
5.06 166.28 1
5.07 166.47 1
5.08 170.83 1
5.09 174.47 1
5.1 181.24 1
5.11 185.7 1
5.12 192.78 1
5.13 197.7 1
5.14 198.21 1
5.15 192.8 1
5.16 185.8 1
5.17 183.75 1
5.18 0.0 1
5.19 0.0 1
5.2 0.0 1
5.21 74.67 1
5.22 74.54 1
5.23 74.53 1
5.24 74.55 1
5.25 74.5 1
5.26 74.5 1
5.27 74.19 1
5.28 74.55 1
5.29 0.0 1
5.3 0.0 1
5.31 148.97 1
5.32 147.81 1
5.33 148.34 1
5.34 149.74 1
5.35 149.92 1
5.36 149.39 1
5.37 149.22 1
5.38 149.41 1
5.39 149.21 1
5.4 149.34 1
5.41 148.76 1
5.42 148.74 1
5.43 148.62 1
5.44 147.25 1
5.45 145.33 1
5.46 140.22 1
5.47 139.33 1
5.48 141.54 1
5.49 141.1 1
5.5 150.24 1
5.51 152.83 1
5.52 139.75 1
5.53 186.46 1
5.54 185.15 1
5.55 192.98 1
5.56 219.94 1
5.57 212.06 1
5.58 211.91 1
5.59 201.33 1
5.6 194.03 1
5.61 183.56 1
5.62 180.37 1
5.63 168.08 1
5.64 165.37 1
5.65 165.46 1
5.66 162.78 1
5.67 162.32 1
5.68 163.5 1
5.69 163.05 1
5.7 162.68 1
5.71 163.8 1
5.72 166.92 1
5.73 167.35 1
5.74 177.85 1
5.75 181.35 1
5.76 187.26 1
5.77 193.5 1
5.78 198.97 1
5.79 202.8 1
5.8 95.98 1
5.81 95.45 1
5.82 77.85 1
5.83 74.68 1
5.84 74.35 1
5.85 74.36 1
5.86 74.93 1
5.87 74.31 1
5.88 74.07 1
5.89 74.5 1
5.9 75.83 1
5.91 74.04 1
5.92 74.68 1
5.93 73.44 1
5.94 73.9 1
5.95 73.92 1
5.96 74.33 1
5.97 74.64 1
5.98 74.46 1
5.99 74.34 1
6.0 74.42 1
6.01 74.47 1
6.02 74.51 1
6.03 74.25 1
6.04 74.29 1
6.05 74.68 1
6.06 74.81 1
6.07 74.81 1
6.08 74.68 1
6.09 74.11 1
6.1 76.05 1
6.11 73.44 1
6.12 74.18 1
6.13 74.58 1
6.14 74.55 1
6.15 74.61 1
6.16 74.46 1
6.17 74.5 1
6.18 71.41 1
6.19 74.29 1
6.2 76.72 1
6.21 148.88 1
6.22 149.23 1
6.23 147.25 1
6.24 147.25 1
6.25 147.74 1
6.26 147.64 1
6.27 145.32 1
6.28 146.94 1
6.29 147.61 1
6.3 145.81 1
6.31 147.97 1
6.32 147.26 1
6.33 145.81 1
6.34 145.32 1
6.35 145.8 1
6.36 145.32 1
6.37 147.75 1
6.38 151.79 1
6.39 152.91 1
6.4 156.59 1
6.41 158.36 1
6.42 162.43 1
6.43 167.04 1
6.44 171.21 1
6.45 177.46 1
6.46 184.14 1
6.47 186.51 1
6.48 192.13 1
6.49 196.78 1
6.5 200.71 1
6.51 203.71 1
6.52 204.7 1
6.53 211.52 1
6.54 217.76 1
6.55 219.27 1
6.56 221.7 1
6.57 221.55 1
6.58 222.45 1
6.59 223.22 1
6.6 221.71 1
6.61 222.65 1
6.62 222.69 1
6.63 223.22 1
6.64 223.04 1
6.65 223.85 1
6.66 224.03 1
6.67 223.73 1
6.68 223.15 1
6.69 223.68 1
6.7 223.86 1
6.71 223.56 1
6.72 225.07 1
6.73 226.18 1
6.74 225.58 1
6.75 224.98 1
6.76 224.59 1
6.77 220.93 1
6.78 212.53 1
6.79 215.7 1
6.8 211.54 1
6.81 210.51 1
6.82 222.56 1
6.83 220.64 1
6.84 226.25 1
6.85 224.98 1
6.86 223.81 1
6.87 224.57 1
6.88 225.07 1
6.89 224.84 1
6.9 225.98 1
6.91 227.94 1
6.92 225.64 1
6.93 225.58 1
6.94 221.98 1
6.95 217.77 1
6.96 216.64 1
6.97 209.47 1
6.98 205.64 1
6.99 205.67 1
7.0 213.19 1
7.01 219.39 1
7.02 225.08 1
7.03 226.84 1
7.04 229.2 1
7.05 230.38 1
7.06 227.99 1
7.07 223.33 1
7.08 0.0 1
7.09 0.0 1
7.1 0.0 1
7.11 0.0 1
7.12 0.0 1
7.13 0.0 1
7.14 0.0 1
7.15 219.92 1
7.16 222.16 1
7.17 221.91 1
7.18 224.1 1
7.19 225.58 1
7.2 225.59 1
7.21 225.6 1
7.22 225.6 1
7.23 225.58 1
7.24 225.6 1
7.25 225.6 1
7.26 225.61 1
7.27 225.61 1
7.28 225.61 1
7.29 225.6 1
7.3 225.59 1
7.31 225.58 1
7.32 224.52 1
7.33 222.53 1
7.34 220.76 1
7.35 219.57 1
7.36 219.24 1
7.37 218.85 1
7.38 218.85 1
7.39 220.57 1
7.4 225.58 1
7.41 229.2 1
7.42 241.6 1
7.43 254.23 1
7.44 266.47 1
7.45 280.0 1
7.46 290.53 1
7.47 293.13 1
7.48 305.21 1
7.49 297.1 1
7.5 304.49 1
7.51 297.0 1
7.52 291.16 1
7.53 288.99 1
7.54 280.0 1
7.55 276.42 1
7.56 272.99 1
7.57 266.49 1
7.58 268.01 1
7.59 257.3 1
7.6 255.72 1
7.61 253.48 1
7.62 250.53 1
7.63 247.33 1
7.64 332.72 1
7.65 247.04 1
7.66 246.04 1
7.67 247.8 1
7.68 250.1 1
7.69 253.94 1
7.7 255.29 1
7.71 258.71 1
7.72 271.36 1
7.73 280.94 1
7.74 288.48 1
7.75 291.55 1
7.76 292.81 1
7.77 283.26 1
7.78 282.96 1
7.79 195.57 1
7.8 74.38 1
7.81 74.31 1
7.82 74.6 1
7.83 74.61 1
7.84 73.81 1
7.85 74.29 1
7.86 75.15 1
7.87 74.19 1
7.88 74.49 1
7.89 74.45 1
7.9 74.33 1
7.91 74.25 1
7.92 74.31 1
7.93 74.02 1
7.94 73.1 1
7.95 73.79 1
7.96 73.93 1
7.97 74.35 1
7.98 74.19 1
7.99 74.66 1
8.0 74.43 1
8.01 74.3 1
8.02 74.18 1
8.03 74.05 1
8.04 74.18 1
8.05 74.43 1
8.06 73.93 1
8.07 75.07 1
8.08 74.31 1
8.09 74.68 1
8.1 74.5 1
8.11 74.13 1
8.12 74.5 1
8.13 74.43 1
8.14 74.56 1
8.15 75.19 1
8.16 74.56 1
8.17 74.94 1
8.18 73.93 1
8.19 73.93 1
8.2 75.06 1
8.21 74.56 1
8.22 74.94 1
8.23 74.3 1
8.24 74.18 1
8.25 74.94 1
8.26 74.81 1
8.27 72.35 1
8.28 73.1 1
8.29 72.07 1
8.3 74.06 1
8.31 73.97 1
8.32 74.48 1
8.33 74.67 1
8.34 74.91 1
8.35 75.09 1
8.36 75.39 1
8.37 76.0 1
8.38 77.02 1
8.39 76.87 1
8.4 152.85 1
8.41 303.33 1
8.42 295.07 1
8.43 294.75 1
8.44 291.08 1
8.45 294.94 1
8.46 286.87 1
8.47 288.77 1
8.48 291.09 1
8.49 297.86 1
8.5 316.04 1
8.51 313.69 1
8.52 320.66 1
8.53 310.41 1
8.54 0.0 1
8.55 0.0 1
8.56 0.0 1
8.57 320.65 1
8.58 305.48 1
8.59 307.3 1
8.6 307.26 1
8.61 303.09 1
8.62 301.09 1
8.63 302.65 1
8.64 301.06 1
8.65 300.84 1
8.66 299.65 1
8.67 298.73 1
8.68 298.95 1
8.69 295.15 1
8.7 293.32 1
8.71 295.29 1
8.72 293.32 1
8.73 293.18 1
8.74 291.97 1
8.75 282.91 1
8.76 276.42 1
8.77 260.04 1
8.78 242.96 1
8.79 235.44 1
8.8 221.45 1
8.81 243.31 1
8.82 232.78 1
8.83 238.04 1
8.84 252.23 1
8.85 291.11 1
8.86 287.43 1
8.87 292.5 1
8.88 305.06 1
8.89 318.27 1
8.9 308.58 1
8.91 301.34 1
8.92 309.28 1
8.93 300.52 1
8.94 293.3 1
8.95 293.72 1
8.96 290.86 1
8.97 283.82 1
8.98 275.9 1
8.99 266.41 1
9.0 255.44 1
9.01 247.53 1
9.02 243.48 1
9.03 239.59 1
9.04 242.83 1
9.05 247.39 1
9.06 261.68 1
9.07 279.94 1
9.08 301.9 1
9.09 339.08 1
9.1 357.11 1
9.11 373.76 1
9.12 373.32 1
9.13 364.85 1
9.14 340.55 1
9.15 319.98 1
9.16 295.61 1
9.17 327.97 1
9.18 258.66 1
9.19 264.86 1
9.2 287.22 1
9.21 289.5 1
9.22 292.8 1
9.23 294.29 1
9.24 294.97 1
9.25 295.98 1
9.26 294.94 1
9.27 294.52 1
9.28 293.1 1
9.29 292.74 1
9.3 291.13 1
9.31 291.14 1
9.32 291.24 1
9.33 294.23 1
9.34 295.09 1
9.35 295.06 1
9.36 297.08 1
9.37 295.23 1
9.38 297.15 1
9.39 297.13 1
9.4 299.1 1
9.41 301.14 1
9.42 299.16 1
9.43 291.16 1
9.44 295.04 1
9.45 291.19 1
9.46 295.07 1
9.47 291.16 1
9.48 293.05 1
9.49 293.04 1
9.5 300.87 1
9.51 299.88 1
9.52 298.77 1
9.53 298.98 1
9.54 300.39 1
9.55 299.04 1
9.56 301.68 1
9.57 301.11 1
9.58 302.86 1
9.59 302.56 1
9.6 301.96 1
9.61 299.09 1
9.62 296.69 1
9.63 292.79 1
9.64 289.14 1
9.65 285.92 1
9.66 283.96 1
9.67 283.37 1
9.68 285.99 1
9.69 291.51 1
9.7 295.06 1
9.71 301.05 1
9.72 307.09 1
9.73 306.88 1
9.74 305.1 1
9.75 283.65 1
9.76 247.04 1
9.77 298.99 1
9.78 331.13 1
9.79 297.89 1
9.8 296.06 1
9.81 297.74 1
9.82 299.41 1
9.83 300.21 1
9.84 300.33 1
9.85 299.83 1
9.86 298.5 1
9.87 298.41 1
9.88 298.85 1
9.89 299.06 1
9.9 299.11 1
9.91 297.13 1
9.92 297.02 1
9.93 293.16 1
9.94 288.52 1
9.95 278.91 1
9.96 266.71 1
9.97 255.67 1
9.98 245.41 1
9.99 241.57 1
10.0 234.74 1
10.01 237.75 1
10.02 252.77 1
10.03 247.48 1
10.04 241.6 1
10.05 248.42 1
10.06 254.17 1
10.07 260.12 1
10.08 289.25 1
10.09 295.25 1
10.1 293.15 1
10.11 298.74 1
10.12 300.98 1
10.13 300.29 1
10.14 297.71 1
10.15 295.58 1
10.16 293.83 1
10.17 293.03 1
10.18 291.59 1
10.19 287.79 1
10.2 284.7 1
10.21 275.79 1
10.22 266.19 1
10.23 273.51 1
10.24 244.48 1
10.25 239.73 1
10.26 238.95 1
10.27 238.98 1
10.28 241.33 1
10.29 250.26 1
10.3 278.46 1
10.31 263.4 1
10.32 275.49 1
10.33 284.63 1
10.34 294.7 1
10.35 301.38 1
10.36 303.39 1
10.37 311.39 1
10.38 300.84 1
