0.01 301.11 1
0.02 254.24 1
0.03 231.88 1
0.04 221.82 1
0.05 199.06 1
0.06 215.81 1
0.07 185.63 1
0.08 192.18 1
0.09 187.96 1
0.1 183.64 1
0.11 181.78 1
0.12 179.62 1
0.13 178.12 1
0.14 174.82 1
0.15 189.68 1
0.16 186.01 1
0.17 184.13 1
0.18 194.73 1
0.19 198.3 1
0.2 202.81 1
0.21 212.81 1
0.22 197.33 1
0.23 199.14 1
0.24 199.14 1
0.25 200.01 1
0.26 218.28 1
0.27 203.68 1
0.28 206.53 1
0.29 205.52 1
0.3 201.77 1
0.31 202.57 1
0.32 200.94 1
0.33 201.85 1
0.34 225.42 1
0.35 203.4 1
0.36 198.75 1
0.37 213.38 1
0.38 192.95 1
0.39 199.66 1
0.4 205.36 1
0.41 196.38 1
0.42 214.62 1
0.43 209.47 1
0.44 200.09 1
0.45 205.37 1
0.46 217.93 1
0.47 204.79 1
0.48 190.58 1
0.49 189.66 1
0.5 201.83 1
0.51 188.8 1
0.52 181.11 1
0.53 170.59 1
0.54 170.57 1
0.55 169.96 1
0.56 173.98 1
0.57 179.29 1
0.58 186.25 1
0.59 187.78 1
0.6 228.1 1
0.61 206.51 1
0.62 221.16 1
0.63 227.96 1
0.64 226.28 1
0.65 217.06 1
0.66 204.68 1
0.67 189.67 1
0.68 184.91 1
0.69 183.37 1
0.7 174.52 1
0.71 178.6 1
0.72 185.69 1
0.73 201.82 1
0.74 214.27 1
0.75 245.44 1
0.76 186.48 1
0.77 291.03 1
0.78 301.76 1
0.79 320.69 1
0.8 323.02 1
0.81 332.57 1
0.82 333.66 1
0.83 332.1 1
0.84 323.07 1
0.85 307.53 1
0.86 289.62 1
0.87 282.59 1
0.88 281.59 1
0.89 278.05 1
0.9 285.33 1
0.91 278.19 1
0.92 283.56 1
0.93 291.66 1
0.94 295.02 1
0.95 327.77 1
0.96 321.48 1
0.97 327.86 1
0.98 324.47 1
0.99 322.99 1
1.0 311.66 1
1.01 299.01 1
1.02 284.48 1
1.03 274.62 1
1.04 251.13 1
1.05 245.09 1
1.06 242.92 1
1.07 243.03 1
1.08 247.03 1
1.09 254.21 1
1.1 273.0 1
1.11 282.81 1
1.12 293.08 1
1.13 303.08 1
1.14 313.72 1
1.15 296.01 1
1.16 287.22 1
1.17 278.14 1
1.18 254.32 1
1.19 236.55 1
1.2 206.62 1
1.21 195.44 1
1.22 184.15 1
1.23 181.26 1
1.24 180.54 1
1.25 185.72 1
1.26 193.83 1
1.27 199.98 1
1.28 205.66 1
1.29 218.64 1
1.3 222.25 1
1.31 228.08 1
1.32 235.27 1
1.33 236.52 1
1.34 229.31 1
1.35 222.19 1
1.36 213.5 1
1.37 196.65 1
1.38 181.48 1
1.39 173.6 1
1.4 0.0 1
1.41 0.0 1
1.42 0.0 1
1.43 0.0 1
1.44 0.0 1
1.45 0.0 1
1.46 0.0 1
1.47 0.0 1
1.48 301.06 1
1.49 293.03 1
1.5 281.29 1
1.51 263.29 1
1.52 218.84 1
1.53 200.91 1
1.54 212.52 1
1.55 205.61 1
1.56 216.69 1
1.57 217.02 1
1.58 221.26 1
1.59 226.52 1
1.6 229.13 1
1.61 229.2 1
1.62 229.17 1
1.63 225.65 1
1.64 222.0 1
1.65 217.67 1
1.66 208.71 1
1.67 207.43 1
1.68 201.78 1
1.69 201.74 1
1.7 204.5 1
1.71 202.88 1
1.72 209.57 1
1.73 217.07 1
1.74 222.16 1
1.75 224.93 1
1.76 225.48 1
1.77 225.1 1
1.78 223.77 1
1.79 221.79 1
1.8 220.88 1
1.81 220.75 1
1.82 222.0 1
1.83 224.15 1
1.84 225.96 1
1.85 225.73 1
1.86 228.01 1
1.87 229.14 1
1.88 226.57 1
1.89 219.64 1
1.9 212.79 1
1.91 202.74 1
1.92 195.12 1
1.93 198.58 1
1.94 204.93 1
1.95 212.88 1
1.96 221.59 1
1.97 230.67 1
1.98 232.83 1
1.99 240.95 1
2.0 230.24 1
2.01 224.85 1
2.02 223.81 1
2.03 210.49 1
2.04 199.26 1
2.05 184.06 1
2.06 179.63 1
2.07 175.2 1
2.08 175.8 1
2.09 178.54 1
2.1 182.18 1
2.11 185.94 1
2.12 193.74 1
2.13 201.75 1
2.14 204.69 1
2.15 208.55 1
2.16 206.43 1
2.17 200.93 1
2.18 194.5 1
2.19 184.86 1
2.2 175.36 1
2.21 167.66 1
2.22 163.03 1
2.23 164.07 1
2.24 161.29 1
2.25 161.24 1
2.26 164.24 1
2.27 164.55 1
2.28 167.24 1
2.29 177.43 1
2.3 178.12 1
2.31 182.47 1
2.32 181.89 1
2.33 183.39 1
2.34 181.13 1
2.35 167.36 1
2.36 74.47 1
2.37 73.94 1
2.38 73.82 1
2.39 78.53 1
2.4 74.93 1
2.41 74.31 1
2.42 74.04 1
2.43 74.56 1
2.44 74.81 1
2.45 151.78 1
2.46 151.27 1
2.47 150.76 1
2.48 151.27 1
2.49 151.8 1
2.5 149.74 1
2.51 148.86 1
2.52 148.51 1
2.53 144.36 1
2.54 140.21 1
2.55 136.6 1
2.56 135.08 1
2.57 138.32 1
2.58 141.57 1
2.59 158.36 1
2.6 163.76 1
2.61 178.18 1
2.62 180.79 1
2.63 179.25 1
2.64 75.83 1
2.65 74.54 1
2.66 74.61 1
2.67 74.46 1
2.68 73.94 1
2.69 74.55 1
2.7 74.5 1
2.71 74.5 1
2.72 73.69 1
2.73 73.81 1
2.74 73.0 1
2.75 73.07 1
2.76 73.44 1
2.77 74.08 1
2.78 74.33 1
2.79 74.38 1
2.8 74.45 1
2.81 74.39 1
2.82 74.44 1
2.83 74.56 1
2.84 74.85 1
2.85 74.85 1
2.86 74.8 1
2.87 74.58 1
2.88 149.6 1
2.89 141.93 1
2.9 144.36 1
2.91 138.32 1
2.92 141.16 1
2.93 140.56 1
2.94 149.58 1
2.95 163.53 1
2.96 174.5 1
2.97 127.15 1
2.98 111.93 1
2.99 111.23 1
3.0 112.65 1
3.01 227.76 1
3.02 214.94 1
3.03 200.97 1
3.04 189.79 1
3.05 180.53 1
3.06 165.35 1
3.07 161.41 1
3.08 160.67 1
3.09 164.99 1
3.1 166.07 1
3.11 180.54 1
3.12 191.27 1
3.13 206.82 1
3.14 217.64 1
3.15 219.08 1
3.16 175.34 1
3.17 235.19 1
3.18 238.86 1
3.19 240.17 1
3.2 219.89 1
3.21 202.76 1
3.22 183.68 1
3.23 178.16 1
3.24 167.33 1
3.25 167.77 1
3.26 169.97 1
3.27 177.47 1
3.28 188.07 1
3.29 196.58 1
3.3 202.09 1
3.31 203.83 1
3.32 104.08 1
3.33 202.78 1
3.34 196.45 1
3.35 188.88 1
3.36 180.36 1
3.37 171.75 1
3.38 171.27 1
3.39 169.32 1
3.4 176.73 1
3.41 182.89 1
3.42 192.98 1
3.43 203.71 1
3.44 213.51 1
3.45 219.19 1
3.46 221.62 1
3.47 223.61 1
3.48 223.59 1
3.49 223.77 1
3.5 220.26 1
3.51 218.54 1
3.52 218.78 1
3.53 217.77 1
3.54 218.81 1
3.55 210.03 1
3.56 213.46 1
3.57 203.79 1
3.58 214.59 1
3.59 220.58 1
3.6 229.15 1
3.61 247.92 1
3.62 257.1 1
3.63 252.66 1
3.64 225.65 1
3.65 227.91 1
3.66 203.14 1
3.67 204.66 1
3.68 197.32 1
3.69 177.69 1
3.7 171.93 1
3.71 165.48 1
3.72 178.24 1
3.73 181.32 1
3.74 186.53 1
3.75 195.84 1
3.76 201.86 1
3.77 203.7 1
3.78 204.48 1
3.79 201.07 1
3.8 194.64 1
3.81 183.98 1
3.82 180.39 1
3.83 165.59 1
3.84 167.18 1
3.85 170.19 1
3.86 177.6 1
3.87 182.38 1
3.88 195.94 1
3.89 211.71 1
3.9 218.42 1
3.91 225.03 1
3.92 227.92 1
3.93 234.59 1
3.94 232.87 1
3.95 225.59 1
3.96 206.12 1
3.97 206.09 1
3.98 193.01 1
3.99 190.59 1
4.0 188.67 1
4.01 187.26 1
4.02 198.43 1
4.03 202.46 1
4.04 207.53 1
4.05 218.37 1
4.06 218.51 1
4.07 223.05 1
4.08 226.17 1
4.09 225.32 1
4.1 220.41 1
4.11 222.71 1
4.12 224.61 1
4.13 219.45 1
4.14 214.51 1
4.15 200.0 1
4.16 208.51 1
4.17 196.19 1
4.18 214.56 1
4.19 202.41 1
4.2 204.52 1
4.21 207.61 1
4.22 218.36 1
4.23 222.26 1
4.24 225.73 1
4.25 227.98 1
4.26 225.69 1
4.27 202.56 1
4.28 181.38 1
4.29 184.91 1
4.3 196.48 1
4.31 194.75 1
4.32 185.34 1
4.33 184.91 1
4.34 190.41 1
4.35 190.47 1
4.36 182.16 1
4.37 188.09 1
4.38 187.29 1
4.39 184.58 1
4.4 184.18 1
4.41 184.59 1
4.42 190.3 1
4.43 191.23 1
4.44 179.63 1
4.45 184.07 1
4.46 185.05 1
4.47 188.15 1
4.48 182.61 1
4.49 180.36 1
4.5 187.64 1
4.51 189.68 1
4.52 188.39 1
4.53 184.23 1
4.54 94.96 1
4.55 173.27 1
4.56 169.99 1
4.57 170.07 1
4.58 174.0 1
4.59 177.94 1
4.6 184.31 1
4.61 197.27 1
4.62 202.8 1
4.63 206.63 1
4.64 218.38 1
4.65 223.91 1
4.66 225.61 1
4.67 221.17 1
4.68 215.84 1
4.69 203.76 1
4.7 192.12 1
4.71 0.0 1
4.72 0.0 1
4.73 0.0 1
4.74 0.0 1
4.75 0.0 1
4.76 0.0 1
4.77 0.0 1
4.78 0.0 1
4.79 0.0 1
4.8 288.41 1
4.81 298.11 1
4.82 309.13 1
4.83 311.05 1
4.84 301.07 1
4.85 295.22 1
4.86 286.5 1
4.87 281.69 1
4.88 134.16 1
4.89 256.92 1
4.9 249.59 1
4.91 121.02 1
4.92 245.37 1
4.93 247.06 1
4.94 254.21 1
4.95 270.34 1
4.96 288.81 1
4.97 293.12 1
4.98 320.57 1
4.99 318.16 1
5.0 311.33 1
5.01 307.59 1
5.02 299.09 1
5.03 295.05 1
5.04 291.11 1
5.05 289.18 1
5.06 283.89 1
5.07 285.84 1
5.08 288.41 1
5.09 291.1 1
5.1 295.13 1
5.11 313.53 1
5.12 320.1 1
5.13 322.77 1
5.14 318.5 1
5.15 309.05 1
5.16 293.24 1
5.17 272.58 1
5.18 248.68 1
5.19 226.8 1
5.2 220.45 1
5.21 217.77 1
5.22 215.61 1
5.23 216.23 1
5.24 219.48 1
5.25 223.3 1
5.26 224.76 1
5.27 224.62 1
5.28 224.48 1
5.29 228.14 1
