0.01 94.33 1
0.02 92.36 1
0.03 92.93 1
0.04 92.16 1
0.05 94.12 1
0.06 94.12 1
0.07 287.49 1
0.08 290.64 1
0.09 296.02 1
0.1 295.8 1
0.11 295.02 1
0.12 293.16 1
0.13 295.02 1
0.14 295.0 1
0.15 293.11 1
0.16 293.09 1
0.17 291.24 1
0.18 293.12 1
0.19 293.1 1
0.2 293.09 1
0.21 293.13 1
0.22 293.21 1
0.23 295.16 1
0.24 295.17 1
0.25 293.27 1
0.26 295.12 1
0.27 295.1 1
0.28 293.2 1
0.29 293.14 1
0.3 293.09 1
0.31 293.13 1
0.32 293.16 1
0.33 293.16 1
0.34 293.14 1
0.35 293.16 1
0.36 293.2 1
0.37 295.12 1
0.38 295.15 1
0.39 295.17 1
0.4 297.1 1
0.41 295.22 1
0.42 297.13 1
0.43 295.17 1
0.44 295.16 1
0.45 291.3 1
0.46 295.05 1
0.47 294.51 1
0.48 291.9 1
0.49 290.8 1
0.5 290.63 1
0.51 291.16 1
0.52 297.13 1
0.53 320.55 1
0.54 327.07 1
0.55 343.21 1
0.56 357.13 1
0.57 373.55 1
0.58 382.75 1
0.59 386.25 1
0.6 386.6 1
0.61 385.13 1
0.62 381.96 1
0.63 378.47 1
0.64 366.89 1
0.65 360.03 1
0.66 357.09 1
0.67 351.4 1
0.68 345.9 1
0.69 343.1 1
0.7 343.27 1
0.71 338.01 1
0.72 336.84 1
0.73 336.34 1
0.74 336.07 1
0.75 335.15 1
0.76 335.93 1
0.77 338.59 1
0.78 344.22 1
0.79 345.92 1
0.8 351.45 1
0.81 367.0 1
0.82 372.18 1
0.83 381.92 1
0.84 387.52 1
0.85 391.82 1
0.86 388.71 1
0.87 390.05 1
0.88 387.96 1
0.89 384.49 1
0.9 383.14 1
0.91 379.56 1
0.92 373.46 1
0.93 375.3 1
0.94 370.38 1
0.95 372.12 1
0.96 375.24 1
0.97 375.32 1
0.98 373.07 1
0.99 369.19 1
1.0 369.79 1
1.01 370.73 1
1.02 372.07 1
1.03 370.83 1
1.04 372.11 1
1.05 372.13 1
1.06 373.84 1
1.07 376.25 1
1.08 379.64 1
1.09 383.35 1
1.1 390.34 1
1.11 396.02 1
1.12 398.61 1
1.13 397.76 1
1.14 396.44 1
1.15 394.64 1
1.16 391.07 1
1.17 386.41 1
1.18 381.75 1
1.19 378.41 1
1.2 368.24 1
1.21 362.93 1
1.22 351.53 1
1.23 351.45 1
1.24 345.94 1
1.25 343.33 1
1.26 345.55 1
1.27 340.6 1
1.28 340.39 1
1.29 339.17 1
1.3 338.75 1
1.31 340.36 1
1.32 339.74 1
1.33 339.89 1
1.34 340.6 1
1.35 339.99 1
1.36 339.21 1
1.37 338.82 1
1.38 340.22 1
1.39 342.42 1
1.4 345.89 1
1.41 348.64 1
1.42 348.7 1
1.43 354.22 1
1.44 354.96 1
1.45 354.23 1
1.46 348.67 1
1.47 345.99 1
1.48 343.19 1
1.49 332.7 1
1.5 326.32 1
1.51 316.1 1
1.52 307.35 1
1.53 302.72 1
1.54 299.03 1
1.55 301.08 1
1.56 298.99 1
1.57 298.99 1
1.58 298.49 1
1.59 297.01 1
1.6 295.11 1
1.61 293.18 1
1.62 296.31 1
1.63 295.03 1
1.64 295.01 1
1.65 294.99 1
1.66 294.99 1
1.67 295.02 1
1.68 296.93 1
1.69 293.15 1
1.7 295.1 1
1.71 297.03 1
1.72 297.02 1
1.73 297.02 1
1.74 297.04 1
1.75 298.29 1
1.76 297.0 1
1.77 295.1 1
1.78 295.08 1
1.79 296.78 1
1.8 295.05 1
1.81 294.95 1
1.82 292.53 1
1.83 289.73 1
1.84 285.74 1
1.85 281.2 1
1.86 280.41 1
1.87 279.14 1
1.88 280.65 1
1.89 282.4 1
1.9 285.12 1
1.91 288.21 1
1.92 289.76 1
1.93 293.02 1
1.94 295.01 1
1.95 295.06 1
1.96 297.0 1
1.97 297.01 1
1.98 297.69 1
1.99 295.1 1
2.0 295.1 1
2.01 297.0 1
2.02 295.06 1
2.03 291.26 1
2.04 283.9 1
2.05 293.11 1
2.06 289.83 1
2.07 293.85 1
2.08 301.05 1
2.09 293.06 1
2.1 287.33 1
2.11 0.0 1
2.12 0.0 1
2.13 0.0 1
2.14 96.17 1
2.15 95.14 1
2.16 91.77 1
2.17 93.14 1
2.18 73.78 1
2.19 74.2 1
2.2 74.58 1
2.21 74.63 1
2.22 74.64 1
2.23 74.67 1
2.24 74.46 1
2.25 74.53 1
2.26 74.66 1
2.27 74.8 1
2.28 74.89 1
2.29 74.98 1
2.3 74.89 1
2.31 74.7 1
2.32 149.49 1
2.33 297.03 1
2.34 300.99 1
2.35 301.0 1
2.36 295.1 1
2.37 297.01 1
2.38 300.09 1
2.39 301.36 1
2.4 299.07 1
2.41 301.68 1
2.42 300.79 1
2.43 299.03 1
2.44 298.85 1
2.45 297.89 1
2.46 296.99 1
2.47 304.44 1
2.48 319.39 1
2.49 337.76 1
2.5 354.28 1
2.51 381.38 1
2.52 400.26 1
2.53 410.24 1
2.54 410.26 1
2.55 410.38 1
2.56 401.23 1
2.57 393.7 1
2.58 383.35 1
2.59 376.44 1
2.6 369.52 1
2.61 360.72 1
2.62 356.17 1
2.63 348.65 1
2.64 342.47 1
2.65 340.55 1
2.66 340.52 1
2.67 335.43 1
2.68 335.11 1
2.69 334.8 1
2.7 334.44 1
2.71 337.07 1
2.72 340.54 1
2.73 348.65 1
2.74 346.0 1
2.75 361.95 1
2.76 365.69 1
2.77 370.56 1
2.78 371.56 1
2.79 360.11 1
2.8 358.24 1
2.81 347.42 1
2.82 329.92 1
2.83 318.8 1
2.84 307.32 1
2.85 305.19 1
2.86 153.35 1
2.87 152.41 1
2.88 152.18 1
2.89 150.34 1
2.9 152.82 1
2.91 152.1 1
2.92 151.8 1
2.93 150.88 1
2.94 148.28 1
2.95 149.87 1
2.96 150.24 1
2.97 148.62 1
2.98 148.19 1
2.99 149.72 1
3.0 149.22 1
3.01 147.27 1
3.02 148.41 1
3.03 149.22 1
3.04 148.78 1
3.05 148.25 1
3.06 149.29 1
3.07 149.73 1
3.08 148.78 1
3.09 147.28 1
3.1 147.26 1
3.11 144.84 1
3.12 141.64 1
3.13 140.27 1
3.14 142.92 1
3.15 143.46 1
3.16 145.19 1
3.17 74.23 1
3.18 75.25 1
3.19 76.05 1
3.2 74.54 1
3.21 73.69 1
3.22 72.53 1
3.23 73.81 1
3.24 73.68 1
3.25 75.19 1
3.26 74.34 1
3.27 74.56 1
3.28 74.54 1
3.29 74.3 1
3.3 74.48 1
3.31 74.51 1
3.32 74.65 1
3.33 74.74 1
3.34 74.57 1
3.35 74.17 1
3.36 74.38 1
3.37 74.49 1
3.38 74.9 1
3.39 74.94 1
3.4 74.27 1
3.41 74.56 1
3.42 74.68 1
3.43 74.11 1
3.44 74.8 1
3.45 74.45 1
3.46 74.54 1
3.47 74.75 1
3.48 74.45 1
3.49 74.69 1
3.5 74.61 1
3.51 91.05 1
3.52 92.41 1
3.53 128.03 1
3.54 124.73 1
3.55 121.32 1
3.56 126.58 1
3.57 143.24 1
3.58 285.41 1
3.59 289.09 1
3.6 287.34 1
3.61 291.64 1
3.62 292.72 1
3.63 294.04 1
3.64 293.51 1
3.65 291.44 1
3.66 289.83 1
3.67 291.21 1
3.68 293.73 1
3.69 294.38 1
3.7 294.92 1
3.71 297.0 1
3.72 300.22 1
3.73 301.99 1
3.74 299.08 1
3.75 302.4 1
3.76 301.37 1
3.77 301.04 1
3.78 299.13 1
3.79 300.16 1
3.8 298.7 1
3.81 295.09 1
3.82 293.06 1
3.83 291.7 1
3.84 288.27 1
3.85 286.01 1
3.86 282.54 1
3.87 282.58 1
3.88 284.86 1
3.89 292.42 1
3.9 304.97 1
3.91 318.91 1
3.92 344.36 1
3.93 363.02 1
3.94 360.18 1
3.95 357.23 1
3.96 343.22 1
3.97 319.8 1
3.98 307.31 1
3.99 302.05 1
4.0 301.14 1
4.01 299.39 1
4.02 301.03 1
4.03 302.95 1
4.04 308.97 1
4.05 301.86 1
4.06 305.06 1
4.07 303.32 1
4.08 302.26 1
4.09 297.14 1
4.1 296.98 1
4.11 296.05 1
4.12 296.42 1
4.13 296.15 1
4.14 296.35 1
4.15 295.03 1
4.16 296.22 1
4.17 295.74 1
4.18 296.64 1
4.19 298.32 1
4.2 299.23 1
4.21 299.02 1
4.22 299.91 1
4.23 300.22 1
4.24 299.8 1
4.25 297.12 1
4.26 297.63 1
4.27 295.28 1
4.28 291.15 1
4.29 285.68 1
4.3 281.46 1
4.31 278.44 1
4.32 278.25 1
4.33 281.7 1
4.34 285.84 1
4.35 291.0 1
4.36 293.12 1
4.37 297.84 1
4.38 299.14 1
4.39 302.59 1
4.4 301.7 1
4.41 295.2 1
4.42 297.03 1
4.43 296.43 1
4.44 293.1 1
4.45 293.04 1
4.46 0.0 1
4.47 0.0 1
4.48 91.59 1
4.49 93.75 1
4.5 89.73 1
4.51 91.59 1
4.52 94.95 1
4.53 94.57 1
4.54 73.65 1
4.55 74.64 1
4.56 75.16 1
4.57 75.16 1
4.58 74.56 1
4.59 74.84 1
4.6 74.56 1
4.61 74.29 1
4.62 74.3 1
4.63 74.28 1
4.64 74.4 1
4.65 74.36 1
4.66 74.27 1
4.67 74.24 1
4.68 74.38 1
4.69 74.43 1
4.7 74.48 1
4.71 74.56 1
4.72 74.62 1
4.73 74.67 1
4.74 74.68 1
4.75 74.21 1
4.76 147.63 1
4.77 142.49 1
4.78 139.49 1
4.79 135.07 1
4.8 129.51 1
4.81 123.81 1
4.82 121.66 1
4.83 119.92 1
4.84 119.68 1
4.85 120.15 1
4.86 122.65 1
4.87 125.13 1
4.88 258.15 1
4.89 260.26 1
4.9 275.15 1
4.91 282.86 1
4.92 288.4 1
4.93 295.18 1
4.94 299.32 1
4.95 303.07 1
4.96 296.99 1
4.97 296.6 1
4.98 297.66 1
4.99 296.97 1
5.0 295.0 1
5.01 296.43 1
5.02 297.33 1
5.03 303.02 1
5.04 299.02 1
5.05 301.39 1
5.06 307.23 1
5.07 303.05 1
5.08 291.23 1
5.09 299.67 1
5.1 298.97 1
5.11 295.1 1
5.12 290.49 1
5.13 289.76 1
5.14 285.15 1
5.15 283.83 1
5.16 284.11 1
5.17 286.68 1
5.18 291.09 1
5.19 291.13 1
5.2 295.02 1
5.21 302.75 1
5.22 307.22 1
5.23 301.16 1
5.24 306.12 1
5.25 303.64 1
5.26 299.12 1
5.27 302.13 1
5.28 300.48 1
5.29 298.29 1
5.3 295.05 1
5.31 294.52 1
5.32 293.44 1
5.33 289.88 1
5.34 288.18 1
5.35 283.65 1
5.36 278.43 1
5.37 274.73 1
5.38 267.04 1
5.39 257.31 1
5.4 256.94 1
5.41 251.39 1
5.42 247.5 1
5.43 237.87 1
5.44 237.68 1
5.45 231.23 1
5.46 228.74 1
5.47 224.96 1
5.48 222.31 1
5.49 218.88 1
5.5 218.41 1
5.51 217.8 1
5.52 222.15 1
5.53 223.06 1
5.54 227.56 1
5.55 235.2 1
5.56 254.19 1
5.57 256.17 1
5.58 251.27 1
5.59 149.27 1
5.6 149.0 1
5.61 148.74 1
5.62 150.73 1
5.63 152.72 1
5.64 149.23 1
5.65 149.34 1
5.66 146.78 1
5.67 287.28 1
5.68 277.52 1
5.69 270.33 1
5.7 260.3 1
5.71 251.5 1
5.72 254.07 1
5.73 247.86 1
5.74 245.65 1
5.75 242.21 1
5.76 257.29 1
5.77 240.25 1
5.78 224.25 1
5.79 228.82 1
5.8 249.35 1
5.81 256.48 1
5.82 266.48 1
5.83 271.49 1
5.84 291.95 1
5.85 298.22 1
5.86 305.15 1
5.87 301.07 1
5.88 301.12 1
5.89 298.95 1
5.9 298.86 1
5.91 292.61 1
5.92 287.81 1
5.93 283.51 1
5.94 279.33 1
5.95 274.73 1
5.96 276.26 1
5.97 264.93 1
5.98 262.1 1
5.99 257.32 1
6.0 255.64 1
6.01 251.4 1
6.02 233.6 1
6.03 246.98 1
6.04 243.05 1
6.05 246.67 1
6.06 243.03 1
6.07 245.56 1
6.08 272.79 1
6.09 255.76 1
6.1 258.81 1
6.11 270.52 1
6.12 279.08 1
6.13 285.81 1
6.14 289.9 1
6.15 293.01 1
6.16 291.72 1
6.17 290.9 1
6.18 291.32 1
6.19 292.58 1
6.2 294.62 1
6.21 294.77 1
6.22 291.15 1
6.23 296.3 1
6.24 297.25 1
6.25 297.03 1
6.26 297.12 1
6.27 299.74 1
6.28 299.43 1
6.29 295.13 1
6.3 297.0 1
6.31 297.48 1
6.32 296.4 1
6.33 294.33 1
6.34 292.85 1
6.35 291.24 1
6.36 289.81 1
6.37 289.43 1
6.38 289.84 1
6.39 288.38 1
6.4 286.16 1
6.41 284.45 1
6.42 283.63 1
6.43 285.32 1
6.44 282.42 1
6.45 282.63 1
6.46 282.91 1
6.47 280.15 1
6.48 283.46 1
6.49 285.42 1
6.5 290.71 1
6.51 289.24 1
6.52 296.05 1
6.53 297.91 1
6.54 300.33 1
6.55 301.03 1
6.56 299.03 1
6.57 297.08 1
6.58 297.84 1
6.59 295.08 1
6.6 295.08 1
6.61 294.86 1
6.62 291.37 1
6.63 295.01 1
6.64 296.86 1
6.65 295.05 1
6.66 291.42 1
6.67 295.78 1
6.68 296.36 1
6.69 295.18 1
6.7 295.13 1
6.71 296.47 1
6.72 295.17 1
6.73 295.11 1
6.74 294.52 1
6.75 291.6 1
6.76 287.39 1
6.77 286.75 1
6.78 285.5 1
6.79 286.38 1
6.8 286.34 1
6.81 287.48 1
6.82 289.22 1
6.83 292.84 1
6.84 296.56 1
6.85 295.19 1
6.86 299.14 1
6.87 301.11 1
6.88 309.05 1
6.89 297.25 1
6.9 291.7 1
6.91 295.29 1
6.92 298.73 1
6.93 297.17 1
6.94 291.26 1
6.95 294.18 1
6.96 292.65 1
6.97 290.54 1
6.98 288.87 1
6.99 286.79 1
7.0 285.31 1
7.01 285.16 1
7.02 292.9 1
7.03 289.65 1
7.04 289.28 1
7.05 297.15 1
7.06 311.43 1
7.07 301.21 1
7.08 289.31 1
7.09 291.11 1
7.1 298.99 1
7.11 280.74 1
7.12 147.74 1
7.13 74.49 1
7.14 74.42 1
7.15 74.47 1
7.16 74.58 1
7.17 74.56 1
7.18 74.63 1
7.19 74.56 1
7.2 74.53 1
7.21 74.63 1
7.22 74.61 1
7.23 74.51 1
7.24 74.41 1
7.25 74.56 1
7.26 74.54 1
7.27 74.49 1
7.28 74.44 1
7.29 74.74 1
7.3 74.33 1
7.31 74.57 1
7.32 74.51 1
7.33 74.39 1
7.34 74.57 1
7.35 74.39 1
7.36 74.5 1
7.37 74.59 1
7.38 74.4 1
7.39 74.57 1
7.4 74.47 1
7.41 74.51 1
7.42 74.53 1
7.43 74.53 1
7.44 74.58 1
7.45 74.6 1
7.46 74.56 1
7.47 74.52 1
7.48 74.48 1
7.49 74.65 1
7.5 74.24 1
7.51 74.56 1
7.52 74.42 1
7.53 77.08 1
7.54 215.65 1
7.55 224.16 1
7.56 219.36 1
7.57 216.0 1
7.58 216.68 1
7.59 216.35 1
7.6 217.49 1
7.61 218.15 1
7.62 219.4 1
7.63 221.1 1
7.64 221.24 1
7.65 221.04 1
7.66 220.38 1
7.67 220.79 1
7.68 220.67 1
7.69 221.2 1
7.7 224.19 1
7.71 228.04 1
7.72 231.77 1
7.73 230.34 1
7.74 233.47 1
7.75 230.32 1
7.76 226.79 1
7.77 228.0 1
7.78 225.58 1
7.79 222.78 1
7.8 219.78 1
7.81 219.43 1
7.82 220.57 1
7.83 225.58 1
7.84 237.9 1
7.85 237.13 1
7.86 263.66 1
7.87 272.83 1
7.88 291.06 1
7.89 296.79 1
7.9 295.03 1
7.91 302.86 1
7.92 301.5 1
7.93 298.47 1
7.94 296.79 1
7.95 294.91 1
7.96 294.85 1
7.97 295.53 1
7.98 297.8 1
7.99 298.99 1
8.0 299.03 1
8.01 301.31 1
8.02 299.03 1
8.03 297.04 1
8.04 295.05 1
8.05 294.51 1
8.06 290.82 1
8.07 286.89 1
8.08 284.58 1
8.09 283.55 1
8.1 287.37 1
8.11 289.4 1
8.12 293.09 1
8.13 291.22 1
8.14 281.74 1
8.15 323.02 1
8.16 284.2 1
8.17 0.0 1
8.18 0.0 1
8.19 0.0 1
8.2 82.69 1
8.21 79.86 1
8.22 75.03 1
8.23 74.17 1
8.24 75.34 1
8.25 75.34 1
8.26 75.85 1
8.27 75.79 1
8.28 75.65 1
8.29 75.45 1
8.3 75.32 1
8.31 75.07 1
8.32 75.05 1
8.33 74.7 1
8.34 149.21 1
8.35 146.15 1
8.36 137.99 1
8.37 134.18 1
8.38 131.45 1
8.39 131.47 1
8.4 116.5 1
8.41 119.62 1
8.42 119.98 1
8.43 120.99 1
8.44 129.7 1
8.45 124.39 1
8.46 90.84 1
8.47 93.73 1
8.48 97.68 1
8.49 99.0 1
8.5 99.21 1
8.51 95.92 1
8.52 93.73 1
8.53 92.52 1
8.54 86.37 1
8.55 76.84 1
8.56 74.68 1
8.57 73.93 1
8.58 73.55 1
8.59 74.52 1
8.6 74.69 1
8.61 75.17 1
8.62 75.11 1
8.63 75.26 1
8.64 75.14 1
8.65 74.94 1
8.66 74.76 1
8.67 74.61 1
8.68 74.53 1
8.69 74.53 1
8.7 74.34 1
8.71 74.44 1
8.72 74.61 1
8.73 74.61 1
8.74 74.45 1
8.75 74.27 1
8.76 73.97 1
8.77 73.57 1
8.78 73.44 1
8.79 73.68 1
8.8 73.65 1
8.81 73.93 1
8.82 73.27 1
8.83 72.12 1
8.84 72.59 1
8.85 69.28 1
8.86 69.29 1
8.87 67.69 1
8.88 71.25 1
8.89 71.09 1
8.9 73.44 1
8.91 77.04 1
8.92 75.58 1
8.93 74.96 1
8.94 74.43 1
8.95 77.02 1
8.96 74.31 1
8.97 74.71 1
8.98 74.31 1
8.99 74.62 1
9.0 74.56 1
9.01 74.44 1
9.02 74.76 1
9.03 74.51 1
9.04 74.56 1
9.05 74.64 1
9.06 74.48 1
9.07 74.54 1
9.08 74.55 1
9.09 74.43 1
9.1 74.56 1
9.11 74.61 1
9.12 74.6 1
9.13 74.6 1
9.14 74.54 1
9.15 74.54 1
9.16 74.56 1
9.17 74.55 1
9.18 74.59 1
9.19 74.52 1
9.2 74.56 1
9.21 74.52 1
9.22 0.0 1
9.23 0.0 1
9.24 233.23 1
9.25 231.41 1
9.26 226.06 1
9.27 224.19 1
9.28 222.9 1
9.29 221.51 1
9.3 218.99 1
9.31 217.77 1
9.32 217.53 1
9.33 217.47 1
9.34 219.17 1
9.35 221.45 1
9.36 223.72 1
9.37 225.47 1
9.38 226.77 1
9.39 229.6 1
9.4 230.53 1
9.41 226.27 1
9.42 221.33 1
9.43 206.6 1
9.44 198.22 1
9.45 184.16 1
9.46 180.36 1
9.47 177.76 1
9.48 179.04 1
9.49 181.99 1
9.5 193.82 1
9.51 195.64 1
9.52 204.56 1
9.53 215.49 1
9.54 218.12 1
9.55 225.36 1
9.56 228.9 1
9.57 229.49 1
9.58 229.04 1
9.59 226.74 1
9.6 225.5 1
9.61 225.19 1
9.62 224.03 1
9.63 220.57 1
9.64 217.0 1
9.65 213.51 1
9.66 208.52 1
9.67 203.07 1
9.68 198.1 1
9.69 190.23 1
9.7 184.22 1
9.71 181.36 1
9.72 180.77 1
9.73 182.31 1
9.74 184.93 1
9.75 192.85 1
9.76 200.36 1
9.77 205.74 1
9.78 216.89 1
9.79 221.79 1
9.8 225.38 1
9.81 227.03 1
9.82 228.23 1
9.83 228.8 1
9.84 229.04 1
9.85 227.92 1
9.86 227.94 1
9.87 228.67 1
9.88 228.52 1
9.89 227.77 1
9.9 226.6 1
9.91 223.77 1
9.92 219.98 1
9.93 212.94 1
9.94 206.58 1
9.95 201.38 1
9.96 200.57 1
9.97 201.97 1
9.98 205.37 1
9.99 211.48 1
10.0 214.43 1
10.01 220.86 1
10.02 224.14 1
10.03 225.68 1
10.04 224.42 1
10.05 226.06 1
10.06 223.92 1
10.07 223.41 1
10.08 221.86 1
10.09 221.93 1
10.1 222.89 1
10.11 223.65 1
10.12 223.64 1
10.13 223.9 1
10.14 223.93 1
10.15 222.61 1
10.16 222.45 1
10.17 222.48 1
10.18 222.13 1
10.19 222.41 1
10.2 222.75 1
10.21 223.19 1
10.22 223.59 1
10.23 223.89 1
10.24 223.44 1
10.25 223.82 1
10.26 223.57 1
10.27 224.26 1
10.28 224.23 1
10.29 223.89 1
10.3 224.18 1
10.31 225.67 1
10.32 226.5 1
10.33 226.17 1
10.34 225.59 1
10.35 224.11 1
10.36 223.32 1
10.37 223.67 1
10.38 226.3 1
10.39 230.6 1
10.4 252.32 1
10.41 256.13 1
10.42 285.47 1
10.43 0.0 1
10.44 0.0 1
10.45 0.0 1
10.46 0.0 1
10.47 0.0 1
10.48 84.57 1
10.49 74.93 1
10.5 74.57 1
10.51 75.05 1
10.52 74.92 1
10.53 119.19 1
10.54 127.3 1
10.55 137.13 1
10.56 283.68 1
10.57 297.97 1
10.58 300.29 1
10.59 301.06 1
10.6 306.22 1
10.61 298.99 1
10.62 291.84 1
10.63 285.18 1
10.64 278.02 1
10.65 276.63 1
10.66 277.08 1
10.67 283.46 1
10.68 295.59 1
10.69 297.9 1
10.7 298.99 1
10.71 307.78 1
10.72 315.63 1
10.73 321.14 1
10.74 307.13 1
10.75 297.01 1
10.76 288.1 1
10.77 279.96 1
10.78 278.34 1
10.79 280.01 1
10.8 297.07 1
10.81 305.18 1
10.82 301.35 1
10.83 318.38 1
10.84 347.86 1
10.85 337.96 1
10.86 323.41 1
10.87 297.4 1
10.88 283.61 1
