0.01 293.39 1
0.02 291.07 1
0.03 285.85 1
0.04 281.74 1
0.05 281.57 1
0.06 274.47 1
0.07 273.44 1
0.08 273.36 1
0.09 276.32 1
0.1 276.05 1
0.11 279.02 1
0.12 282.28 1
0.13 285.52 1
0.14 289.26 1
0.15 291.24 1
0.16 296.49 1
0.17 298.06 1
0.18 297.1 1
0.19 293.47 1
0.2 295.76 1
0.21 293.48 1
0.22 291.46 1
0.23 289.74 1
0.24 289.55 1
0.25 289.11 1
0.26 287.11 1
0.27 284.46 1
0.28 281.62 1
0.29 280.53 1
0.3 279.91 1
0.31 279.6 1
0.32 281.15 1
0.33 284.86 1
0.34 290.05 1
0.35 294.73 1
0.36 299.15 1
0.37 306.06 1
0.38 309.45 1
0.39 307.44 1
0.4 301.33 1
0.41 301.04 1
0.42 294.08 1
0.43 288.32 1
0.44 283.08 1
0.45 280.47 1
0.46 280.49 1
0.47 283.15 1
0.48 287.66 1
0.49 292.15 1
0.5 299.03 1
0.51 299.41 1
0.52 309.11 1
0.53 304.35 1
0.54 293.45 1
0.55 293.1 1
0.56 288.73 1
0.57 284.28 1
0.58 281.67 1
0.59 281.4 1
0.6 282.86 1
0.61 285.74 1
0.62 290.44 1
0.63 297.01 1
0.64 303.08 1
0.65 305.97 1
0.66 309.25 1
0.67 300.2 1
0.68 281.86 1
0.69 291.09 1
0.7 284.17 1
0.71 140.67 1
0.72 74.25 1
0.73 74.48 1
0.74 74.46 1
0.75 74.53 1
0.76 74.63 1
0.77 74.57 1
0.78 74.63 1
0.79 74.68 1
0.8 74.38 1
0.81 74.65 1
0.82 74.55 1
0.83 74.5 1
0.84 74.57 1
0.85 74.49 1
0.86 74.59 1
0.87 74.52 1
0.88 74.49 1
0.89 74.58 1
0.9 74.73 1
0.91 74.23 1
0.92 140.67 1
0.93 286.23 1
0.94 278.84 1
0.95 300.56 1
0.96 299.04 1
0.97 296.98 1
0.98 299.79 1
0.99 299.98 1
1.0 301.28 1
1.01 301.48 1
1.02 300.32 1
1.03 299.0 1
1.04 302.63 1
1.05 301.82 1
1.06 296.99 1
1.07 296.98 1
1.08 293.73 1
1.09 290.49 1
1.1 281.9 1
1.11 260.27 1
1.12 250.49 1
1.13 227.5 1
1.14 222.9 1
1.15 229.85 1
1.16 244.5 1
1.17 256.44 1
1.18 275.8 1
1.19 287.13 1
1.2 305.33 1
1.21 311.67 1
1.22 312.82 1
1.23 305.2 1
1.24 305.98 1
1.25 291.14 1
1.26 277.38 1
1.27 255.66 1
1.28 234.82 1
1.29 221.48 1
1.3 221.2 1
1.31 222.62 1
1.32 236.64 1
1.33 251.06 1
1.34 268.29 1
1.35 274.77 1
1.36 299.36 1
1.37 307.5 1
1.38 313.85 1
1.39 312.96 1
1.4 305.21 1
1.41 293.12 1
1.42 289.7 1
1.43 280.95 1
1.44 273.54 1
1.45 272.45 1
1.46 275.89 1
1.47 287.46 1
1.48 301.5 1
1.49 303.14 1
1.5 335.31 1
1.51 336.78 1
1.52 340.57 1
1.53 337.94 1
1.54 322.52 1
1.55 301.47 1
1.56 270.45 1
1.57 253.3 1
1.58 233.95 1
1.59 225.59 1
1.6 229.84 1
1.61 239.21 1
1.62 254.17 1
1.63 274.73 1
1.64 288.12 1
1.65 304.32 1
1.66 311.76 1
1.67 312.49 1
1.68 311.55 1
1.69 268.09 1
1.7 208.2 1
1.71 190.5 1
1.72 190.51 1
1.73 182.41 1
1.74 195.61 1
1.75 232.88 1
1.76 216.05 1
1.77 216.97 1
1.78 219.64 1
1.79 221.99 1
1.8 223.6 1
1.81 225.01 1
1.82 227.7 1
1.83 228.02 1
1.84 226.9 1
1.85 225.6 1
1.86 219.54 1
1.87 211.7 1
1.88 204.43 1
1.89 196.43 1
1.9 193.4 1
1.91 195.91 1
1.92 201.17 1
1.93 206.57 1
1.94 212.75 1
1.95 216.71 1
1.96 219.09 1
1.97 220.93 1
1.98 223.87 1
1.99 227.65 1
2.0 202.89 1
2.01 207.59 1
2.02 214.57 1
2.03 214.74 1
2.04 207.72 1
2.05 180.33 1
2.06 165.56 1
2.07 157.09 1
2.08 162.44 1
2.09 166.06 1
2.1 178.5 1
2.11 183.47 1
2.12 201.84 1
2.13 210.27 1
2.14 225.66 1
2.15 235.73 1
2.16 231.57 1
2.17 224.8 1
2.18 215.86 1
2.19 206.56 1
2.2 182.66 1
2.21 176.02 1
2.22 167.62 1
2.23 169.72 1
2.24 177.76 1
2.25 183.87 1
2.26 191.79 1
2.27 201.3 1
2.28 204.66 1
2.29 209.51 1
2.3 215.51 1
2.31 218.35 1
2.32 219.28 1
2.33 221.22 1
2.34 221.06 1
2.35 222.27 1
2.36 220.99 1
2.37 215.66 1
2.38 217.16 1
2.39 218.86 1
2.4 218.07 1
2.41 218.16 1
2.42 219.95 1
2.43 212.52 1
2.44 202.89 1
2.45 205.61 1
2.46 196.82 1
2.47 186.08 1
2.48 186.69 1
2.49 191.73 1
2.5 183.13 1
2.51 0.0 1
2.52 0.0 1
2.53 0.0 1
2.54 206.18 1
2.55 208.32 1
2.56 214.57 1
2.57 225.11 1
2.58 222.2 1
2.59 215.65 1
2.6 221.41 1
2.61 221.48 1
2.62 218.89 1
2.63 217.8 1
2.64 222.4 1
2.65 223.41 1
2.66 219.99 1
2.67 223.18 1
2.68 223.26 1
2.69 222.08 1
2.7 217.82 1
2.71 222.02 1
2.72 222.11 1
2.73 222.25 1
2.74 220.0 1
2.75 224.68 1
2.76 224.66 1
2.77 223.87 1
2.78 218.93 1
2.79 222.98 1
2.8 223.37 1
2.81 223.3 1
2.82 222.24 1
2.83 225.08 1
2.84 225.25 1
2.85 224.45 1
2.86 222.23 1
2.87 225.07 1
2.88 225.53 1
2.89 224.75 1
2.9 223.33 1
2.91 222.2 1
2.92 221.0 1
2.93 215.15 1
2.94 210.52 1
2.95 208.03 1
2.96 207.59 1
2.97 206.7 1
2.98 214.52 1
2.99 216.34 1
3.0 219.14 1
3.01 223.0 1
3.02 224.63 1
3.03 224.86 1
3.04 223.9 1
3.05 222.9 1
3.06 220.74 1
3.07 217.86 1
3.08 219.31 1
3.09 219.68 1
3.1 220.02 1
3.11 221.96 1
3.12 222.45 1
3.13 222.18 1
3.14 221.28 1
3.15 218.86 1
3.16 211.7 1
3.17 207.54 1
3.18 195.57 1
3.19 74.68 1
3.2 74.31 1
3.21 74.43 1
3.22 74.52 1
3.23 74.55 1
3.24 74.45 1
3.25 74.56 1
3.26 74.41 1
3.27 74.56 1
3.28 74.59 1
3.29 74.53 1
3.3 74.56 1
3.31 74.3 1
3.32 74.8 1
3.33 74.43 1
3.34 74.44 1
3.35 74.31 1
3.36 74.3 1
3.37 74.82 1
3.38 74.56 1
3.39 74.43 1
3.4 74.56 1
3.41 74.82 1
3.42 74.8 1
3.43 74.2 1
3.44 74.75 1
3.45 74.47 1
3.46 74.56 1
3.47 74.6 1
3.48 74.31 1
3.49 74.52 1
3.5 74.55 1
3.51 74.43 1
3.52 74.58 1
3.53 74.56 1
3.54 0.0 1
3.55 231.48 1
3.56 222.17 1
3.57 218.26 1
3.58 217.68 1
3.59 217.61 1
3.6 217.85 1
3.61 217.85 1
3.62 218.35 1
3.63 219.41 1
3.64 221.96 1
3.65 223.74 1
3.66 225.44 1
3.67 224.94 1
3.68 224.63 1
3.69 223.61 1
3.7 220.38 1
3.71 214.5 1
3.72 203.9 1
3.73 195.55 1
3.74 189.08 1
3.75 189.03 1
3.76 194.58 1
3.77 203.13 1
3.78 212.77 1
3.79 214.92 1
3.8 219.87 1
3.81 222.17 1
3.82 227.35 1
3.83 227.92 1
3.84 226.83 1
3.85 228.74 1
3.86 229.4 1
3.87 226.74 1
3.88 217.77 1
3.89 205.13 1
3.9 196.77 1
3.91 197.29 1
3.92 201.43 1
3.93 209.62 1
3.94 227.98 1
3.95 247.02 1
3.96 280.23 1
3.97 295.06 1
3.98 313.87 1
3.99 323.13 1
4.0 326.18 1
4.01 316.29 1
4.02 300.57 1
4.03 277.03 1
4.04 257.8 1
4.05 236.39 1
4.06 226.79 1
4.07 226.84 1
4.08 232.99 1
4.09 244.25 1
4.1 254.22 1
4.11 279.18 1
4.12 291.19 1
4.13 297.05 1
4.14 297.02 1
4.15 288.71 1
4.16 276.47 1
4.17 258.76 1
4.18 243.04 1
4.19 228.72 1
4.2 220.66 1
4.21 219.25 1
4.22 219.45 1
4.23 223.02 1
4.24 225.75 1
4.25 227.91 1
4.26 227.95 1
4.27 226.77 1
4.28 225.61 1
4.29 222.36 1
4.3 206.58 1
4.31 223.79 1
4.32 221.06 1
4.33 221.06 1
4.34 233.95 1
4.35 247.79 1
4.36 287.29 1
4.37 296.81 1
4.38 303.12 1
4.39 306.62 1
4.4 301.11 1
4.41 299.04 1
4.42 295.05 1
4.43 293.14 1
4.44 293.17 1
4.45 297.01 1
4.46 297.09 1
4.47 299.07 1
4.48 301.04 1
4.49 295.13 1
4.5 293.13 1
4.51 288.5 1
4.52 281.45 1
4.53 272.44 1
4.54 271.19 1
4.55 272.89 1
4.56 278.18 1
4.57 287.51 1
4.58 299.18 1
4.59 316.03 1
4.6 320.01 1
4.61 320.7 1
4.62 316.04 1
4.63 299.09 1
4.64 286.79 1
4.65 267.95 1
4.66 246.15 1
4.67 236.28 1
4.68 230.38 1
4.69 229.25 1
4.7 184.24 1
4.71 248.37 1
4.72 255.81 1
4.73 278.14 1
4.74 291.11 1
4.75 297.18 1
4.76 309.41 1
4.77 301.08 1
4.78 291.17 1
4.79 279.85 1
4.8 259.7 1
4.81 247.1 1
4.82 235.31 1
4.83 235.2 1
4.84 232.86 1
4.85 248.72 1
4.86 264.09 1
4.87 285.61 1
4.88 0.0 1
4.89 0.0 1
4.9 0.0 1
4.91 430.55 1
4.92 418.16 1
4.93 361.68 1
4.94 333.62 1
4.95 290.72 1
4.96 285.36 1
4.97 281.1 1
4.98 287.66 1
4.99 290.69 1
5.0 294.6 1
5.01 296.38 1
5.02 299.31 1
5.03 298.36 1
5.04 298.68 1
5.05 297.04 1
5.06 301.05 1
5.07 301.16 1
