0.01 144.84 1
0.02 145.31 1
0.03 149.19 1
0.04 147.75 1
0.05 143.88 1
0.06 143.32 1
0.07 144.25 1
0.08 143.21 1
0.09 142.83 1
0.1 144.68 1
0.11 149.78 1
0.12 142.92 1
0.13 142.86 1
0.14 142.23 1
0.15 143.34 1
0.16 142.23 1
0.17 142.9 1
0.18 144.23 1
0.19 149.82 1
0.2 144.35 1
0.21 144.4 1
0.22 145.37 1
0.23 74.04 1
0.24 74.45 1
0.25 74.84 1
0.26 74.84 1
0.27 74.56 1
0.28 74.33 1
0.29 74.38 1
0.3 74.28 1
0.31 73.81 1
0.32 146.55 1
0.33 144.93 1
0.34 145.06 1
0.35 144.59 1
0.36 144.57 1
0.37 289.09 1
0.38 287.88 1
0.39 144.1 1
0.4 143.89 1
0.41 143.74 1
0.42 143.85 1
0.43 143.85 1
0.44 143.94 1
0.45 143.89 1
0.46 144.23 1
0.47 142.94 1
0.48 143.19 1
0.49 143.42 1
0.5 144.25 1
0.51 148.97 1
0.52 143.18 1
0.53 144.25 1
0.54 144.27 1
0.55 144.0 1
0.56 144.18 1
0.57 143.85 1
0.58 286.97 1
0.59 144.63 1
0.6 142.93 1
0.61 142.96 1
0.62 143.61 1
0.63 144.25 1
0.64 144.87 1
0.65 145.77 1
0.66 146.85 1
0.67 147.31 1
0.68 148.84 1
0.69 149.73 1
0.7 150.01 1
0.71 150.29 1
0.72 150.14 1
0.73 149.16 1
0.74 147.97 1
0.75 146.92 1
0.76 145.69 1
0.77 144.51 1
0.78 143.71 1
0.79 143.3 1
0.8 143.48 1
0.81 143.39 1
0.82 143.36 1
0.83 142.92 1
0.84 142.87 1
0.85 143.25 1
0.86 143.5 1
0.87 143.75 1
0.88 143.31 1
0.89 142.94 1
0.9 142.8 1
0.91 143.01 1
0.92 142.7 1
0.93 142.43 1
0.94 142.13 1
0.95 141.9 1
0.96 141.91 1
0.97 142.39 1
0.98 142.99 1
0.99 143.63 1
1.0 144.67 1
1.01 146.1 1
1.02 147.71 1
1.03 148.68 1
1.04 147.83 1
1.05 147.85 1
1.06 148.34 1
1.07 148.17 1
1.08 293.03 1
1.09 291.45 1
1.1 288.66 1
1.11 287.25 1
1.12 286.57 1
1.13 286.09 1
1.14 286.43 1
1.15 286.1 1
1.16 285.86 1
1.17 285.26 1
1.18 287.11 1
1.19 285.81 1
1.2 286.46 1
1.21 287.33 1
1.22 288.08 1
1.23 290.59 1
1.24 291.95 1
1.25 296.71 1
1.26 296.4 1
1.27 148.82 1
1.28 150.76 1
1.29 151.17 1
1.3 302.51 1
1.31 301.78 1
1.32 299.07 1
1.33 297.7 1
1.34 293.78 1
1.35 287.58 1
1.36 287.31 1
1.37 283.78 1
1.38 285.23 1
1.39 283.0 1
1.4 285.34 1
1.41 287.46 1
1.42 145.29 1
1.43 74.44 1
1.44 74.28 1
1.45 74.94 1
1.46 75.08 1
1.47 74.82 1
1.48 74.49 1
1.49 73.69 1
1.5 72.48 1
1.51 71.76 1
1.52 72.12 1
1.53 68.49 1
1.54 68.68 1
1.55 74.54 1
1.56 73.46 1
1.57 74.57 1
1.58 74.59 1
1.59 73.94 1
1.6 75.05 1
1.61 74.5 1
1.62 74.54 1
1.63 74.53 1
1.64 74.51 1
1.65 74.56 1
1.66 74.57 1
1.67 74.56 1
1.68 74.59 1
1.69 74.57 1
1.7 74.51 1
1.71 74.56 1
1.72 74.48 1
1.73 74.53 1
1.74 74.53 1
1.75 74.6 1
1.76 74.43 1
1.77 74.51 1
1.78 74.66 1
1.79 74.42 1
1.8 74.56 1
1.81 74.63 1
1.82 74.39 1
1.83 74.66 1
1.84 74.43 1
1.85 74.49 1
1.86 74.76 1
1.87 74.35 1
1.88 74.71 1
1.89 74.58 1
1.9 73.82 1
1.91 68.74 1
1.92 69.68 1
1.93 70.69 1
1.94 74.56 1
1.95 75.45 1
1.96 76.76 1
1.97 76.75 1
1.98 75.19 1
1.99 75.32 1
2.0 75.46 1
2.01 75.45 1
2.02 75.19 1
2.03 75.19 1
2.04 75.32 1
2.05 75.29 1
2.06 75.06 1
2.07 74.69 1
2.08 74.57 1
2.09 74.41 1
2.1 74.52 1
2.11 74.79 1
2.12 74.94 1
2.13 74.94 1
2.14 75.19 1
2.15 75.58 1
2.16 75.71 1
2.17 75.58 1
2.18 75.32 1
2.19 75.58 1
2.2 75.71 1
2.21 75.32 1
2.22 75.19 1
2.23 75.19 1
2.24 75.21 1
2.25 75.08 1
2.26 75.08 1
2.27 75.03 1
2.28 74.92 1
2.29 74.77 1
2.3 74.56 1
2.31 74.38 1
2.32 74.25 1
2.33 74.22 1
2.34 74.22 1
2.35 74.43 1
2.36 74.39 1
2.37 74.13 1
2.38 73.91 1
2.39 74.09 1
2.4 74.25 1
2.41 74.23 1
2.42 74.42 1
2.43 74.65 1
2.44 74.56 1
2.45 74.81 1
2.46 74.68 1
2.47 74.48 1
2.48 73.85 1
2.49 73.86 1
2.5 74.56 1
2.51 89.84 1
2.52 84.27 1
2.53 84.08 1
2.54 76.46 1
2.55 77.95 1
2.56 76.36 1
2.57 72.71 1
2.58 75.84 1
2.59 74.69 1
2.6 74.18 1
2.61 73.83 1
2.62 74.55 1
2.63 74.1 1
2.64 74.44 1
2.65 74.47 1
2.66 74.78 1
2.67 74.43 1
2.68 74.68 1
2.69 74.57 1
2.7 74.26 1
2.71 74.22 1
2.72 74.21 1
2.73 74.3 1
2.74 74.51 1
2.75 74.43 1
2.76 74.35 1
2.77 74.28 1
2.78 73.94 1
2.79 146.63 1
2.8 147.0 1
2.81 140.92 1
2.82 142.03 1
2.83 139.58 1
2.84 249.87 1
2.85 241.74 1
2.86 248.34 1
2.87 243.44 1
2.88 235.21 1
2.89 251.28 1
2.9 249.91 1
2.91 255.31 1
2.92 264.57 1
2.93 267.15 1
2.94 251.32 1
2.95 290.4 1
2.96 298.44 1
2.97 296.98 1
2.98 299.76 1
2.99 300.99 1
3.0 299.32 1
3.01 285.5 1
3.02 293.06 1
3.03 301.01 1
3.04 298.94 1
3.05 287.36 1
3.06 295.03 1
3.07 309.39 1
3.08 300.98 1
3.09 289.32 1
3.1 296.48 1
3.11 294.54 1
3.12 292.39 1
3.13 289.39 1
3.14 289.35 1
3.15 287.33 1
3.16 295.76 1
3.17 313.62 1
3.18 307.35 1
3.19 311.66 1
3.2 314.58 1
3.21 311.66 1
3.22 0.0 1
3.23 74.42 1
3.24 74.11 1
3.25 74.31 1
3.26 74.52 1
3.27 74.53 1
3.28 74.89 1
3.29 0.0 1
3.3 0.0 1
3.31 299.46 1
3.32 301.57 1
3.33 294.99 1
3.34 291.19 1
3.35 296.18 1
3.36 296.25 1
3.37 295.07 1
3.38 293.19 1
3.39 293.16 1
3.4 293.92 1
3.41 293.18 1
3.42 293.05 1
3.43 291.27 1
3.44 289.24 1
3.45 287.52 1
3.46 285.25 1
3.47 282.17 1
3.48 279.82 1
3.49 269.72 1
3.5 260.23 1
3.51 252.45 1
3.52 245.62 1
3.53 244.08 1
3.54 241.04 1
3.55 242.04 1
3.56 244.31 1
3.57 246.39 1
3.58 249.53 1
3.59 253.58 1
3.6 258.82 1
3.61 269.81 1
3.62 141.1 1
3.63 141.39 1
3.64 281.75 1
3.65 275.93 1
3.66 271.22 1
3.67 254.9 1
3.68 240.18 1
3.69 225.02 1
3.7 217.74 1
3.71 217.77 1
3.72 217.72 1
3.73 218.13 1
3.74 218.77 1
3.75 221.03 1
3.76 222.42 1
3.77 223.31 1
3.78 223.35 1
3.79 224.48 1
3.8 225.1 1
3.81 224.51 1
3.82 225.46 1
3.83 224.26 1
3.84 224.17 1
3.85 223.73 1
3.86 222.62 1
3.87 221.9 1
3.88 220.15 1
3.89 219.39 1
3.9 219.47 1
3.91 220.68 1
3.92 221.71 1
3.93 221.84 1
3.94 221.98 1
3.95 221.76 1
3.96 221.23 1
3.97 221.59 1
3.98 222.24 1
3.99 223.47 1
4.0 224.14 1
4.01 224.47 1
4.02 225.57 1
4.03 225.33 1
4.04 224.41 1
4.05 224.13 1
4.06 223.45 1
4.07 222.3 1
4.08 220.83 1
4.09 219.21 1
4.1 218.38 1
4.11 218.52 1
4.12 219.47 1
4.13 0.0 1
4.14 0.0 1
4.15 0.0 1
4.16 0.0 1
4.17 0.0 1
4.18 0.0 1
4.19 0.0 1
4.2 0.0 1
4.21 0.0 1
4.22 0.0 1
4.23 0.0 1
4.24 0.0 1
4.25 0.0 1
4.26 0.0 1
4.27 0.0 1
4.28 0.0 1
4.29 0.0 1
4.3 231.59 1
4.31 241.62 1
4.32 233.9 1
4.33 226.79 1
4.34 220.55 1
4.35 215.6 1
4.36 212.44 1
4.37 205.69 1
4.38 208.8 1
4.39 215.56 1
4.4 215.54 1
4.41 219.26 1
4.42 224.45 1
4.43 227.83 1
4.44 229.29 1
4.45 225.7 1
4.46 226.81 1
4.47 226.77 1
4.48 225.64 1
4.49 224.49 1
4.5 223.82 1
4.51 223.43 1
4.52 222.75 1
4.53 222.73 1
4.54 224.51 1
4.55 226.61 1
4.56 226.86 1
4.57 229.16 1
4.58 229.89 1
4.59 227.78 1
4.6 221.1 1
4.61 212.49 1
4.62 197.43 1
4.63 185.2 1
4.64 175.34 1
4.65 170.63 1
4.66 175.34 1
4.67 187.31 1
4.68 200.58 1
4.69 225.58 1
4.7 235.99 1
4.71 244.33 1
4.72 251.34 1
4.73 254.85 1
4.74 252.59 1
4.75 243.84 1
4.76 235.18 1
4.77 219.16 1
4.78 207.6 1
4.79 203.94 1
4.8 198.91 1
4.81 195.46 1
4.82 185.0 1
4.83 186.48 1
4.84 185.83 1
4.85 184.96 1
4.86 184.18 1
4.87 195.42 1
4.88 201.45 1
4.89 205.63 1
4.9 220.18 1
4.91 224.29 1
4.92 226.74 1
4.93 227.96 1
4.94 230.31 1
4.95 227.93 1
4.96 227.83 1
4.97 225.58 1
4.98 225.08 1
4.99 225.34 1
5.0 225.39 1
5.01 225.51 1
5.02 225.32 1
5.03 224.68 1
5.04 225.01 1
5.05 224.84 1
5.06 223.27 1
5.07 223.92 1
5.08 223.26 1
5.09 224.17 1
5.1 223.62 1
5.11 223.66 1
5.12 224.29 1
5.13 224.52 1
5.14 223.91 1
5.15 224.19 1
5.16 223.15 1
5.17 222.18 1
5.18 223.38 1
5.19 222.18 1
5.2 219.99 1
5.21 219.99 1
5.22 219.99 1
5.23 223.3 1
5.24 223.68 1
5.25 224.56 1
5.26 224.23 1
5.27 224.55 1
5.28 227.97 1
5.29 228.28 1
5.3 225.62 1
5.31 225.9 1
5.32 225.04 1
5.33 224.67 1
5.34 224.65 1
5.35 224.76 1
5.36 224.85 1
5.37 224.64 1
5.38 223.35 1
5.39 223.08 1
5.4 222.89 1
5.41 222.63 1
5.42 221.97 1
5.43 222.23 1
5.44 222.16 1
5.45 222.71 1
5.46 223.38 1
5.47 224.48 1
5.48 224.67 1
5.49 224.46 1
5.5 224.21 1
5.51 223.97 1
5.52 224.31 1
5.53 223.36 1
5.54 225.31 1
5.55 224.91 1
5.56 224.49 1
5.57 224.41 1
5.58 224.6 1
5.59 224.85 1
5.6 224.91 1
5.61 223.4 1
5.62 225.24 1
5.63 225.08 1
5.64 224.4 1
5.65 223.94 1
5.66 223.82 1
5.67 223.84 1
5.68 223.31 1
5.69 223.77 1
5.7 223.61 1
5.71 223.6 1
5.72 223.29 1
5.73 223.54 1
5.74 223.89 1
5.75 224.72 1
5.76 224.48 1
5.77 225.58 1
5.78 225.22 1
5.79 224.69 1
5.8 224.09 1
5.81 223.57 1
5.82 224.09 1
5.83 224.41 1
5.84 224.44 1
5.85 225.28 1
5.86 225.19 1
5.87 224.64 1
5.88 223.91 1
5.89 223.8 1
5.9 223.1 1
5.91 222.42 1
5.92 222.33 1
5.93 222.45 1
5.94 223.05 1
5.95 223.88 1
5.96 224.56 1
5.97 224.55 1
5.98 224.64 1
5.99 224.4 1
6.0 223.65 1
6.01 223.6 1
6.02 224.27 1
6.03 225.47 1
6.04 224.87 1
6.05 225.44 1
6.06 226.54 1
6.07 227.19 1
6.08 226.69 1
6.09 225.32 1
6.1 224.37 1
6.11 223.88 1
6.12 225.51 1
6.13 224.42 1
6.14 221.27 1
6.15 224.32 1
6.16 223.35 1
6.17 223.3 1
6.18 223.36 1
6.19 222.7 1
6.2 222.24 1
6.21 222.19 1
6.22 222.62 1
6.23 223.84 1
6.24 224.28 1
6.25 224.12 1
6.26 223.58 1
6.27 223.45 1
6.28 223.33 1
6.29 223.24 1
6.3 223.97 1
6.31 224.94 1
6.32 224.91 1
6.33 224.46 1
6.34 224.3 1
6.35 227.6 1
6.36 224.06 1
6.37 224.9 1
6.38 225.4 1
6.39 231.09 1
6.4 226.05 1
6.41 226.22 1
6.42 227.17 1
6.43 244.41 1
6.44 226.37 1
6.45 225.51 1
6.46 224.44 1
6.47 223.31 1
6.48 222.85 1
6.49 222.32 1
6.5 222.16 1
6.51 223.17 1
6.52 222.45 1
6.53 221.79 1
6.54 221.72 1
6.55 111.12 1
6.56 74.19 1
6.57 74.33 1
6.58 74.56 1
6.59 74.67 1
6.6 74.58 1
6.61 74.53 1
6.62 74.52 1
6.63 74.0 1
6.64 73.18 1
6.65 73.49 1
6.66 74.31 1
6.67 72.14 1
6.68 71.76 1
6.69 74.56 1
6.7 74.56 1
6.71 74.68 1
6.72 74.44 1
6.73 74.64 1
6.74 74.64 1
6.75 73.68 1
6.76 74.56 1
6.77 74.63 1
6.78 74.56 1
6.79 74.43 1
6.8 74.48 1
6.81 74.57 1
6.82 74.57 1
6.83 74.5 1
6.84 74.46 1
6.85 74.7 1
6.86 74.21 1
6.87 74.56 1
6.88 74.5 1
6.89 74.4 1
6.9 74.51 1
6.91 74.51 1
6.92 74.47 1
6.93 74.39 1
6.94 74.63 1
6.95 73.93 1
6.96 74.6 1
6.97 74.58 1
6.98 74.3 1
6.99 74.56 1
7.0 74.63 1
7.01 74.65 1
7.02 74.53 1
7.03 74.17 1
7.04 74.47 1
7.05 74.51 1
7.06 74.62 1
7.07 74.56 1
7.08 74.51 1
7.09 74.63 1
7.1 74.44 1
7.11 74.5 1
7.12 74.61 1
7.13 74.69 1
7.14 74.32 1
7.15 74.85 1
7.16 74.22 1
7.17 152.51 1
7.18 156.1 1
7.19 195.89 1
7.2 151.28 1
7.21 163.96 1
7.22 156.06 1
7.23 154.78 1
7.24 142.02 1
7.25 153.93 1
7.26 153.11 1
7.27 148.75 1
7.28 163.63 1
7.29 153.78 1
7.3 159.77 1
7.31 165.43 1
7.32 181.86 1
7.33 192.99 1
7.34 193.9 1
7.35 202.16 1
7.36 212.35 1
7.37 214.13 1
7.38 223.26 1
7.39 221.45 1
7.4 218.87 1
7.41 219.94 1
7.42 214.61 1
7.43 215.21 1
7.44 215.66 1
7.45 215.55 1
7.46 215.19 1
7.47 218.82 1
7.48 213.88 1
7.49 225.66 1
7.5 216.48 1
7.51 220.28 1
7.52 223.36 1
7.53 225.6 1
7.54 225.65 1
7.55 223.34 1
7.56 222.76 1
7.57 216.59 1
7.58 208.51 1
7.59 200.92 1
7.6 196.66 1
7.61 202.9 1
7.62 211.53 1
7.63 221.07 1
7.64 230.39 1
7.65 230.38 1
7.66 235.81 1
7.67 230.79 1
7.68 219.03 1
7.69 215.28 1
7.7 199.09 1
7.71 197.32 1
7.72 188.64 1
7.73 184.86 1
7.74 197.37 1
7.75 181.11 1
7.76 185.67 1
7.77 185.69 1
7.78 199.26 1
7.79 214.59 1
7.8 221.64 1
7.81 222.34 1
7.82 221.59 1
7.83 219.47 1
7.84 218.86 1
7.85 217.16 1
7.86 216.67 1
7.87 215.84 1
7.88 216.05 1
7.89 217.46 1
7.9 218.02 1
7.91 219.81 1
7.92 221.38 1
7.93 223.16 1
7.94 224.43 1
7.95 225.61 1
7.96 226.67 1
7.97 225.61 1
7.98 225.59 1
7.99 224.47 1
8.0 223.61 1
8.01 221.04 1
8.02 218.6 1
8.03 218.52 1
8.04 222.94 1
8.05 228.05 1
8.06 243.01 1
8.07 254.37 1
8.08 276.49 1
8.09 292.89 1
8.1 299.17 1
8.11 313.66 1
8.12 311.27 1
8.13 315.95 1
8.14 309.42 1
8.15 297.15 1
8.16 293.98 1
8.17 286.75 1
8.18 279.99 1
8.19 276.31 1
8.2 265.56 1
8.21 258.76 1
8.22 254.31 1
8.23 252.92 1
8.24 250.79 1
8.25 249.58 1
8.26 249.65 1
8.27 249.07 1
8.28 249.27 1
8.29 248.85 1
8.3 249.16 1
8.31 249.18 1
8.32 249.3 1
8.33 249.83 1
8.34 249.26 1
8.35 249.78 1
8.36 253.29 1
8.37 255.75 1
8.38 263.38 1
8.39 270.66 1
8.4 278.22 1
8.41 283.17 1
8.42 285.52 1
8.43 283.33 1
8.44 279.96 1
8.45 279.76 1
8.46 269.77 1
8.47 263.27 1
8.48 256.81 1
8.49 250.93 1
8.5 245.66 1
8.51 239.82 1
8.52 232.91 1
8.53 230.36 1
8.54 226.86 1
8.55 112.14 1
8.56 111.58 1
8.57 114.01 1
8.58 113.24 1
8.59 113.23 1
8.6 111.95 1
8.61 74.56 1
8.62 75.07 1
8.63 74.56 1
8.64 75.46 1
8.65 74.56 1
8.66 74.43 1
8.67 74.54 1
8.68 74.69 1
8.69 74.69 1
8.7 74.48 1
8.71 74.31 1
8.72 74.6 1
8.73 74.54 1
8.74 74.51 1
8.75 74.76 1
8.76 74.5 1
8.77 74.56 1
8.78 74.67 1
8.79 74.49 1
8.8 74.56 1
8.81 74.55 1
8.82 74.43 1
8.83 74.57 1
8.84 74.56 1
8.85 74.55 1
8.86 74.56 1
8.87 161.24 1
8.88 156.11 1
8.89 154.78 1
8.9 154.29 1
8.91 154.2 1
8.92 154.74 1
8.93 155.22 1
8.94 154.56 1
8.95 153.01 1
8.96 151.93 1
8.97 151.83 1
8.98 151.32 1
8.99 150.1 1
9.0 148.76 1
9.01 148.22 1
9.02 147.21 1
9.03 145.75 1
9.04 145.8 1
9.05 144.48 1
9.06 146.63 1
9.07 147.81 1
9.08 296.18 1
9.09 293.24 1
9.1 298.06 1
9.11 297.11 1
9.12 300.26 1
9.13 297.22 1
9.14 303.26 1
9.15 302.08 1
9.16 297.17 1
9.17 295.28 1
9.18 297.07 1
9.19 297.59 1
9.2 296.99 1
9.21 291.44 1
9.22 295.11 1
9.23 298.19 1
9.24 298.62 1
9.25 295.23 1
9.26 299.02 1
9.27 300.18 1
9.28 297.2 1
9.29 301.15 1
9.3 301.14 1
9.31 305.03 1
9.32 299.21 1
9.33 297.17 1
9.34 295.15 1
9.35 294.05 1
9.36 290.04 1
9.37 286.81 1
9.38 278.61 1
9.39 281.76 1
9.4 283.76 1
9.41 287.29 1
9.42 289.77 1
9.43 293.7 1
9.44 293.47 1
9.45 299.12 1
9.46 304.55 1
9.47 299.31 1
9.48 309.27 1
9.49 301.14 1
9.5 299.06 1
9.51 297.08 1
9.52 297.05 1
9.53 293.31 1
9.54 297.01 1
9.55 298.62 1
9.56 297.18 1
9.57 297.2 1
9.58 297.18 1
9.59 297.21 1
9.6 295.27 1
9.61 293.26 1
9.62 290.72 1
9.63 283.06 1
9.64 268.92 1
9.65 254.33 1
9.66 247.82 1
9.67 242.77 1
9.68 240.81 1
9.69 241.47 1
9.7 244.91 1
9.71 250.11 1
9.72 254.22 1
9.73 257.35 1
9.74 136.29 1
9.75 141.94 1
9.76 143.04 1
9.77 145.83 1
9.78 147.36 1
9.79 148.67 1
9.8 149.02 1
9.81 149.34 1
9.82 149.26 1
9.83 148.53 1
9.84 147.45 1
9.85 146.27 1
9.86 145.14 1
9.87 143.17 1
9.88 140.21 1
9.89 278.05 1
9.9 266.75 1
9.91 260.46 1
9.92 254.45 1
9.93 252.81 1
9.94 247.11 1
9.95 245.46 1
9.96 244.45 1
9.97 245.66 1
9.98 249.91 1
9.99 254.31 1
10.0 265.0 1
10.01 282.99 1
10.02 297.93 1
10.03 314.27 1
10.04 331.9 1
10.05 323.56 1
10.06 334.76 1
10.07 341.0 1
10.08 336.3 1
10.09 309.45 1
10.1 293.14 1
10.11 281.27 1
10.12 259.85 1
10.13 277.74 1
10.14 281.27 1
10.15 285.09 1
10.16 0.0 1
10.17 292.57 1
10.18 295.92 1
10.19 298.95 1
10.2 299.42 1
10.21 298.68 1
10.22 295.74 1
10.23 292.96 1
10.24 291.3 1
10.25 289.97 1
10.26 288.5 1
10.27 286.32 1
10.28 284.1 1
10.29 282.91 1
10.3 283.28 1
10.31 284.95 1
10.32 287.62 1
10.33 290.58 1
10.34 291.26 1
10.35 296.86 1
10.36 299.01 1
10.37 297.11 1
10.38 297.18 1
10.39 299.74 1
10.4 300.0 1
10.41 295.31 1
10.42 297.23 1
10.43 300.13 1
