0.01 285.54 1
0.02 313.03 1
0.03 294.68 1
0.04 294.34 1
0.05 294.96 1
0.06 294.05 1
0.07 293.4 1
0.08 294.07 1
0.09 294.67 1
0.1 293.12 1
0.11 296.67 1
0.12 298.45 1
0.13 299.0 1
0.14 298.45 1
0.15 297.01 1
0.16 297.0 1
0.17 295.03 1
0.18 295.12 1
0.19 293.73 1
0.2 289.64 1
0.21 286.45 1
0.22 284.27 1
0.23 286.22 1
0.24 287.6 1
0.25 290.79 1
0.26 294.98 1
0.27 299.07 1
0.28 301.12 1
0.29 303.22 1
0.3 305.2 1
0.31 299.21 1
0.32 297.19 1
0.33 295.08 1
0.34 292.78 1
0.35 276.61 1
0.36 257.14 1
0.37 278.94 1
0.38 298.72 1
0.39 284.77 1
0.4 288.95 1
0.41 291.1 1
0.42 299.0 1
0.43 280.4 1
0.44 313.88 1
0.45 333.42 1
0.46 337.96 1
0.47 339.8 1
0.48 337.69 1
0.49 335.17 1
0.5 330.48 1
0.51 328.25 1
0.52 331.12 1
0.53 328.11 1
0.54 332.52 1
0.55 334.74 1
0.56 337.14 1
0.57 339.08 1
0.58 339.86 1
0.59 343.77 1
0.6 346.39 1
0.61 351.34 1
0.62 350.38 1
0.63 349.0 1
0.64 344.88 1
0.65 340.51 1
0.66 332.87 1
0.67 330.81 1
0.68 331.1 1
0.69 333.88 1
0.7 340.15 1
0.71 172.33 1
0.72 172.44 1
0.73 169.36 1
0.74 74.94 1
0.75 74.68 1
0.76 74.71 1
0.77 74.52 1
0.78 74.62 1
0.79 74.68 1
0.8 74.65 1
0.81 73.81 1
0.82 74.32 1
0.83 74.56 1
0.84 73.93 1
0.85 74.59 1
0.86 74.57 1
0.87 74.68 1
0.88 74.68 1
0.89 74.48 1
0.9 74.55 1
0.91 74.61 1
0.92 74.5 1
0.93 74.64 1
0.94 74.56 1
0.95 74.65 1
0.96 74.78 1
0.97 74.56 1
0.98 150.48 1
0.99 150.34 1
1.0 151.29 1
1.01 151.25 1
1.02 151.79 1
1.03 151.0 1
1.04 151.47 1
1.05 152.15 1
1.06 151.81 1
1.07 151.84 1
1.08 305.14 1
1.09 299.67 1
1.1 295.02 1
1.11 297.44 1
1.12 299.45 1
1.13 300.91 1
1.14 297.14 1
1.15 302.16 1
1.16 301.66 1
1.17 302.03 1
1.18 300.52 1
1.19 293.03 1
1.2 246.98 1
1.21 287.32 1
1.22 298.87 1
1.23 270.79 1
1.24 297.0 1
1.25 295.0 1
1.26 293.82 1
1.27 305.14 1
1.28 300.97 1
1.29 302.29 1
1.3 309.4 1
1.31 302.36 1
1.32 302.99 1
1.33 303.1 1
1.34 295.44 1
1.35 301.2 1
1.36 303.14 1
1.37 303.68 1
1.38 303.11 1
1.39 303.92 1
1.4 303.11 1
1.41 299.18 1
1.42 297.17 1
1.43 299.08 1
1.44 299.08 1
1.45 297.07 1
1.46 297.07 1
1.47 297.08 1
1.48 293.22 1
1.49 285.52 1
1.5 298.09 1
1.51 285.63 1
1.52 295.02 1
1.53 297.69 1
1.54 300.15 1
1.55 295.65 1
1.56 295.01 1
1.57 313.82 1
1.58 307.31 1
1.59 297.08 1
1.6 307.3 1
1.61 309.39 1
1.62 297.31 1
1.63 311.46 1
1.64 307.17 1
1.65 293.48 1
1.66 304.36 1
1.67 292.98 1
1.68 291.55 1
1.69 293.15 1
1.7 293.39 1
1.71 307.02 1
1.72 313.48 1
1.73 315.98 1
1.74 322.61 1
1.75 308.07 1
1.76 324.87 1
1.77 308.36 1
1.78 298.39 1
1.79 271.36 1
1.8 207.74 1
1.81 202.76 1
1.82 202.93 1
1.83 201.84 1
1.84 202.86 1
1.85 251.26 1
1.86 292.93 1
1.87 296.39 1
1.88 298.88 1
1.89 300.76 1
1.9 299.05 1
1.91 299.04 1
1.92 297.06 1
1.93 297.02 1
1.94 298.38 1
1.95 296.93 1
1.96 295.09 1
1.97 295.13 1
1.98 295.15 1
1.99 299.01 1
2.0 300.09 1
2.01 299.03 1
2.02 297.06 1
2.03 295.1 1
2.04 293.21 1
2.05 295.1 1
2.06 293.26 1
2.07 295.12 1
2.08 297.0 1
2.09 296.42 1
2.1 293.08 1
2.11 291.09 1
2.12 307.08 1
2.13 291.12 1
2.14 285.46 1
2.15 123.7 1
2.16 122.79 1
2.17 119.35 1
2.18 122.56 1
2.19 124.4 1
2.2 120.34 1
2.21 119.68 1
2.22 121.0 1
2.23 94.7 1
2.24 89.18 1
2.25 90.67 1
2.26 93.72 1
2.27 74.69 1
2.28 75.58 1
2.29 75.72 1
2.3 75.71 1
2.31 75.56 1
2.32 74.87 1
2.33 73.93 1
2.34 146.48 1
2.35 142.48 1
2.36 139.73 1
2.37 134.27 1
2.38 133.87 1
2.39 124.31 1
2.4 245.61 1
2.41 242.73 1
2.42 240.3 1
2.43 241.6 1
2.44 247.06 1
2.45 253.96 1
2.46 285.7 1
2.47 274.04 1
2.48 285.57 1
2.49 293.41 1
2.5 297.05 1
2.51 306.96 1
2.52 303.04 1
2.53 300.85 1
2.54 297.96 1
2.55 294.57 1
2.56 292.82 1
2.57 290.62 1
2.58 287.43 1
2.59 286.43 1
2.6 283.54 1
2.61 282.51 1
2.62 285.28 1
2.63 289.18 1
2.64 293.23 1
2.65 307.82 1
2.66 324.78 1
2.67 321.44 1
2.68 321.6 1
2.69 316.11 1
2.7 305.15 1
2.71 299.02 1
2.72 303.11 1
2.73 0.0 1
2.74 0.0 1
2.75 0.0 1
2.76 0.0 1
2.77 0.0 1
2.78 0.0 1
2.79 0.0 1
2.8 0.0 1
2.81 225.58 1
2.82 224.05 1
2.83 224.74 1
2.84 223.08 1
2.85 220.54 1
2.86 221.21 1
2.87 221.85 1
2.88 221.91 1
2.89 222.2 1
2.9 223.24 1
2.91 223.77 1
2.92 223.6 1
2.93 223.24 1
2.94 222.88 1
2.95 222.82 1
2.96 222.68 1
2.97 222.38 1
2.98 222.72 1
2.99 225.59 1
3.0 230.33 1
3.01 249.68 1
3.02 263.27 1
3.03 221.18 1
3.04 225.58 1
3.05 219.37 1
3.06 422.02 1
3.07 395.53 1
3.08 356.33 1
3.09 346.85 1
3.1 323.06 1
3.11 299.23 1
3.12 313.29 1
3.13 295.54 1
3.14 289.19 1
3.15 291.27 1
3.16 292.2 1
3.17 294.22 1
3.18 295.68 1
3.19 293.21 1
3.2 298.95 1
3.21 309.31 1
3.22 300.24 1
3.23 299.09 1
3.24 304.96 1
3.25 298.82 1
3.26 293.78 1
3.27 285.58 1
3.28 282.44 1
3.29 280.18 1
3.3 279.82 1
3.31 281.76 1
3.32 285.4 1
3.33 289.68 1
3.34 295.0 1
3.35 291.2 1
3.36 335.44 1
3.37 301.93 1
3.38 267.93 1
3.39 264.77 1
3.4 295.04 1
3.41 311.63 1
3.42 302.59 1
3.43 302.05 1
3.44 303.93 1
3.45 299.09 1
3.46 301.22 1
3.47 297.01 1
3.48 293.12 1
3.49 293.38 1
3.5 287.97 1
3.51 282.26 1
3.52 278.16 1
3.53 272.89 1
3.54 256.74 1
3.55 250.69 1
3.56 247.06 1
3.57 245.73 1
3.58 244.48 1
3.59 245.66 1
3.6 248.51 1
3.61 254.25 1
3.62 266.27 1
3.63 275.6 1
3.64 278.21 1
3.65 289.18 1
3.66 294.99 1
3.67 291.09 1
3.68 272.64 1
3.69 0.0 1
3.7 0.0 1
3.71 0.0 1
3.72 0.0 1
3.73 0.0 1
3.74 0.0 1
3.75 225.59 1
3.76 226.73 1
3.77 230.29 1
3.78 229.14 1
3.79 229.11 1
3.8 228.68 1
3.81 230.18 1
3.82 230.39 1
3.83 230.35 1
3.84 230.38 1
3.85 229.19 1
3.86 231.2 1
3.87 228.13 1
3.88 228.06 1
3.89 227.98 1
3.9 227.42 1
3.91 225.6 1
3.92 224.8 1
3.93 223.69 1
3.94 223.29 1
3.95 223.2 1
3.96 222.28 1
3.97 223.25 1
3.98 221.99 1
3.99 218.88 1
4.0 224.52 1
4.01 223.3 1
4.02 222.89 1
4.03 221.51 1
4.04 230.87 1
4.05 225.58 1
4.06 223.91 1
4.07 223.05 1
4.08 222.85 1
4.09 222.6 1
4.1 222.38 1
4.11 222.63 1
4.12 222.59 1
4.13 223.01 1
4.14 224.16 1
4.15 225.61 1
4.16 226.59 1
4.17 225.25 1
4.18 221.89 1
4.19 216.69 1
4.2 212.42 1
4.21 202.81 1
4.22 202.52 1
4.23 203.7 1
4.24 208.54 1
4.25 214.56 1
4.26 218.98 1
4.27 225.6 1
4.28 229.03 1
4.29 223.31 1
4.3 213.56 1
4.31 204.61 1
4.32 205.55 1
4.33 196.46 1
4.34 218.85 1
4.35 204.64 1
4.36 202.87 1
4.37 219.87 1
4.38 218.56 1
4.39 224.67 1
4.4 225.06 1
4.41 225.25 1
4.42 224.55 1
4.43 223.7 1
4.44 222.83 1
4.45 222.44 1
4.46 220.18 1
4.47 218.83 1
4.48 214.39 1
4.49 209.07 1
4.5 202.07 1
4.51 195.87 1
4.52 194.66 1
4.53 190.41 1
4.54 186.17 1
4.55 185.94 1
4.56 184.79 1
4.57 184.12 1
4.58 183.24 1
4.59 182.81 1
4.6 181.64 1
4.61 182.88 1
4.62 182.61 1
4.63 186.29 1
4.64 184.27 1
4.65 181.94 1
4.66 182.01 1
4.67 177.18 1
4.68 179.63 1
4.69 193.01 1
4.7 199.84 1
4.71 202.5 1
4.72 200.74 1
4.73 200.52 1
4.74 198.23 1
4.75 196.43 1
4.76 192.21 1
4.77 187.49 1
4.78 183.18 1
4.79 175.52 1
4.8 174.64 1
4.81 175.33 1
4.82 167.39 1
4.83 165.01 1
4.84 167.67 1
4.85 167.19 1
4.86 167.27 1
4.87 166.09 1
4.88 164.89 1
4.89 166.85 1
4.9 164.87 1
4.91 165.48 1
4.92 166.74 1
4.93 167.37 1
4.94 172.66 1
4.95 177.45 1
4.96 173.96 1
4.97 188.06 1
4.98 190.5 1
4.99 189.69 1
5.0 193.43 1
5.01 191.8 1
5.02 183.13 1
5.03 173.43 1
5.04 75.97 1
5.05 74.06 1
5.06 74.18 1
5.07 74.52 1
5.08 74.57 1
5.09 73.44 1
5.1 74.06 1
5.11 74.23 1
5.12 74.67 1
5.13 74.56 1
5.14 74.75 1
5.15 74.37 1
5.16 74.39 1
5.17 74.29 1
5.18 74.38 1
5.19 74.57 1
5.2 75.12 1
5.21 75.29 1
5.22 75.07 1
5.23 75.54 1
5.24 76.16 1
5.25 75.58 1
5.26 75.06 1
5.27 74.81 1
5.28 74.4 1
5.29 74.39 1
5.3 74.88 1
5.31 73.68 1
5.32 74.31 1
5.33 74.22 1
5.34 74.85 1
5.35 74.7 1
5.36 73.93 1
5.37 75.21 1
5.38 99.59 1
5.39 99.4 1
5.4 101.49 1
5.41 99.33 1
5.42 98.22 1
5.43 94.42 1
5.44 92.82 1
5.45 90.65 1
5.46 84.89 1
5.47 84.57 1
5.48 84.73 1
5.49 83.92 1
5.5 86.55 1
5.51 85.69 1
5.52 80.55 1
5.53 85.13 1
5.54 81.86 1
5.55 84.89 1
5.56 86.48 1
5.57 85.65 1
5.58 88.18 1
5.59 89.9 1
5.6 94.06 1
5.61 96.21 1
5.62 96.61 1
5.63 99.21 1
5.64 95.97 1
5.65 74.73 1
5.66 66.09 1
5.67 74.83 1
5.68 74.82 1
5.69 74.21 1
5.7 74.75 1
5.71 74.28 1
5.72 74.41 1
5.73 74.56 1
5.74 74.19 1
5.75 74.27 1
5.76 76.28 1
5.77 76.63 1
5.78 77.05 1
5.79 76.66 1
5.8 75.32 1
5.81 74.81 1
5.82 74.23 1
5.83 74.24 1
5.84 75.39 1
5.85 74.69 1
5.86 74.78 1
5.87 74.68 1
5.88 73.9 1
5.89 74.68 1
5.9 74.7 1
5.91 74.31 1
5.92 74.73 1
5.93 74.23 1
5.94 74.45 1
5.95 74.6 1
5.96 74.3 1
5.97 74.65 1
5.98 74.51 1
5.99 74.43 1
6.0 74.44 1
6.01 74.52 1
6.02 74.41 1
6.03 74.62 1
6.04 74.5 1
6.05 74.49 1
6.06 74.59 1
6.07 74.4 1
6.08 74.56 1
6.09 74.64 1
6.1 74.42 1
6.11 74.55 1
6.12 74.51 1
6.13 74.32 1
6.14 74.86 1
6.15 74.47 1
6.16 74.58 1
6.17 75.03 1
6.18 74.26 1
6.19 74.53 1
6.2 74.44 1
6.21 74.34 1
6.22 74.72 1
6.23 74.47 1
6.24 74.54 1
6.25 74.68 1
6.26 74.55 1
6.27 74.69 1
6.28 74.43 1
6.29 74.39 1
6.3 74.6 1
6.31 74.37 1
6.32 74.97 1
6.33 74.58 1
6.34 74.56 1
6.35 74.93 1
6.36 74.04 1
6.37 75.19 1
6.38 74.84 1
6.39 74.28 1
6.4 74.94 1
6.41 74.29 1
6.42 74.62 1
6.43 74.93 1
6.44 74.29 1
6.45 74.86 1
6.46 74.48 1
6.47 74.4 1
6.48 74.78 1
6.49 74.48 1
6.5 74.65 1
6.51 74.92 1
6.52 74.56 1
6.53 74.54 1
6.54 74.72 1
6.55 74.03 1
6.56 74.43 1
6.57 74.68 1
6.58 74.94 1
6.59 75.07 1
6.6 74.31 1
6.61 74.81 1
6.62 74.65 1
6.63 73.85 1
6.64 74.94 1
6.65 74.01 1
6.66 74.56 1
6.67 75.06 1
6.68 73.81 1
6.69 74.81 1
6.7 73.56 1
6.71 74.68 1
6.72 74.64 1
6.73 74.38 1
6.74 74.68 1
6.75 74.56 1
6.76 181.61 1
6.77 188.87 1
6.78 192.95 1
6.79 192.16 1
6.8 208.2 1
6.81 198.65 1
6.82 219.91 1
6.83 208.98 1
6.84 210.71 1
6.85 212.53 1
6.86 214.14 1
6.87 214.19 1
6.88 214.59 1
6.89 212.69 1
6.9 213.55 1
6.91 214.08 1
6.92 217.23 1
6.93 219.67 1
6.94 220.67 1
6.95 221.76 1
6.96 220.11 1
6.97 217.77 1
6.98 212.5 1
6.99 203.72 1
7.0 202.84 1
7.01 204.78 1
7.02 209.67 1
7.03 223.17 1
7.04 225.75 1
7.05 234.57 1
7.06 231.56 1
7.07 222.4 1
7.08 219.37 1
7.09 0.0 1
7.1 0.0 1
7.11 0.0 1
7.12 0.0 1
7.13 0.0 1
7.14 217.5 1
7.15 222.17 1
7.16 220.02 1
7.17 215.63 1
7.18 217.39 1
7.19 220.43 1
7.2 221.9 1
7.21 221.03 1
7.22 220.69 1
7.23 220.88 1
7.24 221.64 1
7.25 222.65 1
7.26 223.15 1
7.27 225.27 1
7.28 226.75 1
7.29 225.64 1
7.3 225.64 1
7.31 229.13 1
7.32 230.79 1
7.33 228.1 1
7.34 229.29 1
7.35 228.05 1
7.36 225.67 1
7.37 222.18 1
7.38 218.81 1
7.39 217.68 1
7.4 216.64 1
7.41 218.85 1
7.42 225.59 1
7.43 242.88 1
7.44 249.49 1
7.45 274.3 1
7.46 288.02 1
7.47 297.02 1
7.48 305.98 1
7.49 309.46 1
7.5 313.72 1
7.51 299.21 1
7.52 293.25 1
7.53 291.2 1
7.54 291.1 1
7.55 285.43 1
7.56 279.93 1
7.57 276.29 1
7.58 269.68 1
7.59 261.78 1
7.6 255.76 1
7.61 253.56 1
7.62 249.94 1
7.63 247.02 1
7.64 245.6 1
7.65 245.56 1
7.66 242.95 1
7.67 243.74 1
7.68 245.52 1
7.69 248.12 1
7.7 251.75 1
7.71 255.87 1
7.72 263.38 1
7.73 285.25 1
7.74 289.05 1
7.75 290.54 1
7.76 286.5 1
7.77 275.98 1
7.78 0.0 1
7.79 0.0 1
7.8 0.0 1
7.81 0.0 1
7.82 0.0 1
7.83 0.0 1
7.84 0.0 1
7.85 226.73 1
7.86 227.91 1
7.87 223.0 1
7.88 222.44 1
7.89 221.89 1
7.9 221.33 1
7.91 220.75 1
7.92 219.7 1
7.93 218.75 1
7.94 219.75 1
7.95 220.63 1
7.96 222.13 1
7.97 223.78 1
7.98 225.6 1
7.99 226.76 1
8.0 224.35 1
8.01 219.06 1
8.02 221.9 1
8.03 224.23 1
8.04 224.37 1
8.05 223.7 1
8.06 224.22 1
8.07 225.09 1
8.08 74.92 1
8.09 74.4 1
8.1 74.51 1
8.11 74.68 1
8.12 74.56 1
8.13 74.48 1
8.14 74.5 1
8.15 74.52 1
8.16 74.43 1
8.17 74.4 1
8.18 74.44 1
8.19 74.55 1
8.2 74.5 1
8.21 74.54 1
8.22 74.55 1
8.23 74.55 1
8.24 0.0 1
8.25 299.36 1
8.26 283.64 1
8.27 291.09 1
8.28 298.64 1
8.29 297.67 1
8.3 300.35 1
8.31 301.18 1
8.32 302.49 1
8.33 303.57 1
8.34 303.4 1
8.35 301.37 1
8.36 298.24 1
8.37 294.76 1
8.38 291.0 1
8.39 285.71 1
8.4 281.55 1
8.41 278.1 1
8.42 278.14 1
8.43 278.04 1
8.44 285.64 1
8.45 293.09 1
8.46 301.13 1
8.47 315.72 1
8.48 314.39 1
8.49 312.26 1
8.5 291.96 1
8.51 291.1 1
8.52 318.36 1
8.53 307.1 1
8.54 300.45 1
8.55 300.86 1
8.56 291.4 1
8.57 296.95 1
8.58 295.07 1
8.59 296.61 1
8.6 296.58 1
8.61 295.15 1
8.62 297.1 1
8.63 297.2 1
8.64 297.21 1
8.65 300.34 1
8.66 300.35 1
8.67 297.09 1
8.68 293.06 1
8.69 286.54 1
8.7 276.84 1
8.71 265.62 1
8.72 255.71 1
8.73 244.44 1
8.74 239.0 1
8.75 232.78 1
8.76 248.27 1
8.77 246.91 1
8.78 0.0 1
8.79 0.0 1
8.8 0.0 1
8.81 0.0 1
8.82 298.8 1
8.83 302.65 1
8.84 303.26 1
8.85 306.14 1
8.86 303.78 1
8.87 302.88 1
8.88 301.44 1
8.89 298.41 1
8.9 294.58 1
8.91 289.74 1
8.92 284.58 1
8.93 278.12 1
8.94 273.02 1
8.95 266.19 1
8.96 254.29 1
8.97 247.77 1
8.98 243.8 1
8.99 241.07 1
9.0 242.89 1
9.01 245.66 1
9.02 252.65 1
9.03 269.69 1
9.04 286.11 1
9.05 327.93 1
9.06 456.81 1
9.07 479.74 1
9.08 479.51 1
9.09 453.08 1
9.1 421.11 1
9.11 349.67 1
9.12 275.09 1
9.13 229.09 1
9.14 237.75 1
9.15 255.81 1
9.16 271.38 1
9.17 280.91 1
9.18 285.52 1
9.19 290.35 1
9.2 290.06 1
9.21 293.56 1
9.22 297.36 1
9.23 298.27 1
9.24 295.2 1
9.25 297.5 1
9.26 296.87 1
9.27 295.11 1
9.28 295.16 1
9.29 298.61 1
9.3 297.16 1
9.31 299.06 1
9.32 297.19 1
9.33 299.08 1
9.34 297.17 1
9.35 297.13 1
9.36 297.11 1
9.37 300.08 1
9.38 295.09 1
9.39 291.17 1
9.4 293.3 1
9.41 289.24 1
9.42 298.1 1
9.43 294.99 1
9.44 296.98 1
9.45 306.49 1
9.46 299.09 1
9.47 299.12 1
9.48 303.08 1
9.49 302.31 1
9.5 297.16 1
9.51 299.08 1
9.52 302.11 1
9.53 303.52 1
9.54 303.15 1
9.55 302.43 1
9.56 298.99 1
9.57 294.66 1
9.58 290.91 1
9.59 288.06 1
9.6 287.26 1
9.61 289.57 1
9.62 295.06 1
9.63 301.17 1
9.64 333.32 1
9.65 312.59 1
9.66 312.14 1
9.67 313.76 1
9.68 303.29 1
9.69 289.33 1
9.7 287.32 1
9.71 296.93 1
9.72 254.17 1
9.73 294.61 1
9.74 291.05 1
9.75 295.38 1
9.76 297.53 1
9.77 300.87 1
9.78 299.06 1
9.79 300.7 1
9.8 301.42 1
9.81 299.07 1
9.82 299.69 1
9.83 298.74 1
9.84 297.0 1
9.85 293.14 1
9.86 291.33 1
9.87 294.08 1
9.88 295.31 1
9.89 295.06 1
9.9 297.0 1
9.91 297.03 1
9.92 295.07 1
9.93 293.05 1
9.94 289.46 1
9.95 281.59 1
9.96 272.89 1
9.97 258.69 1
9.98 249.11 1
9.99 244.34 1
10.0 241.57 1
10.01 231.12 1
10.02 247.04 1
10.03 248.39 1
10.04 232.74 1
10.05 257.92 1
10.06 267.84 1
10.07 287.59 1
10.08 291.77 1
10.09 291.15 1
10.1 300.47 1
10.11 302.21 1
10.12 301.69 1
10.13 300.36 1
10.14 298.47 1
10.15 298.17 1
10.16 298.83 1
10.17 299.66 1
10.18 299.54 1
10.19 295.21 1
10.2 294.87 1
10.21 292.78 1
10.22 289.86 1
10.23 286.69 1
10.24 285.54 1
10.25 285.51 1
10.26 288.55 1
10.27 293.22 1
10.28 298.58 1
10.29 305.43 1
