0.01 286.58 1
0.02 302.3 1
0.03 305.61 1
0.04 301.08 1
0.05 301.03 1
0.06 297.07 1
0.07 295.12 1
0.08 295.06 1
0.09 293.09 1
0.1 292.66 1
0.11 291.11 1
0.12 291.11 1
0.13 291.15 1
0.14 293.08 1
0.15 295.02 1
0.16 296.71 1
0.17 293.17 1
0.18 295.04 1
0.19 297.02 1
0.2 298.51 1
0.21 297.07 1
0.22 299.04 1
0.23 299.07 1
0.24 300.72 1
0.25 297.06 1
0.26 293.11 1
0.27 290.7 1
0.28 286.74 1
0.29 282.43 1
0.3 281.71 1
0.31 287.12 1
0.32 294.39 1
0.33 296.93 1
0.34 0.0 1
0.35 0.0 1
0.36 0.0 1
0.37 0.0 1
0.38 290.77 1
0.39 293.53 1
0.4 298.37 1
0.41 323.06 1
0.42 340.63 1
0.43 343.21 1
0.44 298.95 1
0.45 343.25 1
0.46 323.51 1
0.47 351.92 1
0.48 358.69 1
0.49 354.34 1
0.5 344.01 1
0.51 331.95 1
0.52 318.38 1
0.53 299.22 1
0.54 286.29 1
0.55 281.97 1
0.56 284.12 1
0.57 287.86 1
0.58 291.17 1
0.59 294.34 1
0.6 296.4 1
0.61 293.28 1
0.62 293.19 1
0.63 291.6 1
0.64 286.53 1
0.65 280.26 1
0.66 276.39 1
0.67 271.33 1
0.68 272.93 1
0.69 278.01 1
0.7 279.88 1
0.71 283.29 1
0.72 288.52 1
0.73 291.19 1
0.74 295.01 1
0.75 295.0 1
0.76 293.04 1
0.77 291.16 1
0.78 291.15 1
0.79 291.19 1
0.8 293.17 1
0.81 294.11 1
0.82 295.05 1
0.83 293.11 1
0.84 291.16 1
0.85 293.1 1
0.86 296.07 1
0.87 126.65 1
0.88 124.75 1
0.89 123.01 1
0.9 126.18 1
0.91 126.18 1
0.92 124.75 1
0.93 123.74 1
0.94 127.08 1
0.95 142.07 1
0.96 296.95 1
0.97 295.96 1
0.98 297.71 1
0.99 301.0 1
1.0 297.35 1
1.01 298.14 1
1.02 297.47 1
1.03 297.35 1
1.04 297.61 1
1.05 295.08 1
1.06 296.99 1
1.07 295.1 1
1.08 299.11 1
1.09 297.12 1
1.1 300.8 1
1.11 299.08 1
1.12 297.14 1
1.13 295.22 1
1.14 297.06 1
1.15 298.79 1
1.16 299.01 1
1.17 297.09 1
1.18 298.38 1
1.19 298.98 1
1.2 297.08 1
1.21 297.02 1
1.22 297.33 1
1.23 297.65 1
1.24 295.11 1
1.25 293.25 1
1.26 297.0 1
1.27 298.21 1
1.28 297.08 1
1.29 295.23 1
1.3 297.09 1
1.31 299.02 1
1.32 297.15 1
1.33 297.15 1
1.34 298.86 1
1.35 299.06 1
1.36 298.98 1
1.37 297.1 1
1.38 298.66 1
1.39 298.62 1
1.4 297.1 1
1.41 297.16 1
1.42 297.16 1
1.43 299.06 1
1.44 297.21 1
1.45 299.11 1
1.46 300.91 1
1.47 301.33 1
1.48 300.8 1
1.49 299.71 1
1.5 298.8 1
1.51 296.99 1
1.52 293.3 1
1.53 295.07 1
1.54 294.23 1
1.55 292.04 1
1.56 290.44 1
1.57 289.03 1
1.58 288.4 1
1.59 287.7 1
1.6 289.93 1
1.61 293.05 1
1.62 295.07 1
1.63 299.71 1
1.64 302.36 1
1.65 303.13 1
1.66 303.03 1
1.67 300.72 1
1.68 297.84 1
1.69 293.17 1
1.7 293.09 1
1.71 291.53 1
1.72 289.54 1
1.73 286.48 1
1.74 283.35 1
1.75 263.47 1
1.76 267.15 1
1.77 0.0 1
1.78 0.0 1
1.79 0.0 1
1.8 0.0 1
1.81 0.0 1
1.82 0.0 1
1.83 0.0 1
1.84 0.0 1
1.85 0.0 1
1.86 0.0 1
1.87 0.0 1
1.88 0.0 1
1.89 0.0 1
1.9 0.0 1
1.91 296.98 1
1.92 300.98 1
1.93 302.91 1
1.94 296.8 1
1.95 291.34 1
1.96 295.98 1
1.97 296.87 1
1.98 295.08 1
1.99 293.24 1
2.0 295.79 1
2.01 296.87 1
2.02 294.89 1
2.03 292.34 1
2.04 291.91 1
2.05 289.36 1
2.06 290.93 1
2.07 289.0 1
2.08 288.71 1
2.09 278.53 1
2.1 273.12 1
2.11 132.74 1
2.12 257.48 1
2.13 254.05 1
2.14 249.08 1
2.15 247.66 1
2.16 248.4 1
2.17 254.12 1
2.18 287.63 1
2.19 298.83 1
2.2 311.61 1
2.21 344.14 1
2.22 359.52 1
2.23 378.4 1
2.24 384.69 1
2.25 376.74 1
2.26 356.03 1
2.27 334.59 1
2.28 318.41 1
2.29 311.93 1
2.3 306.53 1
2.31 302.73 1
2.32 306.8 1
2.33 297.29 1
2.34 304.93 1
2.35 307.03 1
2.36 302.65 1
2.37 301.15 1
2.38 309.01 1
2.39 302.98 1
2.4 297.27 1
2.41 299.28 1
2.42 302.83 1
2.43 297.3 1
2.44 295.17 1
2.45 297.08 1
2.46 297.64 1
2.47 298.47 1
2.48 297.14 1
2.49 298.34 1
2.5 298.17 1
2.51 298.5 1
2.52 299.08 1
2.53 300.19 1
2.54 299.44 1
2.55 299.03 1
2.56 299.04 1
2.57 299.9 1
2.58 300.14 1
2.59 300.53 1
2.6 299.11 1
2.61 299.09 1
2.62 298.31 1
2.63 298.31 1
2.64 298.34 1
2.65 298.33 1
2.66 297.23 1
2.67 297.52 1
2.68 297.11 1
2.69 299.32 1
2.7 299.59 1
2.71 299.86 1
2.72 299.86 1
2.73 300.13 1
2.74 300.61 1
2.75 299.59 1
2.76 298.71 1
2.77 298.41 1
2.78 295.75 1
2.79 293.06 1
2.8 290.73 1
2.81 287.5 1
2.82 283.98 1
2.83 281.2 1
2.84 277.93 1
2.85 276.73 1
2.86 277.77 1
2.87 281.05 1
2.88 285.8 1
2.89 289.46 1
2.9 291.15 1
2.91 296.15 1
2.92 297.22 1
2.93 299.16 1
2.94 299.74 1
2.95 299.65 1
2.96 298.74 1
2.97 298.61 1
2.98 297.18 1
2.99 304.54 1
3.0 299.56 1
3.01 293.85 1
3.02 300.59 1
3.03 304.57 1
3.04 299.42 1
3.05 295.5 1
3.06 300.34 1
3.07 296.95 1
3.08 296.14 1
3.09 290.96 1
3.1 0.0 1
3.11 0.0 1
3.12 0.0 1
3.13 298.39 1
3.14 297.25 1
3.15 267.99 1
3.16 279.98 1
3.17 283.77 1
3.18 285.81 1
3.19 290.29 1
3.2 292.18 1
3.21 294.44 1
3.22 294.23 1
3.23 293.19 1
3.24 292.25 1
3.25 292.1 1
3.26 292.57 1
3.27 294.37 1
3.28 297.08 1
3.29 301.35 1
3.3 302.42 1
3.31 303.67 1
3.32 303.28 1
3.33 302.23 1
3.34 299.03 1
3.35 297.0 1
3.36 291.21 1
3.37 287.3 1
3.38 281.7 1
3.39 269.27 1
3.4 258.87 1
3.41 253.81 1
3.42 250.61 1
3.43 246.29 1
3.44 245.82 1
3.45 244.91 1
3.46 245.64 1
3.47 247.86 1
3.48 252.09 1
3.49 253.46 1
3.5 258.35 1
3.51 260.21 1
3.52 271.81 1
3.53 279.97 1
3.54 289.73 1
3.55 292.22 1
3.56 295.04 1
3.57 303.09 1
3.58 299.06 1
3.59 299.03 1
3.6 295.04 1
3.61 293.03 1
3.62 289.33 1
3.63 284.46 1
3.64 277.24 1
3.65 273.03 1
3.66 266.43 1
3.67 257.21 1
3.68 254.19 1
3.69 252.15 1
3.7 249.51 1
3.71 248.19 1
3.72 247.88 1
3.73 247.31 1
3.74 247.31 1
3.75 247.43 1
3.76 247.56 1
3.77 248.33 1
3.78 249.75 1
3.79 253.99 1
3.8 259.48 1
3.81 263.31 1
3.82 269.96 1
3.83 278.21 1
3.84 274.7 1
3.85 274.77 1
3.86 269.85 1
3.87 265.74 1
3.88 255.35 1
3.89 247.84 1
3.9 244.25 1
3.91 225.72 1
3.92 222.72 1
3.93 222.17 1
3.94 225.57 1
3.95 223.64 1
3.96 222.18 1
3.97 223.14 1
3.98 223.4 1
3.99 222.77 1
4.0 222.98 1
4.01 223.56 1
4.02 225.54 1
4.03 223.16 1
4.04 221.09 1
4.05 223.51 1
4.06 227.81 1
4.07 225.27 1
4.08 224.46 1
4.09 225.44 1
4.1 225.27 1
4.11 225.31 1
4.12 224.44 1
4.13 224.49 1
4.14 222.72 1
4.15 218.68 1
4.16 214.46 1
4.17 210.65 1
4.18 204.15 1
4.19 203.27 1
4.2 205.39 1
4.21 209.51 1
4.22 216.52 1
4.23 219.66 1
4.24 221.38 1
4.25 220.42 1
4.26 219.04 1
4.27 73.91 1
4.28 74.1 1
4.29 73.95 1
4.3 74.81 1
4.31 74.56 1
4.32 74.98 1
4.33 74.75 1
4.34 74.52 1
4.35 74.31 1
4.36 74.5 1
4.37 74.54 1
4.38 74.14 1
4.39 75.07 1
4.4 74.94 1
4.41 74.56 1
4.42 73.93 1
4.43 74.28 1
4.44 74.68 1
4.45 74.48 1
4.46 74.52 1
4.47 74.47 1
4.48 74.56 1
4.49 74.53 1
4.5 74.51 1
4.51 74.55 1
4.52 74.64 1
4.53 74.61 1
4.54 74.53 1
4.55 74.72 1
4.56 74.36 1
4.57 0.0 1
4.58 218.85 1
4.59 220.79 1
4.6 218.6 1
4.61 218.29 1
4.62 217.78 1
4.63 218.83 1
4.64 218.53 1
4.65 218.83 1
4.66 216.75 1
4.67 218.33 1
4.68 219.64 1
4.69 221.48 1
4.7 222.17 1
4.71 224.62 1
4.72 228.18 1
4.73 229.37 1
4.74 226.86 1
4.75 229.25 1
4.76 231.38 1
4.77 224.44 1
4.78 212.57 1
4.79 202.77 1
4.8 189.48 1
4.81 180.36 1
4.82 177.46 1
4.83 177.66 1
4.84 180.36 1
4.85 186.23 1
4.86 198.19 1
4.87 204.65 1
4.88 195.52 1
4.89 203.08 1
4.9 226.61 1
4.91 230.97 1
4.92 233.77 1
4.93 235.12 1
4.94 217.7 1
4.95 221.17 1
4.96 218.95 1
4.97 219.86 1
4.98 206.63 1
4.99 218.89 1
5.0 197.39 1
5.01 189.7 1
5.02 188.49 1
5.03 184.84 1
5.04 182.18 1
5.05 181.5 1
5.06 180.54 1
5.07 178.21 1
5.08 179.95 1
5.09 181.91 1
5.1 189.62 1
5.11 199.06 1
5.12 192.98 1
5.13 201.77 1
5.14 203.12 1
5.15 230.15 1
5.16 231.49 1
5.17 230.34 1
5.18 229.12 1
5.19 225.58 1
5.2 204.89 1
5.21 211.51 1
5.22 194.91 1
5.23 188.07 1
5.24 186.17 1
5.25 184.13 1
5.26 192.4 1
5.27 200.92 1
5.28 72.17 1
5.29 73.79 1
5.3 74.61 1
5.31 75.07 1
5.32 75.07 1
5.33 74.94 1
5.34 74.4 1
5.35 73.81 1
5.36 73.43 1
5.37 73.55 1
5.38 73.3 1
5.39 73.55 1
5.4 73.55 1
5.41 73.97 1
5.42 74.18 1
5.43 74.39 1
5.44 74.5 1
5.45 74.68 1
5.46 75.06 1
5.47 74.94 1
5.48 74.89 1
5.49 74.64 1
5.5 74.42 1
5.51 74.43 1
5.52 74.59 1
5.53 74.79 1
5.54 74.69 1
5.55 74.81 1
5.56 74.85 1
5.57 74.61 1
5.58 74.41 1
5.59 74.24 1
5.6 74.21 1
5.61 74.34 1
5.62 74.69 1
5.63 75.07 1
5.64 75.07 1
5.65 75.07 1
5.66 75.07 1
5.67 74.96 1
5.68 74.96 1
5.69 74.97 1
5.7 74.94 1
5.71 75.06 1
5.72 74.8 1
5.73 74.52 1
5.74 73.93 1
5.75 74.18 1
5.76 73.69 1
5.77 74.06 1
5.78 73.8 1
5.79 75.94 1
5.8 76.57 1
5.81 87.59 1
5.82 92.16 1
5.83 94.13 1
5.84 97.89 1
5.85 98.77 1
5.86 99.22 1
5.87 99.45 1
5.88 101.29 1
5.89 97.47 1
5.9 96.57 1
5.91 95.79 1
5.92 142.33 1
5.93 140.8 1
5.94 139.22 1
5.95 137.74 1
5.96 135.52 1
5.97 131.92 1
5.98 125.07 1
5.99 127.05 1
6.0 124.39 1
6.01 121.39 1
6.02 120.04 1
6.03 120.91 1
6.04 121.04 1
6.05 124.7 1
6.06 126.24 1
6.07 131.46 1
6.08 133.88 1
6.09 133.46 1
6.1 145.19 1
6.11 149.71 1
6.12 145.27 1
6.13 143.48 1
6.14 160.35 1
6.15 151.73 1
6.16 140.79 1
6.17 128.38 1
6.18 125.82 1
6.19 124.4 1
6.2 126.18 1
6.21 146.28 1
6.22 295.66 1
6.23 301.4 1
6.24 302.3 1
6.25 304.12 1
6.26 300.16 1
6.27 302.28 1
6.28 300.98 1
6.29 297.08 1
6.3 299.01 1
6.31 297.03 1
6.32 295.1 1
6.33 293.19 1
6.34 297.02 1
6.35 297.02 1
6.36 297.01 1
6.37 296.93 1
6.38 297.0 1
6.39 293.21 1
6.4 293.23 1
6.41 293.21 1
6.42 297.03 1
6.43 297.06 1
6.44 295.14 1
6.45 297.06 1
6.46 295.13 1
6.47 295.12 1
6.48 293.19 1
6.49 293.11 1
6.5 291.13 1
6.51 288.94 1
6.52 284.24 1
6.53 279.98 1
6.54 276.73 1
6.55 278.23 1
6.56 280.72 1
6.57 286.65 1
6.58 289.5 1
6.59 291.14 1
6.6 295.05 1
6.61 297.09 1
6.62 299.05 1
6.63 295.08 1
6.64 296.99 1
6.65 293.1 1
6.66 291.19 1
6.67 290.61 1
6.68 290.1 1
6.69 286.01 1
6.7 279.95 1
6.71 269.63 1
6.72 257.16 1
6.73 254.4 1
6.74 251.63 1
6.75 249.38 1
6.76 246.76 1
6.77 243.51 1
6.78 0.0 1
6.79 0.0 1
6.8 0.0 1
6.81 0.0 1
6.82 0.0 1
6.83 0.0 1
6.84 0.0 1
6.85 0.0 1
6.86 0.0 1
6.87 0.0 1
6.88 0.0 1
6.89 0.0 1
6.9 74.56 1
6.91 74.66 1
6.92 73.83 1
6.93 74.55 1
6.94 74.55 1
6.95 74.52 1
6.96 74.54 1
6.97 74.51 1
6.98 74.56 1
6.99 74.67 1
7.0 0.0 1
7.01 0.0 1
7.02 292.94 1
7.03 289.57 1
7.04 290.06 1
7.05 291.12 1
7.06 291.19 1
7.07 291.24 1
7.08 293.06 1
7.09 293.08 1
7.1 291.2 1
7.11 291.15 1
7.12 291.1 1
7.13 289.16 1
7.14 285.81 1
7.15 280.83 1
7.16 276.44 1
7.17 274.68 1
7.18 265.63 1
7.19 254.31 1
7.2 251.97 1
7.21 247.06 1
7.22 244.3 1
7.23 244.3 1
7.24 246.22 1
7.25 248.73 1
7.26 255.66 1
7.27 276.46 1
7.28 293.05 1
7.29 325.25 1
7.3 345.97 1
7.31 357.14 1
7.32 365.05 1
7.33 360.04 1
7.34 354.24 1
7.35 336.92 1
7.36 320.64 1
7.37 313.66 1
7.38 297.18 1
7.39 297.38 1
7.4 293.32 1
7.41 293.29 1
7.42 298.99 1
7.43 297.15 1
7.44 295.27 1
7.45 295.28 1
7.46 295.25 1
7.47 295.17 1
7.48 295.11 1
7.49 293.22 1
7.5 293.27 1
7.51 295.92 1
7.52 295.03 1
7.53 294.99 1
7.54 295.02 1
7.55 293.28 1
7.56 295.15 1
7.57 296.29 1
7.58 297.02 1
7.59 298.21 1
7.6 299.43 1
7.61 299.81 1
7.62 300.02 1
7.63 300.41 1
7.64 298.02 1
7.65 295.11 1
7.66 293.24 1
7.67 293.19 1
7.68 293.23 1
7.69 293.17 1
7.7 293.18 1
7.71 293.22 1
7.72 295.1 1
7.73 295.11 1
7.74 293.25 1
7.75 295.08 1
7.76 293.13 1
7.77 291.22 1
7.78 291.1 1
7.79 287.21 1
7.8 281.8 1
7.81 276.43 1
7.82 276.4 1
7.83 278.16 1
7.84 279.48 1
7.85 287.19 1
7.86 294.11 1
7.87 299.01 1
7.88 308.1 1
7.89 304.98 1
7.9 305.05 1
7.91 301.84 1
7.92 291.1 1
7.93 293.03 1
7.94 297.11 1
7.95 291.93 1
7.96 293.03 1
7.97 293.05 1
7.98 293.07 1
7.99 295.03 1
8.0 295.01 1
8.01 295.0 1
8.02 294.99 1
8.03 295.03 1
8.04 294.99 1
8.05 293.04 1
8.06 293.81 1
8.07 292.41 1
8.08 291.44 1
8.09 290.26 1
8.1 287.51 1
8.11 283.93 1
8.12 277.15 1
8.13 268.59 1
8.14 257.33 1
8.15 249.42 1
8.16 247.06 1
8.17 247.03 1
8.18 247.07 1
8.19 248.77 1
8.2 251.45 1
8.21 254.57 1
8.22 259.12 1
8.23 264.87 1
8.24 275.85 1
8.25 282.31 1
8.26 287.38 1
8.27 287.79 1
8.28 282.22 1
8.29 271.62 1
8.3 264.87 1
8.31 246.39 1
8.32 226.84 1
8.33 220.7 1
8.34 216.4 1
8.35 216.76 1
8.36 217.16 1
8.37 218.41 1
8.38 222.14 1
8.39 222.28 1
8.4 222.22 1
8.41 224.43 1
8.42 224.38 1
8.43 223.06 1
8.44 221.16 1
8.45 224.73 1
8.46 224.79 1
8.47 224.65 1
8.48 222.23 1
8.49 224.08 1
8.5 223.18 1
8.51 221.96 1
8.52 219.98 1
8.53 221.15 1
8.54 220.7 1
8.55 220.11 1
8.56 220.32 1
8.57 220.69 1
8.58 221.24 1
8.59 222.5 1
8.6 223.69 1
8.61 225.14 1
8.62 225.6 1
8.63 226.53 1
8.64 223.15 1
8.65 218.52 1
8.66 213.39 1
8.67 208.04 1
8.68 204.09 1
8.69 204.59 1
8.7 207.06 1
8.71 209.52 1
8.72 215.86 1
8.73 219.0 1
8.74 223.06 1
8.75 224.66 1
8.76 224.52 1
8.77 222.21 1
8.78 222.27 1
8.79 221.21 1
8.8 221.03 1
8.81 220.91 1
8.82 217.61 1
8.83 223.62 1
8.84 216.83 1
8.85 210.51 1
8.86 200.88 1
8.87 210.51 1
8.88 212.23 1
8.89 209.52 1
8.9 221.0 1
8.91 222.56 1
8.92 222.87 1
8.93 219.11 1
8.94 217.67 1
8.95 218.85 1
8.96 219.09 1
8.97 219.71 1
8.98 219.81 1
8.99 219.27 1
9.0 219.94 1
9.01 220.51 1
9.02 221.2 1
9.03 222.15 1
9.04 222.78 1
9.05 222.31 1
9.06 222.04 1
9.07 221.85 1
9.08 219.42 1
9.09 218.85 1
9.1 212.28 1
9.11 201.75 1
9.12 185.72 1
9.13 181.75 1
9.14 178.39 1
9.15 180.45 1
9.16 183.7 1
9.17 185.71 1
9.18 198.61 1
9.19 207.73 1
9.2 214.36 1
9.21 220.73 1
9.22 226.67 1
9.23 230.58 1
9.24 229.09 1
9.25 226.67 1
9.26 224.98 1
9.27 221.51 1
9.28 218.85 1
9.29 217.74 1
9.3 216.64 1
9.31 211.5 1
9.32 206.62 1
9.33 203.74 1
9.34 201.58 1
9.35 196.43 1
9.36 192.1 1
9.37 186.49 1
9.38 182.58 1
9.39 178.62 1
9.4 178.9 1
9.41 180.23 1
9.42 182.54 1
9.43 185.72 1
9.44 192.32 1
9.45 199.57 1
9.46 204.67 1
9.47 210.51 1
9.48 218.37 1
9.49 219.07 1
9.5 222.95 1
9.51 221.31 1
9.52 220.04 1
9.53 218.71 1
9.54 217.77 1
9.55 216.7 1
9.56 216.7 1
9.57 216.7 1
9.58 217.77 1
9.59 220.19 1
9.6 223.47 1
9.61 225.58 1
9.62 225.61 1
9.63 225.6 1
9.64 224.43 1
9.65 221.32 1
9.66 217.75 1
9.67 211.06 1
9.68 203.74 1
9.69 201.96 1
9.7 200.29 1
9.71 202.35 1
9.72 203.73 1
9.73 206.62 1
9.74 214.59 1
9.75 220.54 1
9.76 225.04 1
9.77 227.92 1
9.78 227.99 1
9.79 226.82 1
9.8 225.6 1
9.81 225.25 1
9.82 223.79 1
9.83 222.57 1
9.84 221.2 1
9.85 221.07 1
9.86 221.92 1
9.87 223.57 1
9.88 223.94 1
9.89 221.27 1
9.9 223.83 1
9.91 223.81 1
9.92 223.64 1
9.93 223.41 1
9.94 223.53 1
9.95 223.88 1
9.96 224.61 1
9.97 225.25 1
9.98 225.62 1
9.99 225.65 1
10.0 226.8 1
10.01 224.64 1
10.02 224.59 1
10.03 225.65 1
10.04 224.91 1
10.05 222.8 1
10.06 221.89 1
10.07 220.6 1
10.08 218.18 1
10.09 217.65 1
10.1 218.49 1
10.11 222.94 1
10.12 0.0 1
10.13 0.0 1
10.14 0.0 1
10.15 0.0 1
10.16 0.0 1
10.17 0.0 1
10.18 73.98 1
10.19 74.34 1
10.2 74.94 1
10.21 75.66 1
10.22 74.77 1
10.23 73.8 1
10.24 72.78 1
10.25 95.92 1
10.26 94.65 1
10.27 93.36 1
10.28 92.29 1
10.29 91.02 1
10.3 90.11 1
10.31 88.82 1
10.32 87.05 1
10.33 84.91 1
10.34 126.48 1
10.35 123.41 1
10.36 122.21 1
10.37 122.31 1
10.38 246.98 1
10.39 249.8 1
10.4 255.17 1
10.41 260.17 1
10.42 267.75 1
10.43 283.05 1
10.44 284.06 1
10.45 290.39 1
10.46 295.61 1
10.47 297.79 1
10.48 298.94 1
10.49 296.98 1
10.5 297.63 1
10.51 296.5 1
10.52 294.92 1
10.53 292.7 1
10.54 294.99 1
10.55 296.45 1
