0.01 336.2 1
0.02 296.83 1
0.03 305.2 1
0.04 292.49 1
0.05 292.53 1
0.06 292.24 1
0.07 292.38 1
0.08 292.18 1
0.09 291.98 1
0.1 292.06 1
0.11 291.44 1
0.12 291.83 1
0.13 291.78 1
0.14 292.95 1
0.15 291.86 1
0.16 293.34 1
0.17 293.78 1
0.18 294.71 1
0.19 295.41 1
0.2 296.01 1
0.21 297.71 1
0.22 300.2 1
0.23 299.98 1
0.24 300.4 1
0.25 299.57 1
0.26 293.05 1
0.27 313.83 1
0.28 395.64 1
0.29 364.15 1
0.3 291.12 1
0.31 296.34 1
0.32 348.68 1
0.33 316.12 1
0.34 301.38 1
0.35 316.13 1
0.36 316.11 1
0.37 320.71 1
0.38 298.49 1
0.39 297.48 1
0.4 299.65 1
0.41 299.9 1
0.42 299.56 1
0.43 299.68 1
0.44 299.37 1
0.45 298.43 1
0.46 297.44 1
0.47 297.03 1
0.48 297.57 1
0.49 298.33 1
0.5 298.21 1
0.51 298.13 1
0.52 298.67 1
0.53 299.13 1
0.54 299.59 1
0.55 299.03 1
0.56 299.55 1
0.57 298.98 1
0.58 298.98 1
0.59 298.7 1
0.6 298.71 1
0.61 298.7 1
0.62 298.08 1
0.63 296.54 1
0.64 296.68 1
0.65 296.93 1
0.66 296.5 1
0.67 294.64 1
0.68 289.89 1
0.69 0.0 1
0.7 74.47 1
0.71 74.36 1
0.72 74.17 1
0.73 74.5 1
0.74 74.18 1
0.75 74.47 1
0.76 74.49 1
0.77 74.38 1
0.78 74.67 1
0.79 74.55 1
0.8 74.77 1
0.81 74.68 1
0.82 74.19 1
0.83 74.58 1
0.84 74.65 1
0.85 74.51 1
0.86 74.71 1
0.87 74.53 1
0.88 74.62 1
0.89 74.52 1
0.9 74.49 1
0.91 74.43 1
0.92 74.53 1
0.93 74.43 1
0.94 74.58 1
0.95 74.48 1
0.96 74.58 1
0.97 74.56 1
0.98 74.59 1
0.99 74.56 1
1.0 74.52 1
1.01 74.55 1
1.02 74.55 1
1.03 74.55 1
1.04 74.56 1
1.05 65.34 1
1.06 62.33 1
1.07 0.0 1
1.08 0.0 1
1.09 285.24 1
1.1 292.77 1
1.11 300.36 1
1.12 304.34 1
1.13 294.73 1
1.14 294.85 1
1.15 293.07 1
1.16 294.63 1
1.17 293.05 1
1.18 294.41 1
1.19 293.36 1
1.2 291.12 1
1.21 291.14 1
1.22 294.95 1
1.23 293.11 1
1.24 291.2 1
1.25 295.01 1
1.26 296.54 1
1.27 295.03 1
1.28 293.1 1
1.29 295.05 1
1.3 297.98 1
1.31 298.99 1
1.32 298.99 1
1.33 297.03 1
1.34 297.01 1
1.35 296.99 1
1.36 295.05 1
1.37 296.97 1
1.38 296.98 1
1.39 296.9 1
1.4 295.01 1
1.41 295.0 1
1.42 296.27 1
1.43 296.53 1
1.44 294.99 1
1.45 295.0 1
1.46 295.04 1
1.47 296.99 1
1.48 297.0 1
1.49 298.39 1
1.5 297.0 1
1.51 296.99 1
1.52 296.99 1
1.53 297.03 1
1.54 297.02 1
1.55 295.06 1
1.56 297.02 1
1.57 297.02 1
1.58 297.04 1
1.59 297.04 1
1.6 297.06 1
1.61 295.12 1
1.62 295.19 1
1.63 295.21 1
1.64 293.35 1
1.65 293.36 1
1.66 293.33 1
1.67 293.32 1
1.68 291.45 1
1.69 291.33 1
1.7 291.19 1
1.71 291.11 1
1.72 288.92 1
1.73 287.02 1
1.74 285.53 1
1.75 285.91 1
1.76 288.47 1
1.77 290.13 1
1.78 291.14 1
1.79 293.16 1
1.8 298.43 1
1.81 295.11 1
1.82 298.77 1
1.83 295.06 1
1.84 295.05 1
1.85 293.17 1
1.86 295.04 1
1.87 295.09 1
1.88 296.85 1
1.89 295.01 1
1.9 291.22 1
1.91 287.32 1
1.92 268.11 1
1.93 0.0 1
1.94 0.0 1
1.95 0.0 1
1.96 0.0 1
1.97 0.0 1
1.98 0.0 1
1.99 0.0 1
2.0 0.0 1
2.01 0.0 1
2.02 0.0 1
2.03 0.0 1
2.04 0.0 1
2.05 0.0 1
2.06 0.0 1
2.07 0.0 1
2.08 318.45 1
2.09 294.15 1
2.1 293.06 1
2.11 293.76 1
2.12 294.15 1
2.13 293.65 1
2.14 294.93 1
2.15 294.0 1
2.16 291.17 1
2.17 287.6 1
2.18 291.75 1
2.19 290.53 1
2.2 290.98 1
2.21 290.61 1
2.22 289.33 1
2.23 287.74 1
2.24 286.0 1
2.25 283.58 1
2.26 281.68 1
2.27 275.32 1
2.28 268.61 1
2.29 264.66 1
2.3 254.06 1
2.31 249.93 1
2.32 246.59 1
2.33 245.4 1
2.34 245.28 1
2.35 255.29 1
2.36 271.64 1
2.37 291.1 1
2.38 321.55 1
2.39 348.63 1
2.4 371.49 1
2.41 380.34 1
2.42 376.61 1
2.43 351.4 1
2.44 338.77 1
2.45 316.02 1
2.46 309.32 1
2.47 299.05 1
2.48 293.28 1
2.49 297.01 1
2.5 305.02 1
2.51 300.06 1
2.52 299.13 1
2.53 301.8 1
2.54 302.01 1
2.55 302.0 1
2.56 297.18 1
2.57 298.94 1
2.58 298.26 1
2.59 298.45 1
2.6 298.34 1
2.61 297.56 1
2.62 296.86 1
2.63 293.21 1
2.64 293.17 1
2.65 295.96 1
2.66 296.94 1
2.67 296.61 1
2.68 295.15 1
2.69 297.59 1
2.7 298.9 1
2.71 297.82 1
2.72 297.0 1
2.73 297.52 1
2.74 298.95 1
2.75 298.31 1
2.76 293.36 1
2.77 298.07 1
2.78 298.57 1
2.79 299.16 1
2.8 293.36 1
2.81 298.26 1
2.82 298.06 1
2.83 297.73 1
2.84 293.36 1
2.85 298.65 1
2.86 298.92 1
2.87 299.71 1
2.88 297.21 1
2.89 299.24 1
2.9 299.69 1
2.91 297.14 1
2.92 295.29 1
2.93 297.12 1
2.94 296.53 1
2.95 296.12 1
2.96 293.12 1
2.97 291.55 1
2.98 288.17 1
2.99 286.29 1
3.0 285.97 1
3.01 285.91 1
3.02 286.3 1
3.03 288.18 1
3.04 290.48 1
3.05 295.03 1
3.06 298.03 1
3.07 297.28 1
3.08 302.93 1
3.09 303.37 1
3.1 303.23 1
3.11 299.26 1
3.12 300.81 1
3.13 299.91 1
3.14 299.37 1
3.15 299.85 1
3.16 298.57 1
3.17 296.97 1
3.18 297.0 1
3.19 296.7 1
3.2 295.29 1
3.21 293.56 1
3.22 292.41 1
3.23 289.67 1
3.24 286.0 1
3.25 281.76 1
3.26 274.77 1
3.27 267.35 1
3.28 289.18 1
3.29 285.43 1
3.3 279.91 1
3.31 286.86 1
3.32 292.51 1
3.33 297.64 1
3.34 302.58 1
3.35 302.54 1
3.36 299.94 1
3.37 298.77 1
3.38 298.77 1
3.39 297.86 1
3.4 296.56 1
3.41 296.99 1
3.42 297.0 1
3.43 299.52 1
3.44 299.94 1
3.45 301.07 1
3.46 301.56 1
3.47 301.58 1
3.48 300.73 1
3.49 300.6 1
3.5 298.41 1
3.51 296.34 1
3.52 291.13 1
3.53 285.69 1
3.54 276.48 1
3.55 260.23 1
3.56 254.8 1
3.57 247.47 1
3.58 244.32 1
3.59 241.63 1
3.6 240.3 1
3.61 242.88 1
3.62 245.35 1
3.63 257.42 1
3.64 268.93 1
3.65 276.05 1
3.66 290.42 1
3.67 298.99 1
3.68 305.19 1
3.69 309.84 1
3.7 310.7 1
3.71 307.26 1
3.72 303.61 1
3.73 298.78 1
3.74 289.95 1
3.75 279.93 1
3.76 269.66 1
3.77 259.19 1
3.78 252.83 1
3.79 250.1 1
3.8 249.62 1
3.81 249.38 1
3.82 250.02 1
3.83 249.85 1
3.84 249.5 1
3.85 249.88 1
3.86 249.95 1
3.87 252.02 1
3.88 254.18 1
3.89 261.72 1
3.9 268.09 1
3.91 277.33 1
3.92 284.69 1
3.93 284.49 1
3.94 285.77 1
3.95 281.5 1
3.96 269.07 1
3.97 263.79 1
3.98 241.64 1
3.99 229.11 1
4.0 221.07 1
4.01 219.89 1
4.02 221.37 1
4.03 224.09 1
4.04 224.07 1
4.05 223.4 1
4.06 224.01 1
4.07 224.9 1
4.08 225.51 1
4.09 224.5 1
4.1 224.93 1
4.11 225.41 1
4.12 225.65 1
4.13 225.31 1
4.14 224.11 1
4.15 223.39 1
4.16 223.4 1
4.17 222.54 1
4.18 221.51 1
4.19 223.18 1
4.2 223.77 1
4.21 223.04 1
4.22 222.26 1
4.23 223.37 1
4.24 224.71 1
4.25 224.76 1
4.26 224.36 1
4.27 222.27 1
4.28 218.46 1
4.29 212.26 1
4.3 206.07 1
4.31 201.71 1
4.32 200.9 1
4.33 205.82 1
4.34 210.5 1
4.35 217.37 1
4.36 221.32 1
4.37 223.64 1
4.38 224.62 1
4.39 218.85 1
4.4 218.86 1
4.41 74.61 1
4.42 74.64 1
4.43 74.9 1
4.44 74.68 1
4.45 75.18 1
4.46 74.31 1
4.47 74.39 1
4.48 74.63 1
4.49 74.26 1
4.5 74.83 1
4.51 74.31 1
4.52 74.62 1
4.53 74.84 1
4.54 74.61 1
4.55 74.4 1
4.56 74.56 1
4.57 74.63 1
4.58 74.99 1
4.59 74.1 1
4.6 74.8 1
4.61 74.8 1
4.62 74.29 1
4.63 74.96 1
4.64 74.61 1
4.65 73.93 1
4.66 73.93 1
4.67 73.93 1
4.68 75.66 1
4.69 74.69 1
4.7 74.56 1
4.71 111.5 1
4.72 221.48 1
4.73 219.99 1
4.74 220.59 1
4.75 221.05 1
4.76 217.89 1
4.77 220.82 1
4.78 221.14 1
4.79 224.01 1
4.8 222.22 1
4.81 227.93 1
4.82 225.63 1
4.83 229.16 1
4.84 226.83 1
4.85 225.51 1
4.86 203.66 1
4.87 215.51 1
4.88 196.47 1
4.89 182.89 1
4.9 178.09 1
4.91 173.99 1
4.92 178.09 1
4.93 180.35 1
4.94 184.14 1
4.95 190.67 1
4.96 191.31 1
4.97 201.8 1
4.98 201.84 1
4.99 199.56 1
5.0 204.61 1
5.01 204.64 1
5.02 207.5 1
5.03 225.63 1
5.04 226.67 1
5.05 220.0 1
5.06 205.09 1
5.07 222.01 1
5.08 202.78 1
5.09 198.84 1
5.1 193.97 1
5.11 198.18 1
5.12 184.89 1
5.13 178.19 1
5.14 178.9 1
5.15 177.89 1
5.16 180.36 1
5.17 179.63 1
5.18 178.9 1
5.19 188.06 1
5.2 192.64 1
5.21 198.2 1
5.22 191.33 1
5.23 194.91 1
5.24 215.68 1
5.25 224.46 1
5.26 222.22 1
5.27 207.49 1
5.28 204.61 1
5.29 203.54 1
5.3 190.51 1
5.31 190.51 1
5.32 196.54 1
5.33 194.7 1
5.34 180.03 1
5.35 183.36 1
5.36 196.83 1
5.37 196.49 1
5.38 210.58 1
5.39 216.74 1
5.4 219.98 1
5.41 221.12 1
5.42 224.04 1
5.43 221.12 1
5.44 222.19 1
5.45 222.09 1
5.46 220.58 1
5.47 218.92 1
5.48 220.74 1
5.49 221.57 1
5.5 221.12 1
5.51 221.1 1
5.52 223.95 1
5.53 223.96 1
5.54 221.11 1
5.55 223.35 1
5.56 225.55 1
5.57 225.47 1
5.58 223.07 1
5.59 222.52 1
5.6 223.6 1
5.61 223.91 1
5.62 223.3 1
5.63 223.05 1
5.64 222.74 1
5.65 222.22 1
5.66 221.55 1
5.67 220.0 1
5.68 222.46 1
5.69 219.99 1
5.7 221.11 1
5.71 222.4 1
5.72 222.44 1
5.73 218.94 1
5.74 222.19 1
5.75 225.5 1
5.76 224.19 1
5.77 221.14 1
5.78 224.46 1
5.79 226.78 1
5.8 227.61 1
5.81 225.64 1
5.82 223.37 1
5.83 224.06 1
5.84 222.43 1
5.85 221.18 1
5.86 221.06 1
5.87 222.12 1
5.88 223.39 1
5.89 230.35 1
5.9 223.25 1
5.91 230.21 1
5.92 260.66 1
5.93 251.17 1
5.94 280.05 1
5.95 281.98 1
5.96 292.24 1
5.97 294.53 1
5.98 293.11 1
5.99 289.92 1
6.0 287.84 1
6.01 284.59 1
6.02 281.55 1
6.03 278.13 1
6.04 279.64 1
6.05 270.89 1
6.06 266.16 1
6.07 262.08 1
6.08 254.67 1
6.09 254.71 1
6.1 250.9 1
6.11 245.61 1
6.12 243.76 1
6.13 242.85 1
6.14 242.78 1
6.15 245.3 1
6.16 245.54 1
6.17 250.36 1
6.18 254.57 1
6.19 266.64 1
6.2 274.93 1
6.21 285.82 1
6.22 291.24 1
6.23 297.06 1
6.24 300.05 1
6.25 299.93 1
6.26 297.56 1
6.27 272.07 1
6.28 239.04 1
6.29 258.67 1
6.3 283.67 1
6.31 289.1 1
6.32 296.02 1
6.33 297.78 1
6.34 299.21 1
6.35 296.99 1
6.36 295.17 1
6.37 295.15 1
6.38 295.13 1
6.39 293.16 1
6.4 293.11 1
6.41 293.1 1
6.42 293.1 1
6.43 293.08 1
6.44 291.26 1
6.45 291.26 1
6.46 293.16 1
6.47 293.15 1
6.48 293.14 1
6.49 293.14 1
6.5 293.15 1
6.51 293.19 1
6.52 293.22 1
6.53 293.24 1
6.54 293.26 1
6.55 295.16 1
6.56 295.17 1
6.57 293.25 1
6.58 293.24 1
6.59 293.23 1
6.6 293.23 1
6.61 293.13 1
6.62 291.15 1
6.63 289.82 1
6.64 286.32 1
6.65 282.63 1
6.66 279.97 1
6.67 279.04 1
6.68 279.96 1
6.69 280.47 1
6.7 282.1 1
6.71 286.73 1
6.72 290.61 1
6.73 291.21 1
6.74 295.23 1
6.75 295.21 1
6.76 297.31 1
6.77 299.27 1
6.78 295.27 1
6.79 293.39 1
6.8 293.41 1
6.81 293.32 1
6.82 295.1 1
6.83 293.17 1
6.84 291.21 1
6.85 288.49 1
6.86 281.71 1
6.87 274.65 1
6.88 258.84 1
6.89 246.77 1
6.9 240.21 1
6.91 233.61 1
6.92 229.15 1
6.93 227.95 1
6.94 227.92 1
6.95 216.29 1
6.96 231.47 1
6.97 235.2 1
6.98 247.05 1
6.99 263.27 1
7.0 274.34 1
7.01 282.03 1
7.02 289.99 1
7.03 291.17 1
7.04 298.1 1
7.05 301.77 1
7.06 295.09 1
7.07 293.14 1
7.08 291.22 1
7.09 291.18 1
7.1 293.05 1
7.11 291.16 1
7.12 291.13 1
7.13 291.1 1
7.14 289.85 1
7.15 286.36 1
7.16 283.26 1
7.17 278.1 1
7.18 268.0 1
7.19 258.73 1
7.2 251.35 1
7.21 246.97 1
7.22 242.87 1
7.23 241.43 1
7.24 242.69 1
7.25 244.24 1
7.26 251.27 1
7.27 263.03 1
7.28 282.64 1
7.29 297.14 1
7.3 321.94 1
7.31 341.34 1
7.32 351.44 1
7.33 354.28 1
7.34 360.26 1
7.35 348.63 1
7.36 331.67 1
7.37 314.42 1
7.38 301.02 1
7.39 293.43 1
7.4 290.19 1
7.41 289.43 1
7.42 287.94 1
7.43 289.41 1
7.44 291.09 1
7.45 292.26 1
7.46 292.83 1
7.47 293.08 1
7.48 293.12 1
7.49 293.11 1
7.5 293.11 1
7.51 293.08 1
7.52 291.39 1
7.53 291.38 1
7.54 291.36 1
7.55 294.8 1
7.56 295.04 1
7.57 293.34 1
7.58 295.24 1
7.59 297.03 1
7.6 297.06 1
7.61 298.68 1
7.62 297.13 1
7.63 299.92 1
7.64 300.09 1
7.65 299.02 1
7.66 297.14 1
7.67 299.57 1
7.68 297.04 1
7.69 293.28 1
7.7 295.11 1
7.71 296.43 1
7.72 296.91 1
7.73 297.05 1
7.74 297.04 1
7.75 297.04 1
7.76 297.09 1
7.77 297.19 1
7.78 299.17 1
7.79 299.97 1
7.8 295.13 1
7.81 293.13 1
7.82 290.8 1
7.83 287.04 1
7.84 284.71 1
7.85 284.58 1
7.86 287.37 1
7.87 291.15 1
7.88 293.21 1
7.89 303.1 1
7.9 304.7 1
7.91 301.04 1
7.92 295.01 1
7.93 301.02 1
7.94 293.04 1
7.95 295.44 1
7.96 302.98 1
7.97 298.24 1
7.98 295.0 1
7.99 295.8 1
8.0 295.0 1
8.01 296.97 1
8.02 298.58 1
8.03 299.87 1
8.04 298.98 1
8.05 296.99 1
8.06 296.83 1
8.07 295.87 1
8.08 294.05 1
8.09 294.03 1
8.1 292.23 1
8.11 288.52 1
8.12 284.48 1
8.13 281.74 1
8.14 274.0 1
8.15 266.36 1
8.16 251.93 1
8.17 246.41 1
8.18 243.86 1
8.19 245.57 1
8.2 245.6 1
8.21 245.67 1
8.22 248.18 1
8.23 252.13 1
8.24 256.93 1
8.25 260.98 1
8.26 260.26 1
8.27 274.7 1
8.28 274.75 1
8.29 272.03 1
8.3 263.38 1
8.31 264.84 1
8.32 253.84 1
8.33 240.58 1
8.34 226.56 1
8.35 221.22 1
8.36 220.34 1
8.37 221.05 1
8.38 222.16 1
8.39 222.53 1
8.4 223.3 1
8.41 223.73 1
8.42 223.77 1
8.43 223.29 1
8.44 223.9 1
8.45 224.16 1
8.46 224.32 1
8.47 223.91 1
8.48 224.23 1
8.49 224.67 1
8.5 224.27 1
8.51 223.67 1
8.52 222.74 1
8.53 222.13 1
8.54 221.36 1
8.55 221.29 1
8.56 221.9 1
8.57 222.36 1
8.58 222.35 1
8.59 222.19 1
8.6 223.4 1
8.61 223.89 1
8.62 222.2 1
8.63 219.7 1
8.64 218.67 1
8.65 208.59 1
8.66 206.15 1
8.67 201.87 1
8.68 202.81 1
8.69 204.72 1
8.7 209.52 1
8.71 214.82 1
8.72 216.99 1
8.73 220.33 1
8.74 222.32 1
8.75 225.1 1
8.76 224.99 1
8.77 223.74 1
8.78 222.45 1
8.79 221.52 1
8.8 221.42 1
8.81 214.67 1
8.82 216.15 1
8.83 219.97 1
8.84 218.86 1
8.85 216.73 1
8.86 194.61 1
8.87 183.18 1
8.88 183.82 1
8.89 192.9 1
8.9 225.92 1
8.91 228.91 1
8.92 227.94 1
8.93 228.58 1
8.94 224.44 1
8.95 223.26 1
8.96 222.88 1
8.97 222.65 1
8.98 222.96 1
8.99 223.04 1
9.0 222.8 1
9.01 222.98 1
9.02 223.36 1
9.03 223.8 1
9.04 225.66 1
9.05 225.18 1
9.06 222.97 1
9.07 221.19 1
9.08 218.67 1
9.09 215.58 1
9.1 196.37 1
9.11 180.79 1
9.12 170.64 1
9.13 163.01 1
9.14 168.33 1
9.15 177.94 1
9.16 181.57 1
9.17 201.08 1
9.18 201.29 1
9.19 214.59 1
9.2 229.09 1
9.21 237.06 1
9.22 242.95 1
9.23 242.25 1
9.24 236.43 1
9.25 227.92 1
9.26 221.9 1
9.27 218.84 1
9.28 214.54 1
9.29 202.16 1
9.3 196.35 1
9.31 184.95 1
9.32 181.35 1
9.33 179.6 1
9.34 175.33 1
9.35 171.95 1
9.36 169.99 1
9.37 175.1 1
9.38 181.95 1
9.39 188.88 1
9.4 196.42 1
9.41 202.06 1
9.42 205.63 1
9.43 215.43 1
9.44 218.21 1
9.45 219.8 1
9.46 222.46 1
9.47 222.25 1
9.48 222.07 1
9.49 221.15 1
9.5 220.73 1
9.51 220.18 1
9.52 221.09 1
9.53 222.83 1
9.54 223.86 1
9.55 224.64 1
9.56 225.59 1
9.57 224.09 1
9.58 222.63 1
9.59 219.17 1
9.6 214.57 1
9.61 204.65 1
9.62 198.47 1
9.63 196.84 1
9.64 199.2 1
9.65 202.77 1
9.66 204.68 1
9.67 213.65 1
9.68 218.39 1
9.69 219.89 1
9.7 224.49 1
9.71 225.03 1
9.72 224.8 1
9.73 224.1 1
9.74 222.54 1
9.75 222.08 1
9.76 221.98 1
9.77 221.06 1
9.78 221.68 1
9.79 222.28 1
9.8 223.5 1
9.81 225.12 1
9.82 225.94 1
9.83 225.78 1
9.84 224.42 1
9.85 223.68 1
9.86 222.38 1
9.87 221.93 1
9.88 221.09 1
9.89 220.79 1
9.9 220.7 1
9.91 220.75 1
9.92 221.71 1
9.93 222.88 1
9.94 224.03 1
9.95 224.43 1
9.96 224.8 1
9.97 225.58 1
9.98 225.55 1
9.99 225.55 1
10.0 225.58 1
10.01 225.08 1
10.02 223.22 1
10.03 221.06 1
10.04 218.84 1
10.05 217.77 1
10.06 218.23 1
10.07 222.7 1
10.08 226.89 1
10.09 245.73 1
10.1 257.19 1
10.11 278.21 1
10.12 290.32 1
10.13 298.95 1
10.14 313.1 1
10.15 291.13 1
10.16 307.45 1
10.17 307.25 1
10.18 301.05 1
10.19 292.88 1
10.2 283.76 1
10.21 276.42 1
10.22 265.97 1
10.23 258.16 1
10.24 249.56 1
10.25 246.88 1
10.26 241.2 1
10.27 240.03 1
10.28 242.89 1
10.29 248.37 1
10.3 255.79 1
10.31 267.96 1
10.32 279.98 1
10.33 289.6 1
10.34 299.01 1
10.35 305.21 1
10.36 309.1 1
10.37 307.76 1
10.38 302.65 1
10.39 294.31 1
10.4 273.06 1
10.41 294.98 1
10.42 0.0 1
10.43 0.0 1
10.44 0.0 1
10.45 0.0 1
10.46 0.0 1
10.47 0.0 1
10.48 0.0 1
10.49 0.0 1
10.5 0.0 1
10.51 0.0 1
10.52 74.63 1
10.53 74.55 1
10.54 74.32 1
10.55 74.43 1
10.56 74.61 1
10.57 74.68 1
10.58 74.31 1
10.59 111.53 1
10.6 111.53 1
10.61 111.51 1
10.62 111.77 1
