0.01 74.81 1
0.02 74.06 1
0.03 74.68 1
0.04 74.44 1
0.05 84.07 1
0.06 84.74 1
0.07 86.55 1
0.08 87.85 1
0.09 87.82 1
0.1 87.94 1
0.11 88.65 1
0.12 89.18 1
0.13 88.84 1
0.14 88.31 1
0.15 88.48 1
0.16 89.89 1
0.17 89.86 1
0.18 179.5 1
0.19 181.03 1
0.2 182.9 1
0.21 185.77 1
0.22 185.74 1
0.23 185.73 1
0.24 196.37 1
0.25 196.41 1
0.26 200.89 1
0.27 202.44 1
0.28 204.65 1
0.29 207.55 1
0.3 203.79 1
0.31 211.51 1
0.32 212.77 1
0.33 214.09 1
0.34 214.18 1
0.35 214.64 1
0.36 216.71 1
0.37 216.81 1
0.38 73.07 1
0.39 73.44 1
0.4 73.71 1
0.41 74.04 1
0.42 74.46 1
0.43 74.68 1
0.44 74.58 1
0.45 74.33 1
0.46 73.94 1
0.47 73.72 1
0.48 73.88 1
0.49 74.21 1
0.5 74.31 1
0.51 74.41 1
0.52 74.49 1
0.53 74.47 1
0.54 74.29 1
0.55 74.16 1
0.56 74.3 1
0.57 74.54 1
0.58 74.69 1
0.59 74.94 1
0.6 74.82 1
0.61 74.94 1
0.62 74.81 1
0.63 74.81 1
0.64 74.81 1
0.65 74.81 1
0.66 74.56 1
0.67 74.33 1
0.68 74.2 1
0.69 74.23 1
0.7 74.41 1
0.71 74.55 1
0.72 74.54 1
0.73 74.37 1
0.74 74.27 1
0.75 74.23 1
0.76 74.38 1
0.77 74.63 1
0.78 74.81 1
0.79 74.94 1
0.8 74.68 1
0.81 74.49 1
0.82 74.19 1
0.83 74.0 1
0.84 73.95 1
0.85 73.62 1
0.86 72.24 1
0.87 73.32 1
0.88 74.54 1
0.89 74.3 1
0.9 74.14 1
0.91 74.33 1
0.92 74.32 1
0.93 74.73 1
0.94 74.56 1
0.95 74.68 1
0.96 74.77 1
0.97 74.14 1
0.98 74.28 1
0.99 74.43 1
1.0 74.31 1
1.01 74.94 1
1.02 74.56 1
1.03 74.68 1
1.04 74.7 1
1.05 73.87 1
1.06 74.81 1
1.07 74.27 1
1.08 74.45 1
1.09 75.06 1
1.1 74.36 1
1.11 74.68 1
1.12 74.81 1
1.13 73.93 1
1.14 74.79 1
1.15 74.27 1
1.16 73.97 1
1.17 74.43 1
1.18 73.96 1
1.19 74.26 1
1.2 74.01 1
1.21 75.06 1
1.22 74.68 1
1.23 74.39 1
1.24 74.25 1
1.25 74.26 1
1.26 74.2 1
1.27 222.11 1
1.28 222.28 1
1.29 221.29 1
1.3 221.22 1
1.31 221.07 1
1.32 221.67 1
1.33 222.47 1
1.34 222.84 1
1.35 222.99 1
1.36 222.63 1
1.37 222.06 1
1.38 222.26 1
1.39 222.57 1
1.4 223.63 1
1.41 224.22 1
1.42 224.99 1
1.43 225.39 1
1.44 225.6 1
1.45 225.62 1
1.46 224.98 1
1.47 221.42 1
1.48 216.78 1
1.49 214.58 1
1.5 207.6 1
1.51 209.51 1
1.52 208.58 1
1.53 213.87 1
1.54 217.24 1
1.55 221.05 1
1.56 224.54 1
1.57 225.63 1
1.58 225.74 1
1.59 225.68 1
1.6 225.69 1
1.61 226.77 1
1.62 225.46 1
1.63 222.56 1
1.64 221.1 1
1.65 220.62 1
1.66 220.03 1
1.67 218.46 1
1.68 216.58 1
1.69 213.61 1
1.7 209.6 1
1.71 206.78 1
1.72 221.14 1
1.73 218.36 1
1.74 221.06 1
1.75 216.74 1
1.76 74.57 1
1.77 74.5 1
1.78 74.41 1
1.79 74.54 1
1.8 74.43 1
1.81 74.47 1
1.82 74.53 1
1.83 0.0 1
1.84 0.0 1
1.85 227.68 1
1.86 225.93 1
1.87 227.19 1
1.88 227.08 1
1.89 226.34 1
1.9 224.49 1
1.91 224.61 1
1.92 223.68 1
1.93 222.49 1
1.94 220.78 1
1.95 219.77 1
1.96 218.29 1
1.97 215.65 1
1.98 214.46 1
1.99 210.66 1
2.0 207.42 1
2.01 205.03 1
2.02 201.3 1
2.03 199.99 1
2.04 198.55 1
2.05 198.8 1
2.06 201.6 1
2.07 203.77 1
2.08 208.53 1
2.09 213.43 1
2.1 218.86 1
2.11 225.21 1
2.12 229.11 1
2.13 230.3 1
2.14 229.11 1
2.15 226.77 1
2.16 223.94 1
2.17 221.47 1
2.18 219.31 1
2.19 218.29 1
2.2 217.04 1
2.21 215.03 1
2.22 213.49 1
2.23 202.94 1
2.24 200.46 1
2.25 194.65 1
2.26 192.94 1
2.27 191.95 1
2.28 186.61 1
2.29 186.21 1
2.3 184.89 1
2.31 184.94 1
2.32 184.14 1
2.33 185.06 1
2.34 184.77 1
2.35 184.29 1
2.36 184.17 1
2.37 182.46 1
2.38 89.54 1
2.39 90.07 1
2.4 89.73 1
2.41 87.99 1
2.42 89.19 1
2.43 89.61 1
2.44 89.72 1
2.45 89.47 1
2.46 90.44 1
2.47 90.62 1
2.48 89.03 1
2.49 93.35 1
2.5 105.62 1
2.51 93.98 1
2.52 104.88 1
2.53 93.46 1
2.54 92.85 1
2.55 94.38 1
2.56 92.95 1
2.57 93.49 1
2.58 93.27 1
2.59 91.0 1
2.6 92.38 1
2.61 93.33 1
2.62 93.34 1
2.63 92.37 1
2.64 92.18 1
2.65 92.76 1
2.66 92.37 1
2.67 91.99 1
2.68 92.18 1
2.69 92.84 1
2.7 92.57 1
2.71 92.18 1
2.72 92.76 1
2.73 94.08 1
2.74 95.13 1
2.75 94.32 1
2.76 96.39 1
2.77 95.57 1
2.78 95.24 1
2.79 94.93 1
2.8 93.68 1
2.81 185.81 1
2.82 183.63 1
2.83 180.63 1
2.84 176.65 1
2.85 172.68 1
2.86 170.66 1
2.87 171.17 1
2.88 171.15 1
2.89 172.35 1
2.9 167.98 1
2.91 164.66 1
2.92 165.46 1
2.93 74.56 1
2.94 74.31 1
2.95 74.68 1
2.96 74.55 1
2.97 74.57 1
2.98 74.57 1
2.99 74.07 1
3.0 74.57 1
3.01 74.55 1
3.02 74.51 1
3.03 74.59 1
3.04 74.53 1
3.05 74.52 1
3.06 74.53 1
3.07 74.56 1
3.08 74.53 1
3.09 74.52 1
3.1 74.54 1
3.11 74.55 1
3.12 74.54 1
3.13 74.52 1
3.14 74.54 1
3.15 137.61 1
3.16 199.1 1
3.17 175.42 1
3.18 180.35 1
3.19 181.77 1
3.2 186.62 1
3.21 196.36 1
3.22 196.24 1
3.23 191.15 1
3.24 191.16 1
3.25 188.74 1
3.26 188.19 1
3.27 188.96 1
3.28 188.87 1
3.29 186.55 1
3.3 185.84 1
3.31 183.45 1
3.32 181.28 1
3.33 178.89 1
3.34 176.67 1
3.35 175.95 1
3.36 176.57 1
3.37 170.13 1
3.38 169.29 1
3.39 167.74 1
3.4 166.01 1
3.41 165.38 1
3.42 80.58 1
3.43 80.5 1
3.44 80.57 1
3.45 80.81 1
3.46 82.48 1
3.47 83.75 1
3.48 167.69 1
3.49 175.29 1
3.5 179.37 1
3.51 184.19 1
3.52 192.33 1
3.53 202.91 1
3.54 215.71 1
3.55 227.87 1
3.56 241.49 1
3.57 252.78 1
3.58 258.92 1
3.59 276.82 1
3.6 284.24 1
3.61 290.8 1
3.62 293.03 1
3.63 292.98 1
3.64 291.14 1
3.65 289.48 1
3.66 287.12 1
3.67 282.96 1
3.68 280.46 1
3.69 281.57 1
3.7 277.1 1
3.71 278.08 1
3.72 272.76 1
3.73 271.3 1
3.74 266.28 1
3.75 254.25 1
3.76 245.63 1
3.77 241.61 1
3.78 223.35 1
3.79 233.27 1
3.8 244.96 1
3.81 248.18 1
3.82 248.44 1
3.83 255.66 1
3.84 257.15 1
3.85 272.73 1
3.86 287.3 1
3.87 306.27 1
3.88 314.75 1
3.89 313.83 1
3.9 314.27 1
3.91 311.75 1
3.92 299.34 1
3.93 297.2 1
3.94 296.68 1
3.95 285.73 1
3.96 280.0 1
3.97 272.97 1
3.98 263.36 1
3.99 257.2 1
4.0 255.32 1
4.01 253.02 1
4.02 251.63 1
4.03 250.81 1
4.04 250.79 1
4.05 250.87 1
4.06 251.18 1
4.07 252.21 1
4.08 253.84 1
4.09 254.2 1
4.1 253.58 1
4.11 251.99 1
4.12 249.53 1
4.13 247.72 1
4.14 245.62 1
4.15 244.31 1
4.16 244.75 1
4.17 245.63 1
4.18 249.4 1
4.19 252.7 1
4.2 260.2 1
4.21 261.83 1
4.22 266.62 1
4.23 275.74 1
4.24 279.9 1
4.25 279.06 1
4.26 276.87 1
4.27 276.23 1
4.28 272.81 1
4.29 264.72 1
4.3 257.38 1
4.31 254.27 1
4.32 249.33 1
4.33 245.64 1
4.34 240.23 1
4.35 237.66 1
4.36 232.52 1
4.37 228.04 1
4.38 225.68 1
4.39 223.49 1
4.4 220.66 1
4.41 218.86 1
4.42 216.42 1
4.43 218.69 1
4.44 211.69 1
4.45 203.61 1
4.46 74.71 1
4.47 73.94 1
4.48 74.45 1
4.49 74.43 1
4.5 74.61 1
4.51 74.6 1
4.52 74.45 1
4.53 74.68 1
4.54 74.47 1
4.55 74.81 1
4.56 74.18 1
4.57 73.56 1
4.58 74.82 1
4.59 75.63 1
4.6 76.63 1
4.61 77.22 1
4.62 77.16 1
4.63 76.51 1
4.64 227.98 1
4.65 224.59 1
4.66 225.92 1
4.67 223.92 1
4.68 222.17 1
4.69 221.75 1
4.7 221.45 1
4.71 219.58 1
4.72 217.32 1
4.73 215.63 1
4.74 212.53 1
4.75 209.5 1
4.76 207.02 1
4.77 206.96 1
4.78 203.75 1
4.79 206.57 1
4.8 209.51 1
4.81 210.52 1
4.82 216.07 1
4.83 218.54 1
4.84 221.36 1
4.85 224.04 1
4.86 225.58 1
4.87 227.94 1
4.88 226.8 1
4.89 226.76 1
4.9 225.81 1
4.91 225.53 1
4.92 224.37 1
4.93 222.94 1
4.94 220.67 1
4.95 217.74 1
4.96 213.48 1
4.97 205.43 1
4.98 200.94 1
4.99 196.38 1
5.0 194.66 1
5.01 189.75 1
5.02 187.36 1
5.03 186.5 1
5.04 185.15 1
5.05 183.31 1
5.06 182.4 1
5.07 182.53 1
5.08 183.47 1
5.09 183.94 1
5.1 184.65 1
5.11 184.92 1
5.12 187.31 1
5.13 186.47 1
5.14 187.11 1
5.15 187.26 1
5.16 187.27 1
5.17 194.67 1
5.18 190.93 1
5.19 92.36 1
5.2 91.84 1
5.21 92.54 1
5.22 93.14 1
5.23 90.88 1
5.24 90.28 1
5.25 91.21 1
5.26 90.54 1
5.27 89.94 1
5.28 89.21 1
5.29 89.9 1
5.3 91.98 1
5.31 91.59 1
5.32 90.27 1
5.33 92.86 1
5.34 90.93 1
5.35 90.69 1
5.36 90.47 1
5.37 91.48 1
5.38 91.62 1
5.39 90.1 1
5.4 90.46 1
5.41 90.84 1
5.42 90.71 1
5.43 90.28 1
5.44 90.12 1
5.45 89.38 1
5.46 89.93 1
5.47 89.6 1
5.48 89.57 1
5.49 89.73 1
5.5 90.46 1
5.51 90.46 1
5.52 89.72 1
5.53 91.79 1
5.54 92.17 1
5.55 90.35 1
5.56 91.59 1
5.57 91.23 1
5.58 91.87 1
5.59 91.22 1
5.6 91.59 1
5.61 98.51 1
5.62 92.7 1
5.63 92.36 1
5.64 95.24 1
5.65 93.13 1
5.66 92.04 1
5.67 93.58 1
5.68 93.13 1
5.69 91.52 1
5.7 181.83 1
5.71 188.96 1
5.72 184.15 1
5.73 169.93 1
5.74 176.45 1
5.75 200.0 1
5.76 175.15 1
5.77 162.0 1
5.78 173.65 1
5.79 198.54 1
5.8 175.28 1
5.81 179.61 1
5.82 172.42 1
5.83 147.54 1
5.84 181.91 1
5.85 175.35 1
5.86 174.65 1
5.87 187.27 1
5.88 193.94 1
5.89 192.15 1
5.9 191.32 1
5.91 215.66 1
5.92 201.36 1
5.93 191.33 1
5.94 192.04 1
5.95 197.32 1
5.96 191.34 1
5.97 177.11 1
5.98 89.06 1
5.99 90.83 1
6.0 87.48 1
6.01 88.64 1
6.02 90.65 1
6.03 90.09 1
6.04 88.47 1
6.05 90.64 1
6.06 89.18 1
6.07 89.91 1
6.08 77.0 1
6.09 74.06 1
6.1 74.81 1
6.11 74.58 1
6.12 74.07 1
6.13 75.45 1
6.14 74.44 1
6.15 74.65 1
6.16 85.11 1
6.17 89.35 1
6.18 89.55 1
6.19 88.65 1
6.2 88.82 1
6.21 90.28 1
6.22 89.94 1
6.23 89.83 1
6.24 89.91 1
6.25 89.36 1
6.26 88.65 1
6.27 89.19 1
6.28 74.61 1
6.29 74.54 1
6.3 75.44 1
6.31 75.18 1
6.32 74.62 1
6.33 74.59 1
6.34 74.56 1
6.35 74.93 1
6.36 74.57 1
6.37 74.64 1
6.38 74.68 1
6.39 74.61 1
6.4 74.6 1
6.41 74.42 1
6.42 74.43 1
6.43 74.31 1
6.44 74.54 1
6.45 74.53 1
6.46 74.34 1
6.47 74.57 1
6.48 74.6 1
6.49 74.55 1
6.5 74.63 1
6.51 74.52 1
6.52 74.6 1
6.53 74.5 1
6.54 74.53 1
6.55 74.8 1
6.56 74.19 1
6.57 74.43 1
6.58 74.73 1
6.59 74.76 1
6.6 74.77 1
6.61 74.63 1
6.62 74.68 1
6.63 74.51 1
6.64 74.67 1
6.65 74.58 1
6.66 74.56 1
6.67 74.64 1
6.68 74.57 1
6.69 74.47 1
6.7 74.5 1
6.71 149.72 1
6.72 149.73 1
6.73 148.26 1
6.74 148.89 1
6.75 149.73 1
6.76 149.37 1
6.77 148.26 1
6.78 148.74 1
6.79 149.01 1
6.8 149.19 1
6.81 148.75 1
6.82 148.97 1
6.83 149.03 1
6.84 149.05 1
6.85 148.98 1
6.86 147.77 1
6.87 148.94 1
6.88 148.94 1
6.89 146.83 1
6.9 146.82 1
6.91 112.32 1
6.92 144.87 1
6.93 145.38 1
6.94 144.89 1
6.95 146.32 1
6.96 146.32 1
6.97 149.01 1
6.98 148.67 1
6.99 147.77 1
7.0 148.93 1
7.01 149.11 1
7.02 147.29 1
7.03 149.26 1
7.04 149.13 1
7.05 148.75 1
7.06 149.03 1
7.07 149.04 1
7.08 149.06 1
7.09 149.05 1
7.1 148.26 1
7.11 149.02 1
7.12 149.21 1
7.13 149.24 1
7.14 148.75 1
7.15 149.06 1
7.16 149.09 1
7.17 149.06 1
7.18 148.75 1
7.19 149.12 1
7.2 149.11 1
7.21 149.09 1
7.22 148.75 1
7.23 148.96 1
7.24 74.58 1
7.25 74.59 1
7.26 74.5 1
7.27 74.56 1
7.28 74.57 1
7.29 74.31 1
7.3 74.45 1
7.31 71.76 1
7.32 72.59 1
7.33 73.58 1
7.34 71.88 1
7.35 71.42 1
7.36 147.76 1
7.37 144.37 1
7.38 144.4 1
7.39 149.36 1
7.4 162.44 1
7.41 163.09 1
7.42 166.2 1
7.43 175.46 1
7.44 183.54 1
7.45 188.1 1
7.46 193.28 1
7.47 192.92 1
7.48 191.23 1
7.49 187.11 1
7.5 184.12 1
7.51 181.46 1
7.52 179.12 1
7.53 174.72 1
7.54 174.35 1
7.55 174.01 1
7.56 171.98 1
7.57 168.69 1
7.58 176.81 1
7.59 167.31 1
7.6 165.63 1
7.61 167.24 1
7.62 161.25 1
7.63 168.0 1
7.64 166.06 1
7.65 164.24 1
7.66 180.64 1
7.67 181.1 1
7.68 192.18 1
7.69 194.56 1
7.7 189.74 1
7.71 194.1 1
7.72 183.3 1
7.73 186.58 1
7.74 181.85 1
7.75 173.4 1
7.76 171.29 1
7.77 176.07 1
7.78 162.58 1
7.79 162.4 1
7.8 161.23 1
7.81 163.61 1
7.82 158.95 1
7.83 180.36 1
7.84 180.74 1
7.85 181.1 1
7.86 182.57 1
7.87 74.54 1
7.88 74.58 1
7.89 74.43 1
7.9 73.94 1
7.91 74.43 1
7.92 74.18 1
7.93 180.34 1
7.94 200.0 1
7.95 199.36 1
7.96 179.63 1
7.97 175.33 1
7.98 169.86 1
7.99 166.05 1
8.0 162.36 1
8.01 164.17 1
8.02 154.02 1
8.03 154.79 1
8.04 153.96 1
8.05 154.51 1
8.06 156.19 1
8.07 163.01 1
8.08 168.81 1
8.09 184.93 1
8.1 197.78 1
8.11 210.44 1
8.12 224.34 1
8.13 227.34 1
8.14 232.72 1
8.15 232.78 1
8.16 233.79 1
8.17 229.37 1
8.18 222.99 1
8.19 216.69 1
8.2 209.5 1
8.21 203.05 1
8.22 194.99 1
8.23 194.54 1
8.24 183.88 1
8.25 179.0 1
8.26 178.82 1
8.27 175.36 1
8.28 178.91 1
8.29 184.16 1
8.3 192.14 1
8.31 166.08 1
8.32 158.89 1
8.33 214.21 1
8.34 222.27 1
8.35 224.93 1
8.36 226.35 1
8.37 224.5 1
8.38 225.58 1
8.39 224.88 1
8.4 222.62 1
8.41 220.08 1
8.42 219.91 1
8.43 219.91 1
8.44 220.31 1
8.45 219.93 1
8.46 216.79 1
8.47 0.0 1
8.48 0.0 1
8.49 0.0 1
8.5 0.0 1
8.51 0.0 1
8.52 0.0 1
8.53 0.0 1
8.54 0.0 1
8.55 0.0 1
8.56 0.0 1
8.57 0.0 1
8.58 0.0 1
8.59 0.0 1
8.6 0.0 1
8.61 242.68 1
8.62 239.0 1
8.63 236.44 1
8.64 228.24 1
8.65 217.11 1
8.66 206.36 1
8.67 153.9 1
8.68 182.12 1
8.69 175.32 1
8.7 167.45 1
8.71 166.11 1
8.72 83.89 1
8.73 87.36 1
8.74 181.86 1
8.75 186.53 1
8.76 200.14 1
8.77 211.47 1
8.78 220.77 1
8.79 226.44 1
8.8 229.16 1
8.81 229.21 1
8.82 229.2 1
8.83 226.77 1
8.84 221.24 1
8.85 214.23 1
8.86 206.91 1
8.87 199.89 1
8.88 197.11 1
8.89 186.5 1
8.9 182.61 1
8.91 89.54 1
8.92 88.99 1
8.93 88.47 1
8.94 88.3 1
8.95 90.65 1
8.96 0.0 1
8.97 0.0 1
8.98 0.0 1
8.99 0.0 1
9.0 217.52 1
9.01 224.79 1
9.02 227.95 1
9.03 231.79 1
9.04 227.98 1
9.05 226.84 1
9.06 227.93 1
9.07 225.59 1
9.08 224.44 1
9.09 225.12 1
9.1 226.09 1
9.11 225.62 1
9.12 226.76 1
9.13 226.78 1
9.14 225.67 1
9.15 226.79 1
9.16 225.61 1
9.17 224.71 1
9.18 222.57 1
9.19 218.8 1
9.2 218.67 1
9.21 204.76 1
9.22 204.7 1
9.23 203.76 1
9.24 208.55 1
9.25 215.68 1
9.26 225.91 1
9.27 230.31 1
9.28 229.12 1
9.29 225.5 1
9.3 0.0 1
9.31 74.46 1
9.32 74.22 1
9.33 74.94 1
9.34 74.43 1
9.35 74.56 1
9.36 74.76 1
9.37 74.22 1
9.38 74.56 1
9.39 74.74 1
9.4 74.44 1
9.41 74.66 1
9.42 74.57 1
9.43 74.41 1
9.44 74.65 1
9.45 74.36 1
9.46 74.19 1
9.47 74.8 1
9.48 74.34 1
9.49 74.5 1
9.5 74.73 1
9.51 74.18 1
9.52 74.52 1
9.53 74.59 1
9.54 74.54 1
9.55 74.68 1
9.56 74.62 1
9.57 0.0 1
9.58 0.0 1
9.59 309.44 1
9.6 311.54 1
9.61 297.09 1
9.62 295.05 1
9.63 291.98 1
9.64 286.88 1
9.65 279.99 1
9.66 276.27 1
9.67 265.05 1
9.68 258.78 1
9.69 251.59 1
9.7 252.47 1
9.71 248.69 1
9.72 247.2 1
9.73 243.91 1
9.74 244.11 1
9.75 244.08 1
9.76 240.32 1
9.77 184.32 1
9.78 244.7 1
9.79 247.21 1
9.8 250.9 1
9.81 255.7 1
9.82 262.57 1
9.83 269.37 1
9.84 274.67 1
9.85 279.98 1
9.86 281.44 1
9.87 281.85 1
9.88 279.5 1
9.89 278.13 1
9.9 277.97 1
9.91 274.52 1
9.92 132.62 1
9.93 131.05 1
9.94 253.09 1
9.95 254.4 1
9.96 254.23 1
9.97 250.99 1
9.98 246.97 1
9.99 243.76 1
10.0 239.41 1
10.01 183.44 1
10.02 226.97 1
10.03 225.62 1
10.04 223.22 1
10.05 221.63 1
10.06 219.96 1
10.07 219.93 1
10.08 219.83 1
10.09 219.98 1
10.1 0.0 1
10.11 0.0 1
10.12 0.0 1
10.13 0.0 1
10.14 0.0 1
10.15 0.0 1
10.16 0.0 1
10.17 0.0 1
10.18 0.0 1
10.19 0.0 1
10.2 0.0 1
10.21 223.33 1
10.22 222.64 1
10.23 222.43 1
10.24 220.7 1
10.25 219.0 1
10.26 218.56 1
10.27 219.1 1
10.28 219.8 1
10.29 220.74 1
10.3 220.75 1
10.31 220.79 1
10.32 221.82 1
10.33 221.69 1
10.34 222.99 1
10.35 222.4 1
10.36 224.91 1
10.37 224.47 1
10.38 223.42 1
10.39 222.25 1
10.4 219.43 1
10.41 216.14 1
10.42 217.18 1
10.43 224.48 1
10.44 222.09 1
