0.01 284.03 1
0.02 287.95 1
0.03 287.59 1
0.04 286.97 1
0.05 286.8 1
0.06 286.81 1
0.07 286.74 1
0.08 286.68 1
0.09 286.29 1
0.1 286.37 1
0.11 286.59 1
0.12 286.47 1
0.13 286.74 1
0.14 288.15 1
0.15 285.65 1
0.16 293.73 1
0.17 307.07 1
0.18 297.04 1
0.19 293.29 1
0.2 303.11 1
0.21 307.12 1
0.22 307.09 1
0.23 304.3 1
0.24 303.59 1
0.25 302.14 1
0.26 299.04 1
0.27 297.0 1
0.28 295.25 1
0.29 293.1 1
0.3 293.06 1
0.31 292.03 1
0.32 291.13 1
0.33 294.44 1
0.34 290.54 1
0.35 287.6 1
0.36 289.95 1
0.37 288.9 1
0.38 288.17 1
0.39 288.42 1
0.4 289.18 1
0.41 289.93 1
0.42 290.02 1
0.43 289.57 1
0.44 288.95 1
0.45 288.51 1
0.46 288.25 1
0.47 288.51 1
0.48 288.64 1
0.49 290.8 1
0.5 292.54 1
0.51 293.06 1
0.52 295.76 1
0.53 297.59 1
0.54 299.06 1
0.55 300.47 1
0.56 299.08 1
0.57 300.41 1
0.58 299.63 1
0.59 297.0 1
0.6 295.09 1
0.61 295.81 1
0.62 294.44 1
0.63 293.29 1
0.64 291.22 1
0.65 292.1 1
0.66 291.76 1
0.67 291.32 1
0.68 290.56 1
0.69 289.6 1
0.7 288.5 1
0.71 288.52 1
0.72 287.89 1
0.73 287.49 1
0.74 287.17 1
0.75 288.07 1
0.76 288.0 1
0.77 288.12 1
0.78 289.35 1
0.79 290.84 1
0.8 292.79 1
0.81 296.28 1
0.82 295.13 1
0.83 299.06 1
0.84 300.99 1
0.85 300.98 1
0.86 300.65 1
0.87 299.18 1
0.88 297.33 1
0.89 295.06 1
0.9 292.57 1
0.91 291.03 1
0.92 288.9 1
0.93 287.11 1
0.94 285.96 1
0.95 285.41 1
0.96 284.24 1
0.97 285.56 1
0.98 286.62 1
0.99 288.95 1
1.0 290.99 1
1.01 294.51 1
1.02 299.0 1
1.03 301.08 1
1.04 302.97 1
1.05 302.87 1
1.06 299.14 1
1.07 298.57 1
1.08 294.83 1
1.09 291.51 1
1.1 288.7 1
1.11 285.75 1
1.12 284.23 1
1.13 282.84 1
1.14 282.88 1
1.15 282.78 1
1.16 283.74 1
1.17 136.83 1
1.18 136.21 1
1.19 74.79 1
1.2 74.32 1
1.21 74.69 1
1.22 75.05 1
1.23 74.56 1
1.24 74.8 1
1.25 74.25 1
1.26 74.5 1
1.27 74.3 1
1.28 74.46 1
1.29 74.81 1
1.3 74.92 1
1.31 74.57 1
1.32 74.62 1
1.33 74.04 1
1.34 74.68 1
1.35 74.74 1
1.36 74.47 1
1.37 74.56 1
1.38 74.34 1
1.39 74.56 1
1.4 74.44 1
1.41 74.68 1
1.42 74.66 1
1.43 74.55 1
1.44 74.54 1
1.45 74.46 1
1.46 74.56 1
1.47 74.61 1
1.48 74.45 1
1.49 74.63 1
1.5 74.86 1
1.51 74.44 1
1.52 74.46 1
1.53 74.37 1
1.54 74.28 1
1.55 74.71 1
1.56 74.66 1
1.57 74.63 1
1.58 74.59 1
1.59 74.47 1
1.6 74.49 1
1.61 74.57 1
1.62 74.69 1
1.63 74.71 1
1.64 74.68 1
1.65 181.1 1
1.66 182.99 1
1.67 187.26 1
1.68 182.31 1
1.69 160.08 1
1.7 152.91 1
1.71 153.89 1
1.72 151.72 1
1.73 152.43 1
1.74 152.62 1
1.75 152.49 1
1.76 151.96 1
1.77 304.28 1
1.78 303.1 1
1.79 303.11 1
1.8 302.91 1
1.81 303.11 1
1.82 301.13 1
1.83 301.11 1
1.84 301.89 1
1.85 299.09 1
1.86 299.09 1
1.87 299.08 1
1.88 297.11 1
1.89 297.1 1
1.9 299.01 1
1.91 297.02 1
1.92 288.41 1
1.93 285.6 1
1.94 289.26 1
1.95 288.91 1
1.96 289.23 1
1.97 288.38 1
1.98 296.87 1
1.99 298.58 1
2.0 299.97 1
2.01 297.21 1
2.02 299.46 1
2.03 299.51 1
2.04 299.61 1
2.05 299.01 1
2.06 299.92 1
2.07 300.63 1
2.08 301.05 1
2.09 302.23 1
2.1 301.81 1
2.11 300.62 1
2.12 299.07 1
2.13 298.7 1
2.14 297.64 1
2.15 295.8 1
2.16 293.03 1
2.17 291.46 1
2.18 291.1 1
2.19 296.34 1
2.2 307.35 1
2.21 324.0 1
2.22 338.75 1
2.23 462.2 1
2.24 456.91 1
2.25 393.48 1
2.26 366.13 1
2.27 345.4 1
2.28 291.92 1
2.29 277.42 1
2.3 279.42 1
2.31 280.11 1
2.32 292.03 1
2.33 298.55 1
2.34 301.8 1
2.35 301.28 1
2.36 302.19 1
2.37 298.59 1
2.38 293.1 1
2.39 289.84 1
2.4 287.08 1
2.41 284.66 1
2.42 284.47 1
2.43 287.16 1
2.44 290.99 1
2.45 295.0 1
2.46 299.84 1
2.47 302.46 1
2.48 303.11 1
2.49 301.19 1
2.5 299.66 1
2.51 294.37 1
2.52 285.45 1
2.53 0.0 1
2.54 0.0 1
2.55 0.0 1
2.56 0.0 1
2.57 0.0 1
2.58 0.0 1
2.59 0.0 1
2.6 0.0 1
2.61 297.45 1
2.62 296.6 1
2.63 300.43 1
2.64 300.18 1
2.65 297.01 1
2.66 296.99 1
2.67 295.09 1
2.68 297.34 1
2.69 297.6 1
2.7 297.0 1
2.71 297.01 1
2.72 297.62 1
2.73 297.03 1
2.74 298.06 1
2.75 297.05 1
2.76 298.44 1
2.77 297.13 1
2.78 299.06 1
2.79 297.19 1
2.8 299.08 1
2.81 299.13 1
2.82 299.19 1
2.83 301.13 1
2.84 297.1 1
2.85 291.12 1
2.86 281.76 1
2.87 291.13 1
2.88 299.0 1
2.89 293.03 1
2.9 293.04 1
2.91 293.04 1
2.92 298.28 1
2.93 301.58 1
2.94 299.9 1
2.95 299.0 1
2.96 298.82 1
2.97 298.88 1
2.98 299.81 1
2.99 299.63 1
3.0 300.22 1
3.01 300.41 1
3.02 301.07 1
3.03 301.04 1
3.04 300.88 1
3.05 298.12 1
3.06 293.83 1
3.07 290.65 1
3.08 288.54 1
3.09 287.23 1
3.1 288.67 1
3.11 291.56 1
3.12 294.77 1
3.13 299.73 1
3.14 301.18 1
3.15 301.24 1
3.16 303.26 1
3.17 300.37 1
3.18 276.45 1
3.19 268.41 1
3.2 270.74 1
3.21 244.35 1
3.22 269.69 1
3.23 313.85 1
3.24 300.68 1
3.25 303.34 1
3.26 304.38 1
3.27 303.02 1
3.28 302.72 1
3.29 301.71 1
3.3 299.97 1
3.31 298.88 1
3.32 297.05 1
3.33 298.95 1
3.34 298.98 1
3.35 297.05 1
3.36 297.07 1
3.37 295.25 1
3.38 295.27 1
3.39 295.22 1
3.4 294.99 1
3.41 290.88 1
3.42 285.51 1
3.43 279.16 1
3.44 273.19 1
3.45 261.95 1
3.46 254.34 1
3.47 242.63 1
3.48 227.95 1
3.49 222.02 1
3.5 221.08 1
3.51 224.46 1
3.52 232.68 1
3.53 237.7 1
3.54 254.53 1
3.55 258.83 1
3.56 271.01 1
3.57 279.14 1
3.58 286.87 1
3.59 290.7 1
3.6 291.19 1
3.61 291.23 1
3.62 293.97 1
3.63 292.73 1
3.64 291.25 1
3.65 290.25 1
3.66 289.38 1
3.67 287.42 1
3.68 287.15 1
3.69 285.02 1
3.7 281.92 1
3.71 276.85 1
3.72 271.05 1
3.73 259.9 1
3.74 251.09 1
3.75 240.28 1
3.76 116.24 1
3.77 77.1 1
3.78 77.59 1
3.79 74.68 1
3.8 74.6 1
3.81 75.45 1
3.82 74.81 1
3.83 74.93 1
3.84 0.0 1
3.85 0.0 1
3.86 299.67 1
3.87 308.0 1
3.88 316.08 1
3.89 320.71 1
3.9 318.35 1
3.91 311.04 1
3.92 308.49 1
3.93 299.39 1
3.94 301.86 1
3.95 296.55 1
3.96 288.71 1
3.97 283.27 1
3.98 278.1 1
3.99 265.34 1
4.0 255.72 1
4.01 252.15 1
4.02 247.2 1
4.03 245.52 1
4.04 242.85 1
4.05 238.94 1
4.06 241.6 1
4.07 242.0 1
4.08 245.67 1
4.09 252.13 1
4.1 260.18 1
4.11 271.34 1
4.12 281.23 1
4.13 283.93 1
4.14 283.91 1
4.15 280.45 1
4.16 272.12 1
4.17 0.0 1
4.18 0.0 1
4.19 0.0 1
4.2 0.0 1
4.21 0.0 1
4.22 0.0 1
4.23 0.0 1
4.24 0.0 1
4.25 0.0 1
4.26 241.61 1
4.27 232.52 1
4.28 227.59 1
4.29 225.59 1
4.3 225.08 1
4.31 224.91 1
4.32 225.7 1
4.33 225.53 1
4.34 224.81 1
4.35 224.75 1
4.36 224.97 1
4.37 225.25 1
4.38 225.58 1
4.39 225.99 1
4.4 225.58 1
4.41 224.82 1
4.42 223.65 1
4.43 222.5 1
4.44 221.15 1
4.45 221.03 1
4.46 219.13 1
4.47 238.98 1
4.48 222.16 1
4.49 217.78 1
4.5 220.24 1
4.51 219.55 1
4.52 221.05 1
4.53 218.87 1
4.54 238.95 1
4.55 224.28 1
4.56 223.71 1
4.57 223.39 1
4.58 223.0 1
4.59 222.62 1
4.6 221.96 1
4.61 222.18 1
4.62 222.74 1
4.63 223.6 1
4.64 223.8 1
4.65 222.49 1
4.66 220.41 1
4.67 218.73 1
4.68 213.55 1
4.69 209.11 1
4.7 205.6 1
4.71 209.44 1
4.72 211.63 1
4.73 221.67 1
4.74 232.76 1
4.75 251.26 1
4.76 269.54 1
4.77 281.57 1
4.78 284.68 1
4.79 267.47 1
4.8 116.82 1
4.81 73.56 1
4.82 74.69 1
4.83 74.3 1
4.84 75.52 1
4.85 74.31 1
4.86 74.73 1
4.87 74.52 1
4.88 74.45 1
4.89 74.59 1
4.9 0.0 1
4.91 225.75 1
4.92 230.07 1
4.93 232.9 1
4.94 233.64 1
4.95 232.72 1
4.96 232.42 1
4.97 231.83 1
4.98 227.93 1
4.99 226.34 1
5.0 225.59 1
5.01 225.53 1
5.02 225.39 1
5.03 225.14 1
5.04 224.42 1
5.05 223.97 1
5.06 223.86 1
5.07 222.73 1
5.08 221.35 1
5.09 220.97 1
5.1 222.74 1
5.11 224.26 1
5.12 224.88 1
5.13 225.32 1
5.14 225.87 1
5.15 225.89 1
5.16 225.59 1
5.17 225.38 1
5.18 224.93 1
5.19 223.95 1
5.2 223.5 1
5.21 223.43 1
5.22 223.5 1
5.23 223.33 1
5.24 222.93 1
5.25 222.39 1
5.26 221.56 1
5.27 221.35 1
5.28 221.07 1
5.29 221.09 1
5.3 221.27 1
5.31 221.04 1
5.32 220.86 1
5.33 221.05 1
5.34 221.36 1
5.35 222.0 1
5.36 222.68 1
5.37 222.95 1
5.38 224.07 1
5.39 225.41 1
5.4 226.76 1
5.41 226.76 1
5.42 226.67 1
5.43 225.39 1
5.44 225.17 1
5.45 224.68 1
5.46 222.5 1
5.47 221.27 1
5.48 222.48 1
5.49 74.94 1
5.5 74.81 1
5.51 74.81 1
5.52 74.68 1
5.53 74.68 1
5.54 74.86 1
5.55 74.68 1
5.56 74.56 1
5.57 74.43 1
5.58 74.81 1
5.59 74.41 1
5.6 74.63 1
5.61 74.49 1
5.62 74.76 1
5.63 74.18 1
5.64 74.05 1
5.65 74.56 1
5.66 74.19 1
5.67 74.5 1
5.68 74.43 1
5.69 74.62 1
5.7 74.68 1
5.71 74.41 1
5.72 74.6 1
5.73 75.7 1
5.74 91.99 1
5.75 88.29 1
5.76 220.47 1
5.77 211.74 1
5.78 235.22 1
5.79 241.57 1
5.8 231.28 1
5.81 225.53 1
5.82 219.84 1
5.83 215.58 1
5.84 217.51 1
5.85 223.31 1
5.86 230.34 1
5.87 248.71 1
5.88 271.36 1
5.89 286.52 1
5.9 295.13 1
5.91 309.85 1
5.92 314.06 1
5.93 312.65 1
5.94 307.77 1
5.95 301.38 1
5.96 292.41 1
5.97 283.21 1
5.98 273.93 1
5.99 267.09 1
6.0 258.92 1
6.01 254.29 1
6.02 248.6 1
6.03 242.83 1
6.04 223.22 1
6.05 225.69 1
6.06 231.48 1
6.07 247.05 1
6.08 247.92 1
6.09 254.65 1
6.1 273.06 1
6.11 281.44 1
6.12 302.29 1
6.13 301.07 1
6.14 303.18 1
6.15 306.2 1
6.16 305.59 1
6.17 304.84 1
6.18 305.24 1
6.19 304.92 1
6.2 305.25 1
6.21 308.03 1
6.22 310.11 1
6.23 309.6 1
6.24 306.66 1
6.25 302.13 1
6.26 296.51 1
6.27 288.83 1
6.28 282.98 1
6.29 278.19 1
6.3 278.11 1
6.31 278.57 1
6.32 282.9 1
6.33 289.39 1
6.34 291.3 1
6.35 302.9 1
6.36 305.37 1
6.37 293.09 1
6.38 0.0 1
6.39 0.0 1
6.4 0.0 1
6.41 301.17 1
6.42 303.88 1
6.43 307.39 1
6.44 299.92 1
6.45 299.89 1
6.46 300.46 1
6.47 299.12 1
6.48 301.42 1
6.49 301.04 1
6.5 297.13 1
6.51 295.12 1
6.52 293.12 1
6.53 290.58 1
6.54 281.84 1
6.55 274.63 1
6.56 257.44 1
6.57 251.2 1
6.58 244.24 1
6.59 237.65 1
6.6 235.2 1
6.61 232.89 1
6.62 240.18 1
6.63 244.38 1
6.64 250.42 1
6.65 260.05 1
6.66 270.64 1
6.67 279.89 1
6.68 282.76 1
6.69 283.11 1
6.7 279.9 1
6.71 275.08 1
6.72 0.0 1
6.73 0.0 1
6.74 0.0 1
6.75 0.0 1
6.76 0.0 1
6.77 0.0 1
6.78 0.0 1
6.79 0.0 1
6.8 0.0 1
6.81 0.0 1
6.82 0.0 1
6.83 224.59 1
6.84 225.46 1
6.85 216.7 1
6.86 218.52 1
6.87 219.68 1
6.88 221.08 1
6.89 222.36 1
6.9 222.54 1
6.91 223.23 1
6.92 224.08 1
6.93 225.01 1
6.94 225.41 1
6.95 224.25 1
6.96 222.56 1
6.97 221.51 1
6.98 220.27 1
6.99 217.87 1
7.0 213.59 1
7.01 207.57 1
7.02 221.95 1
7.03 221.1 1
7.04 217.87 1
7.05 217.85 1
7.06 222.2 1
7.07 223.5 1
7.08 224.18 1
7.09 307.11 1
7.1 311.61 1
7.11 320.68 1
7.12 313.84 1
7.13 303.4 1
7.14 297.01 1
7.15 293.37 1
7.16 282.7 1
7.17 274.65 1
7.18 255.87 1
7.19 252.74 1
7.2 247.24 1
7.21 244.23 1
7.22 240.27 1
7.23 238.93 1
7.24 238.99 1
7.25 239.66 1
7.26 246.21 1
7.27 254.15 1
7.28 269.63 1
7.29 278.16 1
7.3 285.6 1
7.31 285.4 1
7.32 282.73 1
7.33 275.4 1
7.34 0.0 1
7.35 0.0 1
7.36 0.0 1
7.37 0.0 1
7.38 0.0 1
7.39 0.0 1
7.4 0.0 1
7.41 0.0 1
7.42 0.0 1
7.43 0.0 1
7.44 0.0 1
7.45 224.09 1
7.46 222.35 1
7.47 219.89 1
7.48 222.26 1
7.49 223.17 1
7.5 223.49 1
7.51 223.49 1
7.52 224.51 1
7.53 225.05 1
7.54 225.03 1
7.55 225.02 1
7.56 224.94 1
7.57 225.4 1
7.58 226.68 1
7.59 226.75 1
7.6 226.09 1
7.61 225.12 1
7.62 224.31 1
7.63 224.79 1
7.64 224.27 1
7.65 222.11 1
7.66 217.28 1
7.67 221.08 1
7.68 219.52 1
7.69 220.23 1
7.7 219.39 1
7.71 214.63 1
7.72 219.12 1
7.73 219.94 1
7.74 220.73 1
7.75 220.72 1
7.76 225.57 1
7.77 224.79 1
7.78 223.75 1
7.79 224.05 1
7.8 224.6 1
7.81 225.07 1
7.82 225.58 1
7.83 225.84 1
7.84 224.61 1
7.85 221.54 1
7.86 218.04 1
7.87 215.0 1
7.88 213.49 1
7.89 210.54 1
7.9 213.7 1
7.91 218.46 1
7.92 222.24 1
7.93 226.33 1
7.94 226.79 1
7.95 232.11 1
7.96 230.32 1
7.97 230.31 1
7.98 226.74 1
7.99 0.0 1
8.0 0.0 1
8.01 0.0 1
8.02 0.0 1
8.03 0.0 1
8.04 0.0 1
8.05 0.0 1
8.06 0.0 1
8.07 0.0 1
8.08 0.0 1
8.09 225.56 1
8.1 228.37 1
8.11 225.21 1
8.12 225.4 1
8.13 225.57 1
8.14 225.58 1
8.15 225.25 1
8.16 224.33 1
8.17 224.23 1
8.18 224.27 1
8.19 223.84 1
8.2 223.52 1
8.21 223.91 1
8.22 223.83 1
8.23 223.82 1
8.24 223.2 1
8.25 223.04 1
8.26 223.65 1
8.27 223.65 1
8.28 223.26 1
8.29 222.57 1
8.3 220.89 1
8.31 222.76 1
8.32 225.56 1
8.33 223.21 1
8.34 222.17 1
8.35 224.4 1
8.36 222.17 1
8.37 222.75 1
8.38 222.13 1
8.39 226.75 1
8.4 225.59 1
8.41 225.58 1
8.42 225.4 1
8.43 226.14 1
8.44 225.6 1
8.45 226.75 1
8.46 226.77 1
8.47 227.92 1
8.48 226.24 1
8.49 221.92 1
8.5 217.73 1
8.51 214.17 1
8.52 208.73 1
8.53 206.61 1
8.54 210.3 1
8.55 214.39 1
8.56 221.49 1
8.57 225.65 1
8.58 229.18 1
8.59 232.75 1
8.6 235.32 1
8.61 0.0 1
8.62 0.0 1
8.63 0.0 1
8.64 0.0 1
8.65 0.0 1
8.66 0.0 1
8.67 0.0 1
8.68 0.0 1
8.69 226.63 1
8.7 229.1 1
8.71 229.16 1
8.72 226.8 1
8.73 224.24 1
8.74 223.5 1
8.75 223.84 1
8.76 223.55 1
8.77 223.96 1
8.78 224.26 1
8.79 224.6 1
8.8 223.92 1
8.81 222.88 1
8.82 221.33 1
8.83 217.73 1
8.84 215.55 1
8.85 202.8 1
8.86 188.14 1
8.87 175.06 1
8.88 166.42 1
8.89 168.13 1
8.9 169.95 1
8.91 174.83 1
8.92 167.36 1
8.93 201.83 1
8.94 180.37 1
8.95 191.3 1
8.96 229.08 1
8.97 226.82 1
8.98 199.1 1
8.99 240.27 1
9.0 236.25 1
9.01 229.1 1
9.02 222.75 1
9.03 216.68 1
9.04 211.07 1
9.05 202.64 1
9.06 194.7 1
9.07 185.06 1
9.08 184.62 1
9.09 180.32 1
9.1 176.09 1
9.11 173.99 1
9.12 176.83 1
9.13 182.75 1
9.14 184.95 1
9.15 195.52 1
9.16 201.66 1
9.17 209.92 1
9.18 216.69 1
9.19 221.35 1
9.2 223.98 1
9.21 225.38 1
9.22 225.37 1
9.23 216.46 1
9.24 223.3 1
9.25 0.0 1
9.26 0.0 1
9.27 0.0 1
9.28 0.0 1
9.29 0.0 1
9.3 0.0 1
9.31 0.0 1
9.32 0.0 1
9.33 209.45 1
9.34 207.72 1
9.35 209.52 1
9.36 214.93 1
9.37 219.08 1
9.38 223.09 1
9.39 225.6 1
9.4 224.8 1
9.41 224.78 1
9.42 224.37 1
9.43 223.95 1
9.44 224.39 1
9.45 224.46 1
9.46 224.93 1
9.47 225.12 1
9.48 225.47 1
9.49 225.17 1
9.5 223.84 1
9.51 221.91 1
9.52 221.33 1
9.53 221.4 1
9.54 220.08 1
9.55 216.99 1
9.56 225.59 1
9.57 0.0 1
9.58 0.0 1
9.59 0.0 1
9.6 0.0 1
9.61 0.0 1
9.62 0.0 1
9.63 0.0 1
9.64 312.75 1
9.65 318.4 1
9.66 317.42 1
9.67 303.11 1
9.68 288.85 1
9.69 291.99 1
9.7 283.48 1
9.71 260.66 1
9.72 249.17 1
9.73 242.39 1
9.74 240.17 1
9.75 235.52 1
9.76 240.26 1
9.77 243.97 1
9.78 253.42 1
9.79 263.33 1
9.8 279.18 1
9.81 287.17 1
9.82 294.99 1
9.83 299.01 1
9.84 151.52 1
9.85 150.65 1
9.86 149.7 1
9.87 145.82 1
9.88 144.84 1
9.89 143.12 1
9.9 140.74 1
9.91 138.3 1
9.92 135.25 1
9.93 132.61 1
9.94 129.19 1
9.95 125.47 1
9.96 121.73 1
9.97 120.85 1
9.98 123.98 1
9.99 121.32 1
