0.01 282.0 1
0.02 263.7 1
0.03 253.23 1
0.04 243.09 1
0.05 251.47 1
0.06 221.05 1
0.07 246.88 1
0.08 252.57 1
0.09 260.19 1
0.1 273.23 1
0.11 283.4 1
0.12 294.66 1
0.13 299.06 1
0.14 306.54 1
0.15 308.14 1
0.16 307.29 1
0.17 301.68 1
0.18 296.57 1
0.19 292.19 1
0.2 288.42 1
0.21 283.38 1
0.22 278.1 1
0.23 277.85 1
0.24 269.6 1
0.25 266.24 1
0.26 263.93 1
0.27 261.15 1
0.28 255.69 1
0.29 254.95 1
0.3 252.78 1
0.31 251.38 1
0.32 251.84 1
0.33 252.96 1
0.34 254.98 1
0.35 258.49 1
0.36 262.55 1
0.37 268.82 1
0.38 280.12 1
0.39 287.07 1
0.4 291.51 1
0.41 297.33 1
0.42 298.5 1
0.43 302.97 1
0.44 302.66 1
0.45 301.03 1
0.46 301.66 1
0.47 301.57 1
0.48 298.99 1
0.49 297.0 1
0.5 299.5 1
0.51 300.46 1
0.52 297.09 1
0.53 299.46 1
0.54 298.52 1
0.55 297.18 1
0.56 294.92 1
0.57 293.06 1
0.58 292.26 1
0.59 288.6 1
0.6 285.53 1
0.61 283.13 1
0.62 282.27 1
0.63 281.79 1
0.64 282.14 1
0.65 283.13 1
0.66 285.17 1
0.67 286.49 1
0.68 290.16 1
0.69 291.13 1
0.7 296.99 1
0.71 302.36 1
0.72 304.74 1
0.73 303.16 1
0.74 299.12 1
0.75 302.51 1
0.76 299.06 1
0.77 299.42 1
0.78 296.36 1
0.79 293.04 1
0.8 291.55 1
0.81 289.09 1
0.82 288.1 1
0.83 288.03 1
0.84 287.91 1
0.85 287.83 1
0.86 287.6 1
0.87 288.98 1
0.88 291.1 1
0.89 296.94 1
0.9 301.67 1
0.91 299.08 1
0.92 297.11 1
0.93 305.78 1
0.94 305.88 1
0.95 297.29 1
0.96 300.63 1
0.97 296.31 1
0.98 291.1 1
0.99 287.16 1
1.0 283.95 1
1.01 282.99 1
1.02 283.01 1
1.03 286.81 1
1.04 287.58 1
1.05 291.37 1
1.06 291.14 1
1.07 300.33 1
1.08 303.13 1
1.09 309.34 1
1.1 310.77 1
1.11 306.81 1
1.12 301.42 1
1.13 295.12 1
1.14 290.16 1
1.15 285.73 1
1.16 284.62 1
1.17 280.65 1
1.18 143.49 1
1.19 145.31 1
1.2 146.77 1
1.21 75.83 1
1.22 75.99 1
1.23 75.09 1
1.24 73.68 1
1.25 74.06 1
1.26 73.94 1
1.27 74.57 1
1.28 74.55 1
1.29 74.49 1
1.3 74.56 1
1.31 74.5 1
1.32 74.55 1
1.33 74.52 1
1.34 74.5 1
1.35 74.57 1
1.36 74.52 1
1.37 74.59 1
1.38 74.54 1
1.39 74.52 1
1.4 74.68 1
1.41 74.37 1
1.42 74.62 1
1.43 74.54 1
1.44 74.41 1
1.45 74.55 1
1.46 74.41 1
1.47 74.63 1
1.48 74.43 1
1.49 74.55 1
1.5 74.55 1
1.51 74.55 1
1.52 74.43 1
1.53 74.44 1
1.54 74.6 1
1.55 74.54 1
1.56 74.48 1
1.57 74.63 1
1.58 74.49 1
1.59 74.49 1
1.6 74.67 1
1.61 74.52 1
1.62 74.48 1
1.63 74.67 1
1.64 74.39 1
1.65 74.68 1
1.66 74.52 1
1.67 74.46 1
1.68 74.56 1
1.69 74.59 1
1.7 74.41 1
1.71 74.56 1
1.72 74.48 1
1.73 74.41 1
1.74 74.76 1
1.75 74.35 1
1.76 74.59 1
1.77 74.81 1
1.78 74.55 1
1.79 74.58 1
1.8 143.41 1
1.81 288.81 1
1.82 285.49 1
1.83 302.88 1
1.84 295.1 1
1.85 303.07 1
1.86 307.25 1
1.87 302.07 1
1.88 302.22 1
1.89 302.2 1
1.9 301.86 1
1.91 300.44 1
1.92 299.62 1
1.93 300.71 1
1.94 300.15 1
1.95 299.94 1
1.96 301.06 1
1.97 300.38 1
1.98 298.99 1
1.99 298.47 1
2.0 298.35 1
2.01 297.9 1
2.02 296.98 1
2.03 298.8 1
2.04 299.31 1
2.05 296.93 1
2.06 296.78 1
2.07 296.89 1
2.08 297.56 1
2.09 298.21 1
2.1 293.1 1
2.11 295.04 1
2.12 297.29 1
2.13 298.46 1
2.14 298.99 1
2.15 298.7 1
2.16 298.86 1
2.17 299.56 1
2.18 297.02 1
2.19 299.02 1
2.2 301.99 1
2.21 302.39 1
2.22 299.11 1
2.23 302.69 1
2.24 301.39 1
2.25 299.02 1
2.26 296.85 1
2.27 291.28 1
2.28 283.6 1
2.29 271.75 1
2.3 260.97 1
2.31 249.97 1
2.32 245.64 1
2.33 242.96 1
2.34 244.56 1
2.35 246.86 1
2.36 249.49 1
2.37 254.19 1
2.38 266.46 1
2.39 277.6 1
2.4 282.88 1
2.41 291.78 1
2.42 291.12 1
2.43 302.52 1
2.44 304.18 1
2.45 304.27 1
2.46 302.82 1
2.47 302.26 1
2.48 300.92 1
2.49 295.11 1
2.5 296.91 1
2.51 294.61 1
2.52 290.99 1
2.53 287.88 1
2.54 283.22 1
2.55 277.45 1
2.56 268.05 1
2.57 254.28 1
2.58 248.06 1
2.59 242.62 1
2.6 240.3 1
2.61 240.71 1
2.62 245.57 1
2.63 251.91 1
2.64 271.9 1
2.65 291.82 1
2.66 313.88 1
2.67 334.31 1
2.68 354.38 1
2.69 371.03 1
2.7 371.54 1
2.71 369.18 1
2.72 362.95 1
2.73 343.21 1
2.74 327.31 1
2.75 315.94 1
2.76 303.28 1
2.77 303.02 1
2.78 302.04 1
2.79 302.62 1
2.8 304.68 1
2.81 305.96 1
2.82 306.97 1
2.83 307.06 1
2.84 306.2 1
2.85 301.14 1
2.86 298.72 1
2.87 293.76 1
2.88 288.04 1
2.89 284.63 1
2.9 282.56 1
2.91 285.09 1
2.92 290.68 1
2.93 298.48 1
2.94 307.19 1
2.95 305.36 1
2.96 311.92 1
2.97 311.41 1
2.98 307.5 1
2.99 305.34 1
3.0 298.62 1
3.01 290.11 1
3.02 283.34 1
3.03 276.05 1
3.04 271.38 1
3.05 268.51 1
3.06 266.49 1
3.07 261.87 1
3.08 258.72 1
3.09 256.06 1
3.1 254.21 1
3.11 252.48 1
3.12 251.59 1
3.13 250.43 1
3.14 249.9 1
3.15 248.42 1
3.16 247.04 1
3.17 244.48 1
3.18 242.73 1
3.19 241.64 1
3.2 241.66 1
3.21 247.02 1
3.22 250.49 1
3.23 258.61 1
3.24 264.77 1
3.25 276.82 1
3.26 284.52 1
3.27 290.72 1
3.28 290.63 1
3.29 285.18 1
3.3 0.0 1
3.31 0.0 1
3.32 71.65 1
3.33 73.57 1
3.34 74.57 1
3.35 74.59 1
3.36 73.33 1
3.37 74.57 1
3.38 74.51 1
3.39 74.52 1
3.4 74.62 1
3.41 74.49 1
3.42 74.49 1
3.43 74.56 1
3.44 74.4 1
3.45 0.0 1
3.46 227.01 1
3.47 227.8 1
3.48 227.92 1
3.49 228.55 1
3.5 230.3 1
3.51 230.3 1
3.52 230.16 1
3.53 226.96 1
3.54 224.15 1
3.55 223.95 1
3.56 224.66 1
3.57 223.72 1
3.58 222.72 1
3.59 222.66 1
3.6 222.73 1
3.61 222.43 1
3.62 222.29 1
3.63 223.15 1
3.64 224.2 1
3.65 224.41 1
3.66 224.7 1
3.67 224.27 1
3.68 224.26 1
3.69 223.69 1
3.7 223.53 1
3.71 223.66 1
3.72 223.93 1
3.73 222.42 1
3.74 221.11 1
3.75 217.78 1
3.76 215.15 1
3.77 213.43 1
3.78 213.48 1
3.79 215.81 1
3.8 229.1 1
3.81 246.1 1
3.82 261.81 1
3.83 284.41 1
3.84 291.19 1
3.85 295.62 1
3.86 282.45 1
3.87 262.85 1
3.88 0.0 1
3.89 0.0 1
3.9 0.0 1
3.91 0.0 1
3.92 198.21 1
3.93 199.08 1
3.94 202.74 1
3.95 220.09 1
3.96 222.94 1
3.97 229.78 1
3.98 231.64 1
3.99 230.29 1
4.0 225.67 1
4.01 221.71 1
4.02 216.7 1
4.03 211.87 1
4.04 207.58 1
4.05 209.91 1
4.06 211.22 1
4.07 215.63 1
4.08 217.65 1
4.09 221.36 1
4.1 225.31 1
4.11 226.74 1
4.12 227.95 1
4.13 227.93 1
4.14 227.93 1
4.15 227.6 1
4.16 226.13 1
4.17 223.37 1
4.18 221.87 1
4.19 222.09 1
4.2 223.0 1
4.21 223.79 1
4.22 223.91 1
4.23 224.5 1
4.24 223.46 1
4.25 221.92 1
4.26 215.63 1
4.27 203.1 1
4.28 184.43 1
4.29 173.22 1
4.3 161.81 1
4.31 162.27 1
4.32 166.95 1
4.33 179.16 1
4.34 181.25 1
4.35 217.35 1
4.36 225.58 1
4.37 244.6 1
4.38 251.77 1
4.39 255.83 1
4.4 252.05 1
4.41 244.88 1
4.42 234.7 1
4.43 223.62 1
4.44 197.31 1
4.45 190.05 1
4.46 180.55 1
4.47 179.63 1
4.48 173.97 1
4.49 174.89 1
4.5 179.18 1
4.51 183.8 1
4.52 192.17 1
4.53 199.95 1
4.54 205.08 1
4.55 207.54 1
4.56 216.69 1
4.57 220.56 1
4.58 222.28 1
4.59 222.51 1
4.6 220.97 1
4.61 219.05 1
4.62 219.62 1
4.63 219.84 1
4.64 219.97 1
4.65 220.82 1
4.66 219.34 1
4.67 219.3 1
4.68 220.54 1
4.69 220.42 1
4.7 221.66 1
4.71 221.8 1
4.72 222.05 1
4.73 215.67 1
4.74 222.51 1
4.75 223.85 1
4.76 223.65 1
4.77 211.51 1
4.78 225.03 1
4.79 224.2 1
4.8 215.66 1
4.81 214.61 1
4.82 203.69 1
4.83 206.54 1
4.84 200.9 1
4.85 199.99 1
4.86 201.82 1
4.87 201.08 1
4.88 199.38 1
4.89 200.9 1
4.9 204.62 1
4.91 223.27 1
4.92 224.13 1
4.93 218.88 1
4.94 222.17 1
4.95 225.65 1
4.96 225.91 1
4.97 218.88 1
4.98 221.84 1
4.99 223.23 1
5.0 222.9 1
5.01 221.65 1
5.02 218.88 1
5.03 222.98 1
5.04 223.88 1
5.05 223.04 1
5.06 221.07 1
5.07 225.13 1
5.08 225.52 1
5.09 224.0 1
5.1 221.07 1
5.11 224.85 1
5.12 224.9 1
5.13 224.43 1
5.14 223.3 1
5.15 224.71 1
5.16 224.97 1
5.17 224.34 1
5.18 224.37 1
5.19 225.49 1
5.2 224.81 1
5.21 224.04 1
5.22 224.36 1
5.23 224.46 1
5.24 223.62 1
5.25 223.41 1
5.26 223.06 1
5.27 222.75 1
5.28 222.47 1
5.29 221.87 1
5.3 223.31 1
5.31 223.23 1
5.32 223.51 1
5.33 221.86 1
5.34 222.86 1
5.35 224.37 1
5.36 224.19 1
5.37 222.26 1
5.38 223.86 1
5.39 225.93 1
5.4 225.05 1
5.41 222.41 1
5.42 223.84 1
5.43 225.89 1
5.44 223.45 1
5.45 221.17 1
5.46 223.34 1
5.47 224.94 1
5.48 223.97 1
5.49 221.77 1
5.5 224.82 1
5.51 225.68 1
5.52 224.43 1
5.53 222.51 1
5.54 224.85 1
5.55 225.44 1
5.56 224.31 1
5.57 222.7 1
5.58 224.66 1
5.59 225.43 1
5.6 224.43 1
5.61 224.67 1
5.62 225.61 1
5.63 224.71 1
5.64 223.3 1
5.65 226.13 1
5.66 226.67 1
5.67 223.31 1
5.68 226.11 1
5.69 227.9 1
5.7 225.08 1
5.71 224.75 1
5.72 225.48 1
5.73 225.37 1
5.74 223.98 1
5.75 223.84 1
5.76 223.93 1
5.77 223.78 1
5.78 223.27 1
5.79 223.55 1
5.8 223.88 1
5.81 223.45 1
5.82 224.09 1
5.83 224.79 1
5.84 225.38 1
5.85 225.15 1
5.86 226.18 1
5.87 226.9 1
5.88 223.32 1
5.89 223.78 1
5.9 224.5 1
5.91 225.05 1
5.92 222.18 1
5.93 222.79 1
5.94 223.74 1
5.95 224.23 1
5.96 222.18 1
5.97 222.85 1
5.98 224.14 1
5.99 224.55 1
6.0 222.89 1
6.01 222.5 1
6.02 223.26 1
6.03 223.89 1
6.04 222.76 1
6.05 223.38 1
6.06 224.51 1
6.07 225.58 1
6.08 224.33 1
6.09 224.27 1
6.1 224.83 1
6.11 224.83 1
6.12 223.31 1
6.13 224.25 1
6.14 224.54 1
6.15 224.71 1
6.16 221.06 1
6.17 74.06 1
6.18 74.61 1
6.19 74.39 1
6.2 74.52 1
6.21 74.39 1
6.22 74.59 1
6.23 74.54 1
6.24 74.52 1
6.25 74.59 1
6.26 74.48 1
6.27 74.5 1
6.28 74.66 1
6.29 74.41 1
6.3 74.63 1
6.31 74.6 1
6.32 74.44 1
6.33 74.7 1
6.34 74.49 1
6.35 74.41 1
6.36 74.61 1
6.37 74.4 1
6.38 74.58 1
6.39 74.53 1
6.4 74.46 1
6.41 74.63 1
6.42 74.52 1
6.43 74.46 1
6.44 74.75 1
6.45 74.56 1
6.46 74.61 1
6.47 74.55 1
6.48 74.51 1
6.49 74.46 1
6.5 74.66 1
6.51 74.49 1
6.52 74.47 1
6.53 74.61 1
6.54 74.53 1
6.55 74.61 1
6.56 74.57 1
6.57 74.54 1
6.58 74.47 1
6.59 74.44 1
6.6 74.6 1
6.61 74.65 1
6.62 74.56 1
6.63 74.86 1
6.64 74.46 1
6.65 74.28 1
6.66 74.51 1
6.67 74.51 1
6.68 74.59 1
6.69 74.76 1
6.7 74.63 1
6.71 74.48 1
6.72 74.57 1
6.73 74.37 1
6.74 74.69 1
6.75 74.52 1
6.76 74.49 1
6.77 74.68 1
6.78 74.36 1
6.79 74.48 1
6.8 74.56 1
6.81 74.39 1
6.82 92.75 1
6.83 90.25 1
6.84 87.24 1
6.85 164.9 1
6.86 169.57 1
6.87 163.4 1
6.88 165.66 1
6.89 165.49 1
6.9 167.41 1
6.91 168.03 1
6.92 168.52 1
6.93 168.9 1
6.94 169.34 1
6.95 171.64 1
6.96 174.81 1
6.97 179.51 1
6.98 185.69 1
6.99 188.09 1
7.0 196.62 1
7.01 201.33 1
7.02 206.57 1
7.03 212.52 1
7.04 217.31 1
7.05 220.17 1
7.06 222.21 1
7.07 221.66 1
7.08 220.22 1
7.09 217.87 1
7.1 217.31 1
7.11 217.25 1
7.12 217.09 1
7.13 217.99 1
7.14 218.68 1
7.15 219.21 1
7.16 219.42 1
7.17 219.17 1
7.18 218.29 1
7.19 219.07 1
7.2 220.2 1
7.21 221.61 1
7.22 222.25 1
7.23 221.02 1
7.24 215.6 1
7.25 211.33 1
7.26 205.52 1
7.27 203.68 1
7.28 205.62 1
7.29 215.03 1
7.3 224.38 1
7.31 231.51 1
7.32 236.73 1
7.33 236.97 1
7.34 231.09 1
7.35 219.78 1
7.36 209.52 1
7.37 201.13 1
7.38 180.37 1
7.39 168.0 1
7.4 153.92 1
7.41 145.73 1
7.42 165.48 1
7.43 163.87 1
7.44 166.75 1
7.45 191.34 1
7.46 200.57 1
7.47 205.81 1
7.48 221.71 1
7.49 225.97 1
7.5 224.64 1
7.51 225.76 1
7.52 226.25 1
7.53 224.59 1
7.54 222.96 1
7.55 222.36 1
7.56 222.26 1
7.57 222.33 1
7.58 221.83 1
7.59 221.88 1
7.6 222.31 1
7.61 222.46 1
7.62 223.99 1
7.63 225.49 1
7.64 226.56 1
7.65 226.69 1
7.66 226.67 1
7.67 225.59 1
7.68 224.35 1
7.69 222.78 1
7.7 220.01 1
7.71 221.06 1
7.72 224.71 1
7.73 229.12 1
7.74 241.68 1
7.75 253.26 1
7.76 271.34 1
7.77 286.8 1
7.78 298.45 1
7.79 306.89 1
7.8 309.48 1
7.81 309.16 1
7.82 305.9 1
7.83 300.18 1
7.84 293.47 1
7.85 285.47 1
7.86 279.94 1
7.87 274.64 1
7.88 261.86 1
7.89 258.45 1
7.9 254.28 1
7.91 254.88 1
7.92 253.19 1
7.93 251.63 1
7.94 249.8 1
7.95 248.73 1
7.96 248.01 1
7.97 248.16 1
7.98 248.83 1
7.99 250.38 1
8.0 250.63 1
8.01 252.4 1
8.02 254.08 1
8.03 255.71 1
8.04 261.76 1
8.05 268.92 1
8.06 276.46 1
8.07 281.88 1
8.08 284.1 1
8.09 285.34 1
8.1 284.97 1
8.11 282.95 1
8.12 279.99 1
8.13 278.13 1
8.14 274.62 1
8.15 263.36 1
8.16 257.27 1
8.17 255.7 1
8.18 251.85 1
8.19 248.4 1
8.2 244.27 1
8.21 240.26 1
8.22 232.75 1
8.23 229.19 1
8.24 229.1 1
8.25 226.77 1
8.26 226.22 1
8.27 226.61 1
8.28 226.78 1
8.29 227.47 1
8.3 225.19 1
8.31 223.2 1
8.32 224.43 1
8.33 223.2 1
8.34 221.18 1
8.35 224.45 1
8.36 223.57 1
8.37 221.18 1
8.38 224.39 1
8.39 224.71 1
8.4 223.39 1
8.41 223.32 1
8.42 149.34 1
8.43 149.15 1
8.44 148.27 1
8.45 149.44 1
8.46 149.21 1
8.47 149.71 1
8.48 149.21 1
8.49 148.75 1
8.5 149.13 1
8.51 149.06 1
8.52 149.02 1
8.53 149.03 1
8.54 149.15 1
8.55 147.33 1
8.56 149.23 1
8.57 145.82 1
8.58 289.2 1
8.59 288.35 1
8.6 312.38 1
8.61 303.87 1
8.62 302.38 1
8.63 302.86 1
8.64 301.05 1
8.65 299.1 1
8.66 299.05 1
8.67 301.06 1
8.68 299.12 1
8.69 299.14 1
8.7 297.11 1
8.71 295.08 1
8.72 293.16 1
8.73 295.02 1
8.74 296.36 1
8.75 296.45 1
8.76 295.06 1
8.77 295.08 1
8.78 297.02 1
8.79 297.07 1
8.8 297.1 1
8.81 299.11 1
8.82 299.16 1
8.83 297.21 1
8.84 297.12 1
8.85 295.1 1
8.86 291.23 1
8.87 291.09 1
8.88 285.75 1
8.89 283.03 1
8.9 284.33 1
8.91 285.39 1
8.92 288.38 1
8.93 292.11 1
8.94 295.03 1
8.95 297.12 1
8.96 299.15 1
8.97 301.18 1
8.98 305.02 1
8.99 304.49 1
9.0 303.1 1
9.01 299.09 1
9.02 297.09 1
9.03 295.13 1
9.04 295.12 1
9.05 295.14 1
9.06 297.07 1
9.07 297.1 1
9.08 297.16 1
9.09 299.16 1
9.1 297.24 1
9.11 297.24 1
9.12 297.21 1
9.13 295.23 1
9.14 294.99 1
9.15 291.11 1
9.16 284.41 1
9.17 279.99 1
9.18 278.24 1
9.19 278.62 1
9.2 280.81 1
9.21 284.0 1
9.22 288.6 1
9.23 292.55 1
9.24 295.04 1
9.25 297.14 1
9.26 299.13 1
9.27 299.14 1
9.28 301.16 1
9.29 302.31 1
9.3 301.05 1
9.31 299.1 1
9.32 299.14 1
9.33 301.06 1
9.34 299.18 1
9.35 297.27 1
9.36 297.22 1
9.37 297.02 1
9.38 291.21 1
9.39 285.26 1
9.4 276.27 1
9.41 260.08 1
9.42 244.77 1
9.43 242.82 1
9.44 233.5 1
9.45 235.71 1
9.46 235.34 1
9.47 244.29 1
9.48 252.73 1
9.49 260.22 1
9.5 268.96 1
9.51 278.22 1
9.52 289.31 1
9.53 294.99 1
9.54 297.06 1
9.55 299.05 1
9.56 297.11 1
9.57 295.1 1
9.58 294.69 1
9.59 292.04 1
9.6 288.99 1
9.61 287.11 1
9.62 283.5 1
9.63 279.93 1
9.64 276.3 1
9.65 262.27 1
9.66 263.34 1
9.67 255.86 1
9.68 252.17 1
9.69 250.65 1
9.7 251.49 1
9.71 254.16 1
9.72 260.29 1
9.73 276.44 1
9.74 288.61 1
9.75 303.19 1
9.76 322.16 1
9.77 360.2 1
9.78 365.47 1
9.79 357.1 1
9.8 340.2 1
9.81 318.21 1
9.82 311.67 1
9.83 289.18 1
9.84 287.75 1
9.85 303.11 1
9.86 285.36 1
9.87 284.18 1
9.88 304.78 1
9.89 300.82 1
9.9 301.16 1
9.91 305.21 1
9.92 303.29 1
9.93 303.27 1
9.94 300.43 1
9.95 296.64 1
9.96 289.83 1
9.97 285.99 1
9.98 284.58 1
9.99 284.65 1
10.0 286.17 1
10.01 288.52 1
10.02 289.36 1
10.03 292.22 1
10.04 296.17 1
10.05 299.01 1
10.06 299.03 1
10.07 301.07 1
10.08 304.78 1
10.09 306.04 1
10.1 304.97 1
10.11 294.99 1
