0.01 274.51 1
0.02 281.74 1
0.03 285.18 1
0.04 291.54 1
0.05 307.2 1
0.06 303.81 1
0.07 299.3 1
0.08 303.82 1
0.09 304.05 1
0.1 299.23 1
0.11 299.04 1
0.12 297.1 1
0.13 298.61 1
0.14 291.62 1
0.15 291.43 1
0.16 283.79 1
0.17 226.68 1
0.18 298.8 1
0.19 301.44 1
0.2 321.72 1
0.21 329.47 1
0.22 332.85 1
0.23 334.34 1
0.24 335.79 1
0.25 333.84 1
0.26 326.47 1
0.27 309.42 1
0.28 0.0 1
0.29 0.0 1
0.3 0.0 1
0.31 0.0 1
0.32 0.0 1
0.33 0.0 1
0.34 0.0 1
0.35 0.0 1
0.36 0.0 1
0.37 0.0 1
0.38 0.0 1
0.39 0.0 1
0.4 0.0 1
0.41 0.0 1
0.42 0.0 1
0.43 0.0 1
0.44 74.31 1
0.45 74.51 1
0.46 74.43 1
0.47 74.5 1
0.48 74.55 1
0.49 74.43 1
0.5 74.43 1
0.51 0.0 1
0.52 296.17 1
0.53 293.42 1
0.54 296.56 1
0.55 300.6 1
0.56 303.0 1
0.57 303.86 1
0.58 303.4 1
0.59 301.08 1
0.6 298.95 1
0.61 294.78 1
0.62 290.97 1
0.63 285.47 1
0.64 277.85 1
0.65 258.66 1
0.66 255.27 1
0.67 269.69 1
0.68 282.59 1
0.69 288.96 1
0.7 293.02 1
0.71 299.8 1
0.72 299.19 1
0.73 306.13 1
0.74 305.94 1
0.75 301.18 1
0.76 303.25 1
0.77 305.18 1
0.78 303.16 1
0.79 301.15 1
0.8 295.06 1
0.81 283.65 1
0.82 293.12 1
0.83 281.81 1
0.84 298.11 1
0.85 286.31 1
0.86 284.31 1
0.87 282.28 1
0.88 285.69 1
0.89 296.05 1
0.9 311.71 1
0.91 323.06 1
0.92 334.13 1
0.93 336.42 1
0.94 324.47 1
0.95 313.88 1
0.96 263.25 1
0.97 293.04 1
0.98 245.69 1
0.99 264.26 1
1.0 192.87 1
1.01 199.07 1
1.02 190.46 1
1.03 201.43 1
1.04 215.59 1
1.05 179.32 1
1.06 245.58 1
1.07 273.3 1
1.08 285.05 1
1.09 294.11 1
1.1 293.2 1
1.11 289.46 1
1.12 268.04 1
1.13 260.16 1
1.14 257.15 1
1.15 230.35 1
1.16 209.88 1
1.17 209.85 1
1.18 212.56 1
1.19 223.37 1
1.2 234.19 1
1.21 251.91 1
1.22 266.27 1
1.23 278.38 1
1.24 292.87 1
1.25 299.41 1
1.26 303.24 1
1.27 305.6 1
1.28 302.9 1
1.29 289.52 1
1.3 285.59 1
1.31 279.97 1
1.32 274.4 1
1.33 272.11 1
1.34 271.73 1
1.35 276.44 1
1.36 284.94 1
1.37 300.58 1
1.38 316.14 1
1.39 331.51 1
1.4 338.48 1
1.41 338.47 1
1.42 331.48 1
1.43 309.53 1
1.44 287.97 1
1.45 279.97 1
1.46 251.55 1
1.47 228.17 1
1.48 219.73 1
1.49 206.56 1
1.5 207.55 1
1.51 211.92 1
1.52 221.47 1
1.53 237.49 1
1.54 247.9 1
1.55 274.04 1
1.56 288.23 1
1.57 291.28 1
1.58 304.83 1
1.59 322.98 1
1.6 325.74 1
1.61 322.95 1
1.62 311.64 1
1.63 303.55 1
1.64 289.5 1
1.65 283.49 1
1.66 281.02 1
1.67 285.59 1
1.68 295.3 1
1.69 312.51 1
1.7 319.61 1
1.71 337.07 1
1.72 347.7 1
1.73 350.05 1
1.74 343.21 1
1.75 335.16 1
1.76 321.08 1
1.77 300.99 1
1.78 270.51 1
1.79 251.2 1
1.8 233.76 1
1.81 230.92 1
1.82 233.94 1
1.83 243.22 1
1.84 260.29 1
1.85 280.05 1
1.86 290.96 1
1.87 301.08 1
1.88 311.65 1
1.89 311.73 1
1.9 299.09 1
1.91 282.92 1
1.92 276.43 1
1.93 207.97 1
1.94 214.64 1
1.95 221.03 1
1.96 219.94 1
1.97 218.27 1
1.98 218.18 1
1.99 218.53 1
2.0 218.54 1
2.01 220.37 1
2.02 222.38 1
2.03 222.1 1
2.04 222.45 1
2.05 223.37 1
2.06 225.35 1
2.07 226.77 1
2.08 228.53 1
2.09 228.94 1
2.1 227.91 1
2.11 222.09 1
2.12 215.59 1
2.13 205.03 1
2.14 198.4 1
2.15 198.42 1
2.16 202.38 1
2.17 206.71 1
2.18 221.49 1
2.19 231.68 1
2.2 244.44 1
2.21 245.91 1
2.22 228.16 1
2.23 224.0 1
2.24 198.23 1
2.25 216.42 1
2.26 202.82 1
2.27 184.92 1
2.28 180.35 1
2.29 178.15 1
2.3 179.24 1
2.31 180.84 1
2.32 187.27 1
2.33 197.14 1
2.34 206.64 1
2.35 215.66 1
2.36 215.86 1
2.37 211.68 1
2.38 200.96 1
2.39 184.15 1
2.4 189.67 1
2.41 201.98 1
2.42 174.65 1
2.43 169.65 1
2.44 160.12 1
2.45 164.82 1
2.46 163.04 1
2.47 169.06 1
2.48 173.78 1
2.49 180.14 1
2.5 185.69 1
2.51 190.04 1
2.52 192.38 1
2.53 189.95 1
2.54 183.57 1
2.55 184.92 1
2.56 183.03 1
2.57 75.61 1
2.58 74.19 1
2.59 82.34 1
2.6 75.84 1
2.61 73.62 1
2.62 74.49 1
2.63 74.58 1
2.64 74.92 1
2.65 74.97 1
2.66 74.94 1
2.67 75.07 1
2.68 74.81 1
2.69 74.81 1
2.7 73.55 1
2.71 136.49 1
2.72 124.25 1
2.73 123.63 1
2.74 128.75 1
2.75 148.74 1
2.76 137.6 1
2.77 146.46 1
2.78 158.92 1
2.79 165.73 1
2.8 181.81 1
2.81 195.4 1
2.82 203.86 1
2.83 204.81 1
2.84 209.36 1
2.85 198.75 1
2.86 195.58 1
2.87 210.42 1
2.88 192.4 1
2.89 193.53 1
2.9 182.54 1
2.91 180.97 1
2.92 186.48 1
2.93 164.54 1
2.94 154.09 1
2.95 151.28 1
2.96 74.68 1
2.97 74.88 1
2.98 74.94 1
2.99 74.81 1
3.0 74.94 1
3.01 74.68 1
3.02 73.78 1
3.03 74.94 1
3.04 75.02 1
3.05 74.85 1
3.06 75.64 1
3.07 71.21 1
3.08 71.44 1
3.09 71.3 1
3.1 71.2 1
3.11 72.03 1
3.12 73.06 1
3.13 73.93 1
3.14 74.81 1
3.15 75.06 1
3.16 74.15 1
3.17 74.19 1
3.18 74.62 1
3.19 74.81 1
3.2 73.93 1
3.21 60.57 1
3.22 62.06 1
3.23 73.3 1
3.24 75.19 1
3.25 69.63 1
3.26 71.3 1
3.27 71.98 1
3.28 72.58 1
3.29 73.68 1
3.3 73.84 1
3.31 74.2 1
3.32 74.68 1
3.33 75.11 1
3.34 76.23 1
3.35 73.21 1
3.36 74.56 1
3.37 76.12 1
3.38 75.07 1
3.39 73.19 1
3.4 171.23 1
3.41 199.14 1
3.42 184.94 1
3.43 180.36 1
3.44 184.28 1
3.45 191.31 1
3.46 200.67 1
3.47 214.55 1
3.48 0.0 1
3.49 0.0 1
3.5 0.0 1
3.51 0.0 1
3.52 0.0 1
3.53 0.0 1
3.54 0.0 1
3.55 208.19 1
3.56 209.52 1
3.57 196.33 1
3.58 195.53 1
3.59 199.25 1
3.6 214.8 1
3.61 293.46 1
3.62 254.18 1
3.63 273.05 1
3.64 294.67 1
3.65 308.32 1
3.66 316.48 1
3.67 316.28 1
3.68 311.14 1
3.69 296.95 1
3.7 280.37 1
3.71 254.0 1
3.72 242.96 1
3.73 231.72 1
3.74 222.76 1
3.75 224.66 1
3.76 228.04 1
3.77 236.6 1
3.78 255.67 1
3.79 273.06 1
3.8 285.97 1
3.81 290.45 1
3.82 285.67 1
3.83 278.17 1
3.84 190.72 1
3.85 197.31 1
3.86 202.8 1
3.87 202.79 1
3.88 204.09 1
3.89 221.17 1
3.9 220.45 1
3.91 218.67 1
3.92 220.12 1
3.93 221.72 1
3.94 221.59 1
3.95 219.61 1
3.96 218.13 1
3.97 217.66 1
3.98 215.77 1
3.99 214.86 1
4.0 217.81 1
4.01 207.55 1
4.02 0.0 1
4.03 0.0 1
4.04 0.0 1
4.05 0.0 1
4.06 75.53 1
4.07 76.09 1
4.08 73.4 1
4.09 72.82 1
4.1 74.37 1
4.11 74.75 1
4.12 74.43 1
4.13 74.51 1
4.14 74.29 1
4.15 0.0 1
4.16 0.0 1
4.17 0.0 1
4.18 0.0 1
4.19 0.0 1
4.2 0.0 1
4.21 0.0 1
4.22 0.0 1
4.23 0.0 1
4.24 0.0 1
4.25 0.0 1
4.26 0.0 1
4.27 0.0 1
4.28 0.0 1
4.29 373.71 1
4.3 369.01 1
4.31 365.87 1
4.32 366.41 1
4.33 293.06 1
4.34 283.52 1
4.35 258.97 1
4.36 247.62 1
4.37 241.87 1
4.38 247.3 1
4.39 255.38 1
4.4 281.7 1
4.41 314.96 1
4.42 385.42 1
4.43 477.14 1
4.44 514.16 1
4.45 508.81 1
4.46 492.49 1
4.47 466.59 1
4.48 426.23 1
4.49 381.87 1
4.5 303.49 1
4.51 295.11 1
4.52 289.68 1
4.53 296.65 1
4.54 289.06 1
4.55 292.33 1
4.56 295.0 1
4.57 295.13 1
4.58 297.12 1
4.59 297.2 1
4.6 299.14 1
4.61 297.28 1
4.62 291.6 1
4.63 286.22 1
4.64 295.02 1
4.65 293.04 1
4.66 292.55 1
4.67 290.01 1
4.68 282.8 1
4.69 278.36 1
4.7 278.08 1
4.71 281.93 1
4.72 289.96 1
4.73 304.7 1
4.74 317.05 1
4.75 325.36 1
4.76 331.56 1
4.77 333.5 1
4.78 329.07 1
4.79 320.95 1
4.8 311.5 1
4.81 287.24 1
4.82 280.23 1
4.83 260.07 1
4.84 244.91 1
4.85 238.88 1
4.86 238.87 1
4.87 237.57 1
4.88 238.93 1
4.89 244.3 1
4.9 251.86 1
4.91 136.52 1
4.92 141.98 1
4.93 143.49 1
4.94 143.94 1
4.95 142.5 1
4.96 143.36 1
4.97 139.77 1
4.98 263.23 1
4.99 253.94 1
5.0 242.66 1
5.01 237.08 1
5.02 236.96 1
5.03 242.95 1
5.04 251.55 1
5.05 261.88 1
5.06 281.43 1
5.07 299.13 1
