0.01 74.54 1
0.02 74.56 1
0.03 74.59 1
0.04 74.55 1
0.05 74.31 1
0.06 74.48 1
0.07 74.42 1
0.08 74.48 1
0.09 0.0 1
0.1 289.48 1
0.11 290.63 1
0.12 287.92 1
0.13 285.79 1
0.14 285.41 1
0.15 284.59 1
0.16 284.47 1
0.17 284.86 1
0.18 284.85 1
0.19 287.22 1
0.2 283.69 1
0.21 289.04 1
0.22 287.2 1
0.23 288.57 1
0.24 266.37 1
0.25 262.27 1
0.26 139.85 1
0.27 74.08 1
0.28 74.49 1
0.29 74.78 1
0.3 74.94 1
0.31 74.58 1
0.32 74.4 1
0.33 73.9 1
0.34 134.29 1
0.35 138.96 1
0.36 152.74 1
0.37 152.15 1
0.38 143.37 1
0.39 136.77 1
0.4 142.45 1
0.41 141.81 1
0.42 140.74 1
0.43 136.23 1
0.44 148.67 1
0.45 140.73 1
0.46 142.78 1
0.47 141.29 1
0.48 141.44 1
0.49 141.19 1
0.5 136.29 1
0.51 142.94 1
0.52 141.67 1
0.53 150.76 1
0.54 143.0 1
0.55 143.92 1
0.56 74.34 1
0.57 74.58 1
0.58 74.75 1
0.59 73.91 1
0.6 74.26 1
0.61 74.31 1
0.62 74.49 1
0.63 74.32 1
0.64 73.94 1
0.65 64.7 1
0.66 58.46 1
0.67 74.23 1
0.68 74.31 1
0.69 74.11 1
0.7 73.7 1
0.71 73.99 1
0.72 73.44 1
0.73 73.41 1
0.74 72.87 1
0.75 73.3 1
0.76 73.37 1
0.77 73.46 1
0.78 72.19 1
0.79 73.54 1
0.8 73.43 1
0.81 73.51 1
0.82 72.45 1
0.83 74.31 1
0.84 74.58 1
0.85 73.92 1
0.86 74.43 1
0.87 74.71 1
0.88 74.16 1
0.89 74.29 1
0.9 75.11 1
0.91 74.96 1
0.92 74.57 1
0.93 74.16 1
0.94 73.64 1
0.95 74.61 1
0.96 74.54 1
0.97 73.94 1
0.98 73.57 1
0.99 73.43 1
1.0 74.7 1
1.01 73.01 1
1.02 73.08 1
1.03 73.33 1
1.04 73.79 1
1.05 73.78 1
1.06 74.08 1
1.07 73.99 1
1.08 74.69 1
1.09 74.17 1
1.1 74.32 1
1.11 74.41 1
1.12 74.17 1
1.13 74.58 1
1.14 74.42 1
1.15 74.95 1
1.16 74.4 1
1.17 73.47 1
1.18 72.83 1
1.19 74.43 1
1.2 73.56 1
1.21 73.65 1
1.22 73.43 1
1.23 74.39 1
1.24 74.81 1
1.25 74.45 1
1.26 74.69 1
1.27 74.71 1
1.28 74.11 1
1.29 74.76 1
1.3 73.61 1
1.31 74.01 1
1.32 73.31 1
1.33 72.4 1
1.34 73.3 1
1.35 74.56 1
1.36 74.51 1
1.37 75.59 1
1.38 75.16 1
1.39 74.59 1
1.4 74.43 1
1.41 71.97 1
1.42 77.17 1
1.43 74.68 1
1.44 74.24 1
1.45 74.15 1
1.46 74.56 1
1.47 74.19 1
1.48 74.55 1
1.49 74.94 1
1.5 74.19 1
1.51 74.68 1
1.52 74.42 1
1.53 74.29 1
1.54 74.81 1
1.55 74.37 1
1.56 74.49 1
1.57 74.68 1
1.58 74.29 1
1.59 74.46 1
1.6 74.58 1
1.61 74.48 1
1.62 74.64 1
1.63 74.67 1
1.64 74.38 1
1.65 74.56 1
1.66 74.44 1
1.67 74.37 1
1.68 74.81 1
1.69 74.54 1
1.7 74.53 1
1.71 74.7 1
1.72 74.43 1
1.73 74.5 1
1.74 74.62 1
1.75 74.41 1
1.76 74.63 1
1.77 74.62 1
1.78 74.43 1
1.79 75.57 1
1.8 74.31 1
1.81 73.81 1
1.82 73.98 1
1.83 75.01 1
1.84 74.81 1
1.85 75.03 1
1.86 75.25 1
1.87 75.17 1
1.88 75.02 1
1.89 74.94 1
1.9 74.94 1
1.91 74.9 1
1.92 74.92 1
1.93 74.68 1
1.94 74.3 1
1.95 74.11 1
1.96 73.83 1
1.97 73.81 1
1.98 73.93 1
1.99 73.97 1
2.0 74.42 1
2.01 74.69 1
2.02 74.97 1
2.03 74.94 1
2.04 74.69 1
2.05 74.94 1
2.06 75.07 1
2.07 74.94 1
2.08 75.06 1
2.09 74.94 1
2.1 74.94 1
2.11 74.69 1
2.12 74.56 1
2.13 74.35 1
2.14 74.11 1
2.15 73.93 1
2.16 73.93 1
2.17 73.74 1
2.18 73.93 1
2.19 73.93 1
2.2 74.08 1
2.21 74.44 1
2.22 74.75 1
2.23 74.82 1
2.24 74.94 1
2.25 74.82 1
2.26 75.07 1
2.27 74.95 1
2.28 74.68 1
2.29 73.93 1
2.3 73.19 1
2.31 144.29 1
2.32 135.96 1
2.33 131.03 1
2.34 119.76 1
2.35 119.68 1
2.36 123.25 1
2.37 119.37 1
2.38 117.82 1
2.39 123.47 1
2.4 129.5 1
2.41 255.76 1
2.42 276.45 1
2.43 283.59 1
2.44 289.13 1
2.45 287.36 1
2.46 303.04 1
2.47 325.83 1
2.48 302.31 1
2.49 299.1 1
2.5 301.02 1
2.51 299.08 1
2.52 298.51 1
2.53 298.99 1
2.54 298.93 1
2.55 296.82 1
2.56 295.06 1
2.57 293.81 1
2.58 292.17 1
2.59 309.65 1
2.6 134.81 1
2.61 137.76 1
2.62 132.66 1
2.63 124.76 1
2.64 122.79 1
2.65 124.49 1
2.66 119.4 1
2.67 125.62 1
2.68 127.07 1
2.69 134.67 1
2.7 144.84 1
2.71 163.36 1
2.72 155.55 1
2.73 179.92 1
2.74 184.14 1
2.75 186.26 1
2.76 182.73 1
2.77 170.59 1
2.78 155.59 1
2.79 151.86 1
2.8 151.23 1
2.81 150.17 1
2.82 150.68 1
2.83 151.12 1
2.84 145.26 1
2.85 150.69 1
2.86 151.25 1
2.87 151.27 1
2.88 147.26 1
2.89 147.28 1
2.9 145.3 1
2.91 141.93 1
2.92 139.27 1
2.93 143.13 1
2.94 141.06 1
2.95 142.14 1
2.96 145.06 1
2.97 148.95 1
2.98 153.92 1
2.99 152.3 1
3.0 151.37 1
3.01 148.24 1
3.02 74.61 1
3.03 74.53 1
3.04 74.61 1
3.05 74.53 1
3.06 74.52 1
3.07 74.54 1
3.08 74.56 1
3.09 74.68 1
3.1 74.68 1
3.11 149.23 1
3.12 303.15 1
3.13 303.83 1
3.14 302.25 1
3.15 301.14 1
3.16 302.97 1
3.17 299.25 1
3.18 301.41 1
3.19 297.1 1
3.2 296.83 1
3.21 294.76 1
3.22 291.95 1
3.23 288.91 1
3.24 284.73 1
3.25 279.01 1
3.26 277.85 1
3.27 268.11 1
3.28 257.31 1
3.29 250.97 1
3.3 246.93 1
3.31 244.45 1
3.32 243.01 1
3.33 243.2 1
3.34 243.61 1
3.35 247.36 1
3.36 251.22 1
3.37 254.26 1
3.38 263.43 1
3.39 272.0 1
3.4 278.09 1
3.41 283.6 1
3.42 287.81 1
3.43 278.93 1
3.44 274.64 1
3.45 261.86 1
3.46 254.56 1
3.47 243.2 1
3.48 230.29 1
3.49 223.94 1
3.5 220.37 1
3.51 218.87 1
3.52 218.97 1
3.53 220.21 1
3.54 221.66 1
3.55 222.72 1
3.56 223.41 1
3.57 224.29 1
3.58 223.7 1
3.59 223.43 1
3.6 223.58 1
3.61 223.84 1
3.62 223.65 1
3.63 223.87 1
3.64 223.48 1
3.65 223.06 1
3.66 223.26 1
3.67 223.44 1
3.68 222.75 1
3.69 222.77 1
3.7 221.57 1
3.71 220.82 1
3.72 220.53 1
3.73 220.91 1
3.74 221.01 1
3.75 222.62 1
3.76 223.94 1
3.77 224.76 1
3.78 225.11 1
3.79 225.36 1
3.8 225.03 1
3.81 224.52 1
3.82 223.68 1
3.83 223.77 1
3.84 224.01 1
3.85 223.61 1
3.86 222.49 1
3.87 219.75 1
3.88 218.94 1
3.89 220.45 1
3.9 225.32 1
3.91 238.35 1
3.92 250.9 1
3.93 261.75 1
3.94 272.15 1
3.95 271.45 1
3.96 261.83 1
3.97 245.34 1
3.98 219.42 1
3.99 204.65 1
4.0 193.88 1
4.01 187.32 1
4.02 187.25 1
4.03 197.31 1
4.04 207.26 1
4.05 208.66 1
4.06 224.36 1
4.07 230.23 1
4.08 235.24 1
4.09 236.38 1
4.1 232.27 1
4.11 227.76 1
4.12 219.35 1
4.13 215.64 1
4.14 211.85 1
4.15 206.71 1
4.16 212.01 1
4.17 213.51 1
4.18 214.99 1
4.19 217.72 1
4.2 219.89 1
4.21 222.62 1
4.22 222.51 1
4.23 223.29 1
4.24 222.77 1
4.25 221.54 1
4.26 220.71 1
4.27 220.36 1
4.28 219.8 1
4.29 219.85 1
4.3 220.71 1
4.31 221.08 1
4.32 223.08 1
4.33 224.9 1
4.34 225.49 1
4.35 224.52 1
4.36 223.22 1
4.37 221.65 1
4.38 214.68 1
4.39 199.94 1
4.4 195.12 1
4.41 179.83 1
4.42 174.69 1
4.43 177.74 1
4.44 182.08 1
4.45 187.27 1
4.46 195.84 1
4.47 202.5 1
4.48 214.56 1
4.49 220.49 1
4.5 227.02 1
4.51 229.27 1
4.52 236.91 1
4.53 227.33 1
4.54 224.32 1
4.55 220.83 1
4.56 219.81 1
4.57 215.64 1
4.58 213.45 1
4.59 211.43 1
4.6 207.73 1
4.61 204.65 1
4.62 201.68 1
4.63 197.14 1
4.64 196.37 1
4.65 188.15 1
4.66 184.95 1
4.67 183.4 1
4.68 181.01 1
4.69 180.36 1
4.7 180.31 1
4.71 180.51 1
4.72 181.05 1
4.73 184.04 1
4.74 187.46 1
4.75 184.23 1
4.76 199.01 1
4.77 198.28 1
4.78 203.05 1
4.79 214.51 1
4.8 215.62 1
4.81 74.14 1
4.82 74.94 1
4.83 75.07 1
4.84 74.81 1
4.85 74.56 1
4.86 74.34 1
4.87 74.06 1
4.88 74.18 1
4.89 74.18 1
4.9 74.06 1
4.91 74.25 1
4.92 74.39 1
4.93 74.41 1
4.94 74.48 1
4.95 74.55 1
4.96 74.45 1
4.97 74.84 1
4.98 74.94 1
4.99 74.68 1
5.0 74.81 1
5.01 74.75 1
5.02 74.65 1
5.03 74.66 1
5.04 74.62 1
5.05 74.79 1
5.06 74.94 1
5.07 74.81 1
5.08 74.94 1
5.09 74.81 1
5.1 74.74 1
5.11 74.71 1
5.12 74.8 1
5.13 74.94 1
5.14 74.94 1
5.15 75.06 1
5.16 74.94 1
5.17 75.06 1
5.18 74.94 1
5.19 75.06 1
5.2 74.94 1
5.21 74.79 1
5.22 74.59 1
5.23 74.47 1
5.24 74.45 1
5.25 74.49 1
5.26 74.35 1
5.27 74.29 1
5.28 74.31 1
5.29 74.35 1
5.3 74.35 1
5.31 74.47 1
5.32 74.46 1
5.33 74.29 1
5.34 74.24 1
5.35 74.27 1
5.36 74.38 1
5.37 74.65 1
5.38 74.68 1
5.39 74.18 1
5.4 74.43 1
5.41 74.55 1
5.42 74.3 1
5.43 74.1 1
5.44 74.94 1
5.45 74.58 1
5.46 74.21 1
5.47 74.63 1
5.48 74.62 1
5.49 73.57 1
5.5 73.66 1
5.51 74.54 1
5.52 74.94 1
5.53 74.56 1
5.54 74.25 1
5.55 74.6 1
5.56 74.31 1
5.57 74.56 1
5.58 74.61 1
5.59 74.51 1
5.6 74.4 1
5.61 74.3 1
5.62 74.69 1
5.63 74.76 1
5.64 74.52 1
5.65 74.41 1
5.66 74.46 1
5.67 74.53 1
5.68 74.65 1
5.69 74.68 1
5.7 74.56 1
5.71 74.56 1
5.72 74.71 1
5.73 74.61 1
5.74 74.64 1
5.75 74.68 1
5.76 74.77 1
5.77 74.81 1
5.78 74.81 1
5.79 74.81 1
5.8 74.78 1
5.81 74.72 1
5.82 74.56 1
5.83 74.67 1
5.84 74.6 1
5.85 74.39 1
5.86 74.26 1
5.87 74.21 1
5.88 74.25 1
5.89 74.32 1
5.9 74.31 1
5.91 74.38 1
5.92 74.47 1
5.93 74.43 1
5.94 74.39 1
5.95 74.39 1
5.96 74.38 1
5.97 74.36 1
5.98 74.36 1
5.99 74.37 1
6.0 74.5 1
6.01 74.64 1
6.02 74.68 1
6.03 74.94 1
6.04 74.94 1
6.05 74.94 1
6.06 74.82 1
6.07 74.79 1
6.08 74.74 1
6.09 74.69 1
6.1 74.88 1
6.11 74.94 1
6.12 74.82 1
6.13 74.95 1
6.14 74.94 1
6.15 74.72 1
6.16 74.68 1
6.17 74.63 1
6.18 74.55 1
6.19 74.65 1
6.2 74.91 1
6.21 75.04 1
6.22 75.07 1
6.23 75.19 1
6.24 75.07 1
6.25 74.9 1
6.26 74.14 1
6.27 74.18 1
6.28 74.18 1
6.29 75.0 1
6.3 74.74 1
6.31 74.56 1
6.32 74.51 1
6.33 74.74 1
6.34 74.26 1
6.35 74.56 1
6.36 74.68 1
6.37 74.55 1
6.38 74.56 1
6.39 74.56 1
6.4 74.44 1
6.41 74.56 1
6.42 74.56 1
6.43 74.68 1
6.44 74.64 1
6.45 74.58 1
6.46 74.44 1
6.47 74.57 1
6.48 74.7 1
6.49 74.34 1
6.5 74.85 1
6.51 74.68 1
6.52 74.37 1
6.53 74.78 1
6.54 74.55 1
6.55 74.42 1
6.56 74.68 1
6.57 74.03 1
6.58 74.04 1
6.59 74.56 1
6.6 74.45 1
6.61 75.05 1
6.62 74.56 1
6.63 74.68 1
6.64 74.56 1
6.65 73.93 1
6.66 74.94 1
6.67 74.1 1
6.68 74.68 1
6.69 75.19 1
6.7 74.41 1
6.71 74.81 1
6.72 74.02 1
6.73 74.68 1
6.74 74.81 1
6.75 74.3 1
6.76 76.26 1
6.77 53.13 1
6.78 52.47 1
6.79 54.08 1
6.8 54.48 1
6.81 53.37 1
6.82 54.34 1
6.83 53.91 1
6.84 54.15 1
6.85 53.36 1
6.86 52.76 1
6.87 54.21 1
6.88 54.29 1
6.89 165.47 1
6.9 170.06 1
6.91 180.61 1
6.92 185.7 1
6.93 199.13 1
6.94 199.85 1
6.95 216.67 1
6.96 219.68 1
6.97 222.23 1
6.98 225.48 1
6.99 226.54 1
7.0 222.29 1
7.01 221.16 1
7.02 222.5 1
7.03 221.02 1
7.04 218.96 1
7.05 219.73 1
7.06 220.75 1
7.07 220.83 1
7.08 222.06 1
7.09 223.81 1
7.1 226.24 1
7.11 225.68 1
7.12 224.47 1
7.13 225.63 1
7.14 223.8 1
7.15 218.53 1
7.16 212.51 1
7.17 200.74 1
7.18 193.77 1
7.19 196.38 1
7.2 199.82 1
7.21 206.58 1
7.22 220.72 1
7.23 227.92 1
7.24 219.77 1
7.25 232.49 1
7.26 225.71 1
7.27 220.24 1
7.28 211.51 1
7.29 204.61 1
7.3 187.27 1
7.31 204.62 1
7.32 218.86 1
7.33 214.6 1
7.34 219.99 1
7.35 205.59 1
7.36 211.5 1
7.37 219.06 1
7.38 221.37 1
7.39 223.05 1
7.4 219.03 1
7.41 219.49 1
7.42 218.61 1
7.43 218.88 1
7.44 218.8 1
7.45 219.07 1
7.46 219.89 1
7.47 220.91 1
7.48 222.11 1
7.49 221.94 1
7.5 222.28 1
7.51 222.64 1
7.52 222.9 1
7.53 223.56 1
7.54 223.34 1
7.55 223.47 1
7.56 222.21 1
7.57 220.32 1
7.58 218.78 1
7.59 218.85 1
7.6 222.56 1
7.61 227.98 1
7.62 237.79 1
7.63 254.2 1
7.64 263.47 1
7.65 284.38 1
7.66 295.01 1
7.67 305.41 1
7.68 309.94 1
7.69 311.76 1
7.7 309.42 1
7.71 299.16 1
7.72 296.76 1
7.73 290.49 1
7.74 285.53 1
7.75 278.18 1
7.76 276.24 1
7.77 265.97 1
7.78 258.76 1
7.79 255.66 1
7.8 255.08 1
7.81 254.05 1
7.82 252.73 1
7.83 251.16 1
7.84 249.92 1
7.85 249.94 1
7.86 250.39 1
7.87 250.0 1
7.88 250.93 1
7.89 249.82 1
7.9 249.45 1
7.91 250.05 1
7.92 250.97 1
7.93 253.8 1
7.94 255.71 1
7.95 258.86 1
7.96 269.65 1
7.97 276.38 1
7.98 273.28 1
7.99 278.7 1
8.0 279.0 1
8.01 280.15 1
8.02 276.71 1
8.03 276.36 1
8.04 270.6 1
8.05 265.57 1
8.06 260.31 1
8.07 255.69 1
8.08 251.28 1
8.09 245.67 1
8.1 239.69 1
8.11 235.26 1
8.12 229.16 1
8.13 227.96 1
8.14 224.99 1
8.15 223.51 1
8.16 222.92 1
8.17 223.75 1
8.18 224.81 1
8.19 223.78 1
8.2 224.42 1
8.21 224.09 1
8.22 74.58 1
8.23 74.51 1
8.24 74.46 1
8.25 74.55 1
8.26 74.62 1
8.27 74.39 1
8.28 74.48 1
8.29 74.55 1
8.3 74.54 1
8.31 74.52 1
8.32 74.53 1
8.33 74.55 1
8.34 74.56 1
8.35 74.5 1
8.36 74.58 1
8.37 74.56 1
8.38 74.52 1
8.39 74.55 1
8.4 74.51 1
8.41 74.31 1
8.42 74.55 1
8.43 0.0 1
8.44 0.0 1
8.45 274.8 1
8.46 285.44 1
8.47 291.1 1
8.48 311.63 1
8.49 303.92 1
8.5 303.12 1
8.51 303.15 1
8.52 305.21 1
8.53 303.11 1
8.54 303.32 1
8.55 304.4 1
8.56 299.08 1
8.57 299.06 1
8.58 297.14 1
8.59 299.12 1
8.6 301.06 1
8.61 299.06 1
8.62 301.04 1
8.63 301.09 1
8.64 301.09 1
8.65 299.07 1
8.66 301.03 1
8.67 297.14 1
8.68 297.13 1
8.69 299.06 1
8.7 299.07 1
8.71 300.61 1
8.72 299.05 1
8.73 297.08 1
8.74 297.08 1
8.75 298.56 1
8.76 297.02 1
8.77 296.99 1
8.78 297.77 1
8.79 298.78 1
8.8 297.06 1
8.81 297.01 1
8.82 295.11 1
8.83 296.84 1
8.84 293.22 1
8.85 296.98 1
8.86 297.81 1
8.87 295.2 1
8.88 295.21 1
8.89 297.05 1
8.9 296.68 1
8.91 294.15 1
8.92 290.68 1
8.93 289.93 1
8.94 286.64 1
8.95 286.41 1
8.96 286.12 1
8.97 287.31 1
8.98 291.1 1
8.99 292.7 1
9.0 297.4 1
9.01 295.18 1
9.02 299.06 1
9.03 302.18 1
9.04 299.08 1
9.05 297.1 1
9.06 297.09 1
9.07 299.02 1
9.08 297.08 1
9.09 297.07 1
9.1 297.05 1
9.11 297.04 1
9.12 297.85 1
9.13 297.03 1
9.14 293.3 1
9.15 296.97 1
9.16 296.37 1
9.17 293.09 1
9.18 290.55 1
9.19 284.85 1
9.2 278.08 1
9.21 273.96 1
9.22 250.82 1
9.23 244.13 1
9.24 233.99 1
9.25 231.55 1
9.26 236.32 1
9.27 241.51 1
9.28 245.03 1
9.29 254.43 1
9.3 258.86 1
9.31 272.8 1
9.32 282.42 1
9.33 289.87 1
9.34 306.73 1
9.35 293.27 1
9.36 297.06 1
9.37 293.25 1
9.38 295.21 1
9.39 290.38 1
9.4 286.54 1
9.41 282.64 1
9.42 279.9 1
9.43 271.38 1
9.44 267.09 1
9.45 261.12 1
9.46 254.27 1
9.47 251.48 1
9.48 246.96 1
9.49 244.3 1
9.5 243.11 1
9.51 246.99 1
9.52 250.86 1
9.53 258.78 1
9.54 275.04 1
9.55 0.0 1
9.56 0.0 1
9.57 0.0 1
9.58 0.0 1
9.59 0.0 1
9.6 0.0 1
9.61 0.0 1
9.62 0.0 1
9.63 0.0 1
9.64 0.0 1
9.65 0.0 1
9.66 136.32 1
9.67 135.09 1
9.68 136.53 1
9.69 144.05 1
9.7 141.55 1
9.71 155.56 1
9.72 153.95 1
9.73 146.78 1
9.74 146.37 1
9.75 148.25 1
9.76 142.32 1
9.77 141.99 1
9.78 139.74 1
9.79 142.02 1
9.8 143.65 1
9.81 146.71 1
9.82 149.72 1
9.83 152.71 1
9.84 152.86 1
9.85 153.72 1
9.86 152.21 1
9.87 74.67 1
9.88 74.6 1
9.89 75.14 1
9.9 74.12 1
9.91 74.39 1
9.92 74.66 1
9.93 74.68 1
9.94 74.97 1
9.95 74.64 1
9.96 74.55 1
9.97 74.44 1
9.98 74.45 1
9.99 74.48 1
