0.01 112.35 1
0.02 112.27 1
0.03 112.95 1
0.04 110.65 1
0.05 115.67 1
0.06 117.55 1
0.07 119.16 1
0.08 179.89 1
0.09 180.41 1
0.1 182.04 1
0.11 184.74 1
0.12 181.21 1
0.13 179.21 1
0.14 165.49 1
0.15 174.62 1
0.16 171.71 1
0.17 168.92 1
0.18 165.7 1
0.19 162.44 1
0.2 162.28 1
0.21 168.69 1
0.22 157.28 1
0.23 155.04 1
0.24 155.44 1
0.25 154.35 1
0.26 75.74 1
0.27 75.23 1
0.28 75.1 1
0.29 74.94 1
0.3 74.41 1
0.31 73.92 1
0.32 73.77 1
0.33 73.22 1
0.34 74.44 1
0.35 74.2 1
0.36 74.19 1
0.37 72.33 1
0.38 73.45 1
0.39 73.86 1
0.4 74.02 1
0.41 72.23 1
0.42 74.06 1
0.43 74.18 1
0.44 74.07 1
0.45 73.95 1
0.46 73.94 1
0.47 73.93 1
0.48 73.82 1
0.49 72.19 1
0.5 73.34 1
0.51 74.22 1
0.52 141.56 1
0.53 141.43 1
0.54 141.15 1
0.55 142.81 1
0.56 142.02 1
0.57 143.84 1
0.58 144.42 1
0.59 142.41 1
0.6 147.85 1
0.61 150.85 1
0.62 151.86 1
0.63 152.07 1
0.64 150.28 1
0.65 143.32 1
0.66 149.66 1
0.67 152.95 1
0.68 144.35 1
0.69 142.8 1
0.7 142.0 1
0.71 141.36 1
0.72 141.25 1
0.73 141.65 1
0.74 142.75 1
0.75 145.26 1
0.76 147.81 1
0.77 148.32 1
0.78 148.44 1
0.79 151.95 1
0.8 151.4 1
0.81 142.0 1
0.82 147.79 1
0.83 147.64 1
0.84 143.9 1
0.85 141.49 1
0.86 140.28 1
0.87 139.45 1
0.88 134.6 1
0.89 142.14 1
0.9 145.31 1
0.91 149.52 1
0.92 152.82 1
0.93 124.51 1
0.94 124.83 1
0.95 309.55 1
0.96 311.34 1
0.97 302.05 1
0.98 295.01 1
0.99 286.26 1
1.0 281.61 1
1.01 276.09 1
1.02 281.72 1
1.03 291.07 1
1.04 297.07 1
1.05 303.12 1
1.06 320.66 1
1.07 320.63 1
1.08 327.81 1
1.09 325.38 1
1.1 305.92 1
1.11 264.15 1
1.12 126.9 1
1.13 124.56 1
1.14 125.0 1
1.15 123.01 1
1.16 125.51 1
1.17 124.39 1
1.18 124.1 1
1.19 124.6 1
1.2 124.05 1
1.21 126.49 1
1.22 126.71 1
1.23 124.4 1
1.24 125.11 1
1.25 125.15 1
1.26 126.77 1
1.27 125.82 1
1.28 124.4 1
1.29 126.58 1
1.3 126.09 1
1.31 124.41 1
1.32 124.05 1
1.33 125.67 1
1.34 126.79 1
1.35 124.76 1
1.36 123.71 1
1.37 126.85 1
1.38 126.18 1
1.39 74.71 1
1.4 74.56 1
1.41 74.56 1
1.42 74.81 1
1.43 74.4 1
1.44 74.51 1
1.45 74.68 1
1.46 74.21 1
1.47 74.63 1
1.48 74.45 1
1.49 74.52 1
1.5 74.9 1
1.51 74.46 1
1.52 74.67 1
1.53 74.52 1
1.54 74.44 1
1.55 74.62 1
1.56 74.37 1
1.57 74.54 1
1.58 74.64 1
1.59 74.5 1
1.6 74.57 1
1.61 74.59 1
1.62 74.51 1
1.63 74.51 1
1.64 74.48 1
1.65 74.62 1
1.66 74.52 1
1.67 74.53 1
1.68 74.61 1
1.69 74.19 1
1.7 74.59 1
1.71 74.46 1
1.72 74.59 1
1.73 70.11 1
1.74 134.09 1
1.75 135.27 1
1.76 134.96 1
1.77 284.68 1
1.78 289.35 1
1.79 299.13 1
1.8 305.42 1
1.81 297.65 1
1.82 298.54 1
1.83 301.23 1
1.84 301.49 1
1.85 294.99 1
1.86 298.2 1
1.87 300.43 1
1.88 298.05 1
1.89 293.04 1
1.9 294.99 1
1.91 298.74 1
1.92 299.52 1
1.93 295.0 1
1.94 299.92 1
1.95 301.74 1
1.96 301.63 1
1.97 300.88 1
1.98 302.82 1
1.99 303.85 1
2.0 299.0 1
2.01 301.61 1
2.02 303.04 1
2.03 300.65 1
2.04 296.98 1
2.05 299.36 1
2.06 299.97 1
2.07 298.39 1
2.08 295.0 1
2.09 299.38 1
2.1 299.37 1
2.11 298.44 1
2.12 298.63 1
2.13 300.31 1
2.14 298.85 1
2.15 297.38 1
2.16 296.95 1
2.17 298.35 1
2.18 299.36 1
2.19 299.57 1
2.2 300.13 1
2.21 301.26 1
2.22 301.42 1
2.23 301.05 1
2.24 301.47 1
2.25 299.83 1
2.26 295.32 1
2.27 288.52 1
2.28 278.53 1
2.29 266.61 1
2.3 253.78 1
2.31 240.21 1
2.32 232.86 1
2.33 232.07 1
2.34 234.05 1
2.35 234.61 1
2.36 239.12 1
2.37 245.46 1
2.38 256.69 1
2.39 266.47 1
2.4 282.13 1
2.41 289.75 1
2.42 295.59 1
2.43 301.15 1
2.44 301.75 1
2.45 302.33 1
2.46 302.32 1
2.47 299.75 1
2.48 298.82 1
2.49 298.15 1
2.5 298.4 1
2.51 296.52 1
2.52 295.52 1
2.53 293.93 1
2.54 289.91 1
2.55 281.89 1
2.56 276.45 1
2.57 265.77 1
2.58 252.35 1
2.59 241.91 1
2.6 234.58 1
2.61 233.79 1
2.62 236.39 1
2.63 245.46 1
2.64 271.31 1
2.65 288.66 1
2.66 313.28 1
2.67 335.27 1
2.68 353.45 1
2.69 365.48 1
2.7 360.01 1
2.71 360.01 1
2.72 345.92 1
2.73 330.49 1
2.74 309.51 1
2.75 311.61 1
2.76 291.23 1
2.77 298.64 1
2.78 300.86 1
2.79 302.92 1
2.8 304.73 1
2.81 309.44 1
2.82 309.93 1
2.83 308.69 1
2.84 303.12 1
2.85 297.7 1
2.86 292.44 1
2.87 284.96 1
2.88 276.49 1
2.89 271.41 1
2.9 273.03 1
2.91 274.76 1
2.92 278.53 1
2.93 285.89 1
2.94 290.46 1
2.95 294.5 1
2.96 298.01 1
2.97 299.23 1
2.98 296.98 1
2.99 295.02 1
3.0 295.93 1
3.01 295.34 1
3.02 293.05 1
3.03 294.35 1
3.04 296.67 1
3.05 298.12 1
3.06 299.07 1
3.07 297.09 1
3.08 298.77 1
3.09 298.58 1
3.1 297.36 1
3.11 293.09 1
3.12 288.67 1
3.13 281.37 1
3.14 271.35 1
3.15 260.02 1
3.16 249.61 1
3.17 244.84 1
3.18 241.74 1
3.19 240.9 1
3.2 240.1 1
3.21 242.92 1
3.22 249.99 1
3.23 263.16 1
3.24 278.43 1
3.25 295.26 1
3.26 299.0 1
3.27 318.35 1
3.28 323.07 1
3.29 319.12 1
3.3 314.7 1
3.31 302.79 1
3.32 114.4 1
3.33 114.1 1
3.34 105.93 1
3.35 99.88 1
3.36 77.85 1
3.37 74.18 1
3.38 74.68 1
3.39 74.51 1
3.4 74.46 1
3.41 74.56 1
3.42 74.06 1
3.43 74.51 1
3.44 74.68 1
3.45 74.43 1
3.46 74.48 1
3.47 0.0 1
3.48 258.73 1
3.49 269.72 1
3.5 280.31 1
3.51 279.75 1
3.52 276.48 1
3.53 265.05 1
3.54 255.22 1
3.55 241.57 1
3.56 228.04 1
3.57 214.58 1
3.58 212.41 1
3.59 213.23 1
3.6 215.78 1
3.61 219.66 1
3.62 221.98 1
3.63 222.39 1
3.64 223.33 1
3.65 222.28 1
3.66 219.18 1
3.67 214.98 1
3.68 207.61 1
3.69 205.62 1
3.7 204.62 1
3.71 204.67 1
3.72 207.54 1
3.73 212.45 1
3.74 216.01 1
3.75 220.59 1
3.76 222.02 1
3.77 222.74 1
3.78 222.82 1
3.79 222.62 1
3.8 222.24 1
3.81 221.7 1
3.82 220.98 1
3.83 219.51 1
3.84 219.96 1
3.85 220.04 1
3.86 221.07 1
3.87 224.13 1
3.88 226.74 1
3.89 184.08 1
3.9 218.83 1
3.91 226.73 1
3.92 223.3 1
3.93 224.51 1
3.94 226.34 1
3.95 228.12 1
3.96 229.47 1
3.97 231.63 1
3.98 227.14 1
3.99 225.51 1
4.0 225.12 1
4.01 225.48 1
4.02 225.59 1
4.03 225.52 1
4.04 224.9 1
4.05 224.6 1
4.06 224.82 1
4.07 224.73 1
4.08 224.48 1
4.09 224.45 1
4.1 223.65 1
4.11 223.31 1
4.12 222.77 1
4.13 221.92 1
4.14 221.54 1
4.15 221.59 1
4.16 222.03 1
4.17 223.41 1
4.18 224.8 1
4.19 225.61 1
4.2 227.43 1
4.21 225.64 1
4.22 222.65 1
4.23 214.19 1
4.24 205.76 1
4.25 185.98 1
4.26 180.24 1
4.27 170.0 1
4.28 170.02 1
4.29 177.66 1
4.3 192.86 1
4.31 205.89 1
4.32 219.37 1
4.33 227.07 1
4.34 250.1 1
4.35 252.36 1
4.36 253.33 1
4.37 249.84 1
4.38 244.29 1
4.39 235.48 1
4.4 228.87 1
4.41 219.92 1
4.42 205.06 1
4.43 198.44 1
4.44 194.63 1
4.45 187.27 1
4.46 181.28 1
4.47 178.34 1
4.48 178.16 1
4.49 179.08 1
4.5 184.14 1
4.51 192.01 1
4.52 201.34 1
4.53 207.56 1
4.54 215.13 1
4.55 220.41 1
4.56 223.76 1
4.57 226.04 1
4.58 222.58 1
4.59 221.35 1
4.6 218.97 1
4.61 216.96 1
4.62 216.35 1
4.63 214.57 1
4.64 214.6 1
4.65 216.63 1
4.66 217.43 1
4.67 219.41 1
4.68 221.56 1
4.69 224.58 1
4.7 213.58 1
4.71 219.46 1
4.72 215.64 1
4.73 219.94 1
4.74 225.59 1
4.75 207.7 1
4.76 203.71 1
4.77 205.76 1
4.78 205.6 1
4.79 181.1 1
4.8 184.13 1
4.81 95.77 1
4.82 94.13 1
4.83 93.14 1
4.84 91.37 1
4.85 94.73 1
4.86 94.94 1
4.87 73.55 1
4.88 73.44 1
4.89 74.59 1
4.9 76.52 1
4.91 76.1 1
4.92 75.58 1
4.93 75.28 1
4.94 74.71 1
4.95 74.35 1
4.96 74.38 1
4.97 74.48 1
4.98 74.56 1
4.99 74.74 1
5.0 74.62 1
5.01 74.29 1
5.02 73.94 1
5.03 73.63 1
5.04 73.2 1
5.05 73.31 1
5.06 73.44 1
5.07 73.55 1
5.08 74.0 1
5.09 74.4 1
5.1 74.59 1
5.11 74.61 1
5.12 74.57 1
5.13 74.53 1
5.14 74.42 1
5.15 74.37 1
5.16 74.36 1
5.17 74.33 1
5.18 74.42 1
5.19 74.62 1
5.2 74.77 1
5.21 74.95 1
5.22 75.14 1
5.23 75.19 1
5.24 75.07 1
5.25 75.2 1
5.26 75.02 1
5.27 74.95 1
5.28 74.69 1
5.29 74.46 1
5.3 74.18 1
5.31 74.14 1
5.32 74.54 1
5.33 74.95 1
5.34 74.94 1
5.35 75.32 1
5.36 75.45 1
5.37 75.32 1
5.38 74.94 1
5.39 74.82 1
5.4 74.3 1
5.41 73.93 1
5.42 73.56 1
5.43 73.44 1
5.44 73.44 1
5.45 73.49 1
5.46 73.93 1
5.47 74.07 1
5.48 74.37 1
5.49 74.52 1
5.5 74.56 1
5.51 74.68 1
5.52 74.77 1
5.53 74.74 1
5.54 74.56 1
5.55 74.68 1
5.56 74.74 1
5.57 74.86 1
5.58 74.94 1
5.59 75.17 1
5.6 75.06 1
5.61 74.96 1
5.62 74.76 1
5.63 74.68 1
5.64 74.6 1
5.65 73.68 1
5.66 74.07 1
5.67 73.32 1
5.68 73.19 1
5.69 74.24 1
5.7 74.85 1
5.71 73.65 1
5.72 74.98 1
5.73 74.56 1
5.74 74.73 1
5.75 74.68 1
5.76 74.35 1
5.77 74.86 1
5.78 74.52 1
5.79 74.44 1
5.8 74.88 1
5.81 74.68 1
5.82 74.7 1
5.83 74.31 1
5.84 74.58 1
5.85 74.77 1
5.86 74.5 1
5.87 74.66 1
5.88 74.56 1
5.89 74.56 1
5.9 74.72 1
5.91 74.43 1
5.92 74.6 1
5.93 74.55 1
5.94 74.49 1
5.95 74.64 1
5.96 74.52 1
5.97 74.5 1
5.98 74.64 1
5.99 74.47 1
6.0 74.55 1
6.01 74.59 1
6.02 74.51 1
6.03 74.55 1
6.04 74.56 1
6.05 74.56 1
6.06 74.59 1
6.07 74.47 1
6.08 74.55 1
6.09 74.55 1
6.1 74.52 1
6.11 74.56 1
6.12 74.57 1
6.13 74.59 1
6.14 74.59 1
6.15 74.56 1
6.16 74.56 1
6.17 74.51 1
6.18 74.52 1
6.19 74.57 1
6.2 74.51 1
6.21 74.56 1
6.22 74.54 1
6.23 74.56 1
6.24 74.62 1
6.25 74.5 1
6.26 74.6 1
6.27 74.55 1
6.28 74.52 1
6.29 74.56 1
6.3 74.45 1
6.31 74.56 1
6.32 74.52 1
6.33 74.53 1
6.34 74.6 1
6.35 74.46 1
6.36 74.62 1
6.37 74.48 1
6.38 74.57 1
6.39 74.67 1
6.4 74.39 1
6.41 74.59 1
6.42 74.51 1
6.43 74.5 1
6.44 74.61 1
6.45 74.43 1
6.46 74.62 1
6.47 74.51 1
6.48 74.51 1
6.49 74.64 1
6.5 74.46 1
6.51 74.57 1
6.52 74.56 1
6.53 74.49 1
6.54 74.55 1
6.55 74.49 1
6.56 74.55 1
6.57 74.43 1
6.58 74.54 1
6.59 74.55 1
6.6 74.46 1
6.61 74.57 1
6.62 74.52 1
6.63 74.5 1
6.64 74.55 1
6.65 74.54 1
6.66 74.54 1
6.67 74.52 1
6.68 74.54 1
6.69 74.52 1
6.7 74.52 1
6.71 74.53 1
6.72 74.52 1
6.73 74.44 1
6.74 74.52 1
6.75 149.15 1
6.76 226.69 1
6.77 224.3 1
6.78 214.61 1
6.79 214.61 1
6.8 225.41 1
6.81 217.88 1
6.82 218.14 1
6.83 218.53 1
6.84 220.74 1
6.85 221.95 1
6.86 224.12 1
6.87 223.05 1
6.88 222.65 1
6.89 221.74 1
6.9 221.47 1
6.91 222.03 1
6.92 224.91 1
6.93 226.38 1
6.94 225.6 1
6.95 226.74 1
6.96 225.59 1
6.97 225.27 1
6.98 223.83 1
6.99 223.1 1
7.0 221.74 1
7.01 221.6 1
7.02 222.32 1
7.03 222.39 1
7.04 220.79 1
7.05 218.86 1
7.06 218.22 1
7.07 215.74 1
7.08 216.84 1
7.09 215.83 1
7.1 215.78 1
7.11 215.82 1
7.12 217.76 1
7.13 217.62 1
7.14 219.18 1
7.15 221.67 1
7.16 223.07 1
7.17 225.84 1
7.18 227.81 1
7.19 226.75 1
7.2 221.2 1
7.21 215.18 1
7.22 209.96 1
7.23 201.84 1
7.24 200.26 1
7.25 205.6 1
7.26 211.52 1
7.27 222.5 1
7.28 224.48 1
7.29 226.8 1
7.3 225.62 1
7.31 221.31 1
7.32 220.53 1
7.33 0.0 1
7.34 0.0 1
7.35 0.0 1
7.36 0.0 1
7.37 0.0 1
7.38 0.0 1
7.39 0.0 1
7.4 201.0 1
7.41 215.65 1
7.42 219.01 1
7.43 221.44 1
7.44 218.75 1
7.45 221.22 1
7.46 221.27 1
7.47 221.57 1
7.48 220.92 1
7.49 221.57 1
7.5 222.32 1
7.51 221.79 1
7.52 221.46 1
7.53 221.92 1
7.54 222.42 1
7.55 222.58 1
7.56 223.07 1
7.57 223.71 1
7.58 224.69 1
7.59 225.6 1
7.6 225.23 1
7.61 225.6 1
7.62 225.58 1
7.63 225.22 1
7.64 223.37 1
7.65 220.41 1
7.66 219.94 1
7.67 219.72 1
7.68 225.59 1
7.69 241.43 1
7.7 251.39 1
7.71 264.94 1
7.72 287.45 1
7.73 297.04 1
7.74 305.23 1
7.75 316.09 1
7.76 316.19 1
7.77 314.07 1
7.78 309.23 1
7.79 301.03 1
7.8 295.04 1
7.81 291.15 1
7.82 289.63 1
7.83 286.66 1
7.84 284.61 1
7.85 279.99 1
7.86 276.87 1
7.87 276.41 1
7.88 257.26 1
7.89 257.57 1
7.9 252.26 1
7.91 250.98 1
7.92 248.03 1
7.93 247.65 1
7.94 247.03 1
7.95 246.09 1
7.96 247.57 1
7.97 248.21 1
7.98 248.48 1
7.99 248.57 1
8.0 249.2 1
8.01 251.32 1
8.02 254.22 1
8.03 258.71 1
8.04 268.42 1
8.05 276.91 1
8.06 283.74 1
8.07 284.59 1
8.08 285.4 1
8.09 282.86 1
8.1 276.65 1
8.11 276.45 1
8.12 271.35 1
8.13 257.18 1
8.14 249.71 1
8.15 242.91 1
8.16 236.35 1
8.17 231.56 1
8.18 229.1 1
8.19 224.5 1
8.2 222.2 1
8.21 221.41 1
8.22 222.62 1
8.23 223.77 1
8.24 223.24 1
8.25 221.53 1
8.26 218.74 1
8.27 95.55 1
8.28 75.45 1
8.29 74.32 1
8.3 74.45 1
8.31 74.47 1
8.32 73.93 1
8.33 74.82 1
8.34 74.47 1
8.35 74.51 1
8.36 74.64 1
8.37 74.48 1
8.38 74.44 1
8.39 74.42 1
8.4 74.55 1
8.41 74.43 1
8.42 74.62 1
8.43 74.47 1
8.44 74.52 1
8.45 74.54 1
8.46 74.55 1
8.47 74.56 1
8.48 74.53 1
8.49 74.66 1
8.5 74.21 1
8.51 134.84 1
8.52 264.39 1
8.53 264.48 1
8.54 269.94 1
8.55 281.76 1
8.56 292.61 1
8.57 291.13 1
8.58 293.07 1
8.59 293.13 1
8.6 293.16 1
8.61 293.18 1
8.62 295.1 1
8.63 295.11 1
8.64 295.11 1
8.65 293.19 1
8.66 295.1 1
8.67 295.14 1
8.68 295.11 1
8.69 293.14 1
8.7 293.1 1
8.71 293.1 1
8.72 293.08 1
8.73 291.16 1
8.74 292.34 1
8.75 291.14 1
8.76 291.17 1
8.77 291.18 1
8.78 291.29 1
8.79 293.22 1
8.8 295.15 1
8.81 295.17 1
8.82 299.08 1
8.83 297.05 1
8.84 291.27 1
8.85 291.14 1
8.86 286.63 1
8.87 280.37 1
8.88 278.2 1
8.89 275.82 1
8.9 278.6 1
8.91 283.73 1
8.92 290.81 1
8.93 293.16 1
8.94 295.19 1
8.95 299.11 1
8.96 303.1 1
8.97 301.09 1
8.98 297.1 1
8.99 295.14 1
9.0 295.17 1
9.01 148.95 1
9.02 148.73 1
9.03 149.31 1
9.04 150.33 1
9.05 151.35 1
9.06 152.46 1
9.07 152.88 1
9.08 153.84 1
9.09 305.3 1
9.1 306.41 1
9.11 299.18 1
9.12 297.15 1
9.13 293.19 1
9.14 291.12 1
9.15 283.02 1
9.16 278.18 1
9.17 276.48 1
9.18 278.22 1
9.19 281.54 1
9.2 286.16 1
9.21 292.45 1
9.22 291.22 1
9.23 293.25 1
9.24 293.22 1
9.25 295.13 1
9.26 293.2 1
9.27 293.2 1
9.28 295.09 1
9.29 293.21 1
9.3 295.19 1
9.31 297.17 1
9.32 299.17 1
9.33 297.2 1
9.34 297.15 1
9.35 299.04 1
9.36 295.12 1
9.37 291.12 1
9.38 281.38 1
9.39 270.69 1
9.4 251.24 1
9.41 244.55 1
9.42 243.62 1
9.43 244.43 1
9.44 245.03 1
9.45 250.73 1
9.46 255.78 1
9.47 272.78 1
9.48 278.23 1
9.49 287.68 1
9.5 293.83 1
9.51 297.16 1
9.52 303.23 1
9.53 304.57 1
9.54 301.17 1
9.55 295.18 1
9.56 293.24 1
9.57 291.2 1
9.58 287.81 1
9.59 282.39 1
9.6 278.13 1
9.61 274.48 1
9.62 263.38 1
9.63 257.27 1
9.64 254.13 1
9.65 250.86 1
9.66 248.09 1
9.67 246.89 1
9.68 247.14 1
9.69 248.56 1
9.7 253.05 1
9.71 258.72 1
9.72 276.45 1
9.73 291.11 1
9.74 309.62 1
9.75 336.97 1
9.76 340.63 1
9.77 317.94 1
9.78 371.41 1
9.79 353.42 1
9.8 328.14 1
9.81 314.2 1
9.82 295.44 1
9.83 291.02 1
9.84 286.88 1
9.85 290.81 1
9.86 292.19 1
9.87 298.82 1
9.88 303.16 1
9.89 307.06 1
9.9 307.3 1
9.91 307.18 1
9.92 308.56 1
9.93 307.45 1
9.94 304.76 1
9.95 302.38 1
9.96 300.03 1
9.97 296.44 1
9.98 293.06 1
9.99 291.26 1
10.0 289.86 1
10.01 289.75 1
10.02 291.67 1
10.03 293.22 1
10.04 298.42 1
10.05 300.65 1
10.06 304.47 1
10.07 305.26 1
10.08 305.26 1
10.09 305.85 1
