0.01 318.38 1
0.02 310.24 1
0.03 297.95 1
0.04 288.24 1
0.05 278.23 1
0.06 269.85 1
0.07 260.27 1
0.08 257.23 1
0.09 253.79 1
0.1 250.39 1
0.11 249.04 1
0.12 248.23 1
0.13 248.78 1
0.14 249.2 1
0.15 250.83 1
0.16 253.92 1
0.17 255.69 1
0.18 257.29 1
0.19 266.38 1
0.2 273.02 1
0.21 278.2 1
0.22 278.58 1
0.23 282.33 1
0.24 283.9 1
0.25 285.27 1
0.26 283.3 1
0.27 280.86 1
0.28 279.93 1
0.29 273.82 1
0.3 271.3 1
0.31 264.94 1
0.32 258.93 1
0.33 259.3 1
0.34 255.79 1
0.35 254.2 1
0.36 253.7 1
0.37 251.07 1
0.38 250.39 1
0.39 244.57 1
0.4 238.33 1
0.41 238.53 1
0.42 237.72 1
0.43 231.61 1
0.44 228.0 1
0.45 227.96 1
0.46 224.34 1
0.47 223.42 1
0.48 224.85 1
0.49 223.99 1
0.5 222.71 1
0.51 218.91 1
0.52 213.61 1
0.53 209.53 1
0.54 210.48 1
0.55 210.6 1
0.56 212.68 1
0.57 217.05 1
0.58 221.31 1
0.59 226.37 1
0.6 231.52 1
0.61 239.26 1
0.62 242.95 1
0.63 240.44 1
0.64 235.89 1
0.65 226.78 1
0.66 0.0 1
0.67 0.0 1
0.68 0.0 1
0.69 0.0 1
0.7 0.0 1
0.71 0.0 1
0.72 0.0 1
0.73 0.0 1
0.74 0.0 1
0.75 0.0 1
0.76 0.0 1
0.77 112.19 1
0.78 113.8 1
0.79 112.91 1
0.8 112.5 1
0.81 112.65 1
0.82 112.93 1
0.83 113.35 1
0.84 113.52 1
0.85 113.24 1
0.86 112.96 1
0.87 113.23 1
0.88 113.22 1
0.89 112.37 1
0.9 112.28 1
0.91 112.07 1
0.92 111.95 1
0.93 111.65 1
0.94 220.0 1
0.95 217.48 1
0.96 220.0 1
0.97 198.22 1
0.98 201.83 1
0.99 218.9 1
1.0 196.45 1
1.01 213.71 1
1.02 216.71 1
1.03 223.4 1
1.04 224.54 1
1.05 223.62 1
1.06 223.63 1
1.07 223.25 1
1.08 222.44 1
1.09 222.63 1
1.1 222.39 1
1.11 221.89 1
1.12 221.69 1
1.13 221.58 1
1.14 221.95 1
1.15 222.54 1
1.16 222.77 1
1.17 223.4 1
1.18 223.7 1
1.19 224.41 1
1.2 224.09 1
1.21 221.72 1
1.22 220.16 1
1.23 218.12 1
1.24 218.33 1
1.25 221.69 1
1.26 227.92 1
1.27 238.9 1
1.28 244.41 1
1.29 260.23 1
1.3 260.18 1
1.31 285.29 1
1.32 293.55 1
1.33 291.1 1
1.34 311.96 1
1.35 309.48 1
1.36 304.89 1
1.37 300.45 1
1.38 295.48 1
1.39 291.11 1
1.4 288.47 1
1.41 282.14 1
1.42 280.44 1
1.43 276.41 1
1.44 272.09 1
1.45 266.3 1
1.46 258.76 1
1.47 252.51 1
1.48 243.6 1
1.49 241.43 1
1.5 240.03 1
1.51 236.69 1
1.52 242.55 1
1.53 249.81 1
1.54 258.71 1
1.55 272.76 1
1.56 281.96 1
1.57 296.97 1
1.58 305.15 1
1.59 311.42 1
1.6 307.44 1
1.61 256.51 1
1.62 267.6 1
1.63 254.22 1
1.64 134.08 1
1.65 74.53 1
1.66 74.41 1
1.67 74.36 1
1.68 74.55 1
1.69 0.0 1
1.7 0.0 1
1.71 304.48 1
1.72 309.47 1
1.73 293.13 1
1.74 295.07 1
1.75 295.08 1
1.76 293.16 1
1.77 293.13 1
1.78 293.1 1
1.79 293.08 1
1.8 293.06 1
1.81 293.1 1
1.82 293.12 1
1.83 295.07 1
1.84 293.15 1
1.85 295.12 1
1.86 295.13 1
1.87 295.14 1
1.88 295.09 1
1.89 293.14 1
1.9 291.14 1
1.91 288.22 1
1.92 284.3 1
1.93 279.62 1
1.94 280.0 1
1.95 281.92 1
1.96 290.41 1
1.97 291.18 1
1.98 295.13 1
1.99 295.15 1
2.0 297.11 1
2.01 295.18 1
2.02 297.09 1
2.03 295.07 1
2.04 291.17 1
2.05 288.7 1
2.06 283.83 1
2.07 278.67 1
2.08 278.1 1
2.09 272.94 1
2.1 267.23 1
2.11 0.0 1
2.12 257.1 1
2.13 251.4 1
2.14 246.12 1
2.15 242.91 1
2.16 240.28 1
2.17 234.35 1
2.18 226.8 1
2.19 213.56 1
2.2 0.0 1
2.21 0.0 1
2.22 0.0 1
2.23 0.0 1
2.24 0.0 1
2.25 0.0 1
2.26 0.0 1
2.27 0.0 1
2.28 0.0 1
2.29 0.0 1
2.3 0.0 1
2.31 0.0 1
2.32 0.0 1
2.33 0.0 1
2.34 0.0 1
2.35 0.0 1
2.36 74.56 1
2.37 74.25 1
2.38 74.18 1
2.39 74.68 1
2.4 74.51 1
2.41 74.35 1
2.42 74.62 1
2.43 74.46 1
2.44 74.4 1
2.45 74.79 1
2.46 74.68 1
2.47 74.66 1
2.48 202.76 1
2.49 196.02 1
2.5 195.57 1
2.51 228.01 1
2.52 242.47 1
2.53 226.75 1
2.54 226.67 1
2.55 225.76 1
2.56 224.79 1
2.57 225.96 1
2.58 227.82 1
2.59 227.94 1
2.6 230.31 1
2.61 230.35 1
2.62 231.54 1
2.63 232.88 1
2.64 229.21 1
2.65 229.16 1
2.66 226.78 1
2.67 224.93 1
2.68 221.07 1
2.69 218.43 1
2.7 219.65 1
2.71 225.64 1
2.72 238.05 1
2.73 248.47 1
2.74 263.77 1
2.75 230.26 1
2.76 291.09 1
2.77 311.31 1
2.78 303.1 1
2.79 332.84 1
2.8 320.65 1
2.81 311.17 1
2.82 309.14 1
2.83 304.37 1
2.84 286.87 1
2.85 276.13 1
2.86 270.99 1
2.87 255.73 1
2.88 249.16 1
2.89 243.24 1
2.9 238.92 1
2.91 237.31 1
2.92 240.04 1
2.93 244.59 1
2.94 251.69 1
2.95 260.29 1
2.96 270.42 1
2.97 281.39 1
2.98 291.41 1
2.99 291.96 1
3.0 313.38 1
3.01 309.33 1
3.02 303.2 1
3.03 305.03 1
3.04 293.01 1
3.05 281.71 1
3.06 127.1 1
3.07 122.63 1
3.08 123.32 1
3.09 125.64 1
3.1 124.94 1
3.11 134.07 1
3.12 313.89 1
3.13 296.89 1
3.14 295.12 1
3.15 298.54 1
3.16 295.17 1
3.17 292.81 1
3.18 292.08 1
3.19 292.94 1
3.2 293.75 1
3.21 294.35 1
3.22 293.19 1
3.23 293.22 1
3.24 293.31 1
3.25 296.69 1
3.26 298.44 1
3.27 297.2 1
3.28 298.52 1
3.29 297.18 1
3.3 295.31 1
3.31 295.33 1
3.32 295.33 1
3.33 297.11 1
3.34 297.07 1
3.35 297.1 1
3.36 298.82 1
3.37 291.26 1
3.38 273.74 1
3.39 295.03 1
3.4 308.75 1
3.41 293.12 1
3.42 290.37 1
3.43 298.35 1
3.44 293.09 1
3.45 300.98 1
3.46 304.93 1
3.47 302.16 1
3.48 295.63 1
3.49 299.43 1
3.5 298.54 1
3.51 298.09 1
3.52 295.39 1
3.53 298.8 1
3.54 297.36 1
3.55 297.42 1
3.56 297.06 1
3.57 302.52 1
3.58 299.03 1
3.59 299.07 1
3.6 299.33 1
3.61 299.33 1
3.62 300.24 1
3.63 299.09 1
3.64 298.69 1
3.65 300.54 1
3.66 296.07 1
3.67 295.05 1
3.68 294.22 1
3.69 293.11 1
3.7 297.29 1
3.71 305.35 1
3.72 320.11 1
3.73 340.12 1
3.74 359.37 1
3.75 374.45 1
3.76 387.72 1
3.77 395.12 1
3.78 399.74 1
3.79 398.88 1
3.8 397.77 1
3.81 392.97 1
3.82 385.31 1
3.83 378.94 1
3.84 371.44 1
3.85 364.15 1
3.86 356.36 1
3.87 348.94 1
3.88 346.51 1
3.89 342.27 1
3.9 337.44 1
3.91 333.17 1
3.92 330.4 1
3.93 329.26 1
3.94 329.35 1
3.95 331.73 1
3.96 338.02 1
3.97 345.79 1
3.98 353.8 1
3.99 364.51 1
4.0 374.52 1
4.01 380.13 1
4.02 382.72 1
4.03 376.15 1
4.04 360.22 1
4.05 343.29 1
4.06 313.9 1
4.07 333.7 1
4.08 332.99 1
4.09 0.0 1
4.1 0.0 1
4.11 0.0 1
4.12 290.07 1
4.13 301.9 1
4.14 297.97 1
4.15 307.25 1
4.16 296.81 1
4.17 298.67 1
4.18 300.3 1
4.19 299.11 1
4.2 297.04 1
4.21 297.1 1
4.22 295.23 1
4.23 297.15 1
4.24 298.36 1
4.25 296.8 1
4.26 293.38 1
4.27 293.4 1
4.28 295.18 1
4.29 295.25 1
4.3 297.15 1
4.31 297.31 1
4.32 300.85 1
4.33 297.22 1
4.34 295.29 1
4.35 295.21 1
4.36 297.05 1
4.37 291.13 1
4.38 295.01 1
4.39 293.04 1
4.4 293.26 1
4.41 295.9 1
4.42 297.99 1
4.43 296.98 1
4.44 296.8 1
4.45 295.29 1
4.46 297.67 1
4.47 299.01 1
4.48 300.05 1
4.49 300.19 1
4.5 300.0 1
4.51 299.22 1
4.52 300.54 1
4.53 298.81 1
4.54 295.05 1
4.55 292.04 1
4.56 287.63 1
4.57 283.74 1
4.58 281.51 1
4.59 282.11 1
4.6 284.38 1
4.61 289.08 1
4.62 294.86 1
4.63 299.69 1
4.64 302.66 1
4.65 306.86 1
4.66 307.26 1
4.67 271.04 1
4.68 266.55 1
4.69 273.05 1
4.7 301.7 1
4.71 299.04 1
4.72 299.64 1
4.73 299.65 1
4.74 295.16 1
4.75 296.99 1
4.76 295.16 1
4.77 296.82 1
4.78 293.34 1
4.79 295.21 1
4.8 296.98 1
4.81 296.7 1
4.82 295.13 1
4.83 293.34 1
4.84 294.64 1
4.85 291.26 1
4.86 288.73 1
4.87 282.97 1
4.88 279.43 1
4.89 263.47 1
4.9 251.44 1
4.91 240.77 1
4.92 236.59 1
4.93 238.81 1
4.94 0.0 1
4.95 0.0 1
4.96 0.0 1
4.97 0.0 1
4.98 0.0 1
4.99 268.67 1
5.0 281.78 1
5.01 279.09 1
5.02 292.01 1
5.03 293.83 1
5.04 294.99 1
5.05 296.77 1
5.06 297.96 1
5.07 297.57 1
5.08 297.53 1
5.09 297.1 1
5.1 296.27 1
5.11 294.92 1
5.12 293.05 1
5.13 289.36 1
5.14 284.04 1
5.15 276.77 1
5.16 270.9 1
5.17 256.03 1
5.18 246.85 1
5.19 240.64 1
5.2 240.09 1
5.21 244.21 1
5.22 250.49 1
5.23 257.26 1
5.24 284.49 1
5.25 320.69 1
5.26 473.06 1
5.27 442.78 1
5.28 456.04 1
5.29 443.22 1
5.3 411.33 1
5.31 0.0 1
5.32 72.83 1
5.33 74.28 1
5.34 74.18 1
5.35 74.72 1
5.36 0.0 1
5.37 0.0 1
5.38 139.34 1
5.39 140.66 1
5.4 142.95 1
5.41 143.86 1
5.42 144.35 1
5.43 146.08 1
5.44 146.84 1
5.45 146.33 1
5.46 146.79 1
5.47 147.25 1
5.48 146.34 1
5.49 294.04 1
5.5 293.07 1
5.51 291.24 1
5.52 291.31 1
5.53 289.93 1
5.54 286.8 1
5.55 286.09 1
5.56 286.06 1
5.57 287.38 1
5.58 287.63 1
5.59 290.04 1
5.6 293.1 1
5.61 295.01 1
5.62 295.12 1
5.63 295.23 1
5.64 299.43 1
5.65 299.85 1
5.66 297.18 1
5.67 297.17 1
5.68 299.15 1
5.69 297.16 1
5.7 296.59 1
5.71 300.58 1
5.72 301.44 1
5.73 297.05 1
5.74 291.11 1
5.75 301.34 1
5.76 300.79 1
5.77 283.69 1
5.78 301.47 1
5.79 313.87 1
5.8 304.77 1
5.81 305.22 1
5.82 301.25 1
5.83 295.4 1
5.84 300.26 1
5.85 299.73 1
5.86 298.72 1
5.87 293.47 1
5.88 298.65 1
5.89 300.72 1
5.9 297.04 1
5.91 293.52 1
5.92 299.73 1
5.93 304.64 1
5.94 300.48 1
5.95 297.41 1
5.96 301.18 1
5.97 301.16 1
5.98 299.47 1
5.99 303.04 1
6.0 301.24 1
6.01 291.69 1
6.02 292.95 1
6.03 288.72 1
6.04 284.02 1
6.05 282.93 1
6.06 283.27 1
6.07 285.64 1
6.08 288.04 1
6.09 289.55 1
6.1 295.13 1
6.11 323.79 1
6.12 302.33 1
6.13 299.49 1
6.14 302.5 1
6.15 297.45 1
6.16 295.4 1
6.17 291.47 1
6.18 289.01 1
6.19 285.32 1
6.2 279.3 1
6.21 278.15 1
6.22 276.22 1
6.23 278.38 1
6.24 282.88 1
6.25 287.33 1
6.26 294.31 1
6.27 298.31 1
6.28 293.07 1
6.29 284.82 1
6.3 290.07 1
6.31 305.16 1
6.32 303.51 1
6.33 302.74 1
6.34 305.16 1
6.35 298.67 1
6.36 298.2 1
6.37 295.15 1
6.38 295.14 1
6.39 295.14 1
6.4 295.15 1
6.41 293.15 1
6.42 291.13 1
6.43 283.65 1
6.44 276.14 1
6.45 254.4 1
6.46 245.66 1
6.47 242.87 1
6.48 239.16 1
6.49 230.34 1
6.5 238.99 1
6.51 237.72 1
6.52 242.93 1
6.53 249.3 1
6.54 257.17 1
6.55 278.05 1
6.56 286.27 1
6.57 291.1 1
6.58 293.03 1
6.59 289.79 1
6.6 281.46 1
6.61 272.93 1
6.62 0.0 1
6.63 0.0 1
6.64 0.0 1
6.65 0.0 1
6.66 0.0 1
6.67 0.0 1
6.68 0.0 1
6.69 0.0 1
6.7 0.0 1
6.71 228.72 1
6.72 227.91 1
6.73 225.35 1
6.74 225.36 1
6.75 226.39 1
6.76 228.59 1
6.77 227.96 1
6.78 226.74 1
6.79 225.58 1
6.8 223.71 1
6.81 221.21 1
6.82 221.54 1
6.83 222.16 1
6.84 223.04 1
6.85 225.0 1
6.86 220.93 1
6.87 218.48 1
6.88 219.43 1
6.89 215.67 1
6.9 221.05 1
6.91 212.57 1
6.92 214.62 1
6.93 226.72 1
6.94 217.79 1
6.95 254.21 1
6.96 230.9 1
6.97 230.29 1
6.98 226.8 1
6.99 227.92 1
7.0 226.76 1
7.01 226.67 1
7.02 226.7 1
7.03 225.65 1
7.04 226.77 1
7.05 227.48 1
7.06 227.03 1
7.07 224.85 1
7.08 220.98 1
7.09 216.65 1
7.1 204.76 1
7.11 206.98 1
7.12 206.62 1
7.13 213.56 1
7.14 218.48 1
7.15 223.79 1
7.16 225.59 1
7.17 223.24 1
7.18 215.84 1
7.19 185.68 1
7.2 202.77 1
7.21 198.2 1
7.22 181.09 1
7.23 201.84 1
7.24 197.29 1
7.25 224.33 1
7.26 229.07 1
7.27 228.77 1
7.28 227.93 1
7.29 226.08 1
7.3 222.15 1
7.31 221.2 1
7.32 220.42 1
7.33 221.28 1
7.34 221.84 1
7.35 222.21 1
7.36 223.58 1
7.37 224.19 1
7.38 223.63 1
7.39 221.62 1
7.4 217.01 1
7.41 206.58 1
7.42 189.68 1
7.43 184.89 1
7.44 173.29 1
7.45 174.58 1
7.46 178.18 1
7.47 185.67 1
7.48 183.59 1
7.49 199.12 1
7.5 199.1 1
7.51 203.7 1
7.52 221.06 1
7.53 228.38 1
7.54 223.31 1
7.55 241.63 1
7.56 241.61 1
7.57 229.11 1
7.58 222.8 1
7.59 215.64 1
7.6 205.65 1
7.61 200.01 1
7.62 194.69 1
7.63 188.67 1
7.64 184.53 1
7.65 181.48 1
7.66 180.36 1
7.67 180.55 1
7.68 184.15 1
7.69 190.61 1
7.7 197.18 1
7.71 206.1 1
7.72 213.04 1
7.73 220.36 1
7.74 225.17 1
7.75 226.74 1
7.76 226.75 1
7.77 225.58 1
7.78 221.63 1
7.79 214.29 1
7.8 199.88 1
7.81 0.0 1
7.82 0.0 1
7.83 0.0 1
7.84 0.0 1
7.85 0.0 1
7.86 0.0 1
7.87 0.0 1
7.88 0.0 1
7.89 209.52 1
7.9 222.16 1
7.91 216.76 1
7.92 220.25 1
7.93 221.29 1
7.94 222.39 1
7.95 222.94 1
7.96 222.81 1
7.97 222.64 1
7.98 222.83 1
7.99 222.24 1
8.0 222.08 1
8.01 221.8 1
8.02 221.7 1
8.03 222.39 1
8.04 223.11 1
8.05 223.46 1
8.06 222.69 1
8.07 221.3 1
8.08 219.87 1
8.09 218.78 1
8.1 216.15 1
8.11 223.79 1
8.12 222.17 1
8.13 219.51 1
8.14 216.74 1
8.15 199.98 1
8.16 226.72 1
8.17 322.95 1
8.18 301.07 1
8.19 308.48 1
8.2 314.34 1
8.21 304.99 1
8.22 299.0 1
8.23 293.03 1
8.24 291.13 1
8.25 285.07 1
8.26 280.22 1
8.27 274.48 1
8.28 257.34 1
8.29 254.26 1
8.3 250.24 1
8.31 245.81 1
8.32 242.78 1
8.33 242.89 1
8.34 244.2 1
8.35 242.96 1
8.36 244.42 1
8.37 249.54 1
8.38 255.7 1
8.39 263.38 1
8.4 276.81 1
8.41 281.74 1
8.42 281.8 1
8.43 277.95 1
8.44 269.06 1
8.45 0.0 1
8.46 0.0 1
8.47 0.0 1
8.48 0.0 1
8.49 0.0 1
8.5 0.0 1
8.51 0.0 1
8.52 235.01 1
8.53 230.3 1
8.54 224.23 1
8.55 223.04 1
8.56 223.17 1
8.57 223.47 1
8.58 223.28 1
8.59 222.95 1
8.6 222.35 1
8.61 222.41 1
8.62 221.82 1
8.63 221.64 1
8.64 221.44 1
8.65 222.24 1
8.66 221.83 1
8.67 220.81 1
8.68 220.67 1
8.69 221.21 1
8.7 222.22 1
8.71 224.51 1
8.72 224.48 1
8.73 223.45 1
8.74 224.23 1
8.75 224.42 1
8.76 224.28 1
8.77 224.43 1
8.78 225.45 1
8.79 225.62 1
8.8 225.62 1
8.81 226.21 1
8.82 225.4 1
8.83 225.27 1
8.84 225.49 1
8.85 226.28 1
8.86 226.86 1
8.87 227.1 1
8.88 227.86 1
8.89 228.33 1
8.9 228.18 1
8.91 227.42 1
8.92 225.73 1
8.93 223.1 1
8.94 222.04 1
8.95 220.0 1
8.96 220.06 1
8.97 221.24 1
8.98 225.24 1
8.99 239.17 1
9.0 242.95 1
9.01 316.45 1
9.02 345.58 1
9.03 376.26 1
9.04 403.91 1
9.05 424.68 1
9.06 417.94 1
9.07 381.96 1
9.08 378.55 1
9.09 0.0 1
9.1 0.0 1
9.11 0.0 1
9.12 294.66 1
9.13 319.18 1
9.14 286.98 1
9.15 288.33 1
9.16 292.67 1
9.17 292.47 1
9.18 293.05 1
9.19 292.06 1
9.2 290.61 1
9.21 289.82 1
9.22 289.96 1
9.23 291.73 1
9.24 293.94 1
9.25 295.11 1
9.26 297.07 1
9.27 297.05 1
9.28 295.26 1
9.29 293.31 1
9.3 293.07 1
9.31 289.63 1
9.32 284.07 1
9.33 280.79 1
9.34 278.79 1
9.35 279.98 1
9.36 282.87 1
9.37 288.4 1
9.38 293.61 1
9.39 295.21 1
9.4 295.26 1
9.41 297.19 1
9.42 295.26 1
9.43 293.23 1
9.44 293.09 1
9.45 290.3 1
9.46 286.88 1
9.47 284.38 1
9.48 282.93 1
9.49 281.19 1
9.5 280.16 1
9.51 278.19 1
9.52 278.16 1
9.53 276.42 1
9.54 271.35 1
9.55 268.08 1
9.56 268.03 1
9.57 261.82 1
9.58 257.32 1
9.59 260.19 1
9.6 257.19 1
9.61 255.72 1
9.62 255.61 1
9.63 255.07 1
9.64 253.32 1
9.65 252.2 1
9.66 251.34 1
9.67 250.95 1
9.68 251.11 1
9.69 249.87 1
9.7 248.98 1
9.71 248.28 1
9.72 248.69 1
9.73 248.62 1
9.74 248.63 1
9.75 247.92 1
9.76 249.69 1
9.77 250.75 1
9.78 253.34 1
9.79 257.17 1
9.8 263.32 1
9.81 276.48 1
9.82 278.22 1
9.83 280.0 1
9.84 278.64 1
9.85 276.41 1
9.86 263.2 1
9.87 255.68 1
9.88 249.85 1
9.89 248.03 1
9.9 247.15 1
9.91 250.31 1
9.92 254.05 1
9.93 258.7 1
9.94 268.09 1
9.95 276.44 1
9.96 276.49 1
9.97 276.44 1
9.98 268.19 1
9.99 257.22 1
10.0 251.45 1
10.01 243.27 1
10.02 171.29 1
10.03 167.88 1
10.04 73.99 1
10.05 74.56 1
10.06 74.06 1
10.07 74.56 1
10.08 74.48 1
10.09 73.86 1
10.1 75.28 1
10.11 74.12 1
10.12 74.56 1
10.13 74.81 1
10.14 74.3 1
10.15 74.35 1
10.16 74.39 1
10.17 74.23 1
10.18 74.24 1
10.19 74.81 1
10.2 74.61 1
10.21 74.37 1
10.22 74.43 1
10.23 74.52 1
10.24 74.45 1
10.25 74.54 1
10.26 74.34 1
10.27 74.43 1
10.28 74.58 1
10.29 74.36 1
10.3 74.37 1
10.31 74.67 1
10.32 74.44 1
10.33 74.48 1
10.34 74.44 1
10.35 74.62 1
10.36 74.5 1
10.37 74.63 1
10.38 74.59 1
10.39 74.49 1
10.4 74.6 1
10.41 74.48 1
10.42 74.51 1
10.43 74.55 1
10.44 74.57 1
10.45 74.56 1
10.46 74.51 1
10.47 74.58 1
10.48 74.54 1
