0.01 223.0 1
0.02 224.4 1
0.03 226.71 1
0.04 226.4 1
0.05 226.52 1
0.06 226.73 1
0.07 226.42 1
0.08 226.41 1
0.09 226.78 1
0.1 228.28 1
0.11 228.18 1
0.12 226.8 1
0.13 227.44 1
0.14 227.22 1
0.15 226.4 1
0.16 224.16 1
0.17 220.35 1
0.18 217.36 1
0.19 218.65 1
0.2 222.32 1
0.21 230.32 1
0.22 245.09 1
0.23 255.49 1
0.24 273.92 1
0.25 283.73 1
0.26 291.3 1
0.27 309.42 1
0.28 313.05 1
0.29 311.63 1
0.3 307.09 1
0.31 299.01 1
0.32 293.04 1
0.33 289.1 1
0.34 283.63 1
0.35 278.15 1
0.36 273.02 1
0.37 266.72 1
0.38 260.44 1
0.39 256.46 1
0.4 253.88 1
0.41 248.34 1
0.42 245.66 1
0.43 244.82 1
0.44 247.0 1
0.45 251.48 1
0.46 255.76 1
0.47 264.35 1
0.48 272.06 1
0.49 281.16 1
0.5 288.87 1
0.51 293.04 1
0.52 293.13 1
0.53 298.64 1
0.54 297.37 1
0.55 295.04 1
0.56 293.16 1
0.57 296.63 1
0.58 297.49 1
0.59 297.48 1
0.6 295.04 1
0.61 298.89 1
0.62 299.92 1
0.63 299.02 1
0.64 299.03 1
0.65 301.06 1
0.66 302.5 1
0.67 301.46 1
0.68 299.29 1
0.69 296.28 1
0.7 292.56 1
0.71 289.29 1
0.72 285.66 1
0.73 281.56 1
0.74 276.42 1
0.75 275.5 1
0.76 278.21 1
0.77 282.5 1
0.78 286.64 1
0.79 291.13 1
0.8 295.03 1
0.81 300.21 1
0.82 297.19 1
0.83 302.25 1
0.84 301.06 1
0.85 300.82 1
0.86 297.07 1
0.87 296.98 1
0.88 296.03 1
0.89 294.74 1
0.9 293.1 1
0.91 292.72 1
0.92 285.61 1
0.93 280.42 1
0.94 293.09 1
0.95 297.03 1
0.96 291.1 1
0.97 293.1 1
0.98 286.44 1
0.99 307.25 1
1.0 300.42 1
1.01 285.49 1
1.02 320.73 1
1.03 340.57 1
1.04 343.19 1
1.05 343.24 1
1.06 351.43 1
1.07 351.42 1
1.08 347.31 1
1.09 343.25 1
1.1 343.24 1
1.11 340.65 1
1.12 340.58 1
1.13 340.57 1
1.14 340.58 1
1.15 342.61 1
1.16 341.94 1
1.17 340.57 1
1.18 340.55 1
1.19 339.88 1
1.2 338.67 1
1.21 338.03 1
1.22 337.47 1
1.23 337.28 1
1.24 336.78 1
1.25 336.65 1
1.26 337.22 1
1.27 338.99 1
1.28 339.52 1
1.29 339.76 1
1.3 340.03 1
1.31 341.22 1
1.32 341.43 1
1.33 340.58 1
1.34 340.77 1
1.35 339.37 1
1.36 339.1 1
1.37 338.23 1
1.38 338.86 1
1.39 339.95 1
1.4 340.59 1
1.41 342.0 1
1.42 340.74 1
1.43 343.23 1
1.44 344.31 1
1.45 340.68 1
1.46 335.19 1
1.47 328.37 1
1.48 340.58 1
1.49 0.0 1
1.5 0.0 1
1.51 0.0 1
1.52 74.17 1
1.53 74.56 1
1.54 74.73 1
1.55 74.43 1
1.56 74.81 1
1.57 74.61 1
1.58 75.03 1
1.59 74.65 1
1.6 74.35 1
1.61 74.73 1
1.62 74.4 1
1.63 74.44 1
1.64 74.05 1
1.65 74.05 1
1.66 74.56 1
1.67 74.56 1
1.68 74.56 1
1.69 74.55 1
1.7 74.59 1
1.71 74.56 1
1.72 74.6 1
1.73 0.0 1
1.74 292.91 1
1.75 279.97 1
1.76 283.6 1
1.77 288.16 1
1.78 292.68 1
1.79 294.99 1
1.8 296.58 1
1.81 296.98 1
1.82 298.26 1
1.83 298.79 1
1.84 300.42 1
1.85 297.05 1
1.86 302.09 1
1.87 301.18 1
1.88 301.78 1
1.89 301.05 1
1.9 303.11 1
1.91 304.29 1
1.92 301.15 1
1.93 301.15 1
1.94 305.25 1
1.95 305.57 1
1.96 301.17 1
1.97 304.06 1
1.98 302.08 1
1.99 293.04 1
2.0 295.1 1
2.01 297.22 1
2.02 300.08 1
2.03 294.89 1
2.04 318.41 1
2.05 337.64 1
2.06 358.02 1
2.07 368.47 1
2.08 375.91 1
2.09 380.66 1
2.1 378.56 1
2.11 378.54 1
2.12 366.54 1
2.13 358.75 1
2.14 348.63 1
2.15 341.84 1
2.16 335.03 1
2.17 332.74 1
2.18 333.75 1
2.19 334.5 1
2.2 338.51 1
2.21 348.65 1
2.22 355.84 1
2.23 367.24 1
2.24 378.53 1
2.25 386.67 1
2.26 389.53 1
2.27 386.95 1
2.28 383.62 1
2.29 379.27 1
2.3 372.72 1
2.31 366.41 1
2.32 358.07 1
2.33 349.81 1
2.34 345.93 1
2.35 342.49 1
2.36 339.35 1
2.37 335.4 1
2.38 336.01 1
2.39 332.76 1
2.4 332.41 1
2.41 332.29 1
2.42 337.51 1
2.43 343.94 1
2.44 351.68 1
2.45 362.99 1
2.46 372.16 1
2.47 381.8 1
2.48 384.23 1
2.49 386.4 1
2.5 387.42 1
2.51 384.7 1
2.52 381.6 1
2.53 377.17 1
2.54 375.37 1
2.55 372.11 1
2.56 370.48 1
2.57 368.85 1
2.58 369.65 1
2.59 369.85 1
2.6 371.39 1
2.61 372.44 1
2.62 373.54 1
2.63 375.43 1
2.64 373.72 1
2.65 363.0 1
2.66 364.36 1
2.67 380.56 1
2.68 299.0 1
2.69 395.49 1
2.7 363.03 1
2.71 350.78 1
2.72 380.23 1
2.73 390.88 1
2.74 388.87 1
2.75 388.91 1
2.76 378.27 1
2.77 381.77 1
2.78 378.53 1
2.79 380.32 1
2.8 378.77 1
2.81 375.78 1
2.82 371.17 1
2.83 371.77 1
2.84 372.78 1
2.85 373.25 1
2.86 372.08 1
2.87 371.13 1
2.88 372.02 1
2.89 373.63 1
2.9 375.29 1
2.91 376.41 1
2.92 379.76 1
2.93 380.43 1
2.94 382.23 1
2.95 381.68 1
2.96 377.94 1
2.97 375.72 1
2.98 372.11 1
2.99 365.07 1
3.0 349.09 1
3.01 349.87 1
3.02 343.62 1
3.03 328.33 1
3.04 330.08 1
3.05 316.96 1
3.06 320.43 1
3.07 151.09 1
3.08 74.25 1
3.09 73.83 1
3.1 74.17 1
3.11 74.17 1
3.12 74.31 1
3.13 74.72 1
3.14 74.81 1
3.15 75.19 1
3.16 75.48 1
3.17 75.58 1
3.18 75.58 1
3.19 75.83 1
3.2 75.7 1
3.21 75.34 1
3.22 75.71 1
3.23 75.79 1
3.24 150.77 1
3.25 302.88 1
3.26 294.02 1
3.27 283.05 1
3.28 278.41 1
3.29 258.66 1
3.3 271.38 1
3.31 296.99 1
3.32 319.89 1
3.33 337.38 1
3.34 357.28 1
3.35 377.11 1
3.36 384.03 1
3.37 383.79 1
3.38 378.98 1
3.39 370.81 1
3.4 357.23 1
3.41 351.46 1
3.42 340.62 1
3.43 335.01 1
3.44 331.86 1
3.45 331.59 1
3.46 333.92 1
3.47 339.66 1
3.48 359.95 1
3.49 365.71 1
3.5 375.6 1
3.51 385.79 1
3.52 394.09 1
3.53 395.83 1
3.54 396.88 1
3.55 394.44 1
3.56 389.85 1
3.57 385.96 1
3.58 381.93 1
3.59 380.87 1
3.6 376.08 1
3.61 375.69 1
3.62 378.45 1
3.63 374.64 1
3.64 374.1 1
3.65 375.25 1
3.66 375.26 1
3.67 373.85 1
3.68 374.18 1
3.69 375.26 1
3.7 376.29 1
3.71 382.19 1
3.72 387.52 1
3.73 390.36 1
3.74 393.02 1
3.75 395.34 1
3.76 397.12 1
3.77 396.13 1
3.78 392.83 1
3.79 388.24 1
3.8 382.14 1
3.81 378.32 1
3.82 368.92 1
3.83 359.12 1
3.84 351.4 1
3.85 345.75 1
3.86 340.31 1
3.87 336.62 1
3.88 334.42 1
3.89 331.23 1
3.9 330.2 1
3.91 328.39 1
3.92 327.44 1
3.93 326.0 1
3.94 327.23 1
3.95 329.49 1
3.96 332.71 1
3.97 337.82 1
3.98 347.03 1
3.99 351.54 1
4.0 364.36 1
4.01 369.32 1
4.02 366.45 1
4.03 358.59 1
4.04 340.54 1
4.05 0.0 1
4.06 0.0 1
4.07 0.0 1
4.08 0.0 1
4.09 0.0 1
4.1 0.0 1
4.11 0.0 1
4.12 0.0 1
4.13 0.0 1
4.14 149.81 1
4.15 149.88 1
4.16 151.25 1
4.17 149.23 1
4.18 148.59 1
4.19 148.64 1
4.2 149.21 1
4.21 149.2 1
4.22 146.32 1
4.23 145.38 1
4.24 148.24 1
4.25 148.31 1
4.26 147.77 1
4.27 146.83 1
4.28 148.73 1
4.29 148.9 1
4.3 148.74 1
4.31 149.0 1
4.32 148.99 1
4.33 148.92 1
4.34 147.78 1
4.35 147.3 1
4.36 148.74 1
4.37 148.74 1
4.38 148.74 1
4.39 149.0 1
4.4 148.74 1
4.41 147.78 1
4.42 149.73 1
4.43 148.74 1
4.44 149.19 1
4.45 149.74 1
4.46 149.45 1
4.47 149.52 1
4.48 149.89 1
4.49 150.05 1
4.5 149.9 1
4.51 149.74 1
4.52 149.74 1
4.53 148.74 1
4.54 149.23 1
4.55 148.67 1
4.56 148.95 1
4.57 149.15 1
4.58 149.28 1
4.59 150.23 1
4.6 149.21 1
4.61 149.06 1
4.62 150.23 1
4.63 149.08 1
4.64 149.07 1
4.65 149.31 1
4.66 149.24 1
4.67 149.28 1
4.68 149.08 1
4.69 149.24 1
4.7 148.71 1
4.71 146.78 1
4.72 291.15 1
4.73 291.77 1
4.74 288.49 1
4.75 287.31 1
4.76 290.35 1
4.77 287.88 1
4.78 289.21 1
4.79 291.15 1
4.8 293.07 1
4.81 299.7 1
4.82 300.99 1
4.83 299.82 1
4.84 297.49 1
4.85 296.98 1
4.86 297.7 1
4.87 297.77 1
4.88 295.68 1
4.89 295.01 1
4.9 297.42 1
4.91 299.3 1
4.92 298.48 1
4.93 298.99 1
4.94 298.99 1
4.95 298.43 1
4.96 292.94 1
4.97 288.53 1
4.98 273.19 1
4.99 259.77 1
5.0 249.87 1
5.01 244.29 1
5.02 242.62 1
5.03 241.12 1
5.04 243.08 1
5.05 250.88 1
5.06 253.57 1
5.07 266.39 1
5.08 266.44 1
5.09 296.03 1
5.1 297.79 1
5.11 298.14 1
5.12 293.07 1
5.13 297.81 1
5.14 298.59 1
5.15 297.69 1
5.16 298.49 1
5.17 297.27 1
5.18 300.49 1
5.19 299.0 1
5.2 300.41 1
5.21 301.46 1
5.22 297.88 1
5.23 296.81 1
5.24 294.86 1
5.25 288.52 1
5.26 284.01 1
5.27 284.91 1
5.28 285.07 1
5.29 291.35 1
5.3 295.86 1
5.31 289.2 1
5.32 299.12 1
5.33 305.13 1
5.34 291.13 1
5.35 289.32 1
5.36 291.18 1
5.37 340.54 1
5.38 300.78 1
5.39 296.68 1
5.4 297.52 1
5.41 295.09 1
5.42 297.95 1
5.43 298.51 1
5.44 297.96 1
5.45 296.98 1
5.46 296.98 1
5.47 295.08 1
5.48 295.06 1
5.49 296.16 1
5.5 296.34 1
5.51 293.31 1
5.52 297.83 1
5.53 299.75 1
5.54 300.22 1
5.55 297.14 1
5.56 295.18 1
5.57 293.87 1
5.58 286.76 1
5.59 276.46 1
5.6 264.84 1
5.61 252.66 1
5.62 244.21 1
5.63 240.16 1
5.64 236.84 1
5.65 240.18 1
5.66 244.22 1
5.67 247.04 1
5.68 252.44 1
5.69 257.79 1
5.7 273.09 1
5.71 274.75 1
5.72 278.2 1
5.73 282.08 1
5.74 289.04 1
5.75 291.51 1
5.76 291.18 1
5.77 291.27 1
5.78 290.17 1
5.79 290.4 1
5.8 290.69 1
5.81 289.93 1
5.82 288.85 1
5.83 285.45 1
5.84 281.77 1
5.85 277.5 1
5.86 276.34 1
5.87 269.61 1
5.88 263.37 1
5.89 255.77 1
5.9 250.36 1
5.91 246.78 1
5.92 245.68 1
5.93 245.1 1
5.94 245.6 1
5.95 244.13 1
5.96 247.54 1
5.97 252.24 1
5.98 257.23 1
5.99 276.77 1
6.0 291.17 1
6.01 307.48 1
6.02 331.34 1
6.03 343.3 1
6.04 369.02 1
6.05 376.09 1
6.06 381.79 1
6.07 378.52 1
6.08 375.3 1
6.09 372.13 1
6.1 364.56 1
6.11 354.29 1
6.12 352.05 1
6.13 348.64 1
6.14 340.63 1
6.15 342.31 1
6.16 339.83 1
6.17 338.48 1
6.18 337.73 1
6.19 337.48 1
6.2 339.09 1
6.21 338.54 1
6.22 337.65 1
6.23 335.56 1
6.24 332.38 1
6.25 330.36 1
6.26 329.42 1
6.27 330.34 1
6.28 332.0 1
6.29 338.41 1
6.3 340.63 1
6.31 351.43 1
6.32 359.72 1
6.33 362.97 1
6.34 365.95 1
6.35 357.15 1
6.36 360.2 1
6.37 354.28 1
6.38 348.69 1
6.39 343.26 1
6.4 338.1 1
6.41 331.53 1
6.42 325.49 1
6.43 322.96 1
6.44 316.5 1
6.45 312.12 1
6.46 313.55 1
6.47 153.99 1
6.48 153.42 1
6.49 152.85 1
6.5 152.8 1
6.51 152.76 1
6.52 151.77 1
6.53 151.73 1
6.54 150.46 1
6.55 150.71 1
6.56 297.12 1
6.57 299.08 1
6.58 306.34 1
6.59 326.55 1
6.6 340.46 1
6.61 361.43 1
6.62 370.52 1
6.63 371.17 1
6.64 360.19 1
6.65 340.6 1
6.66 313.59 1
6.67 291.1 1
6.68 247.02 1
6.69 249.06 1
6.7 282.98 1
6.71 286.21 1
6.72 287.43 1
6.73 293.84 1
6.74 296.22 1
6.75 300.98 1
6.76 299.04 1
6.77 299.03 1
6.78 299.02 1
6.79 298.84 1
6.8 297.04 1
6.81 297.04 1
6.82 297.05 1
6.83 299.01 1
6.84 300.08 1
6.85 297.15 1
6.86 297.1 1
6.87 297.03 1
6.88 293.19 1
6.89 293.08 1
6.9 289.74 1
6.91 284.37 1
6.92 279.96 1
6.93 279.97 1
6.94 281.56 1
6.95 287.4 1
6.96 293.06 1
6.97 291.28 1
6.98 299.23 1
6.99 297.31 1
7.0 299.3 1
7.01 295.29 1
7.02 293.22 1
7.03 295.04 1
7.04 292.13 1
7.05 287.62 1
7.06 284.53 1
7.07 280.77 1
7.08 278.15 1
7.09 276.36 1
7.1 272.85 1
7.11 271.19 1
7.12 257.45 1
7.13 0.0 1
7.14 257.11 1
7.15 252.94 1
7.16 251.79 1
7.17 248.76 1
7.18 246.19 1
7.19 245.6 1
7.2 244.29 1
7.21 243.25 1
7.22 245.62 1
7.23 246.12 1
7.24 248.33 1
7.25 250.69 1
7.26 252.22 1
7.27 255.69 1
7.28 260.43 1
7.29 268.02 1
7.3 270.11 1
7.31 276.45 1
7.32 277.5 1
7.33 275.01 1
7.34 264.91 1
7.35 254.27 1
7.36 200.03 1
7.37 209.23 1
7.38 214.59 1
7.39 202.8 1
7.4 217.33 1
7.41 216.11 1
7.42 221.27 1
7.43 221.44 1
7.44 223.85 1
7.45 224.57 1
7.46 224.13 1
7.47 221.88 1
7.48 220.23 1
7.49 220.15 1
7.5 219.6 1
7.51 220.03 1
7.52 219.95 1
7.53 219.5 1
7.54 219.57 1
7.55 219.92 1
7.56 220.51 1
7.57 219.71 1
7.58 219.25 1
7.59 218.57 1
7.6 218.57 1
7.61 218.85 1
7.62 220.37 1
7.63 222.26 1
7.64 224.05 1
7.65 225.64 1
7.66 225.63 1
7.67 224.49 1
7.68 222.03 1
7.69 216.7 1
7.7 213.53 1
7.71 203.76 1
7.72 206.57 1
7.73 203.76 1
7.74 218.44 1
7.75 226.79 1
7.76 248.91 1
7.77 268.57 1
7.78 280.0 1
7.79 285.39 1
7.8 295.04 1
7.81 297.03 1
7.82 300.95 1
7.83 299.84 1
7.84 295.24 1
7.85 296.71 1
7.86 298.51 1
7.87 296.95 1
7.88 296.89 1
7.89 297.31 1
7.9 296.98 1
7.91 302.4 1
7.92 300.89 1
7.93 305.27 1
7.94 302.36 1
7.95 298.03 1
7.96 298.34 1
7.97 290.57 1
7.98 285.8 1
7.99 281.72 1
8.0 278.17 1
8.01 276.45 1
8.02 276.47 1
8.03 285.78 1
8.04 149.71 1
8.05 145.79 1
8.06 152.19 1
8.07 152.83 1
8.08 152.15 1
8.09 150.07 1
8.1 151.76 1
8.11 150.71 1
8.12 145.83 1
8.13 149.72 1
8.14 147.78 1
8.15 149.69 1
8.16 148.09 1
8.17 145.36 1
8.18 143.99 1
8.19 139.77 1
8.2 138.87 1
8.21 132.62 1
8.22 125.54 1
8.23 125.34 1
8.24 123.25 1
8.25 123.0 1
8.26 122.64 1
8.27 123.33 1
8.28 122.67 1
8.29 123.01 1
8.3 123.22 1
8.31 247.83 1
8.32 247.59 1
8.33 249.24 1
8.34 251.17 1
8.35 255.66 1
8.36 263.13 1
8.37 264.64 1
8.38 273.05 1
8.39 278.21 1
8.4 276.48 1
8.41 279.96 1
8.42 274.72 1
8.43 268.07 1
8.44 257.17 1
8.45 254.2 1
8.46 115.02 1
8.47 112.99 1
8.48 110.99 1
8.49 111.72 1
8.5 112.32 1
8.51 112.08 1
8.52 112.65 1
8.53 112.83 1
8.54 112.65 1
8.55 112.08 1
8.56 111.75 1
8.57 111.72 1
8.58 112.4 1
8.59 112.88 1
8.6 112.94 1
8.61 113.08 1
8.62 112.65 1
8.63 112.65 1
8.64 225.43 1
8.65 224.69 1
8.66 224.15 1
8.67 224.12 1
8.68 222.79 1
8.69 221.34 1
8.7 219.01 1
8.71 216.7 1
8.72 204.53 1
8.73 208.55 1
8.74 204.67 1
8.75 201.0 1
8.76 213.62 1
8.77 223.08 1
8.78 225.28 1
8.79 224.71 1
8.8 220.82 1
8.81 74.6 1
8.82 74.47 1
8.83 74.44 1
8.84 74.44 1
8.85 74.6 1
8.86 74.53 1
8.87 74.55 1
8.88 74.43 1
8.89 74.44 1
8.9 74.47 1
8.91 74.31 1
8.92 74.5 1
8.93 74.57 1
8.94 74.49 1
8.95 74.56 1
8.96 74.58 1
8.97 74.32 1
8.98 74.61 1
8.99 74.56 1
9.0 74.43 1
9.01 149.23 1
9.02 148.95 1
9.03 149.05 1
9.04 149.02 1
9.05 148.26 1
9.06 149.05 1
9.07 149.23 1
9.08 148.75 1
9.09 148.27 1
9.1 149.07 1
9.11 149.07 1
9.12 148.91 1
9.13 224.96 1
9.14 201.78 1
9.15 201.77 1
9.16 163.8 1
9.17 202.67 1
9.18 201.79 1
9.19 215.87 1
9.2 219.16 1
9.21 220.61 1
9.22 222.19 1
9.23 221.81 1
9.24 221.49 1
9.25 221.66 1
9.26 223.08 1
9.27 221.02 1
9.28 221.76 1
9.29 226.36 1
9.3 225.58 1
9.31 226.74 1
9.32 226.74 1
9.33 226.38 1
9.34 225.58 1
9.35 221.34 1
9.36 214.44 1
9.37 202.72 1
9.38 191.33 1
9.39 179.32 1
9.4 165.77 1
9.41 163.77 1
9.42 163.78 1
9.43 168.88 1
9.44 180.36 1
9.45 197.71 1
9.46 203.66 1
9.47 223.96 1
9.48 227.9 1
9.49 233.95 1
9.5 233.91 1
9.51 234.42 1
9.52 231.52 1
9.53 226.18 1
9.54 222.3 1
9.55 221.86 1
9.56 212.08 1
9.57 205.8 1
9.58 201.41 1
9.59 191.7 1
9.6 187.28 1
9.61 181.43 1
9.62 177.1 1
9.63 173.28 1
9.64 177.33 1
9.65 180.6 1
9.66 183.82 1
9.67 199.73 1
9.68 203.44 1
9.69 220.38 1
9.7 220.56 1
9.71 225.64 1
9.72 222.89 1
9.73 222.68 1
9.74 223.06 1
9.75 220.98 1
9.76 219.71 1
9.77 219.17 1
9.78 219.87 1
9.79 222.25 1
9.8 223.37 1
9.81 222.79 1
9.82 223.78 1
9.83 225.35 1
9.84 221.52 1
9.85 214.04 1
9.86 213.56 1
9.87 202.38 1
9.88 200.78 1
9.89 200.63 1
9.9 199.01 1
9.91 201.23 1
9.92 218.86 1
9.93 202.57 1
9.94 218.65 1
9.95 218.99 1
9.96 224.26 1
9.97 222.96 1
9.98 222.95 1
9.99 221.72 1
10.0 220.29 1
10.01 219.17 1
10.02 217.86 1
10.03 217.39 1
10.04 217.16 1
10.05 216.59 1
10.06 222.15 1
10.07 222.22 1
10.08 208.96 1
10.09 209.55 1
10.1 224.41 1
10.11 221.98 1
10.12 222.8 1
10.13 224.9 1
10.14 226.32 1
10.15 227.2 1
10.16 224.43 1
10.17 226.54 1
10.18 229.85 1
10.19 226.61 1
10.2 225.58 1
10.21 224.16 1
10.22 223.74 1
10.23 222.79 1
10.24 223.99 1
10.25 223.76 1
10.26 224.35 1
10.27 223.57 1
10.28 225.11 1
10.29 225.67 1
10.3 224.57 1
10.31 224.48 1
10.32 224.27 1
10.33 221.52 1
10.34 217.47 1
10.35 209.51 1
10.36 212.76 1
10.37 218.66 1
10.38 221.65 1
10.39 245.43 1
10.4 258.66 1
10.41 288.3 1
10.42 291.1 1
10.43 278.47 1
10.44 291.74 1
10.45 306.52 1
10.46 330.3 1
10.47 307.47 1
10.48 301.16 1
10.49 287.59 1
10.5 288.92 1
10.51 274.86 1
10.52 268.13 1
10.53 258.7 1
10.54 254.37 1
10.55 248.35 1
10.56 244.38 1
10.57 242.75 1
10.58 243.38 1
10.59 245.8 1
10.6 250.87 1
10.61 255.81 1
10.62 272.3 1
10.63 275.92 1
10.64 284.08 1
10.65 290.56 1
10.66 291.37 1
10.67 297.53 1
10.68 295.2 1
10.69 297.03 1
10.7 291.43 1
10.71 296.94 1
