0.01 316.11 1
0.02 340.51 1
0.03 285.95 1
0.04 261.8 1
0.05 250.59 1
0.06 244.25 1
0.07 236.39 1
0.08 237.68 1
0.09 241.59 1
0.1 252.74 1
0.11 257.74 1
0.12 276.33 1
0.13 260.04 1
0.14 263.8 1
0.15 249.81 1
0.16 244.16 1
0.17 257.43 1
0.18 274.5 1
0.19 265.87 1
0.2 252.74 1
0.21 249.25 1
0.22 250.04 1
0.23 254.22 1
0.24 266.52 1
0.25 282.12 1
0.26 327.92 1
0.27 343.22 1
0.28 476.56 1
0.29 470.8 1
0.3 417.99 1
0.31 388.44 1
0.32 391.98 1
0.33 378.53 1
0.34 353.4 1
0.35 342.06 1
0.36 330.29 1
0.37 333.0 1
0.38 338.93 1
0.39 346.06 1
0.4 351.42 1
0.41 357.91 1
0.42 365.25 1
0.43 366.02 1
0.44 364.99 1
0.45 357.13 1
0.46 356.49 1
0.47 353.71 1
0.48 349.01 1
0.49 342.89 1
0.5 337.35 1
0.51 330.69 1
0.52 333.26 1
0.53 335.1 1
0.54 340.55 1
0.55 348.69 1
0.56 354.96 1
0.57 361.18 1
0.58 364.82 1
0.59 360.13 1
0.6 360.05 1
0.61 356.77 1
0.62 350.97 1
0.63 342.9 1
0.64 328.04 1
0.65 316.34 1
0.66 303.27 1
0.67 296.38 1
0.68 291.25 1
0.69 292.85 1
0.7 289.62 1
0.71 291.13 1
0.72 291.32 1
0.73 298.14 1
0.74 311.08 1
0.75 309.49 1
0.76 307.34 1
0.77 307.3 1
0.78 330.33 1
0.79 321.61 1
0.8 315.66 1
0.81 308.52 1
0.82 298.41 1
0.83 287.65 1
0.84 283.96 1
0.85 281.84 1
0.86 281.45 1
0.87 287.96 1
0.88 300.7 1
0.89 315.04 1
0.9 332.11 1
0.91 343.22 1
0.92 352.89 1
0.93 357.29 1
0.94 365.05 1
0.95 358.25 1
0.96 348.67 1
0.97 343.63 1
0.98 336.33 1
0.99 332.07 1
1.0 332.05 1
1.01 332.64 1
1.02 336.29 1
1.03 342.25 1
1.04 347.6 1
1.05 351.58 1
1.06 359.39 1
1.07 360.13 1
1.08 358.42 1
1.09 353.53 1
1.1 347.76 1
1.11 335.67 1
1.12 331.81 1
1.13 320.89 1
1.14 308.87 1
1.15 293.94 1
1.16 295.96 1
1.17 294.72 1
1.18 288.39 1
1.19 286.56 1
1.2 286.67 1
1.21 285.38 1
1.22 285.09 1
1.23 286.07 1
1.24 283.07 1
1.25 283.55 1
1.26 274.81 1
1.27 281.98 1
1.28 296.92 1
1.29 296.43 1
1.3 297.01 1
1.31 323.46 1
1.32 306.77 1
1.33 295.35 1
1.34 295.36 1
1.35 295.29 1
1.36 297.2 1
1.37 295.42 1
1.38 297.41 1
1.39 305.03 1
1.4 303.29 1
1.41 297.56 1
1.42 291.35 1
1.43 299.0 1
1.44 296.51 1
1.45 296.22 1
1.46 290.45 1
1.47 285.81 1
1.48 282.87 1
1.49 283.13 1
1.5 285.17 1
1.51 287.69 1
1.52 291.11 1
1.53 295.15 1
1.54 295.22 1
1.55 301.23 1
1.56 308.04 1
1.57 299.26 1
1.58 302.45 1
1.59 295.86 1
1.6 285.73 1
1.61 272.74 1
1.62 249.43 1
1.63 237.94 1
1.64 238.64 1
1.65 243.5 1
1.66 251.21 1
1.67 258.73 1
1.68 268.41 1
1.69 278.05 1
1.7 281.46 1
1.71 280.18 1
1.72 283.66 1
1.73 277.35 1
1.74 263.29 1
1.75 247.84 1
1.76 245.67 1
1.77 239.95 1
1.78 236.83 1
1.79 239.95 1
1.8 254.62 1
1.81 263.66 1
1.82 289.03 1
1.83 303.46 1
1.84 327.69 1
1.85 321.55 1
1.86 315.97 1
1.87 294.45 1
1.88 273.9 1
1.89 251.29 1
1.9 209.12 1
1.91 222.16 1
1.92 219.98 1
1.93 217.67 1
1.94 218.81 1
1.95 219.16 1
1.96 220.44 1
1.97 222.86 1
1.98 225.18 1
1.99 226.75 1
2.0 226.76 1
2.01 225.12 1
2.02 222.8 1
2.03 222.17 1
2.04 222.19 1
2.05 0.0 1
2.06 0.0 1
2.07 220.99 1
2.08 217.93 1
2.09 219.86 1
2.1 224.43 1
2.11 250.09 1
2.12 277.98 1
2.13 296.69 1
2.14 315.26 1
2.15 320.68 1
2.16 316.52 1
2.17 321.92 1
2.18 309.39 1
2.19 286.07 1
2.2 314.31 1
2.21 274.77 1
2.22 224.53 1
2.23 216.59 1
2.24 220.24 1
2.25 291.32 1
2.26 307.81 1
2.27 299.4 1
2.28 317.23 1
2.29 322.36 1
2.3 316.06 1
2.31 313.49 1
2.32 293.39 1
2.33 288.02 1
2.34 280.28 1
2.35 313.83 1
2.36 296.99 1
2.37 311.58 1
2.38 315.65 1
2.39 289.05 1
2.4 302.9 1
2.41 295.11 1
2.42 297.8 1
2.43 299.03 1
2.44 297.45 1
2.45 303.97 1
2.46 304.42 1
2.47 303.23 1
2.48 303.21 1
2.49 297.21 1
2.5 0.0 1
2.51 0.0 1
2.52 0.0 1
2.53 0.0 1
2.54 0.0 1
2.55 291.44 1
2.56 289.4 1
2.57 288.67 1
2.58 289.66 1
2.59 295.46 1
2.6 318.18 1
2.61 335.52 1
2.62 365.72 1
2.63 470.7 1
2.64 478.3 1
2.65 473.98 1
2.66 456.6 1
2.67 375.29 1
2.68 385.15 1
2.69 360.0 1
2.7 334.4 1
2.71 320.43 1
2.72 320.47 1
2.73 322.07 1
2.74 332.84 1
2.75 345.84 1
2.76 357.21 1
2.77 370.58 1
2.78 382.11 1
2.79 389.69 1
2.8 392.42 1
2.81 383.86 1
2.82 365.92 1
2.83 361.36 1
2.84 354.51 1
2.85 341.0 1
2.86 327.69 1
2.87 293.17 1
2.88 279.89 1
2.89 259.96 1
2.9 245.65 1
2.91 242.85 1
2.92 228.02 1
2.93 226.86 1
2.94 226.81 1
2.95 226.81 1
2.96 184.17 1
2.97 184.95 1
2.98 251.27 1
2.99 261.69 1
3.0 278.21 1
3.01 287.29 1
3.02 294.05 1
3.03 293.22 1
3.04 299.24 1
3.05 297.71 1
3.06 297.04 1
3.07 295.05 1
3.08 295.83 1
3.09 294.8 1
3.1 298.59 1
3.11 297.1 1
3.12 301.13 1
3.13 305.21 1
3.14 299.17 1
3.15 301.04 1
3.16 304.29 1
3.17 311.66 1
3.18 307.57 1
3.19 291.41 1
3.2 316.12 1
3.21 281.49 1
3.22 281.45 1
3.23 297.3 1
3.24 309.71 1
3.25 330.43 1
3.26 316.04 1
3.27 329.74 1
3.28 341.71 1
3.29 338.11 1
3.3 332.73 1
3.31 304.01 1
3.32 332.88 1
3.33 301.03 1
3.34 291.24 1
3.35 230.89 1
3.36 222.07 1
3.37 216.66 1
3.38 218.85 1
3.39 223.48 1
3.4 229.25 1
3.41 246.6 1
3.42 264.9 1
3.43 290.96 1
3.44 299.07 1
3.45 305.04 1
3.46 297.04 1
3.47 297.11 1
3.48 313.64 1
3.49 295.11 1
3.5 281.66 1
3.51 253.43 1
3.52 241.56 1
3.53 221.69 1
3.54 208.05 1
3.55 279.7 1
3.56 197.3 1
3.57 187.31 1
3.58 184.93 1
3.59 182.06 1
3.6 177.45 1
3.61 177.46 1
3.62 178.87 1
3.63 180.79 1
3.64 186.2 1
3.65 194.09 1
3.66 202.76 1
3.67 209.83 1
3.68 215.12 1
3.69 218.64 1
3.7 226.74 1
3.71 224.46 1
3.72 226.49 1
3.73 226.07 1
3.74 223.2 1
3.75 222.42 1
3.76 222.42 1
3.77 223.5 1
3.78 222.78 1
3.79 219.96 1
3.8 223.53 1
3.81 224.53 1
3.82 222.89 1
3.83 215.06 1
3.84 202.79 1
3.85 188.07 1
3.86 184.91 1
3.87 191.2 1
3.88 200.33 1
3.89 214.76 1
3.9 225.6 1
3.91 242.57 1
3.92 251.07 1
3.93 245.75 1
3.94 237.73 1
3.95 221.11 1
3.96 218.96 1
3.97 202.81 1
3.98 188.25 1
3.99 177.51 1
4.0 167.4 1
4.01 162.31 1
4.02 172.58 1
4.03 180.0 1
4.04 184.14 1
4.05 198.8 1
4.06 204.61 1
4.07 207.54 1
4.08 201.3 1
4.09 200.0 1
4.1 196.49 1
4.11 194.8 1
4.12 163.62 1
4.13 155.54 1
4.14 149.74 1
4.15 149.24 1
4.16 152.32 1
4.17 155.52 1
4.18 169.9 1
4.19 184.89 1
4.2 188.89 1
4.21 193.47 1
4.22 197.32 1
4.23 199.01 1
4.24 164.87 1
4.25 163.65 1
4.26 169.91 1
4.27 148.27 1
4.28 150.79 1
4.29 141.11 1
4.3 148.71 1
4.31 164.25 1
4.32 176.66 1
4.33 195.2 1
4.34 207.58 1
4.35 222.47 1
4.36 223.08 1
4.37 209.5 1
4.38 0.0 1
4.39 0.0 1
4.4 0.0 1
4.41 0.0 1
4.42 146.62 1
4.43 151.24 1
4.44 155.66 1
4.45 181.03 1
4.46 201.65 1
4.47 227.92 1
4.48 242.96 1
4.49 252.89 1
4.5 257.23 1
4.51 254.21 1
4.52 243.9 1
4.53 249.89 1
4.54 243.0 1
4.55 245.78 1
4.56 196.45 1
4.57 170.6 1
4.58 169.26 1
4.59 168.65 1
4.6 183.72 1
4.61 197.63 1
4.62 202.81 1
4.63 217.89 1
4.64 224.22 1
4.65 225.49 1
4.66 225.59 1
4.67 223.36 1
4.68 232.36 1
4.69 224.45 1
4.7 223.7 1
4.71 224.0 1
4.72 240.27 1
4.73 229.2 1
4.74 222.13 1
4.75 207.58 1
4.76 203.8 1
4.77 209.47 1
4.78 232.08 1
4.79 255.48 1
4.8 290.19 1
4.81 299.07 1
4.82 316.18 1
4.83 331.49 1
4.84 297.39 1
4.85 307.55 1
4.86 296.48 1
4.87 276.26 1
4.88 216.37 1
4.89 212.2 1
4.9 207.92 1
4.91 217.75 1
4.92 232.57 1
4.93 246.98 1
4.94 289.84 1
4.95 290.23 1
4.96 298.98 1
4.97 307.31 1
4.98 311.19 1
4.99 309.5 1
5.0 296.99 1
