0.01 295.02 1
0.02 293.2 1
0.03 291.19 1
0.04 288.8 1
0.05 285.17 1
0.06 281.76 1
0.07 278.33 1
0.08 281.5 1
0.09 277.83 1
0.1 278.39 1
0.11 276.86 1
0.12 283.78 1
0.13 289.13 1
0.14 293.08 1
0.15 295.17 1
0.16 300.39 1
0.17 299.19 1
0.18 301.06 1
0.19 293.44 1
0.2 299.02 1
0.21 297.7 1
0.22 296.31 1
0.23 291.48 1
0.24 293.98 1
0.25 291.26 1
0.26 292.95 1
0.27 291.37 1
0.28 291.56 1
0.29 290.6 1
0.3 289.44 1
0.31 287.43 1
0.32 282.05 1
0.33 281.78 1
0.34 280.83 1
0.35 282.01 1
0.36 286.55 1
0.37 292.4 1
0.38 296.71 1
0.39 297.21 1
0.4 297.38 1
0.41 307.71 1
0.42 307.38 1
0.43 305.28 1
0.44 301.67 1
0.45 297.28 1
0.46 291.16 1
0.47 287.58 1
0.48 284.31 1
0.49 281.94 1
0.5 283.63 1
0.51 287.89 1
0.52 291.2 1
0.53 298.74 1
0.54 281.42 1
0.55 306.95 1
0.56 307.31 1
0.57 299.31 1
0.58 299.06 1
0.59 293.07 1
0.6 287.33 1
0.61 279.88 1
0.62 276.6 1
0.63 279.98 1
0.64 280.89 1
0.65 283.47 1
0.66 285.16 1
0.67 0.0 1
0.68 0.0 1
0.69 74.29 1
0.7 74.68 1
0.71 74.3 1
0.72 74.57 1
0.73 74.3 1
0.74 74.63 1
0.75 74.34 1
0.76 74.6 1
0.77 74.08 1
0.78 74.65 1
0.79 74.68 1
0.8 74.21 1
0.81 74.3 1
0.82 74.56 1
0.83 74.51 1
0.84 74.46 1
0.85 74.68 1
0.86 74.44 1
0.87 74.5 1
0.88 74.63 1
0.89 74.44 1
0.9 74.42 1
0.91 74.54 1
0.92 75.01 1
0.93 0.0 1
0.94 318.38 1
0.95 303.09 1
0.96 305.26 1
0.97 304.32 1
0.98 302.18 1
0.99 302.51 1
1.0 299.16 1
1.01 297.26 1
1.02 299.27 1
1.03 301.25 1
1.04 304.75 1
1.05 304.89 1
1.06 299.13 1
1.07 281.76 1
1.08 256.81 1
1.09 304.8 1
1.1 299.24 1
1.11 299.18 1
1.12 291.35 1
1.13 288.57 1
1.14 289.05 1
1.15 296.8 1
1.16 320.77 1
1.17 406.97 1
1.18 480.43 1
1.19 475.67 1
1.2 466.22 1
1.21 452.72 1
1.22 452.5 1
1.23 385.02 1
1.24 287.29 1
1.25 274.78 1
1.26 291.1 1
1.27 281.85 1
1.28 290.1 1
1.29 293.61 1
1.3 299.32 1
1.31 297.39 1
1.32 303.5 1
1.33 301.15 1
1.34 298.7 1
1.35 294.11 1
1.36 289.03 1
1.37 288.97 1
1.38 0.0 1
1.39 0.0 1
1.4 0.0 1
1.41 282.64 1
1.42 292.72 1
1.43 295.35 1
1.44 300.85 1
1.45 298.67 1
1.46 299.0 1
1.47 297.22 1
1.48 299.19 1
1.49 301.13 1
1.5 302.71 1
1.51 301.13 1
1.52 303.13 1
1.53 297.16 1
1.54 295.23 1
1.55 304.4 1
1.56 302.75 1
1.57 297.12 1
1.58 297.41 1
1.59 290.33 1
1.6 286.92 1
1.61 286.29 1
1.62 289.18 1
1.63 299.83 1
1.64 315.77 1
1.65 320.62 1
1.66 330.22 1
1.67 330.29 1
1.68 325.31 1
1.69 0.0 1
1.7 0.0 1
1.71 0.0 1
1.72 261.13 1
1.73 221.31 1
1.74 219.94 1
1.75 221.02 1
1.76 224.08 1
1.77 238.91 1
1.78 251.39 1
1.79 274.75 1
1.8 291.64 1
1.81 299.12 1
1.82 297.03 1
1.83 311.03 1
1.84 0.0 1
1.85 0.0 1
1.86 0.0 1
1.87 0.0 1
1.88 0.0 1
1.89 0.0 1
1.9 0.0 1
1.91 0.0 1
1.92 0.0 1
1.93 0.0 1
1.94 0.0 1
1.95 0.0 1
1.96 332.54 1
1.97 336.42 1
1.98 337.91 1
1.99 0.0 1
2.0 0.0 1
2.01 0.0 1
2.02 0.0 1
2.03 0.0 1
2.04 228.49 1
2.05 229.83 1
2.06 238.97 1
2.07 244.29 1
2.08 254.2 1
2.09 267.94 1
2.1 281.82 1
2.11 287.76 1
2.12 291.6 1
2.13 287.55 1
2.14 278.25 1
2.15 263.78 1
2.16 188.88 1
2.17 191.33 1
2.18 190.29 1
2.19 189.22 1
2.2 216.13 1
2.21 221.02 1
2.22 218.83 1
2.23 218.73 1
2.24 219.95 1
2.25 220.51 1
2.26 220.98 1
2.27 221.82 1
2.28 223.25 1
2.29 224.8 1
2.3 224.52 1
2.31 0.0 1
2.32 0.0 1
2.33 0.0 1
2.34 0.0 1
2.35 0.0 1
2.36 204.68 1
2.37 205.77 1
2.38 219.19 1
2.39 229.29 1
2.4 246.56 1
2.41 260.89 1
2.42 287.4 1
2.43 279.93 1
2.44 276.43 1
2.45 261.91 1
2.46 0.0 1
2.47 0.0 1
2.48 0.0 1
2.49 0.0 1
2.5 0.0 1
2.51 0.0 1
2.52 0.0 1
2.53 222.04 1
2.54 219.66 1
2.55 217.79 1
2.56 221.01 1
2.57 222.33 1
2.58 223.15 1
2.59 223.88 1
2.6 222.17 1
2.61 221.39 1
2.62 220.82 1
2.63 220.67 1
2.64 221.85 1
2.65 222.87 1
2.66 222.56 1
2.67 223.0 1
2.68 223.72 1
2.69 223.81 1
2.7 223.94 1
2.71 224.1 1
2.72 222.85 1
2.73 220.98 1
2.74 217.48 1
2.75 212.23 1
2.76 206.26 1
2.77 217.78 1
2.78 0.0 1
2.79 0.0 1
2.8 0.0 1
2.81 0.0 1
2.82 0.0 1
2.83 74.18 1
2.84 74.39 1
2.85 74.61 1
2.86 74.56 1
2.87 74.56 1
2.88 74.36 1
2.89 74.59 1
2.9 74.67 1
2.91 74.54 1
2.92 74.52 1
2.93 74.51 1
2.94 74.59 1
2.95 74.46 1
2.96 74.54 1
2.97 74.51 1
2.98 74.47 1
2.99 92.75 1
3.0 186.47 1
3.01 192.15 1
3.02 192.79 1
3.03 202.78 1
3.04 195.46 1
3.05 202.81 1
3.06 219.61 1
3.07 238.04 1
3.08 252.36 1
3.09 295.2 1
3.1 306.6 1
3.11 305.2 1
3.12 331.67 1
3.13 292.36 1
3.14 311.8 1
3.15 305.82 1
3.16 280.51 1
3.17 258.21 1
3.18 250.09 1
3.19 246.63 1
3.2 247.23 1
3.21 263.45 1
3.22 277.27 1
3.23 311.38 1
3.24 326.51 1
3.25 345.86 1
3.26 361.07 1
3.27 359.44 1
3.28 347.89 1
3.29 331.21 1
3.3 281.77 1
3.31 242.99 1
3.32 254.17 1
3.33 255.23 1
3.34 244.11 1
3.35 245.59 1
3.36 245.68 1
3.37 254.22 1
3.38 269.71 1
3.39 283.85 1
3.4 291.2 1
3.41 293.25 1
3.42 301.47 1
3.43 293.13 1
3.44 278.93 1
3.45 0.0 1
3.46 0.0 1
3.47 0.0 1
3.48 0.0 1
3.49 0.0 1
3.5 224.01 1
3.51 220.17 1
3.52 217.08 1
3.53 218.93 1
3.54 221.52 1
3.55 224.57 1
3.56 225.62 1
3.57 225.66 1
3.58 226.83 1
3.59 226.8 1
3.6 223.33 1
3.61 0.0 1
3.62 0.0 1
3.63 0.0 1
3.64 0.0 1
3.65 212.28 1
3.66 201.82 1
3.67 211.5 1
3.68 219.94 1
3.69 235.82 1
3.7 267.95 1
3.71 291.23 1
3.72 303.29 1
3.73 317.39 1
3.74 311.54 1
3.75 293.1 1
3.76 0.0 1
3.77 0.0 1
3.78 0.0 1
3.79 0.0 1
3.8 0.0 1
3.81 219.89 1
3.82 217.73 1
3.83 219.44 1
3.84 221.93 1
3.85 225.59 1
3.86 226.79 1
3.87 226.8 1
3.88 226.77 1
3.89 223.76 1
3.9 218.4 1
3.91 209.55 1
3.92 202.79 1
3.93 217.78 1
3.94 205.61 1
3.95 213.47 1
3.96 203.65 1
3.97 209.3 1
3.98 215.88 1
3.99 222.16 1
4.0 227.96 1
4.01 228.13 1
4.02 230.35 1
4.03 226.8 1
4.04 221.23 1
4.05 214.02 1
4.06 206.62 1
4.07 202.8 1
4.08 201.63 1
4.09 201.85 1
4.1 207.55 1
4.11 230.92 1
4.12 227.74 1
4.13 226.23 1
4.14 225.61 1
4.15 226.22 1
4.16 224.81 1
4.17 225.07 1
4.18 225.26 1
4.19 226.75 1
4.2 226.9 1
4.21 228.08 1
4.22 229.26 1
4.23 230.39 1
4.24 227.56 1
4.25 222.04 1
4.26 221.13 1
4.27 200.19 1
4.28 195.71 1
4.29 199.15 1
4.3 205.24 1
4.31 215.61 1
4.32 224.39 1
4.33 229.24 1
4.34 240.27 1
4.35 254.29 1
4.36 243.07 1
4.37 0.0 1
4.38 0.0 1
4.39 0.0 1
4.4 192.11 1
4.41 190.54 1
4.42 173.29 1
4.43 167.79 1
4.44 169.63 1
4.45 173.98 1
4.46 179.66 1
4.47 187.31 1
4.48 196.36 1
4.49 201.13 1
4.5 204.65 1
4.51 201.84 1
4.52 196.39 1
4.53 195.59 1
4.54 194.7 1
4.55 198.24 1
4.56 165.4 1
4.57 164.8 1
4.58 168.66 1
4.59 182.61 1
4.6 197.45 1
4.61 216.27 1
4.62 223.8 1
4.63 238.87 1
4.64 244.23 1
4.65 245.56 1
4.66 243.29 1
4.67 232.83 1
4.68 188.87 1
4.69 187.18 1
4.7 180.47 1
4.71 178.07 1
4.72 174.61 1
4.73 178.55 1
4.74 185.81 1
4.75 197.31 1
4.76 203.78 1
4.77 217.68 1
4.78 222.77 1
4.79 224.97 1
4.8 224.25 1
4.81 222.23 1
4.82 214.62 1
4.83 211.61 1
4.84 216.81 1
4.85 218.86 1
4.86 215.49 1
4.87 216.62 1
4.88 216.6 1
4.89 221.31 1
4.9 238.87 1
4.91 254.31 1
4.92 284.34 1
4.93 299.09 1
4.94 314.18 1
