0.01 372.95 1
0.02 358.2 1
0.03 300.79 1
0.04 309.39 1
0.05 311.24 1
0.06 302.84 1
0.07 295.13 1
0.08 296.94 1
0.09 296.65 1
0.1 295.04 1
0.11 291.26 1
0.12 293.1 1
0.13 293.09 1
0.14 293.1 1
0.15 291.25 1
0.16 293.15 1
0.17 293.17 1
0.18 293.22 1
0.19 293.25 1
0.2 295.12 1
0.21 293.17 1
0.22 291.2 1
0.23 290.1 1
0.24 283.79 1
0.25 278.11 1
0.26 262.78 1
0.27 252.59 1
0.28 248.21 1
0.29 251.31 1
0.3 253.66 1
0.31 248.85 1
0.32 121.32 1
0.33 120.0 1
0.34 119.35 1
0.35 118.97 1
0.36 117.44 1
0.37 118.4 1
0.38 123.01 1
0.39 120.25 1
0.4 125.4 1
0.41 126.89 1
0.42 127.66 1
0.43 125.69 1
0.44 133.84 1
0.45 340.6 1
0.46 338.01 1
0.47 372.13 1
0.48 387.91 1
0.49 391.97 1
0.5 393.03 1
0.51 391.93 1
0.52 389.19 1
0.53 385.17 1
0.54 383.52 1
0.55 379.79 1
0.56 379.18 1
0.57 377.63 1
0.58 374.78 1
0.59 373.39 1
0.6 372.12 1
0.61 370.14 1
0.62 369.74 1
0.63 370.5 1
0.64 372.05 1
0.65 371.15 1
0.66 373.42 1
0.67 376.3 1
0.68 377.57 1
0.69 380.62 1
0.7 380.61 1
0.71 362.97 1
0.72 382.45 1
0.73 382.06 1
0.74 385.71 1
0.75 384.19 1
0.76 382.35 1
0.77 380.5 1
0.78 379.9 1
0.79 376.94 1
0.8 372.33 1
0.81 368.78 1
0.82 366.71 1
0.83 362.85 1
0.84 360.14 1
0.85 355.71 1
0.86 351.82 1
0.87 347.44 1
0.88 344.63 1
0.89 342.39 1
0.9 339.79 1
0.91 336.88 1
0.92 336.93 1
0.93 325.48 1
0.94 336.55 1
0.95 335.36 1
0.96 348.59 1
0.97 351.39 1
0.98 378.56 1
0.99 398.41 1
1.0 397.84 1
1.01 397.1 1
1.02 401.22 1
1.03 401.5 1
1.04 397.46 1
1.05 391.12 1
1.06 384.59 1
1.07 374.15 1
1.08 363.22 1
1.09 351.64 1
1.1 346.77 1
1.11 341.65 1
1.12 335.44 1
1.13 334.36 1
1.14 333.03 1
1.15 331.57 1
1.16 332.45 1
1.17 333.71 1
1.18 333.46 1
1.19 335.11 1
1.2 332.19 1
1.21 331.83 1
1.22 332.62 1
1.23 334.47 1
1.24 335.45 1
1.25 335.85 1
1.26 345.18 1
1.27 352.25 1
1.28 360.62 1
1.29 363.11 1
1.3 369.73 1
1.31 369.05 1
1.32 360.29 1
1.33 360.93 1
1.34 354.33 1
1.35 347.43 1
1.36 335.1 1
1.37 325.62 1
1.38 318.19 1
1.39 308.75 1
1.4 299.01 1
1.41 290.46 1
1.42 280.43 1
1.43 268.67 1
1.44 0.0 1
1.45 0.0 1
1.46 73.94 1
1.47 74.46 1
1.48 74.3 1
1.49 74.68 1
1.5 74.2 1
1.51 74.26 1
1.52 74.48 1
1.53 74.68 1
1.54 74.56 1
1.55 74.69 1
1.56 74.41 1
1.57 74.42 1
1.58 74.5 1
1.59 73.44 1
1.6 74.56 1
1.61 74.56 1
1.62 74.44 1
1.63 74.57 1
1.64 74.44 1
1.65 74.58 1
1.66 74.56 1
1.67 0.0 1
1.68 0.0 1
1.69 351.42 1
1.7 308.28 1
1.71 299.42 1
1.72 293.11 1
1.73 287.53 1
1.74 281.2 1
1.75 274.26 1
1.76 269.7 1
1.77 265.81 1
1.78 263.38 1
1.79 267.31 1
1.8 275.24 1
1.81 289.58 1
1.82 151.43 1
1.83 312.68 1
1.84 320.49 1
1.85 327.17 1
1.86 326.51 1
1.87 320.48 1
1.88 309.6 1
1.89 295.57 1
1.9 294.69 1
1.91 287.09 1
1.92 277.72 1
1.93 273.9 1
1.94 273.01 1
1.95 276.24 1
1.96 289.29 1
1.97 305.22 1
1.98 344.68 1
1.99 369.05 1
2.0 386.88 1
2.01 391.71 1
2.02 422.02 1
2.03 408.8 1
2.04 394.65 1
2.05 383.95 1
2.06 381.26 1
2.07 364.32 1
2.08 351.81 1
2.09 350.15 1
2.1 346.01 1
2.11 346.07 1
2.12 343.44 1
2.13 344.99 1
2.14 347.37 1
2.15 351.01 1
2.16 353.39 1
2.17 360.34 1
2.18 366.83 1
2.19 371.3 1
2.2 372.57 1
2.21 371.51 1
2.22 370.34 1
2.23 364.9 1
2.24 359.41 1
2.25 353.47 1
2.26 348.01 1
2.27 340.0 1
2.28 331.92 1
2.29 325.01 1
2.3 320.53 1
2.31 311.79 1
2.32 309.3 1
2.33 305.34 1
2.34 299.66 1
2.35 301.07 1
2.36 302.51 1
2.37 296.63 1
2.38 294.3 1
2.39 293.52 1
2.4 291.35 1
2.41 291.86 1
2.42 290.97 1
2.43 289.36 1
2.44 288.24 1
2.45 288.32 1
2.46 288.36 1
2.47 288.88 1
2.48 290.51 1
2.49 291.34 1
2.5 295.1 1
2.51 298.31 1
2.52 298.72 1
2.53 291.83 1
2.54 298.54 1
2.55 297.17 1
2.56 294.97 1
2.57 289.25 1
2.58 286.47 1
2.59 283.6 1
2.6 282.86 1
2.61 283.53 1
2.62 273.05 1
2.63 0.0 1
2.64 0.0 1
2.65 74.67 1
2.66 74.55 1
2.67 74.56 1
2.68 74.64 1
2.69 0.0 1
2.7 0.0 1
2.71 318.06 1
2.72 294.8 1
2.73 289.92 1
2.74 291.41 1
2.75 289.9 1
2.76 289.12 1
2.77 288.81 1
2.78 290.08 1
2.79 291.1 1
2.8 291.13 1
2.81 291.13 1
2.82 291.15 1
2.83 291.2 1
2.84 291.25 1
2.85 293.21 1
2.86 293.26 1
2.87 293.28 1
2.88 293.33 1
2.89 295.25 1
2.9 297.13 1
2.91 295.23 1
2.92 293.31 1
2.93 293.31 1
2.94 293.33 1
2.95 293.33 1
2.96 293.27 1
2.97 293.2 1
2.98 293.18 1
2.99 293.21 1
3.0 293.24 1
3.01 295.13 1
3.02 293.22 1
3.03 293.12 1
3.04 291.1 1
3.05 287.57 1
3.06 283.53 1
3.07 285.51 1
3.08 290.99 1
3.09 299.06 1
3.1 395.56 1
3.11 434.78 1
3.12 418.09 1
3.13 396.73 1
3.14 325.44 1
3.15 299.27 1
3.16 269.72 1
3.17 271.22 1
3.18 261.24 1
3.19 182.85 1
3.2 277.58 1
3.21 285.35 1
3.22 297.77 1
3.23 305.39 1
3.24 313.83 1
3.25 313.85 1
3.26 309.82 1
3.27 305.48 1
3.28 299.88 1
3.29 293.38 1
3.3 288.77 1
3.31 284.64 1
3.32 282.68 1
3.33 284.71 1
3.34 287.85 1
3.35 291.36 1
3.36 295.26 1
3.37 298.12 1
3.38 300.69 1
3.39 302.87 1
3.4 302.45 1
3.41 299.05 1
3.42 297.82 1
3.43 295.55 1
3.44 294.91 1
3.45 294.02 1
3.46 294.37 1
3.47 295.42 1
3.48 295.84 1
3.49 293.22 1
3.5 293.23 1
3.51 295.84 1
3.52 295.33 1
3.53 294.39 1
3.54 291.18 1
3.55 288.13 1
3.56 282.7 1
3.57 273.99 1
3.58 271.1 1
3.59 257.37 1
3.6 252.87 1
3.61 247.12 1
3.62 115.75 1
3.63 124.7 1
3.64 124.4 1
3.65 121.91 1
3.66 127.28 1
3.67 128.47 1
3.68 91.11 1
3.69 93.13 1
3.7 74.4 1
3.71 74.81 1
3.72 75.06 1
3.73 76.86 1
3.74 75.06 1
3.75 74.54 1
3.76 75.72 1
3.77 75.7 1
3.78 75.46 1
3.79 75.76 1
3.8 75.34 1
3.81 75.08 1
3.82 74.94 1
3.83 73.93 1
3.84 73.19 1
3.85 144.33 1
3.86 285.29 1
3.87 281.61 1
3.88 279.88 1
3.89 281.74 1
3.9 289.33 1
3.91 297.52 1
3.92 313.6 1
3.93 313.67 1
3.94 313.71 1
3.95 307.64 1
3.96 314.12 1
3.97 339.4 1
3.98 325.45 1
3.99 343.2 1
4.0 350.87 1
4.01 299.86 1
4.02 307.31 1
4.03 297.84 1
4.04 297.14 1
4.05 295.06 1
4.06 293.21 1
4.07 297.01 1
4.08 297.0 1
4.09 295.04 1
4.1 295.05 1
4.11 296.98 1
4.12 297.01 1
4.13 297.01 1
4.14 297.0 1
4.15 298.18 1
4.16 298.22 1
4.17 296.51 1
4.18 294.89 1
4.19 292.49 1
4.2 287.89 1
4.21 281.59 1
4.22 275.25 1
4.23 263.28 1
4.24 254.26 1
4.25 245.97 1
4.26 238.67 1
4.27 230.44 1
4.28 225.71 1
4.29 225.58 1
4.3 182.61 1
4.31 185.68 1
4.32 201.92 1
4.33 208.4 1
4.34 219.94 1
4.35 225.68 1
4.36 225.68 1
4.37 226.3 1
4.38 225.9 1
4.39 224.6 1
4.4 223.46 1
4.41 223.74 1
4.42 224.54 1
4.43 224.33 1
4.44 223.19 1
4.45 220.73 1
4.46 219.31 1
4.47 219.3 1
4.48 221.13 1
4.49 223.04 1
4.5 226.7 1
4.51 227.54 1
4.52 226.75 1
4.53 225.6 1
4.54 225.44 1
4.55 223.78 1
4.56 221.95 1
4.57 219.68 1
4.58 219.99 1
4.59 225.58 1
4.6 117.12 1
4.61 118.39 1
4.62 127.24 1
4.63 133.46 1
4.64 138.47 1
4.65 141.9 1
4.66 320.09 1
4.67 325.43 1
4.68 316.02 1
4.69 305.16 1
4.7 298.86 1
4.71 283.98 1
4.72 271.35 1
4.73 257.12 1
4.74 248.57 1
4.75 242.51 1
4.76 241.64 1
4.77 241.59 1
4.78 246.99 1
4.79 252.06 1
4.8 255.86 1
4.81 269.7 1
4.82 279.99 1
4.83 290.52 1
4.84 298.84 1
4.85 299.83 1
4.86 293.26 1
4.87 311.54 1
4.88 304.97 1
4.89 297.45 1
4.9 285.5 1
4.91 278.24 1
4.92 0.0 1
4.93 0.0 1
4.94 0.0 1
4.95 0.0 1
4.96 0.0 1
4.97 0.0 1
4.98 0.0 1
4.99 151.42 1
5.0 152.21 1
5.01 154.84 1
5.02 146.28 1
5.03 145.81 1
5.04 145.8 1
5.05 146.86 1
5.06 147.15 1
5.07 147.26 1
5.08 148.22 1
5.09 147.74 1
5.1 146.76 1
5.11 143.43 1
5.12 145.83 1
5.13 147.75 1
5.14 148.24 1
5.15 148.73 1
5.16 147.25 1
5.17 146.81 1
5.18 147.72 1
5.19 148.11 1
5.2 148.79 1
5.21 148.88 1
5.22 150.04 1
5.23 149.83 1
5.24 147.8 1
5.25 148.77 1
5.26 151.21 1
5.27 149.33 1
5.28 149.16 1
5.29 148.94 1
5.3 149.12 1
5.31 149.23 1
5.32 149.09 1
5.33 149.09 1
5.34 149.13 1
5.35 149.11 1
5.36 149.11 1
5.37 149.23 1
5.38 138.2 1
5.39 133.03 1
5.4 0.0 1
5.41 290.83 1
5.42 292.04 1
5.43 295.61 1
5.44 295.22 1
5.45 298.33 1
5.46 301.19 1
5.47 299.99 1
5.48 298.99 1
5.49 297.01 1
5.5 295.05 1
5.51 294.6 1
5.52 291.48 1
5.53 288.5 1
5.54 282.4 1
5.55 279.59 1
5.56 276.03 1
5.57 268.08 1
5.58 263.67 1
5.59 254.41 1
5.6 249.13 1
5.61 0.0 1
5.62 246.81 1
5.63 246.8 1
5.64 248.79 1
5.65 254.23 1
5.66 274.57 1
5.67 273.38 1
5.68 293.1 1
5.69 301.03 1
5.7 343.32 1
5.71 340.56 1
5.72 391.14 1
5.73 395.16 1
5.74 401.78 1
5.75 396.21 1
5.76 385.0 1
5.77 374.49 1
5.78 370.06 1
5.79 364.17 1
5.8 356.54 1
5.81 348.63 1
5.82 343.16 1
5.83 340.98 1
5.84 337.88 1
5.85 336.21 1
5.86 334.42 1
5.87 332.88 1
5.88 338.0 1
5.89 342.37 1
5.9 348.51 1
5.91 356.68 1
5.92 370.72 1
5.93 385.2 1
5.94 394.12 1
5.95 400.82 1
5.96 378.57 1
5.97 368.73 1
5.98 381.75 1
5.99 395.53 1
6.0 443.52 1
6.01 346.12 1
6.02 372.57 1
6.03 368.82 1
6.04 375.22 1
6.05 348.66 1
6.06 340.02 1
6.07 323.06 1
6.08 311.84 1
6.09 299.1 1
6.1 293.06 1
6.11 288.23 1
6.12 278.19 1
6.13 271.3 1
6.14 255.74 1
6.15 126.92 1
6.16 126.54 1
6.17 125.53 1
6.18 124.25 1
6.19 123.69 1
6.2 122.66 1
6.21 244.31 1
6.22 244.27 1
6.23 241.23 1
6.24 242.93 1
6.25 246.67 1
6.26 249.85 1
6.27 254.2 1
6.28 272.95 1
6.29 280.18 1
6.3 289.8 1
6.31 297.04 1
6.32 297.01 1
6.33 301.06 1
6.34 297.06 1
6.35 301.69 1
6.36 295.08 1
6.37 295.0 1
6.38 296.67 1
6.39 295.02 1
6.4 293.08 1
6.41 293.09 1
6.42 295.02 1
6.43 295.03 1
6.44 296.99 1
6.45 297.01 1
6.46 299.0 1
6.47 300.74 1
6.48 299.02 1
6.49 299.03 1
6.5 301.04 1
6.51 301.05 1
6.52 299.11 1
6.53 302.15 1
6.54 299.01 1
6.55 291.23 1
6.56 291.13 1
6.57 291.1 1
6.58 292.7 1
6.59 295.02 1
6.6 349.0 1
6.61 414.33 1
6.62 443.22 1
6.63 459.41 1
6.64 434.21 1
6.65 408.09 1
6.66 384.51 1
6.67 342.93 1
6.68 284.05 1
6.69 253.58 1
6.7 259.81 1
6.71 288.67 1
6.72 276.68 1
6.73 308.81 1
6.74 302.95 1
6.75 307.36 1
6.76 311.18 1
6.77 307.53 1
6.78 313.45 1
6.79 303.64 1
6.8 297.41 1
6.81 291.15 1
6.82 286.24 1
6.83 284.6 1
6.84 285.46 1
6.85 289.16 1
6.86 292.15 1
6.87 293.19 1
6.88 303.11 1
6.89 313.71 1
6.9 315.73 1
6.91 322.77 1
6.92 309.71 1
6.93 301.14 1
6.94 291.13 1
6.95 289.18 1
6.96 240.28 1
6.97 238.31 1
6.98 257.3 1
6.99 231.5 1
7.0 249.85 1
7.01 253.88 1
7.02 320.11 1
7.03 304.98 1
7.04 311.59 1
7.05 307.18 1
7.06 301.09 1
7.07 302.49 1
7.08 295.14 1
7.09 293.23 1
7.1 293.23 1
7.11 295.13 1
7.12 293.18 1
7.13 295.08 1
7.14 293.14 1
7.15 295.04 1
7.16 293.1 1
7.17 293.09 1
7.18 291.19 1
7.19 293.07 1
7.2 291.13 1
7.21 288.31 1
7.22 278.21 1
7.23 271.64 1
7.24 258.7 1
7.25 124.29 1
7.26 123.67 1
7.27 119.08 1
7.28 122.32 1
7.29 123.35 1
7.3 253.1 1
7.31 261.16 1
7.32 276.47 1
7.33 290.68 1
7.34 293.14 1
7.35 312.46 1
7.36 307.38 1
7.37 291.15 1
7.38 293.08 1
7.39 0.0 1
7.4 0.0 1
7.41 0.0 1
7.42 0.0 1
7.43 0.0 1
7.44 0.0 1
7.45 0.0 1
7.46 0.0 1
7.47 0.0 1
7.48 0.0 1
7.49 0.0 1
7.5 0.0 1
7.51 0.0 1
7.52 0.0 1
7.53 0.0 1
7.54 0.0 1
7.55 276.48 1
7.56 276.47 1
7.57 275.27 1
7.58 279.93 1
7.59 281.78 1
7.6 280.22 1
7.61 274.74 1
7.62 261.74 1
7.63 246.82 1
7.64 230.29 1
7.65 223.1 1
7.66 218.85 1
7.67 220.64 1
7.68 220.31 1
7.69 222.91 1
7.7 224.65 1
7.71 225.12 1
7.72 225.6 1
7.73 224.15 1
7.74 222.66 1
7.75 220.55 1
7.76 215.9 1
7.77 205.62 1
7.78 204.66 1
7.79 203.77 1
7.8 205.64 1
7.81 213.53 1
7.82 217.8 1
7.83 219.17 1
7.84 224.16 1
7.85 223.2 1
7.86 225.18 1
7.87 224.69 1
7.88 222.36 1
7.89 220.53 1
7.9 220.62 1
7.91 220.3 1
7.92 221.67 1
7.93 217.53 1
7.94 220.85 1
7.95 218.98 1
7.96 220.68 1
7.97 218.38 1
7.98 215.65 1
7.99 215.1 1
8.0 218.17 1
8.01 202.77 1
8.02 222.16 1
8.03 220.66 1
8.04 219.68 1
8.05 220.17 1
8.06 220.08 1
8.07 220.9 1
8.08 221.71 1
8.09 222.65 1
8.1 223.31 1
8.11 220.21 1
8.12 220.2 1
8.13 222.78 1
8.14 219.8 1
8.15 215.64 1
8.16 209.56 1
8.17 202.84 1
8.18 201.98 1
8.19 203.87 1
8.2 203.82 1
8.21 215.11 1
8.22 221.08 1
8.23 225.76 1
8.24 222.09 1
8.25 231.56 1
8.26 221.09 1
8.27 187.26 1
8.28 204.54 1
8.29 204.67 1
8.3 193.99 1
8.31 180.35 1
8.32 193.85 1
8.33 188.89 1
8.34 212.56 1
8.35 221.04 1
8.36 225.52 1
8.37 224.15 1
8.38 223.29 1
8.39 221.13 1
8.4 220.66 1
8.41 220.06 1
8.42 220.98 1
8.43 222.01 1
8.44 222.94 1
8.45 221.2 1
8.46 223.67 1
8.47 222.36 1
8.48 217.86 1
8.49 211.55 1
8.5 206.51 1
8.51 197.08 1
8.52 190.5 1
8.53 186.53 1
8.54 186.61 1
8.55 184.87 1
8.56 184.16 1
8.57 183.96 1
8.58 183.47 1
8.59 183.41 1
8.6 184.95 1
8.61 184.91 1
8.62 181.86 1
8.63 178.19 1
8.64 179.66 1
8.65 188.06 1
8.66 187.85 1
8.67 189.68 1
8.68 196.8 1
8.69 201.35 1
8.7 203.22 1
8.71 199.1 1
8.72 208.5 1
8.73 199.72 1
8.74 196.9 1
8.75 195.67 1
8.76 193.85 1
8.77 188.87 1
8.78 184.13 1
8.79 180.36 1
8.8 169.29 1
8.81 166.62 1
8.82 156.48 1
8.83 157.18 1
8.84 165.46 1
8.85 168.37 1
8.86 178.21 1
8.87 190.99 1
8.88 198.92 1
8.89 205.48 1
8.9 224.42 1
8.91 187.75 1
8.92 191.3 1
8.93 202.0 1
8.94 186.47 1
8.95 180.98 1
8.96 196.57 1
8.97 182.62 1
8.98 174.66 1
8.99 164.21 1
9.0 164.05 1
9.01 158.41 1
9.02 160.16 1
9.03 169.99 1
9.04 179.6 1
9.05 186.52 1
9.06 198.24 1
9.07 210.08 1
9.08 216.26 1
9.09 220.59 1
9.1 224.26 1
9.11 225.62 1
9.12 223.3 1
9.13 218.83 1
9.14 214.54 1
9.15 207.06 1
9.16 199.13 1
9.17 194.48 1
9.18 189.48 1
9.19 184.8 1
9.2 181.8 1
9.21 177.47 1
9.22 171.63 1
9.23 197.36 1
9.24 183.14 1
9.25 196.45 1
9.26 199.1 1
9.27 200.04 1
9.28 211.52 1
9.29 223.21 1
9.3 227.95 1
9.31 230.3 1
9.32 227.92 1
9.33 227.79 1
9.34 225.58 1
9.35 223.69 1
9.36 222.0 1
9.37 222.6 1
9.38 223.05 1
9.39 224.57 1
9.4 224.34 1
9.41 223.57 1
9.42 220.82 1
9.43 215.2 1
9.44 207.56 1
9.45 200.15 1
9.46 198.04 1
9.47 202.78 1
9.48 213.63 1
9.49 229.1 1
9.5 248.42 1
9.51 273.47 1
9.52 289.22 1
9.53 286.06 1
9.54 259.23 1
9.55 0.0 1
9.56 0.0 1
9.57 0.0 1
9.58 0.0 1
9.59 0.0 1
9.6 0.0 1
9.61 179.68 1
9.62 181.59 1
9.63 185.11 1
9.64 195.53 1
9.65 198.79 1
9.66 205.61 1
9.67 214.96 1
9.68 218.98 1
9.69 218.86 1
9.7 219.1 1
9.71 217.76 1
9.72 216.68 1
9.73 214.58 1
9.74 214.59 1
9.75 215.63 1
9.76 215.64 1
9.77 217.75 1
9.78 217.77 1
9.79 218.85 1
9.8 220.28 1
9.81 222.52 1
9.82 225.63 1
9.83 225.63 1
9.84 221.08 1
9.85 216.71 1
9.86 218.35 1
9.87 225.61 1
9.88 202.77 1
9.89 211.46 1
9.9 221.24 1
9.91 232.13 1
9.92 225.29 1
9.93 224.16 1
9.94 224.86 1
9.95 222.94 1
9.96 221.34 1
9.97 220.91 1
9.98 221.15 1
9.99 220.56 1
10.0 220.53 1
10.01 221.48 1
10.02 222.49 1
10.03 221.94 1
10.04 222.64 1
10.05 223.42 1
10.06 223.7 1
10.07 224.44 1
10.08 224.44 1
10.09 223.92 1
10.1 220.67 1
10.11 217.93 1
10.12 218.46 1
10.13 222.01 1
10.14 230.31 1
10.15 249.12 1
10.16 261.38 1
10.17 280.89 1
10.18 287.38 1
10.19 305.19 1
10.2 307.33 1
10.21 309.44 1
10.22 318.35 1
10.23 291.13 1
10.24 291.34 1
10.25 283.53 1
10.26 283.76 1
10.27 252.85 1
10.28 244.56 1
10.29 242.75 1
10.3 240.1 1
10.31 245.22 1
10.32 209.64 1
10.33 276.91 1
10.34 267.56 1
10.35 272.81 1
10.36 283.26 1
10.37 298.63 1
10.38 297.49 1
10.39 297.17 1
10.4 295.32 1
10.41 298.96 1
10.42 304.82 1
10.43 293.46 1
10.44 300.48 1
10.45 309.14 1
10.46 299.25 1
10.47 289.31 1
10.48 283.67 1
10.49 307.02 1
