0.01 94.73 1
0.02 99.36 1
0.03 0.0 1
0.04 218.52 1
0.05 220.99 1
0.06 218.85 1
0.07 219.27 1
0.08 219.99 1
0.09 221.25 1
0.1 221.68 1
0.11 221.59 1
0.12 222.38 1
0.13 222.99 1
0.14 224.59 1
0.15 225.73 1
0.16 225.63 1
0.17 226.88 1
0.18 233.64 1
0.19 234.14 1
0.2 246.22 1
0.21 252.91 1
0.22 257.29 1
0.23 266.71 1
0.24 277.63 1
0.25 284.88 1
0.26 291.61 1
0.27 293.16 1
0.28 291.17 1
0.29 291.16 1
0.3 292.02 1
0.31 292.68 1
0.32 145.81 1
0.33 148.18 1
0.34 74.56 1
0.35 74.43 1
0.36 74.31 1
0.37 74.22 1
0.38 74.44 1
0.39 150.76 1
0.4 301.88 1
0.41 300.05 1
0.42 299.9 1
0.43 298.67 1
0.44 297.76 1
0.45 297.18 1
0.46 294.9 1
0.47 293.05 1
0.48 293.82 1
0.49 293.96 1
0.5 293.06 1
0.51 293.72 1
0.52 292.98 1
0.53 291.18 1
0.54 293.82 1
0.55 291.22 1
0.56 294.27 1
0.57 295.61 1
0.58 297.58 1
0.59 296.87 1
0.6 296.61 1
0.61 295.01 1
0.62 294.97 1
0.63 294.43 1
0.64 293.95 1
0.65 293.12 1
0.66 293.17 1
0.67 296.33 1
0.68 295.05 1
0.69 296.59 1
0.7 295.06 1
0.71 293.18 1
0.72 297.0 1
0.73 298.61 1
0.74 298.59 1
0.75 297.06 1
0.76 297.1 1
0.77 300.68 1
0.78 299.05 1
0.79 297.1 1
0.8 295.15 1
0.81 298.99 1
0.82 298.53 1
0.83 298.57 1
0.84 297.04 1
0.85 297.04 1
0.86 297.04 1
0.87 295.12 1
0.88 297.01 1
0.89 297.04 1
0.9 299.0 1
0.91 299.03 1
0.92 299.09 1
0.93 301.07 1
0.94 299.1 1
0.95 297.12 1
0.96 287.41 1
0.97 150.22 1
0.98 74.94 1
0.99 74.93 1
1.0 74.65 1
1.01 74.7 1
1.02 74.56 1
1.03 74.43 1
1.04 74.84 1
1.05 74.79 1
1.06 74.54 1
1.07 74.5 1
1.08 74.53 1
1.09 74.56 1
1.1 142.04 1
1.11 148.61 1
1.12 151.28 1
1.13 151.8 1
1.14 152.31 1
1.15 150.4 1
1.16 150.76 1
1.17 150.25 1
1.18 149.05 1
1.19 148.66 1
1.2 149.7 1
1.21 149.72 1
1.22 149.53 1
1.23 150.23 1
1.24 150.73 1
1.25 149.83 1
1.26 149.84 1
1.27 297.08 1
1.28 297.06 1
1.29 295.15 1
1.3 295.15 1
1.31 295.15 1
1.32 295.17 1
1.33 293.29 1
1.34 295.16 1
1.35 295.17 1
1.36 299.01 1
1.37 297.09 1
1.38 298.99 1
1.39 297.06 1
1.4 297.05 1
1.41 295.18 1
1.42 295.18 1
1.43 297.09 1
1.44 297.11 1
1.45 299.06 1
1.46 299.05 1
1.47 299.04 1
1.48 297.12 1
1.49 297.11 1
1.5 297.12 1
1.51 297.15 1
1.52 297.12 1
1.53 297.1 1
1.54 295.15 1
1.55 295.13 1
1.56 295.08 1
1.57 295.05 1
1.58 295.06 1
1.59 295.08 1
1.6 295.1 1
1.61 297.02 1
1.62 298.07 1
1.63 297.04 1
1.64 295.16 1
1.65 297.07 1
1.66 299.01 1
1.67 299.04 1
1.68 297.12 1
1.69 299.02 1
1.7 299.0 1
1.71 299.01 1
1.72 297.14 1
1.73 299.07 1
1.74 299.05 1
1.75 295.16 1
1.76 293.19 1
1.77 293.04 1
1.78 288.63 1
1.79 282.9 1
1.8 277.04 1
1.81 278.13 1
1.82 276.48 1
1.83 279.94 1
1.84 281.74 1
1.85 284.28 1
1.86 289.25 1
1.87 291.57 1
1.88 293.03 1
1.89 294.99 1
1.9 293.16 1
1.91 297.0 1
1.92 295.08 1
1.93 293.2 1
1.94 296.75 1
1.95 293.15 1
1.96 293.2 1
1.97 295.03 1
1.98 291.16 1
1.99 134.66 1
2.0 74.54 1
2.01 74.13 1
2.02 74.07 1
2.03 74.43 1
2.04 74.23 1
2.05 74.31 1
2.06 74.86 1
2.07 74.18 1
2.08 74.59 1
2.09 74.51 1
2.1 73.86 1
2.11 74.84 1
2.12 74.56 1
2.13 74.17 1
2.14 74.43 1
2.15 73.92 1
2.16 73.92 1
2.17 75.09 1
2.18 73.68 1
2.19 74.56 1
2.2 74.56 1
2.21 74.81 1
2.22 75.33 1
2.23 75.21 1
2.24 75.59 1
2.25 76.08 1
2.26 74.4 1
2.27 75.33 1
2.28 75.33 1
2.29 75.39 1
2.3 74.83 1
2.31 74.56 1
2.32 73.34 1
2.33 143.95 1
2.34 141.55 1
2.35 132.16 1
2.36 126.53 1
2.37 123.35 1
2.38 119.91 1
2.39 118.07 1
2.4 117.44 1
2.41 117.45 1
2.42 118.73 1
2.43 123.69 1
2.44 129.49 1
2.45 142.01 1
2.46 142.95 1
2.47 127.91 1
2.48 112.47 1
2.49 112.64 1
2.5 105.64 1
2.51 100.53 1
2.52 80.42 1
2.53 75.32 1
2.54 74.12 1
2.55 73.79 1
2.56 73.71 1
2.57 73.84 1
2.58 73.87 1
2.59 74.16 1
2.6 74.42 1
2.61 74.73 1
2.62 74.81 1
2.63 74.79 1
2.64 74.73 1
2.65 74.68 1
2.66 74.6 1
2.67 74.39 1
2.68 74.04 1
2.69 73.93 1
2.7 74.12 1
2.71 74.25 1
2.72 74.14 1
2.73 74.2 1
2.74 74.37 1
2.75 74.48 1
2.76 74.6 1
2.77 74.73 1
2.78 74.81 1
2.79 74.7 1
2.8 74.96 1
2.81 75.34 1
2.82 75.1 1
2.83 74.98 1
2.84 75.1 1
2.85 74.71 1
2.86 74.43 1
2.87 74.06 1
2.88 73.56 1
2.89 73.29 1
2.9 72.44 1
2.91 94.98 1
2.92 94.51 1
2.93 94.51 1
2.94 94.38 1
2.95 94.89 1
2.96 71.94 1
2.97 72.58 1
2.98 73.07 1
2.99 73.69 1
3.0 74.06 1
3.01 74.3 1
3.02 74.46 1
3.03 74.39 1
3.04 74.21 1
3.05 74.44 1
3.06 74.69 1
3.07 74.79 1
3.08 74.84 1
3.09 74.7 1
3.1 74.92 1
3.11 74.94 1
3.12 74.82 1
3.13 74.69 1
3.14 74.68 1
3.15 74.63 1
3.16 74.49 1
3.17 73.97 1
3.18 146.23 1
3.19 143.91 1
3.2 141.78 1
3.21 140.15 1
3.22 140.85 1
3.23 141.24 1
3.24 142.21 1
3.25 143.61 1
3.26 144.94 1
3.27 146.47 1
3.28 147.82 1
3.29 149.97 1
3.3 152.2 1
3.31 150.9 1
3.32 148.88 1
3.33 150.76 1
3.34 152.12 1
3.35 149.69 1
3.36 299.05 1
3.37 298.69 1
3.38 297.13 1
3.39 293.36 1
3.4 293.09 1
3.41 291.24 1
3.42 285.54 1
3.43 222.51 1
3.44 224.37 1
3.45 257.06 1
3.46 221.94 1
3.47 245.9 1
3.48 251.39 1
3.49 264.71 1
3.5 273.02 1
3.51 280.92 1
3.52 282.38 1
3.53 286.12 1
3.54 292.52 1
3.55 294.52 1
3.56 296.96 1
3.57 295.03 1
3.58 295.02 1
3.59 296.99 1
3.6 297.59 1
3.61 295.04 1
3.62 296.98 1
3.63 296.97 1
3.64 297.04 1
3.65 295.0 1
3.66 293.95 1
3.67 292.73 1
3.68 290.48 1
3.69 285.44 1
3.7 280.19 1
3.71 274.65 1
3.72 261.02 1
3.73 249.7 1
3.74 241.03 1
3.75 238.39 1
3.76 236.42 1
3.77 236.47 1
3.78 239.89 1
3.79 247.03 1
3.8 252.17 1
3.81 260.21 1
3.82 274.73 1
3.83 284.92 1
3.84 295.03 1
3.85 299.04 1
3.86 305.37 1
3.87 304.18 1
3.88 300.71 1
3.89 294.93 1
3.9 290.66 1
3.91 285.86 1
3.92 280.82 1
3.93 274.2 1
3.94 268.38 1
3.95 269.6 1
3.96 259.98 1
3.97 255.71 1
3.98 254.12 1
3.99 252.51 1
4.0 250.26 1
4.01 250.37 1
4.02 249.45 1
4.03 248.6 1
4.04 249.26 1
4.05 248.53 1
4.06 248.12 1
4.07 247.46 1
4.08 248.26 1
4.09 249.79 1
4.1 254.46 1
4.11 257.17 1
4.12 265.05 1
4.13 271.51 1
4.14 276.48 1
4.15 276.09 1
4.16 271.73 1
4.17 264.88 1
4.18 253.57 1
4.19 237.95 1
4.2 225.6 1
4.21 219.65 1
4.22 219.48 1
4.23 220.34 1
4.24 220.99 1
4.25 222.92 1
4.26 222.87 1
4.27 222.83 1
4.28 223.67 1
4.29 224.11 1
4.3 223.98 1
4.31 223.67 1
4.32 223.34 1
4.33 223.58 1
4.34 223.5 1
4.35 223.76 1
4.36 223.35 1
4.37 222.68 1
4.38 222.3 1
4.39 221.95 1
4.4 222.2 1
4.41 222.95 1
4.42 222.82 1
4.43 223.88 1
4.44 224.51 1
4.45 224.61 1
4.46 225.57 1
4.47 226.68 1
4.48 227.49 1
4.49 227.1 1
4.5 226.07 1
4.51 223.29 1
4.52 219.33 1
4.53 213.76 1
4.54 207.12 1
4.55 204.63 1
4.56 206.58 1
4.57 210.65 1
4.58 212.64 1
4.59 216.43 1
4.6 218.35 1
4.61 221.59 1
4.62 223.12 1
4.63 224.71 1
4.64 226.49 1
4.65 227.88 1
4.66 226.96 1
4.67 225.59 1
4.68 225.58 1
4.69 225.98 1
4.7 225.21 1
4.71 222.94 1
4.72 221.85 1
4.73 221.81 1
4.74 216.72 1
4.75 225.03 1
4.76 221.47 1
4.77 221.0 1
4.78 222.07 1
4.79 204.61 1
4.8 216.39 1
4.81 220.86 1
4.82 219.15 1
4.83 221.15 1
4.84 223.02 1
4.85 224.3 1
4.86 224.44 1
4.87 224.26 1
4.88 223.36 1
4.89 223.83 1
4.9 223.43 1
4.91 223.13 1
4.92 223.9 1
4.93 224.13 1
4.94 222.71 1
4.95 223.33 1
4.96 224.78 1
4.97 225.46 1
4.98 223.54 1
4.99 219.85 1
5.0 209.58 1
5.01 206.73 1
5.02 189.49 1
5.03 185.46 1
5.04 161.23 1
5.05 174.66 1
5.06 175.15 1
5.07 192.16 1
5.08 186.52 1
5.09 184.15 1
5.1 218.91 1
5.11 215.36 1
5.12 202.76 1
5.13 204.08 1
5.14 227.45 1
5.15 227.98 1
5.16 226.35 1
5.17 223.2 1
5.18 219.94 1
5.19 212.53 1
5.2 200.89 1
5.21 172.46 1
5.22 189.68 1
5.23 188.25 1
5.24 173.28 1
5.25 178.17 1
5.26 174.66 1
5.27 180.37 1
5.28 180.33 1
5.29 181.42 1
5.3 201.83 1
5.31 208.52 1
5.32 209.49 1
5.33 212.22 1
5.34 216.46 1
5.35 223.22 1
5.36 219.98 1
5.37 226.65 1
5.38 227.61 1
5.39 226.07 1
5.4 222.33 1
5.41 219.24 1
5.42 222.43 1
5.43 213.76 1
5.44 108.28 1
5.45 90.63 1
5.46 90.47 1
5.47 89.19 1
5.48 87.82 1
5.49 74.49 1
5.5 72.48 1
5.51 72.7 1
5.52 73.93 1
5.53 74.36 1
5.54 74.6 1
5.55 74.32 1
5.56 74.42 1
5.57 73.97 1
5.58 73.68 1
5.59 73.57 1
5.6 73.8 1
5.61 73.68 1
5.62 73.57 1
5.63 73.85 1
5.64 74.05 1
5.65 74.37 1
5.66 74.68 1
5.67 74.73 1
5.68 74.81 1
5.69 74.94 1
5.7 74.81 1
5.71 75.04 1
5.72 74.98 1
5.73 74.87 1
5.74 74.71 1
5.75 74.73 1
5.76 75.03 1
5.77 75.25 1
5.78 75.07 1
5.79 75.2 1
5.8 75.16 1
5.81 75.19 1
5.82 75.08 1
5.83 75.32 1
5.84 75.2 1
5.85 75.22 1
5.86 75.07 1
5.87 75.15 1
5.88 75.29 1
5.89 75.45 1
5.9 75.46 1
5.91 76.1 1
5.92 76.57 1
5.93 76.58 1
5.94 76.11 1
5.95 75.72 1
5.96 75.79 1
5.97 75.22 1
5.98 74.58 1
5.99 74.01 1
6.0 74.24 1
6.01 75.33 1
6.02 76.32 1
6.03 75.05 1
6.04 91.26 1
6.05 90.49 1
6.06 72.71 1
6.07 73.62 1
6.08 74.54 1
6.09 75.1 1
6.1 74.78 1
6.11 74.56 1
6.12 150.5 1
6.13 142.1 1
6.14 134.64 1
6.15 130.88 1
6.16 125.61 1
6.17 127.36 1
6.18 133.45 1
6.19 128.11 1
6.2 123.31 1
6.21 125.33 1
6.22 123.19 1
6.23 125.89 1
6.24 120.46 1
6.25 121.68 1
6.26 127.22 1
6.27 125.51 1
6.28 126.21 1
6.29 128.67 1
6.3 138.32 1
6.31 72.96 1
6.32 73.31 1
6.33 74.56 1
6.34 75.07 1
6.35 75.0 1
6.36 74.2 1
6.37 73.32 1
6.38 64.62 1
6.39 62.87 1
6.4 62.78 1
6.41 62.95 1
6.42 73.68 1
6.43 74.49 1
6.44 73.8 1
6.45 148.55 1
6.46 300.59 1
6.47 296.47 1
6.48 293.29 1
6.49 296.6 1
6.5 296.89 1
6.51 296.59 1
6.52 293.36 1
6.53 296.23 1
6.54 295.93 1
6.55 296.42 1
6.56 297.02 1
6.57 297.12 1
6.58 297.03 1
6.59 297.04 1
6.6 296.77 1
6.61 295.19 1
6.62 295.21 1
6.63 297.0 1
6.64 297.42 1
6.65 295.09 1
6.66 297.3 1
6.67 298.44 1
6.68 299.21 1
6.69 297.1 1
6.7 299.02 1
6.71 300.22 1
6.72 300.72 1
6.73 297.14 1
6.74 297.2 1
6.75 293.82 1
6.76 289.92 1
6.77 284.44 1
6.78 0.0 1
6.79 276.28 1
6.8 272.92 1
6.81 273.03 1
6.82 277.8 1
6.83 281.04 1
6.84 285.3 1
6.85 289.89 1
6.86 291.22 1
6.87 296.82 1
6.88 298.14 1
6.89 295.31 1
6.9 297.11 1
6.91 296.94 1
6.92 295.86 1
6.93 295.26 1
6.94 295.42 1
6.95 295.06 1
6.96 293.45 1
6.97 295.09 1
6.98 293.73 1
6.99 291.31 1
7.0 286.58 1
7.01 278.17 1
7.02 269.61 1
7.03 244.65 1
7.04 237.46 1
7.05 225.7 1
7.06 219.11 1
7.07 220.4 1
7.08 218.87 1
7.09 195.55 1
7.1 180.54 1
7.11 198.17 1
7.12 233.51 1
7.13 248.93 1
7.14 276.46 1
7.15 283.54 1
7.16 290.28 1
7.17 292.58 1
7.18 292.84 1
7.19 291.44 1
7.2 289.92 1
7.21 288.98 1
7.22 288.15 1
7.23 287.9 1
7.24 288.41 1
7.25 288.69 1
7.26 289.9 1
7.27 289.96 1
7.28 288.16 1
7.29 284.4 1
7.3 281.69 1
7.31 277.97 1
7.32 276.14 1
7.33 263.34 1
7.34 254.37 1
7.35 249.0 1
7.36 243.9 1
7.37 240.44 1
7.38 240.05 1
7.39 243.37 1
7.4 253.62 1
7.41 274.76 1
7.42 307.88 1
7.43 330.85 1
7.44 351.4 1
7.45 368.71 1
7.46 375.75 1
7.47 375.32 1
7.48 364.34 1
7.49 340.03 1
7.5 325.46 1
7.51 313.85 1
7.52 306.01 1
7.53 300.59 1
7.54 298.84 1
7.55 298.75 1
7.56 299.93 1
7.57 300.26 1
7.58 301.03 1
7.59 301.03 1
7.6 302.38 1
7.61 295.29 1
7.62 298.57 1
7.63 298.04 1
7.64 296.47 1
7.65 295.11 1
7.66 297.82 1
7.67 297.0 1
7.68 296.98 1
7.69 295.06 1
7.7 298.24 1
7.71 299.01 1
7.72 300.6 1
7.73 301.04 1
7.74 301.68 1
7.75 299.05 1
7.76 300.49 1
7.77 150.23 1
7.78 149.45 1
7.79 149.31 1
7.8 149.7 1
7.81 149.42 1
7.82 149.28 1
7.83 149.23 1
7.84 149.2 1
7.85 149.22 1
7.86 149.72 1
7.87 149.53 1
7.88 149.78 1
7.89 149.68 1
7.9 149.21 1
7.91 148.45 1
7.92 147.09 1
7.93 145.31 1
7.94 141.53 1
7.95 136.76 1
7.96 135.49 1
7.97 134.68 1
7.98 137.67 1
7.99 141.99 1
8.0 145.81 1
8.01 149.35 1
8.02 149.3 1
8.03 149.74 1
8.04 148.77 1
8.05 148.9 1
8.06 147.77 1
8.07 146.78 1
8.08 145.84 1
8.09 147.27 1
8.1 144.38 1
8.11 145.32 1
8.12 146.28 1
8.13 146.28 1
8.14 147.26 1
8.15 148.78 1
8.16 148.91 1
8.17 148.91 1
8.18 148.74 1
8.19 148.59 1
8.2 148.24 1
8.21 147.74 1
8.22 147.49 1
8.23 290.62 1
8.24 285.51 1
8.25 278.79 1
8.26 272.39 1
8.27 260.21 1
8.28 243.13 1
8.29 239.87 1
8.3 238.22 1
8.31 242.9 1
8.32 240.33 1
8.33 241.82 1
8.34 243.67 1
8.35 248.41 1
8.36 261.77 1
8.37 273.7 1
8.38 280.67 1
8.39 289.75 1
8.4 291.75 1
8.41 288.63 1
8.42 281.02 1
8.43 272.84 1
8.44 254.09 1
8.45 232.75 1
8.46 223.84 1
8.47 219.02 1
8.48 218.86 1
8.49 218.32 1
8.5 219.8 1
8.51 220.95 1
8.52 220.46 1
8.53 221.68 1
8.54 223.02 1
8.55 224.56 1
8.56 223.31 1
8.57 224.41 1
8.58 225.18 1
8.59 226.24 1
8.6 225.58 1
8.61 226.02 1
8.62 226.35 1
8.63 227.2 1
8.64 227.63 1
8.65 226.74 1
8.66 225.87 1
8.67 225.09 1
8.68 224.69 1
8.69 224.03 1
8.7 224.12 1
8.71 224.43 1
8.72 226.03 1
8.73 227.33 1
8.74 227.21 1
8.75 226.75 1
8.76 227.87 1
8.77 226.77 1
8.78 224.53 1
8.79 220.2 1
8.8 212.83 1
8.81 207.68 1
8.82 204.45 1
8.83 203.71 1
8.84 206.03 1
8.85 207.55 1
8.86 213.12 1
8.87 218.01 1
8.88 223.77 1
8.89 225.46 1
8.9 225.61 1
8.91 225.63 1
8.92 227.23 1
8.93 225.35 1
8.94 223.24 1
8.95 219.44 1
8.96 211.27 1
8.97 204.18 1
8.98 224.43 1
8.99 218.6 1
9.0 213.75 1
9.01 0.0 1
9.02 0.0 1
9.03 222.16 1
9.04 215.0 1
9.05 226.97 1
9.06 232.13 1
9.07 231.02 1
9.08 232.19 1
9.09 231.16 1
9.1 225.62 1
9.11 225.62 1
9.12 225.6 1
9.13 226.36 1
9.14 226.27 1
9.15 225.59 1
9.16 225.58 1
9.17 225.36 1
9.18 225.34 1
9.19 225.58 1
9.2 225.59 1
9.21 225.62 1
9.22 225.62 1
9.23 225.59 1
9.24 225.56 1
9.25 223.84 1
9.26 215.61 1
9.27 207.55 1
9.28 197.29 1
9.29 179.67 1
9.3 168.68 1
9.31 169.95 1
9.32 180.75 1
9.33 184.92 1
9.34 191.34 1
9.35 204.66 1
9.36 214.61 1
9.37 225.58 1
9.38 236.46 1
9.39 240.32 1
9.4 242.97 1
9.41 240.37 1
9.42 233.88 1
9.43 222.11 1
9.44 215.71 1
9.45 207.58 1
9.46 202.57 1
9.47 196.42 1
9.48 184.98 1
9.49 185.71 1
9.5 183.34 1
9.51 181.1 1
9.52 180.5 1
9.53 181.1 1
9.54 182.88 1
9.55 184.15 1
9.56 195.53 1
9.57 197.06 1
9.58 201.52 1
9.59 206.58 1
9.6 215.64 1
9.61 218.36 1
9.62 221.4 1
9.63 221.47 1
9.64 222.72 1
9.65 222.25 1
9.66 222.11 1
9.67 220.7 1
9.68 220.07 1
9.69 221.38 1
9.7 222.62 1
9.71 223.78 1
9.72 224.8 1
9.73 224.65 1
9.74 224.5 1
9.75 222.12 1
9.76 218.87 1
9.77 215.04 1
9.78 208.53 1
9.79 203.36 1
9.8 199.3 1
9.81 198.71 1
9.82 201.52 1
9.83 204.66 1
9.84 210.51 1
9.85 216.7 1
9.86 220.31 1
9.87 224.61 1
9.88 225.19 1
9.89 225.58 1
9.9 224.35 1
9.91 223.13 1
9.92 221.27 1
9.93 219.89 1
9.94 220.01 1
9.95 220.5 1
9.96 220.58 1
9.97 221.77 1
9.98 222.4 1
9.99 222.26 1
10.0 222.27 1
10.01 221.23 1
10.02 221.13 1
10.03 221.76 1
10.04 222.27 1
10.05 221.8 1
10.06 221.53 1
10.07 221.29 1
10.08 221.43 1
10.09 222.25 1
10.1 223.17 1
10.11 223.45 1
10.12 222.86 1
10.13 220.74 1
10.14 220.61 1
10.15 221.21 1
10.16 221.53 1
10.17 221.57 1
10.18 222.31 1
10.19 224.09 1
10.2 225.44 1
10.21 224.5 1
10.22 225.58 1
10.23 224.71 1
10.24 223.84 1
10.25 222.6 1
10.26 221.52 1
10.27 221.88 1
10.28 223.54 1
10.29 224.48 1
10.3 226.8 1
10.31 242.19 1
10.32 245.02 1
10.33 254.2 1
10.34 266.42 1
10.35 271.38 1
10.36 296.57 1
10.37 315.94 1
10.38 340.57 1
10.39 332.82 1
10.4 320.72 1
10.41 309.46 1
10.42 301.93 1
10.43 296.07 1
10.44 288.56 1
10.45 278.92 1
10.46 276.42 1
10.47 132.04 1
10.48 130.65 1
10.49 126.91 1
10.5 124.96 1
10.51 124.02 1
10.52 123.17 1
10.53 123.44 1
10.54 124.82 1
10.55 127.03 1
10.56 129.91 1
10.57 264.19 1
10.58 270.97 1
10.59 280.18 1
10.6 287.55 1
10.61 293.85 1
10.62 297.3 1
10.63 299.17 1
10.64 299.41 1
10.65 298.06 1
10.66 293.39 1
10.67 294.04 1
10.68 298.09 1
