0.01 399.48 1
0.02 397.72 1
0.03 395.17 1
0.04 397.82 1
0.05 390.56 1
0.06 371.38 1
0.07 365.65 1
0.08 113.49 1
0.09 115.64 1
0.1 114.69 1
0.11 113.51 1
0.12 111.86 1
0.13 111.66 1
0.14 111.13 1
0.15 111.2 1
0.16 110.92 1
0.17 111.08 1
0.18 111.76 1
0.19 111.55 1
0.2 112.65 1
0.21 112.95 1
0.22 112.43 1
0.23 112.68 1
0.24 112.16 1
0.25 113.29 1
0.26 111.44 1
0.27 115.51 1
0.28 87.18 1
0.29 87.96 1
0.3 89.01 1
0.31 89.66 1
0.32 89.49 1
0.33 89.01 1
0.34 88.48 1
0.35 87.59 1
0.36 115.84 1
0.37 113.56 1
0.38 112.14 1
0.39 111.11 1
0.4 109.88 1
0.41 111.0 1
0.42 107.84 1
0.43 105.69 1
0.44 104.87 1
0.45 104.34 1
0.46 154.94 1
0.47 153.51 1
0.48 152.77 1
0.49 150.64 1
0.5 150.19 1
0.51 148.25 1
0.52 146.8 1
0.53 145.73 1
0.54 144.1 1
0.55 142.74 1
0.56 141.43 1
0.57 141.47 1
0.58 140.46 1
0.59 142.03 1
0.6 144.82 1
0.61 145.41 1
0.62 74.31 1
0.63 74.73 1
0.64 150.68 1
0.65 295.66 1
0.66 302.64 1
0.67 294.64 1
0.68 289.98 1
0.69 284.03 1
0.7 279.15 1
0.71 278.79 1
0.72 279.33 1
0.73 283.71 1
0.74 290.41 1
0.75 297.64 1
0.76 309.0 1
0.77 303.74 1
0.78 316.02 1
0.79 305.67 1
0.8 315.75 1
0.81 301.73 1
0.82 299.04 1
0.83 267.18 1
0.84 239.99 1
0.85 255.3 1
0.86 244.65 1
0.87 253.02 1
0.88 257.9 1
0.89 260.2 1
0.9 268.6 1
0.91 274.78 1
0.92 298.12 1
0.93 301.04 1
0.94 303.76 1
0.95 299.05 1
0.96 301.04 1
0.97 302.01 1
0.98 297.03 1
0.99 301.05 1
1.0 301.04 1
1.01 302.39 1
1.02 301.06 1
1.03 301.04 1
1.04 304.26 1
1.05 301.09 1
1.06 300.48 1
1.07 307.28 1
1.08 287.36 1
1.09 293.05 1
1.1 258.53 1
1.11 235.18 1
1.12 225.58 1
1.13 230.78 1
1.14 515.95 1
1.15 522.0 1
1.16 284.35 1
1.17 293.05 1
1.18 308.1 1
1.19 298.99 1
1.2 318.35 1
1.21 305.88 1
1.22 298.05 1
1.23 289.21 1
1.24 266.03 1
1.25 231.19 1
1.26 217.79 1
1.27 220.78 1
1.28 223.88 1
1.29 241.02 1
1.3 254.15 1
1.31 265.13 1
1.32 271.33 1
1.33 245.52 1
1.34 307.28 1
1.35 327.73 1
1.36 312.24 1
1.37 299.07 1
1.38 300.25 1
1.39 289.01 1
1.4 281.77 1
1.41 257.29 1
1.42 274.59 1
1.43 281.78 1
1.44 289.15 1
1.45 295.03 1
1.46 303.15 1
1.47 332.92 1
1.48 335.92 1
1.49 338.28 1
1.5 333.87 1
1.51 311.79 1
1.52 310.79 1
1.53 271.36 1
1.54 267.24 1
1.55 254.03 1
1.56 248.48 1
1.57 263.33 1
1.58 250.72 1
1.59 258.45 1
1.6 268.12 1
1.61 288.28 1
1.62 291.24 1
1.63 316.19 1
1.64 327.85 1
1.65 320.49 1
1.66 301.03 1
1.67 0.0 1
1.68 0.0 1
1.69 0.0 1
1.7 0.0 1
1.71 0.0 1
1.72 0.0 1
1.73 0.0 1
1.74 226.75 1
1.75 230.33 1
1.76 227.94 1
1.77 229.12 1
1.78 228.95 1
1.79 226.7 1
1.8 225.74 1
1.81 225.42 1
1.82 226.06 1
1.83 226.2 1
1.84 223.26 1
1.85 219.26 1
1.86 212.52 1
1.87 201.01 1
1.88 192.25 1
1.89 190.48 1
1.9 194.7 1
1.91 204.1 1
1.92 207.55 1
1.93 216.67 1
1.94 220.55 1
1.95 223.25 1
1.96 226.49 1
1.97 225.66 1
1.98 225.74 1
1.99 0.0 1
2.0 0.0 1
2.01 0.0 1
2.02 0.0 1
2.03 0.0 1
2.04 0.0 1
2.05 0.0 1
2.06 0.0 1
2.07 0.0 1
2.08 181.47 1
2.09 199.42 1
2.1 210.38 1
2.11 225.59 1
2.12 243.8 1
2.13 246.95 1
2.14 229.09 1
2.15 224.12 1
2.16 215.62 1
2.17 200.24 1
2.18 233.45 1
2.19 164.18 1
2.2 155.01 1
2.21 166.1 1
2.22 184.0 1
2.23 194.63 1
2.24 203.69 1
2.25 210.35 1
2.26 214.93 1
2.27 219.91 1
2.28 220.83 1
2.29 222.1 1
2.3 221.43 1
2.31 219.19 1
2.32 217.51 1
2.33 218.81 1
2.34 219.42 1
2.35 74.56 1
2.36 74.38 1
2.37 74.56 1
2.38 75.34 1
2.39 75.15 1
2.4 74.53 1
2.41 74.98 1
2.42 75.16 1
2.43 75.25 1
2.44 74.42 1
2.45 74.26 1
2.46 72.47 1
2.47 63.3 1
2.48 65.1 1
2.49 63.96 1
2.5 63.43 1
2.51 64.72 1
2.52 65.48 1
2.53 66.56 1
2.54 73.32 1
2.55 74.81 1
2.56 75.71 1
2.57 75.45 1
2.58 76.1 1
2.59 75.53 1
2.6 74.71 1
2.61 74.18 1
2.62 73.93 1
2.63 73.68 1
2.64 73.68 1
2.65 73.93 1
2.66 74.14 1
2.67 74.69 1
2.68 74.94 1
2.69 74.81 1
2.7 74.85 1
2.71 74.53 1
2.72 74.24 1
2.73 74.5 1
2.74 74.51 1
2.75 74.41 1
2.76 74.28 1
2.77 74.27 1
2.78 74.35 1
2.79 74.49 1
2.8 74.47 1
2.81 74.39 1
2.82 74.31 1
2.83 74.18 1
2.84 74.12 1
2.85 74.04 1
2.86 73.93 1
2.87 73.92 1
2.88 73.7 1
2.89 73.81 1
2.9 74.0 1
2.91 74.23 1
2.92 74.31 1
2.93 74.52 1
2.94 74.8 1
2.95 74.85 1
2.96 74.53 1
2.97 74.16 1
2.98 74.43 1
2.99 71.8 1
3.0 78.27 1
3.01 74.97 1
3.02 74.41 1
3.03 74.56 1
3.04 74.56 1
3.05 74.63 1
3.06 74.53 1
3.07 74.56 1
3.08 74.66 1
3.09 74.5 1
3.1 74.54 1
3.11 74.47 1
3.12 74.76 1
3.13 74.44 1
3.14 74.35 1
3.15 74.59 1
3.16 74.66 1
3.17 74.25 1
3.18 74.81 1
3.19 74.31 1
3.2 74.56 1
3.21 74.68 1
3.22 74.49 1
3.23 74.05 1
3.24 74.56 1
3.25 74.3 1
3.26 74.8 1
3.27 74.56 1
3.28 74.61 1
3.29 74.52 1
3.3 74.56 1
3.31 74.55 1
3.32 74.56 1
3.33 74.69 1
3.34 74.57 1
3.35 74.44 1
3.36 74.94 1
3.37 74.56 1
3.38 74.23 1
3.39 75.07 1
3.4 73.97 1
3.41 74.3 1
3.42 75.07 1
3.43 91.21 1
3.44 91.4 1
3.45 91.32 1
3.46 91.89 1
3.47 91.4 1
3.48 91.32 1
3.49 203.69 1
3.5 227.91 1
3.51 202.75 1
3.52 221.42 1
3.53 214.59 1
3.54 214.59 1
3.55 215.68 1
3.56 217.45 1
3.57 218.67 1
3.58 219.26 1
3.59 221.08 1
3.6 222.14 1
3.61 222.08 1
3.62 220.85 1
3.63 216.92 1
3.64 208.53 1
3.65 203.7 1
3.66 196.43 1
3.67 196.43 1
3.68 200.2 1
3.69 207.25 1
3.7 218.44 1
3.71 225.56 1
3.72 230.54 1
3.73 226.82 1
3.74 226.76 1
3.75 214.59 1
3.76 199.96 1
3.77 197.22 1
3.78 199.99 1
3.79 210.49 1
3.8 219.21 1
3.81 222.85 1
3.82 215.62 1
3.83 211.64 1
3.84 209.55 1
3.85 210.15 1
3.86 212.51 1
3.87 219.72 1
3.88 234.81 1
3.89 249.22 1
3.9 282.12 1
3.91 299.94 1
3.92 313.05 1
3.93 319.81 1
3.94 317.86 1
3.95 313.71 1
3.96 295.0 1
3.97 275.01 1
3.98 255.71 1
3.99 243.68 1
4.0 229.94 1
4.01 226.96 1
4.02 233.95 1
4.03 244.58 1
4.04 255.73 1
4.05 281.64 1
4.06 293.08 1
4.07 297.16 1
4.08 307.28 1
4.09 293.09 1
4.1 279.8 1
4.11 261.74 1
4.12 242.95 1
4.13 230.88 1
4.14 222.87 1
4.15 219.9 1
4.16 218.24 1
4.17 220.14 1
4.18 223.4 1
4.19 226.97 1
4.2 226.8 1
4.21 226.79 1
4.22 225.03 1
4.23 219.78 1
4.24 204.88 1
4.25 217.78 1
4.26 221.07 1
4.27 222.89 1
4.28 222.38 1
4.29 242.8 1
4.3 245.63 1
4.31 297.8 1
4.32 301.03 1
4.33 301.14 1
4.34 305.91 1
4.35 303.05 1
4.36 299.0 1
4.37 295.06 1
4.38 293.14 1
4.39 293.19 1
4.4 295.17 1
4.41 299.12 1
4.42 313.67 1
4.43 305.29 1
4.44 306.24 1
4.45 299.09 1
4.46 293.19 1
4.47 288.12 1
4.48 276.46 1
4.49 263.42 1
4.5 260.38 1
4.51 269.57 1
4.52 276.39 1
4.53 285.76 1
4.54 295.15 1
4.55 310.49 1
4.56 317.81 1
4.57 320.63 1
4.58 318.17 1
4.59 297.14 1
4.6 291.12 1
4.61 278.19 1
4.62 256.59 1
4.63 241.81 1
4.64 235.54 1
4.65 234.04 1
4.66 237.29 1
4.67 245.26 1
4.68 254.2 1
4.69 271.5 1
4.7 282.1 1
4.71 291.13 1
4.72 293.19 1
4.73 295.11 1
4.74 291.15 1
4.75 282.08 1
4.76 271.33 1
4.77 257.33 1
4.78 249.42 1
4.79 244.93 1
4.8 242.97 1
4.81 245.69 1
4.82 254.21 1
4.83 273.04 1
4.84 0.0 1
4.85 0.0 1
4.86 0.0 1
4.87 0.0 1
4.88 399.53 1
4.89 350.3 1
4.9 332.39 1
4.91 307.27 1
4.92 291.25 1
4.93 283.91 1
4.94 280.42 1
4.95 284.54 1
4.96 291.08 1
4.97 291.32 1
4.98 149.62 1
4.99 150.64 1
5.0 149.21 1
5.01 149.7 1
5.02 148.72 1
5.03 148.6 1
5.04 148.97 1
5.05 149.4 1
5.06 150.17 1
