0.01 289.15 1
0.02 295.06 1
0.03 296.74 1
0.04 295.46 1
0.05 295.9 1
0.06 296.53 1
0.07 296.44 1
0.08 295.01 1
0.09 294.67 1
0.1 293.66 1
0.11 293.04 1
0.12 294.22 1
0.13 294.45 1
0.14 294.73 1
0.15 295.1 1
0.16 297.37 1
0.17 297.08 1
0.18 297.08 1
0.19 296.97 1
0.2 294.7 1
0.21 291.03 1
0.22 286.95 1
0.23 277.88 1
0.24 124.38 1
0.25 117.42 1
0.26 121.13 1
0.27 120.75 1
0.28 244.46 1
0.29 248.5 1
0.3 256.16 1
0.31 264.77 1
0.32 273.57 1
0.33 280.99 1
0.34 287.2 1
0.35 293.54 1
0.36 297.0 1
0.37 300.95 1
0.38 300.48 1
0.39 297.94 1
0.4 295.38 1
0.41 293.78 1
0.42 290.87 1
0.43 286.33 1
0.44 283.28 1
0.45 281.77 1
0.46 281.54 1
0.47 279.51 1
0.48 272.74 1
0.49 262.31 1
0.5 254.44 1
0.51 251.09 1
0.52 246.99 1
0.53 244.32 1
0.54 242.96 1
0.55 244.3 1
0.56 245.67 1
0.57 249.74 1
0.58 254.26 1
0.59 259.1 1
0.6 269.8 1
0.61 279.73 1
0.62 287.02 1
0.63 291.94 1
0.64 293.7 1
0.65 294.59 1
0.66 294.77 1
0.67 294.4 1
0.68 294.56 1
0.69 294.13 1
0.7 293.08 1
0.71 295.0 1
0.72 295.79 1
0.73 296.97 1
0.74 298.64 1
0.75 298.91 1
0.76 297.77 1
0.77 296.55 1
0.78 295.54 1
0.79 296.1 1
0.8 294.7 1
0.81 292.97 1
0.82 290.98 1
0.83 287.86 1
0.84 286.74 1
0.85 281.77 1
0.86 278.19 1
0.87 280.3 1
0.88 282.07 1
0.89 284.23 1
0.9 289.51 1
0.91 293.6 1
0.92 297.32 1
0.93 301.85 1
0.94 302.44 1
0.95 301.24 1
0.96 301.07 1
0.97 297.84 1
0.98 294.83 1
0.99 293.03 1
1.0 289.69 1
1.01 286.07 1
1.02 276.54 1
1.03 255.63 1
1.04 287.41 1
1.05 288.85 1
1.06 295.55 1
1.07 286.49 1
1.08 296.91 1
1.09 308.04 1
1.1 318.32 1
1.11 329.13 1
1.12 336.19 1
1.13 343.24 1
1.14 351.14 1
1.15 351.4 1
1.16 345.88 1
1.17 342.63 1
1.18 341.62 1
1.19 338.32 1
1.2 336.94 1
1.21 336.75 1
1.22 335.32 1
1.23 335.98 1
1.24 335.85 1
1.25 334.42 1
1.26 335.12 1
1.27 337.05 1
1.28 337.46 1
1.29 336.66 1
1.3 335.33 1
1.31 335.41 1
1.32 335.99 1
1.33 335.14 1
1.34 334.33 1
1.35 337.05 1
1.36 340.25 1
1.37 341.75 1
1.38 342.94 1
1.39 343.22 1
1.4 341.42 1
1.41 339.92 1
1.42 335.55 1
1.43 330.9 1
1.44 327.93 1
1.45 323.06 1
1.46 322.66 1
1.47 323.06 1
1.48 326.85 1
1.49 333.18 1
1.5 340.48 1
1.51 342.8 1
1.52 339.67 1
1.53 330.44 1
1.54 330.12 1
1.55 343.14 1
1.56 191.36 1
1.57 182.51 1
1.58 188.7 1
1.59 188.89 1
1.6 193.85 1
1.61 91.26 1
1.62 74.74 1
1.63 74.06 1
1.64 75.44 1
1.65 74.78 1
1.66 74.18 1
1.67 74.87 1
1.68 73.78 1
1.69 74.56 1
1.7 74.82 1
1.71 74.64 1
1.72 75.06 1
1.73 74.06 1
1.74 74.3 1
1.75 74.56 1
1.76 74.51 1
1.77 74.53 1
1.78 74.56 1
1.79 74.07 1
1.8 0.0 1
1.81 0.0 1
1.82 294.98 1
1.83 281.88 1
1.84 287.23 1
1.85 289.43 1
1.86 293.06 1
1.87 293.09 1
1.88 300.22 1
1.89 299.5 1
1.9 297.0 1
1.91 297.37 1
1.92 297.49 1
1.93 296.09 1
1.94 295.0 1
1.95 296.11 1
1.96 297.29 1
1.97 297.63 1
1.98 298.99 1
1.99 297.04 1
2.0 300.38 1
2.01 299.05 1
2.02 300.86 1
2.03 301.36 1
2.04 299.67 1
2.05 297.71 1
2.06 296.69 1
2.07 294.26 1
2.08 296.26 1
2.09 303.34 1
2.1 313.18 1
2.11 330.08 1
2.12 351.4 1
2.13 356.51 1
2.14 367.47 1
2.15 371.82 1
2.16 369.31 1
2.17 363.92 1
2.18 357.14 1
2.19 351.46 1
2.2 343.81 1
2.21 336.14 1
2.22 330.16 1
2.23 326.05 1
2.24 326.04 1
2.25 332.21 1
2.26 340.16 1
2.27 352.61 1
2.28 365.74 1
2.29 373.52 1
2.3 382.37 1
2.31 386.94 1
2.32 389.76 1
2.33 388.47 1
2.34 385.23 1
2.35 377.96 1
2.36 374.51 1
2.37 363.6 1
2.38 359.18 1
2.39 351.43 1
2.4 349.26 1
2.41 344.47 1
2.42 341.73 1
2.43 337.77 1
2.44 338.66 1
2.45 339.5 1
2.46 341.46 1
2.47 345.9 1
2.48 348.71 1
2.49 358.78 1
2.5 367.41 1
2.51 374.27 1
2.52 383.65 1
2.53 387.49 1
2.54 387.35 1
2.55 388.86 1
2.56 391.04 1
2.57 387.91 1
2.58 384.85 1
2.59 382.67 1
2.6 380.09 1
2.61 378.67 1
2.62 376.27 1
2.63 374.09 1
2.64 368.99 1
2.65 368.63 1
2.66 369.2 1
2.67 372.03 1
2.68 378.3 1
2.69 383.11 1
2.7 388.5 1
2.71 391.32 1
2.72 395.77 1
2.73 389.63 1
2.74 385.41 1
2.75 368.79 1
2.76 336.4 1
2.77 0.0 1
2.78 0.0 1
2.79 0.0 1
2.8 0.0 1
2.81 0.0 1
2.82 0.0 1
2.83 0.0 1
2.84 0.0 1
2.85 0.0 1
2.86 0.0 1
2.87 0.0 1
2.88 0.0 1
2.89 297.03 1
2.9 294.99 1
2.91 293.82 1
2.92 297.81 1
2.93 301.75 1
2.94 302.99 1
2.95 301.07 1
2.96 300.8 1
2.97 298.9 1
2.98 297.97 1
2.99 297.45 1
3.0 298.14 1
3.01 297.06 1
3.02 297.04 1
3.03 296.83 1
3.04 297.01 1
3.05 296.7 1
3.06 298.78 1
3.07 298.62 1
3.08 297.18 1
3.09 299.55 1
3.1 301.56 1
3.11 299.07 1
3.12 300.13 1
3.13 301.04 1
3.14 300.64 1
3.15 299.96 1
3.16 300.38 1
3.17 300.08 1
3.18 299.08 1
3.19 299.19 1
3.2 298.45 1
3.21 293.46 1
3.22 295.33 1
3.23 304.65 1
3.24 300.73 1
3.25 297.28 1
3.26 301.08 1
3.27 311.09 1
3.28 303.04 1
3.29 299.15 1
3.3 301.86 1
3.31 302.32 1
3.32 297.03 1
3.33 300.12 1
3.34 297.08 1
3.35 294.25 1
3.36 287.13 1
3.37 286.84 1
3.38 291.06 1
3.39 295.09 1
3.4 308.49 1
3.41 320.9 1
3.42 342.52 1
3.43 361.04 1
3.44 371.34 1
3.45 378.17 1
3.46 382.32 1
3.47 381.13 1
3.48 376.53 1
3.49 369.58 1
3.5 358.94 1
3.51 349.21 1
3.52 337.76 1
3.53 329.15 1
3.54 325.49 1
3.55 326.66 1
3.56 333.36 1
3.57 343.25 1
3.58 362.04 1
3.59 369.06 1
3.6 382.18 1
3.61 393.0 1
3.62 399.7 1
3.63 401.41 1
3.64 402.52 1
3.65 398.36 1
3.66 394.03 1
3.67 390.11 1
3.68 385.13 1
3.69 380.5 1
3.7 379.0 1
3.71 378.76 1
3.72 378.36 1
3.73 377.71 1
3.74 378.48 1
3.75 377.16 1
3.76 377.32 1
3.77 377.96 1
3.78 378.01 1
3.79 378.62 1
3.8 380.29 1
3.81 386.42 1
3.82 389.62 1
3.83 396.14 1
3.84 402.32 1
3.85 408.56 1
3.86 411.21 1
3.87 409.34 1
3.88 405.51 1
3.89 401.04 1
3.9 396.4 1
3.91 389.55 1
3.92 380.35 1
3.93 373.25 1
3.94 368.02 1
3.95 361.54 1
3.96 354.35 1
3.97 354.28 1
3.98 351.65 1
3.99 348.47 1
4.0 346.33 1
4.01 344.35 1
4.02 342.83 1
4.03 340.56 1
4.04 333.23 1
4.05 338.83 1
4.06 339.97 1
4.07 344.26 1
4.08 348.65 1
4.09 355.29 1
4.1 361.77 1
4.11 370.73 1
4.12 375.81 1
4.13 379.48 1
4.14 380.95 1
4.15 374.91 1
4.16 361.43 1
4.17 0.0 1
4.18 0.0 1
4.19 0.0 1
4.2 0.0 1
4.21 0.0 1
4.22 0.0 1
4.23 0.0 1
4.24 0.0 1
4.25 0.0 1
4.26 295.48 1
4.27 293.52 1
4.28 301.62 1
4.29 299.91 1
4.3 298.8 1
4.31 293.98 1
4.32 297.03 1
4.33 296.62 1
4.34 295.0 1
4.35 295.0 1
4.36 297.87 1
4.37 295.66 1
4.38 294.99 1
4.39 296.99 1
4.4 301.03 1
4.41 297.0 1
4.42 295.01 1
4.43 296.63 1
4.44 298.27 1
4.45 295.0 1
4.46 294.99 1
4.47 299.22 1
4.48 301.03 1
4.49 293.04 1
4.5 294.99 1
4.51 298.19 1
4.52 304.9 1
4.53 293.03 1
4.54 294.64 1
4.55 296.98 1
4.56 304.92 1
4.57 295.0 1
4.58 295.0 1
4.59 297.0 1
4.6 316.05 1
4.61 311.61 1
4.62 291.18 1
4.63 299.03 1
4.64 301.04 1
4.65 301.19 1
4.66 298.72 1
4.67 296.98 1
4.68 295.0 1
4.69 296.09 1
4.7 293.07 1
4.71 293.12 1
4.72 297.02 1
4.73 299.57 1
4.74 297.02 1
4.75 297.0 1
4.76 299.01 1
4.77 302.12 1
4.78 301.05 1
4.79 302.72 1
4.8 299.02 1
4.81 297.0 1
4.82 298.68 1
4.83 299.35 1
4.84 295.54 1
4.85 290.53 1
4.86 289.71 1
4.87 278.27 1
4.88 283.09 1
4.89 288.08 1
4.9 285.05 1
4.91 295.3 1
4.92 291.23 1
4.93 292.63 1
4.94 294.46 1
4.95 296.98 1
4.96 299.49 1
4.97 299.55 1
4.98 295.01 1
4.99 294.49 1
5.0 294.34 1
5.01 295.01 1
5.02 291.11 1
5.03 295.68 1
5.04 300.55 1
5.05 293.8 1
5.06 299.02 1
5.07 300.16 1
5.08 299.51 1
5.09 296.55 1
5.1 293.56 1
5.11 293.05 1
5.12 289.56 1
5.13 284.96 1
5.14 273.77 1
5.15 261.61 1
5.16 256.6 1
5.17 241.04 1
5.18 240.0 1
5.19 241.22 1
5.2 249.03 1
5.21 255.66 1
5.22 271.27 1
5.23 274.75 1
5.24 293.04 1
5.25 289.21 1
5.26 291.14 1
5.27 303.6 1
5.28 325.3 1
5.29 297.02 1
5.3 305.47 1
5.31 300.19 1
5.32 294.99 1
5.33 298.99 1
5.34 302.51 1
5.35 302.4 1
5.36 297.04 1
5.37 298.99 1
5.38 298.54 1
5.39 296.02 1
5.4 290.49 1
5.41 287.56 1
5.42 285.05 1
5.43 291.15 1
5.44 294.15 1
5.45 301.02 1
5.46 305.15 1
5.47 315.98 1
5.48 316.1 1
5.49 303.48 1
5.5 0.0 1
5.51 0.0 1
5.52 0.0 1
5.53 0.0 1
5.54 0.0 1
5.55 296.23 1
5.56 295.78 1
5.57 293.62 1
5.58 294.67 1
5.59 293.71 1
5.6 293.75 1
5.61 291.31 1
5.62 294.12 1
5.63 293.91 1
5.64 293.97 1
5.65 293.77 1
5.66 295.38 1
5.67 296.2 1
5.68 297.4 1
5.69 298.13 1
5.7 297.68 1
5.71 296.0 1
5.72 291.51 1
5.73 284.8 1
5.74 277.1 1
5.75 266.44 1
5.76 247.99 1
5.77 241.51 1
5.78 233.96 1
5.79 231.54 1
5.8 231.9 1
5.81 235.23 1
5.82 242.87 1
5.83 249.35 1
5.84 255.72 1
5.85 272.28 1
5.86 278.21 1
5.87 283.0 1
5.88 290.3 1
5.89 294.76 1
5.9 293.1 1
5.91 293.16 1
5.92 295.04 1
5.93 294.66 1
5.94 293.93 1
5.95 292.61 1
5.96 291.03 1
5.97 287.43 1
5.98 285.78 1
5.99 281.78 1
6.0 278.16 1
6.01 276.3 1
6.02 260.28 1
6.03 253.5 1
6.04 250.86 1
6.05 248.55 1
6.06 246.57 1
6.07 244.67 1
6.08 244.3 1
6.09 243.66 1
6.1 244.27 1
6.11 244.71 1
6.12 246.85 1
6.13 252.77 1
6.14 257.21 1
6.15 276.31 1
6.16 289.48 1
6.17 281.89 1
6.18 410.25 1
6.19 370.26 1
6.2 372.23 1
6.21 381.22 1
6.22 392.14 1
6.23 394.72 1
6.24 401.63 1
6.25 398.89 1
6.26 390.71 1
6.27 381.8 1
6.28 379.89 1
6.29 374.59 1
6.3 369.01 1
6.31 366.84 1
6.32 361.79 1
6.33 348.81 1
6.34 348.63 1
6.35 344.67 1
6.36 340.59 1
6.37 340.01 1
6.38 340.0 1
6.39 338.06 1
6.4 336.8 1
6.41 335.55 1
6.42 336.35 1
6.43 336.36 1
6.44 336.84 1
6.45 337.3 1
6.46 339.08 1
6.47 340.18 1
6.48 341.47 1
6.49 342.84 1
6.5 345.91 1
6.51 353.35 1
6.52 360.01 1
6.53 360.65 1
6.54 357.1 1
6.55 345.94 1
6.56 342.71 1
6.57 334.7 1
6.58 324.8 1
6.59 316.09 1
6.6 307.14 1
6.61 293.2 1
6.62 298.65 1
6.63 296.98 1
6.64 296.76 1
6.65 296.16 1
6.66 298.47 1
6.67 299.92 1
6.68 299.0 1
6.69 295.04 1
6.7 296.81 1
6.71 295.94 1
6.72 296.35 1
6.73 295.04 1
6.74 296.41 1
6.75 294.46 1
6.76 292.55 1
6.77 290.23 1
6.78 288.33 1
6.79 290.24 1
6.8 294.47 1
6.81 301.04 1
6.82 322.98 1
6.83 329.96 1
6.84 343.19 1
6.85 353.63 1
6.86 351.4 1
6.87 345.89 1
6.88 340.17 1
6.89 331.63 1
6.9 318.4 1
6.91 293.23 1
6.92 295.07 1
6.93 300.32 1
6.94 291.11 1
6.95 299.75 1
6.96 291.15 1
6.97 299.17 1
6.98 298.56 1
6.99 299.3 1
7.0 297.72 1
7.01 297.93 1
7.02 295.0 1
7.03 297.36 1
7.04 294.7 1
7.05 297.9 1
7.06 295.03 1
7.07 294.72 1
7.08 292.22 1
7.09 288.7 1
7.1 285.24 1
7.11 284.49 1
7.12 284.51 1
7.13 286.87 1
7.14 289.73 1
7.15 292.96 1
7.16 297.01 1
7.17 305.48 1
7.18 307.13 1
7.19 297.1 1
7.2 303.15 1
7.21 299.05 1
7.22 297.0 1
7.23 294.99 1
7.24 290.64 1
7.25 284.21 1
7.26 279.3 1
7.27 278.18 1
7.28 274.69 1
7.29 267.99 1
7.3 268.04 1
7.31 276.21 1
7.32 258.77 1
7.33 255.79 1
7.34 254.18 1
7.35 251.07 1
7.36 250.73 1
7.37 250.46 1
7.38 249.73 1
7.39 248.47 1
7.4 248.04 1
7.41 245.63 1
7.42 245.66 1
7.43 244.32 1
7.44 244.24 1
7.45 246.4 1
7.46 250.33 1
7.47 254.12 1
7.48 260.2 1
7.49 261.82 1
7.5 276.47 1
7.51 277.95 1
7.52 280.15 1
7.53 263.36 1
7.54 279.92 1
7.55 269.69 1
7.56 246.67 1
7.57 203.68 1
7.58 252.77 1
7.59 222.19 1
7.6 219.08 1
7.61 220.35 1
7.62 222.48 1
7.63 223.09 1
7.64 222.66 1
7.65 222.79 1
7.66 224.13 1
7.67 224.69 1
7.68 223.96 1
7.69 222.55 1
7.7 222.09 1
7.71 221.47 1
7.72 220.44 1
7.73 221.4 1
7.74 221.2 1
7.75 221.47 1
7.76 221.84 1
7.77 222.15 1
7.78 223.45 1
7.79 224.65 1
7.8 225.42 1
7.81 224.96 1
7.82 225.32 1
7.83 225.58 1
7.84 225.58 1
7.85 224.63 1
7.86 222.71 1
7.87 220.14 1
7.88 217.73 1
7.89 215.64 1
7.9 218.85 1
7.91 224.07 1
7.92 227.96 1
7.93 249.81 1
7.94 260.26 1
7.95 276.4 1
7.96 285.24 1
7.97 287.33 1
7.98 297.13 1
7.99 297.38 1
8.0 291.15 1
8.01 291.13 1
8.02 291.63 1
8.03 289.4 1
8.04 292.55 1
8.05 291.14 1
8.06 293.09 1
8.07 296.5 1
8.08 297.02 1
8.09 295.15 1
8.1 302.01 1
8.11 301.05 1
8.12 297.05 1
8.13 295.07 1
8.14 293.08 1
8.15 294.72 1
8.16 289.32 1
8.17 281.12 1
8.18 273.03 1
8.19 268.9 1
8.2 273.05 1
8.21 279.31 1
8.22 284.95 1
8.23 292.82 1
8.24 296.98 1
8.25 297.05 1
8.26 295.07 1
8.27 297.11 1
8.28 299.03 1
8.29 297.01 1
8.3 295.04 1
8.31 293.08 1
8.32 293.04 1
8.33 290.93 1
8.34 288.4 1
8.35 287.3 1
8.36 284.05 1
8.37 278.16 1
8.38 274.65 1
8.39 254.39 1
8.4 248.07 1
8.41 246.9 1
8.42 245.62 1
8.43 251.26 1
8.44 245.67 1
8.45 245.68 1
8.46 246.15 1
8.47 248.84 1
8.48 252.67 1
8.49 258.67 1
8.5 263.32 1
8.51 275.14 1
8.52 282.27 1
8.53 288.21 1
8.54 283.25 1
8.55 278.91 1
8.56 274.74 1
8.57 251.87 1
8.58 241.59 1
8.59 223.33 1
8.6 219.81 1
8.61 221.65 1
8.62 218.78 1
8.63 220.08 1
8.64 218.47 1
8.65 219.93 1
8.66 222.72 1
8.67 225.52 1
8.68 225.59 1
8.69 226.75 1
8.7 225.2 1
8.71 224.36 1
8.72 223.31 1
8.73 222.41 1
8.74 223.89 1
8.75 225.43 1
8.76 225.54 1
8.77 225.43 1
8.78 224.58 1
8.79 223.86 1
8.8 223.0 1
8.81 222.44 1
8.82 220.55 1
8.83 218.84 1
8.84 214.25 1
8.85 206.79 1
8.86 209.47 1
8.87 207.14 1
8.88 216.79 1
8.89 220.63 1
8.9 224.8 1
8.91 228.33 1
8.92 222.13 1
8.93 216.7 1
8.94 74.56 1
8.95 74.81 1
8.96 74.25 1
8.97 74.83 1
8.98 74.94 1
8.99 74.55 1
9.0 74.71 1
9.01 74.42 1
9.02 74.61 1
9.03 74.43 1
9.04 74.42 1
9.05 74.94 1
9.06 74.51 1
9.07 74.44 1
9.08 74.59 1
9.09 74.65 1
9.1 74.31 1
9.11 74.24 1
9.12 74.68 1
9.13 74.73 1
9.14 74.62 1
9.15 74.68 1
9.16 74.4 1
9.17 74.51 1
9.18 74.41 1
9.19 74.42 1
9.2 74.87 1
9.21 74.44 1
9.22 74.33 1
9.23 74.81 1
9.24 74.39 1
9.25 74.48 1
9.26 74.62 1
9.27 99.24 1
9.28 187.16 1
9.29 183.36 1
9.3 204.29 1
9.31 209.5 1
9.32 211.17 1
9.33 221.05 1
9.34 221.66 1
9.35 220.17 1
9.36 222.03 1
9.37 223.15 1
9.38 220.8 1
9.39 220.13 1
9.4 222.7 1
9.41 224.7 1
9.42 219.25 1
9.43 219.13 1
9.44 227.18 1
9.45 215.96 1
9.46 210.98 1
9.47 207.34 1
9.48 194.37 1
9.49 181.05 1
9.5 170.91 1
9.51 169.94 1
9.52 160.79 1
9.53 166.22 1
9.54 175.35 1
9.55 189.67 1
9.56 200.1 1
9.57 231.52 1
9.58 214.6 1
9.59 230.29 1
9.6 231.5 1
9.61 244.3 1
9.62 240.17 1
9.63 232.74 1
9.64 222.46 1
9.65 218.76 1
9.66 220.57 1
9.67 203.9 1
9.68 200.47 1
9.69 193.16 1
9.7 187.95 1
9.71 184.44 1
9.72 177.56 1
9.73 174.26 1
9.74 176.97 1
9.75 177.92 1
9.76 180.74 1
9.77 187.77 1
9.78 195.2 1
9.79 202.92 1
9.8 215.44 1
9.81 202.5 1
9.82 206.96 1
9.83 230.3 1
9.84 223.29 1
9.85 221.79 1
9.86 221.15 1
9.87 224.89 1
9.88 214.61 1
9.89 219.95 1
9.9 223.97 1
9.91 229.51 1
9.92 232.72 1
9.93 226.74 1
9.94 222.52 1
9.95 224.08 1
9.96 225.78 1
9.97 214.9 1
9.98 205.5 1
9.99 196.99 1
10.0 197.92 1
10.01 200.06 1
10.02 199.54 1
10.03 201.22 1
10.04 217.24 1
10.05 212.75 1
10.06 219.55 1
10.07 230.3 1
10.08 225.59 1
10.09 222.48 1
10.1 223.39 1
10.11 224.9 1
10.12 229.04 1
10.13 220.46 1
10.14 218.47 1
10.15 225.18 1
10.16 224.43 1
10.17 220.05 1
10.18 221.56 1
10.19 226.74 1
10.2 225.58 1
10.21 228.36 1
10.22 221.65 1
10.23 220.21 1
10.24 221.07 1
10.25 230.27 1
10.26 220.52 1
10.27 217.95 1
10.28 224.11 1
10.29 228.81 1
10.3 223.05 1
10.31 221.25 1
10.32 224.12 1
10.33 228.5 1
10.34 226.12 1
10.35 223.05 1
10.36 222.93 1
10.37 226.74 1
10.38 230.83 1
10.39 232.2 1
10.4 228.27 1
10.41 220.88 1
10.42 222.64 1
10.43 223.43 1
10.44 213.14 1
10.45 214.6 1
10.46 231.46 1
10.47 241.65 1
10.48 257.16 1
10.49 286.27 1
10.5 304.46 1
10.51 299.0 1
10.52 287.41 1
10.53 350.16 1
10.54 320.72 1
10.55 327.07 1
10.56 316.51 1
10.57 306.91 1
10.58 281.91 1
10.59 269.61 1
10.6 250.7 1
10.61 239.4 1
10.62 237.46 1
10.63 232.1 1
10.64 230.42 1
10.65 232.93 1
10.66 251.12 1
10.67 254.53 1
10.68 258.47 1
10.69 288.98 1
10.7 299.64 1
10.71 307.25 1
10.72 307.93 1
10.73 152.38 1
10.74 153.9 1
10.75 152.82 1
10.76 150.28 1
10.77 150.97 1
10.78 150.25 1
10.79 145.79 1
10.8 0.0 1
10.81 0.0 1
10.82 0.0 1
10.83 0.0 1
