0.01 0.0 1
0.02 270.21 1
0.03 285.7 1
0.04 287.48 1
0.05 284.57 1
0.06 268.13 1
0.07 260.97 1
0.08 245.31 1
0.09 231.03 1
0.1 223.93 1
0.11 221.93 1
0.12 217.47 1
0.13 218.75 1
0.14 220.48 1
0.15 224.3 1
0.16 229.07 1
0.17 225.6 1
0.18 227.99 1
0.19 225.58 1
0.2 219.44 1
0.21 215.63 1
0.22 200.95 1
0.23 201.79 1
0.24 202.72 1
0.25 204.23 1
0.26 208.42 1
0.27 211.52 1
0.28 217.7 1
0.29 215.74 1
0.3 203.71 1
0.31 206.53 1
0.32 221.11 1
0.33 223.0 1
0.34 222.15 1
0.35 215.77 1
0.36 216.75 1
0.37 220.99 1
0.38 219.9 1
0.39 218.98 1
0.4 220.94 1
0.41 221.17 1
0.42 226.02 1
0.43 226.73 1
0.44 213.48 1
0.45 225.54 1
0.46 223.54 1
0.47 222.18 1
0.48 216.76 1
0.49 225.53 1
0.5 222.17 1
0.51 223.1 1
0.52 223.46 1
0.53 224.72 1
0.54 225.26 1
0.55 223.32 1
0.56 223.3 1
0.57 223.4 1
0.58 222.82 1
0.59 222.57 1
0.6 222.3 1
0.61 222.71 1
0.62 222.68 1
0.63 222.5 1
0.64 222.03 1
0.65 221.12 1
0.66 223.02 1
0.67 222.93 1
0.68 222.17 1
0.69 218.96 1
0.7 204.63 1
0.71 220.44 1
0.72 218.95 1
0.73 220.74 1
0.74 222.11 1
0.75 211.4 1
0.76 223.39 1
0.77 226.09 1
0.78 226.41 1
0.79 214.52 1
0.8 225.47 1
0.81 212.49 1
0.82 222.15 1
0.83 216.74 1
0.84 209.63 1
0.85 207.02 1
0.86 200.08 1
0.87 200.36 1
0.88 201.74 1
0.89 202.86 1
0.9 212.43 1
0.91 213.55 1
0.92 204.6 1
0.93 202.84 1
0.94 207.55 1
0.95 225.57 1
0.96 221.16 1
0.97 206.59 1
0.98 216.83 1
0.99 223.15 1
1.0 214.69 1
1.01 221.49 1
1.02 220.03 1
1.03 209.35 1
1.04 205.49 1
1.05 209.83 1
1.06 201.02 1
1.07 193.83 1
1.08 183.97 1
1.09 181.85 1
1.1 180.35 1
1.11 179.63 1
1.12 181.07 1
1.13 185.29 1
1.14 190.5 1
1.15 200.4 1
1.16 195.66 1
1.17 219.94 1
1.18 212.44 1
1.19 225.37 1
1.2 222.22 1
1.21 226.87 1
1.22 222.22 1
1.23 219.98 1
1.24 222.08 1
1.25 223.23 1
1.26 215.66 1
1.27 213.3 1
1.28 208.55 1
1.29 206.15 1
1.3 202.34 1
1.31 200.84 1
1.32 195.42 1
1.33 194.57 1
1.34 189.62 1
1.35 184.95 1
1.36 185.17 1
1.37 186.43 1
1.38 188.51 1
1.39 192.97 1
1.4 199.12 1
1.41 210.51 1
1.42 213.53 1
1.43 240.76 1
1.44 214.57 1
1.45 91.59 1
1.46 92.95 1
1.47 95.55 1
1.48 93.34 1
1.49 94.73 1
1.5 93.14 1
1.51 94.53 1
1.52 76.39 1
1.53 73.56 1
1.54 74.43 1
1.55 73.43 1
1.56 73.13 1
1.57 73.55 1
1.58 73.8 1
1.59 73.8 1
1.6 73.93 1
1.61 73.93 1
1.62 74.09 1
1.63 74.36 1
1.64 74.68 1
1.65 74.57 1
1.66 74.82 1
1.67 74.82 1
1.68 74.94 1
1.69 74.81 1
1.7 74.81 1
1.71 75.03 1
1.72 74.94 1
1.73 75.17 1
1.74 74.56 1
1.75 74.44 1
1.76 74.33 1
1.77 74.15 1
1.78 74.18 1
1.79 74.15 1
1.8 148.24 1
1.81 295.76 1
1.82 293.17 1
1.83 293.27 1
1.84 291.51 1
1.85 289.05 1
1.86 286.82 1
1.87 283.85 1
1.88 282.9 1
1.89 284.02 1
1.9 288.93 1
1.91 292.46 1
1.92 297.01 1
1.93 309.4 1
1.94 318.25 1
1.95 320.62 1
1.96 313.12 1
1.97 320.56 1
1.98 320.49 1
1.99 299.04 1
2.0 292.13 1
2.01 283.44 1
2.02 273.82 1
2.03 274.58 1
2.04 258.79 1
2.05 254.29 1
2.06 253.15 1
2.07 249.43 1
2.08 247.47 1
2.09 246.43 1
2.1 246.12 1
2.11 245.52 1
2.12 245.55 1
2.13 245.66 1
2.14 246.35 1
2.15 245.49 1
2.16 245.97 1
2.17 247.62 1
2.18 249.31 1
2.19 252.6 1
2.2 255.69 1
2.21 278.17 1
2.22 286.1 1
2.23 335.39 1
2.24 340.49 1
2.25 307.25 1
2.26 304.81 1
2.27 302.59 1
2.28 298.64 1
2.29 294.25 1
2.3 289.22 1
2.31 285.53 1
2.32 274.29 1
2.33 269.65 1
2.34 257.18 1
2.35 248.54 1
2.36 240.64 1
2.37 228.06 1
2.38 223.76 1
2.39 217.75 1
2.4 211.26 1
2.41 204.39 1
2.42 199.97 1
2.43 194.7 1
2.44 188.15 1
2.45 185.87 1
2.46 181.48 1
2.47 179.68 1
2.48 180.35 1
2.49 181.08 1
2.5 183.48 1
2.51 185.69 1
2.52 190.52 1
2.53 197.01 1
2.54 200.93 1
2.55 209.49 1
2.56 212.42 1
2.57 215.52 1
2.58 220.56 1
2.59 222.41 1
2.6 223.3 1
2.61 223.49 1
2.62 224.23 1
2.63 220.91 1
2.64 219.3 1
2.65 219.45 1
2.66 217.34 1
2.67 216.67 1
2.68 213.55 1
2.69 210.63 1
2.7 206.67 1
2.71 205.63 1
2.72 203.84 1
2.73 200.56 1
2.74 198.18 1
2.75 195.61 1
2.76 193.81 1
2.77 189.25 1
2.78 184.21 1
2.79 185.67 1
2.8 185.49 1
2.81 186.49 1
2.82 186.51 1
2.83 190.51 1
2.84 89.97 1
2.85 74.06 1
2.86 73.99 1
2.87 74.55 1
2.88 74.93 1
2.89 74.51 1
2.9 74.6 1
2.91 74.5 1
2.92 74.56 1
2.93 74.55 1
2.94 74.52 1
2.95 199.47 1
2.96 182.58 1
2.97 195.96 1
2.98 183.35 1
2.99 200.01 1
3.0 198.44 1
3.01 205.6 1
3.02 215.65 1
3.03 231.87 1
3.04 227.87 1
3.05 225.88 1
3.06 222.97 1
3.07 222.27 1
3.08 222.07 1
3.09 219.69 1
3.1 218.84 1
3.11 219.37 1
3.12 218.35 1
3.13 219.65 1
3.14 220.04 1
3.15 219.84 1
3.16 220.18 1
3.17 220.86 1
3.18 221.55 1
3.19 223.6 1
3.2 226.19 1
3.21 227.83 1
3.22 226.64 1
3.23 224.37 1
3.24 222.74 1
3.25 219.3 1
3.26 204.31 1
3.27 200.49 1
3.28 199.95 1
3.29 200.02 1
3.3 201.97 1
3.31 202.75 1
3.32 211.53 1
3.33 216.59 1
3.34 221.85 1
3.35 224.68 1
3.36 225.6 1
3.37 226.74 1
3.38 226.14 1
3.39 225.17 1
3.4 223.85 1
3.41 221.83 1
3.42 220.93 1
3.43 221.2 1
3.44 222.11 1
3.45 222.06 1
3.46 222.28 1
3.47 222.92 1
3.48 222.49 1
3.49 222.07 1
3.5 221.44 1
3.51 221.19 1
3.52 221.18 1
3.53 221.35 1
3.54 221.17 1
3.55 220.63 1
3.56 220.94 1
3.57 221.6 1
3.58 221.0 1
3.59 221.07 1
3.6 221.02 1
3.61 220.68 1
3.62 220.3 1
3.63 220.12 1
3.64 220.73 1
3.65 220.95 1
3.66 221.33 1
3.67 222.13 1
3.68 222.2 1
3.69 220.96 1
3.7 220.03 1
3.71 217.36 1
3.72 213.56 1
3.73 207.53 1
3.74 203.51 1
3.75 202.48 1
3.76 205.3 1
3.77 205.68 1
3.78 214.3 1
3.79 218.91 1
3.8 223.35 1
3.81 226.59 1
3.82 225.38 1
3.83 217.78 1
3.84 0.0 1
3.85 0.0 1
3.86 0.0 1
3.87 224.54 1
3.88 224.31 1
3.89 224.25 1
3.9 224.31 1
3.91 224.68 1
3.92 224.1 1
3.93 223.66 1
3.94 223.54 1
3.95 223.03 1
3.96 221.75 1
3.97 219.45 1
3.98 218.63 1
3.99 214.72 1
4.0 208.6 1
4.01 206.48 1
4.02 202.47 1
4.03 194.88 1
4.04 192.9 1
4.05 188.9 1
4.06 186.52 1
4.07 184.8 1
4.08 185.69 1
4.09 185.05 1
4.1 183.99 1
4.11 184.15 1
4.12 184.44 1
4.13 185.85 1
4.14 184.17 1
4.15 184.89 1
4.16 184.86 1
4.17 183.39 1
4.18 182.81 1
4.19 183.87 1
4.2 184.43 1
4.21 190.31 1
4.22 189.7 1
4.23 194.7 1
4.24 194.03 1
4.25 196.05 1
4.26 194.49 1
4.27 187.28 1
4.28 184.94 1
4.29 184.17 1
4.3 182.58 1
4.31 179.19 1
4.32 178.89 1
4.33 179.6 1
4.34 176.78 1
4.35 174.22 1
4.36 174.65 1
4.37 174.65 1
4.38 172.48 1
4.39 170.27 1
4.4 169.59 1
4.41 168.3 1
4.42 168.67 1
4.43 169.54 1
4.44 169.58 1
4.45 168.79 1
4.46 166.66 1
4.47 166.7 1
4.48 164.84 1
4.49 163.25 1
4.5 166.72 1
4.51 165.61 1
4.52 164.26 1
4.53 174.64 1
4.54 173.27 1
4.55 173.27 1
4.56 173.98 1
4.57 182.6 1
4.58 178.18 1
4.59 185.61 1
4.6 187.2 1
4.61 184.14 1
4.62 169.29 1
4.63 74.5 1
4.64 74.52 1
4.65 74.46 1
4.66 74.8 1
4.67 74.31 1
4.68 74.06 1
4.69 74.75 1
4.7 75.84 1
4.71 75.93 1
4.72 74.83 1
4.73 74.84 1
4.74 74.82 1
4.75 74.78 1
4.76 74.88 1
4.77 74.86 1
4.78 74.84 1
4.79 74.57 1
4.8 74.59 1
4.81 74.63 1
4.82 74.81 1
4.83 75.16 1
4.84 75.19 1
4.85 74.94 1
4.86 75.07 1
4.87 75.15 1
4.88 75.04 1
4.89 74.81 1
4.9 74.67 1
4.91 74.09 1
4.92 72.83 1
4.93 72.38 1
4.94 87.84 1
4.95 85.86 1
4.96 85.69 1
4.97 88.27 1
4.98 73.76 1
4.99 75.3 1
5.0 74.59 1
5.01 74.44 1
5.02 74.57 1
5.03 74.54 1
5.04 74.62 1
5.05 74.53 1
5.06 74.47 1
5.07 74.56 1
5.08 74.56 1
5.09 74.51 1
5.1 74.47 1
5.11 74.68 1
5.12 74.65 1
5.13 74.78 1
5.14 74.64 1
5.15 74.58 1
5.16 74.68 1
5.17 74.67 1
5.18 74.53 1
5.19 74.68 1
5.2 74.49 1
5.21 74.5 1
5.22 74.63 1
5.23 74.62 1
5.24 74.5 1
5.25 74.64 1
5.26 74.52 1
5.27 74.35 1
5.28 74.65 1
5.29 74.49 1
5.3 74.51 1
5.31 74.69 1
5.32 74.53 1
5.33 74.53 1
5.34 74.56 1
5.35 74.53 1
5.36 74.45 1
5.37 74.43 1
5.38 73.96 1
5.39 74.29 1
5.4 74.18 1
5.41 73.88 1
5.42 72.86 1
5.43 72.97 1
5.44 73.68 1
5.45 73.88 1
5.46 73.81 1
5.47 73.88 1
5.48 74.16 1
5.49 74.25 1
5.5 74.1 1
5.51 74.48 1
5.52 74.39 1
5.53 74.72 1
5.54 75.28 1
5.55 75.04 1
5.56 74.63 1
5.57 73.7 1
5.58 146.97 1
5.59 141.4 1
5.6 138.74 1
5.61 148.8 1
5.62 153.5 1
5.63 158.92 1
5.64 167.76 1
5.65 171.26 1
5.66 179.47 1
5.67 184.05 1
5.68 186.95 1
5.69 188.45 1
5.7 189.22 1
5.71 187.46 1
5.72 184.66 1
5.73 181.53 1
5.74 178.66 1
5.75 177.18 1
5.76 175.74 1
5.77 173.28 1
5.78 173.54 1
5.79 172.78 1
5.8 170.85 1
5.81 168.64 1
5.82 169.76 1
5.83 162.7 1
5.84 166.0 1
5.85 161.61 1
5.86 166.7 1
5.87 164.89 1
5.88 169.09 1
5.89 180.48 1
5.9 187.51 1
5.91 196.61 1
5.92 208.85 1
5.93 210.29 1
5.94 217.25 1
5.95 213.31 1
5.96 214.39 1
5.97 203.89 1
5.98 199.87 1
5.99 183.38 1
6.0 186.49 1
6.01 175.31 1
6.02 181.76 1
6.03 180.78 1
6.04 180.1 1
6.05 181.79 1
6.06 184.08 1
6.07 187.56 1
6.08 194.6 1
6.09 193.77 1
6.1 200.13 1
6.11 207.08 1
6.12 202.0 1
6.13 202.76 1
6.14 193.8 1
6.15 190.96 1
6.16 193.21 1
6.17 181.45 1
6.18 176.03 1
6.19 177.91 1
6.2 175.56 1
6.21 179.63 1
6.22 186.22 1
6.23 194.79 1
6.24 206.45 1
6.25 219.71 1
6.26 227.96 1
6.27 233.06 1
6.28 223.79 1
6.29 210.52 1
6.3 197.28 1
6.31 224.71 1
6.32 214.79 1
6.33 207.52 1
6.34 199.41 1
6.35 192.65 1
6.36 181.66 1
6.37 184.44 1
6.38 182.07 1
6.39 183.24 1
6.4 179.82 1
6.41 182.31 1
6.42 184.14 1
6.43 190.51 1
6.44 196.98 1
6.45 204.54 1
6.46 213.76 1
6.47 221.45 1
6.48 225.3 1
6.49 225.81 1
6.5 224.81 1
6.51 223.99 1
6.52 216.54 1
6.53 209.94 1
6.54 202.5 1
6.55 197.13 1
6.56 194.57 1
6.57 193.83 1
6.58 190.51 1
6.59 188.7 1
6.6 184.91 1
6.61 183.16 1
6.62 182.35 1
6.63 179.7 1
6.64 188.77 1
6.65 187.6 1
6.66 194.23 1
6.67 200.59 1
6.68 204.64 1
6.69 216.29 1
6.7 218.93 1
6.71 224.26 1
6.72 226.25 1
6.73 225.02 1
6.74 214.94 1
6.75 218.26 1
6.76 221.5 1
6.77 218.94 1
6.78 212.52 1
6.79 218.97 1
6.8 220.16 1
6.81 220.63 1
6.82 220.08 1
6.83 221.05 1
6.84 220.73 1
6.85 222.72 1
6.86 225.59 1
6.87 224.46 1
6.88 221.93 1
6.89 224.4 1
6.9 224.7 1
6.91 223.37 1
6.92 222.42 1
6.93 222.45 1
6.94 222.64 1
6.95 221.88 1
6.96 219.25 1
6.97 217.83 1
6.98 213.69 1
6.99 213.49 1
7.0 205.63 1
7.01 204.71 1
7.02 207.5 1
7.03 215.54 1
7.04 209.53 1
7.05 219.92 1
7.06 221.23 1
7.07 222.73 1
7.08 222.64 1
7.09 226.27 1
7.1 225.75 1
7.11 222.69 1
7.12 221.43 1
7.13 222.67 1
7.14 222.75 1
7.15 223.01 1
7.16 224.43 1
7.17 227.11 1
7.18 224.58 1
7.19 221.95 1
7.2 223.29 1
7.21 223.82 1
7.22 212.54 1
7.23 214.62 1
7.24 218.88 1
7.25 218.88 1
7.26 218.9 1
7.27 223.24 1
7.28 223.94 1
7.29 222.17 1
7.3 222.93 1
7.31 224.82 1
7.32 223.61 1
7.33 221.94 1
7.34 223.17 1
7.35 223.29 1
7.36 222.82 1
7.37 223.0 1
7.38 224.72 1
7.39 225.82 1
7.4 225.49 1
7.41 224.52 1
7.42 223.08 1
7.43 224.85 1
7.44 221.61 1
7.45 200.6 1
7.46 198.79 1
7.47 182.61 1
7.48 178.04 1
7.49 179.37 1
7.5 176.09 1
7.51 181.83 1
7.52 198.9 1
7.53 198.05 1
7.54 217.81 1
7.55 218.86 1
7.56 226.7 1
7.57 227.88 1
7.58 227.88 1
7.59 233.86 1
7.6 235.12 1
7.61 227.87 1
7.62 224.5 1
7.63 222.87 1
7.64 223.34 1
7.65 223.44 1
7.66 219.98 1
7.67 217.84 1
7.68 204.58 1
7.69 204.6 1
7.7 201.8 1
7.71 196.48 1
7.72 189.77 1
7.73 198.75 1
7.74 180.33 1
7.75 179.12 1
7.76 183.23 1
7.77 184.0 1
7.78 181.06 1
7.79 181.06 1
7.8 198.8 1
7.81 199.31 1
7.82 214.65 1
7.83 217.82 1
7.84 221.09 1
7.85 224.96 1
7.86 226.15 1
7.87 225.55 1
7.88 225.84 1
7.89 224.28 1
7.9 224.02 1
7.91 224.33 1
7.92 223.3 1
7.93 224.24 1
7.94 225.58 1
7.95 226.14 1
7.96 226.27 1
7.97 225.04 1
7.98 224.43 1
7.99 223.29 1
8.0 205.58 1
8.01 202.76 1
8.02 204.61 1
8.03 198.9 1
8.04 204.77 1
8.05 206.55 1
8.06 203.69 1
8.07 213.78 1
8.08 221.68 1
8.09 226.31 1
8.1 227.91 1
8.11 227.91 1
8.12 229.1 1
8.13 225.58 1
8.14 225.58 1
8.15 225.02 1
8.16 221.11 1
8.17 200.9 1
8.18 220.02 1
8.19 219.96 1
8.2 224.21 1
8.21 232.72 1
8.22 228.35 1
8.23 227.99 1
8.24 225.25 1
8.25 223.88 1
8.26 223.45 1
8.27 223.66 1
8.28 222.98 1
8.29 222.38 1
8.3 222.98 1
8.31 223.92 1
8.32 223.78 1
8.33 223.74 1
8.34 224.16 1
8.35 224.92 1
8.36 225.48 1
8.37 223.79 1
8.38 223.28 1
8.39 220.98 1
8.4 215.64 1
8.41 214.28 1
8.42 203.95 1
8.43 202.81 1
8.44 203.19 1
8.45 201.83 1
8.46 220.24 1
8.47 221.43 1
8.48 222.64 1
8.49 226.05 1
8.5 230.31 1
8.51 230.53 1
8.52 230.25 1
8.53 228.36 1
8.54 224.6 1
8.55 221.99 1
8.56 217.59 1
8.57 211.79 1
8.58 204.54 1
8.59 198.55 1
8.6 192.92 1
8.61 185.7 1
8.62 179.62 1
8.63 74.55 1
8.64 74.49 1
8.65 74.47 1
8.66 74.07 1
8.67 74.55 1
8.68 74.6 1
8.69 74.45 1
8.7 74.58 1
8.71 74.56 1
8.72 74.49 1
8.73 74.46 1
8.74 74.49 1
8.75 74.54 1
8.76 74.67 1
8.77 74.43 1
8.78 74.31 1
8.79 74.4 1
8.8 74.42 1
8.81 74.58 1
8.82 74.51 1
8.83 74.5 1
8.84 74.54 1
8.85 74.54 1
8.86 74.47 1
8.87 0.0 1
8.88 0.0 1
8.89 248.52 1
8.9 239.06 1
8.91 220.87 1
8.92 214.56 1
8.93 203.36 1
8.94 195.98 1
8.95 182.82 1
8.96 174.06 1
8.97 175.22 1
8.98 170.71 1
8.99 172.65 1
9.0 185.72 1
9.01 194.38 1
9.02 201.77 1
9.03 206.59 1
9.04 218.23 1
9.05 223.66 1
9.06 225.58 1
9.07 227.0 1
9.08 227.23 1
9.09 225.05 1
9.1 222.78 1
9.11 218.79 1
9.12 216.69 1
9.13 211.77 1
9.14 205.68 1
9.15 207.55 1
9.16 206.56 1
9.17 202.55 1
9.18 197.31 1
9.19 188.16 1
9.2 188.62 1
9.21 185.7 1
9.22 183.4 1
9.23 184.93 1
9.24 192.53 1
9.25 201.84 1
9.26 205.63 1
9.27 219.95 1
9.28 255.28 1
9.29 283.4 1
9.3 283.17 1
9.31 294.31 1
9.32 297.06 1
9.33 299.08 1
9.34 297.08 1
9.35 302.84 1
9.36 296.99 1
9.37 294.53 1
9.38 293.69 1
9.39 296.34 1
9.4 293.1 1
9.41 295.05 1
9.42 297.02 1
9.43 299.2 1
9.44 296.98 1
9.45 294.99 1
9.46 295.8 1
9.47 297.32 1
9.48 293.09 1
9.49 295.04 1
9.5 298.99 1
9.51 297.02 1
9.52 293.07 1
9.53 292.98 1
9.54 290.11 1
9.55 287.95 1
9.56 287.3 1
9.57 288.34 1
9.58 291.91 1
9.59 291.16 1
9.6 295.07 1
9.61 299.07 1
9.62 301.14 1
9.63 299.18 1
9.64 295.13 1
9.65 295.14 1
9.66 301.08 1
9.67 300.83 1
9.68 293.15 1
9.69 293.13 1
9.7 295.05 1
9.71 298.32 1
9.72 293.16 1
9.73 293.18 1
9.74 297.03 1
9.75 298.4 1
9.76 295.06 1
9.77 295.03 1
9.78 296.2 1
9.79 295.5 1
9.8 291.25 1
9.81 290.7 1
9.82 283.98 1
9.83 281.55 1
9.84 274.54 1
9.85 281.71 1
9.86 245.87 1
9.87 246.85 1
9.88 244.78 1
9.89 247.52 1
9.9 251.44 1
9.91 260.19 1
9.92 278.06 1
9.93 279.96 1
9.94 0.0 1
9.95 0.0 1
9.96 295.01 1
9.97 295.06 1
9.98 299.24 1
9.99 298.5 1
10.0 293.19 1
10.01 296.97 1
10.02 297.46 1
10.03 299.97 1
10.04 295.14 1
10.05 301.04 1
10.06 301.1 1
10.07 305.09 1
10.08 301.14 1
10.09 295.2 1
10.1 291.31 1
10.11 293.07 1
10.12 288.99 1
10.13 284.44 1
10.14 280.95 1
10.15 280.67 1
10.16 283.07 1
10.17 286.41 1
10.18 289.2 1
10.19 294.78 1
10.2 299.03 1
10.21 301.05 1
10.22 293.3 1
10.23 302.62 1
10.24 303.15 1
10.25 299.11 1
10.26 300.97 1
10.27 298.87 1
10.28 295.11 1
10.29 293.22 1
10.3 293.16 1
10.31 294.58 1
10.32 294.59 1
10.33 293.05 1
10.34 291.95 1
10.35 290.65 1
10.36 288.25 1
10.37 285.43 1
10.38 282.11 1
10.39 279.87 1
10.4 279.87 1
10.41 276.35 1
10.42 271.28 1
10.43 269.52 1
10.44 263.36 1
10.45 260.29 1
10.46 258.17 1
10.47 254.23 1
10.48 252.07 1
10.49 248.76 1
10.5 243.86 1
10.51 239.58 1
10.52 116.95 1
10.53 115.59 1
10.54 114.71 1
10.55 112.67 1
10.56 113.22 1
10.57 112.5 1
