0.01 110.54 1
0.02 118.55 1
0.03 117.78 1
0.04 133.5 1
0.05 134.27 1
0.06 281.79 1
0.07 289.47 1
0.08 302.49 1
0.09 301.46 1
0.1 307.25 1
0.11 305.1 1
0.12 295.21 1
0.13 291.28 1
0.14 292.4 1
0.15 285.75 1
0.16 260.18 1
0.17 276.52 1
0.18 309.35 1
0.19 304.5 1
0.2 309.44 1
0.21 311.63 1
0.22 303.16 1
0.23 303.14 1
0.24 304.82 1
0.25 305.57 1
0.26 305.27 1
0.27 303.19 1
0.28 303.16 1
0.29 297.08 1
0.3 297.08 1
0.31 315.97 1
0.32 278.95 1
0.33 288.28 1
0.34 284.27 1
0.35 278.26 1
0.36 272.43 1
0.37 272.67 1
0.38 274.84 1
0.39 281.77 1
0.4 290.59 1
0.41 295.42 1
0.42 311.47 1
0.43 317.25 1
0.44 318.63 1
0.45 155.71 1
0.46 155.01 1
0.47 155.09 1
0.48 153.63 1
0.49 299.14 1
0.5 289.2 1
0.51 289.38 1
0.52 287.83 1
0.53 291.13 1
0.54 302.9 1
0.55 317.61 1
0.56 340.57 1
0.57 338.8 1
0.58 486.86 1
0.59 489.94 1
0.6 486.64 1
0.61 469.8 1
0.62 0.0 1
0.63 0.0 1
0.64 354.1 1
0.65 348.25 1
0.66 332.61 1
0.67 330.87 1
0.68 332.55 1
0.69 338.26 1
0.7 344.67 1
0.71 348.72 1
0.72 349.26 1
0.73 354.73 1
0.74 361.12 1
0.75 357.32 1
0.76 343.49 1
0.77 321.43 1
0.78 330.21 1
0.79 359.66 1
0.8 340.79 1
0.81 335.99 1
0.82 332.41 1
0.83 333.18 1
0.84 338.63 1
0.85 345.89 1
0.86 360.0 1
0.87 428.15 1
0.88 448.65 1
0.89 461.44 1
0.9 433.07 1
0.91 377.92 1
0.92 338.09 1
0.93 315.88 1
0.94 330.94 1
0.95 291.51 1
0.96 300.37 1
0.97 305.16 1
0.98 298.94 1
0.99 297.05 1
1.0 298.77 1
1.01 297.13 1
1.02 297.18 1
1.03 301.07 1
1.04 299.14 1
1.05 297.14 1
1.06 297.03 1
1.07 291.22 1
1.08 283.63 1
1.09 253.6 1
1.1 296.9 1
1.11 300.86 1
1.12 306.85 1
1.13 305.49 1
1.14 331.6 1
1.15 346.79 1
1.16 366.14 1
1.17 360.85 1
1.18 381.11 1
1.19 363.67 1
1.2 344.82 1
1.21 330.15 1
1.22 0.0 1
1.23 0.0 1
1.24 0.0 1
1.25 0.0 1
1.26 71.87 1
1.27 72.82 1
1.28 74.01 1
1.29 74.77 1
1.3 75.21 1
1.31 75.68 1
1.32 152.24 1
1.33 150.24 1
1.34 147.83 1
1.35 146.43 1
1.36 143.37 1
1.37 140.23 1
1.38 0.0 1
1.39 0.0 1
1.4 0.0 1
1.41 0.0 1
1.42 290.78 1
1.43 295.28 1
1.44 305.07 1
1.45 301.33 1
1.46 301.05 1
1.47 300.89 1
1.48 297.17 1
1.49 302.59 1
1.5 301.07 1
1.51 297.01 1
1.52 296.99 1
1.53 0.0 1
1.54 0.0 1
1.55 0.0 1
1.56 0.0 1
1.57 0.0 1
1.58 0.0 1
1.59 0.0 1
1.6 0.0 1
1.61 0.0 1
1.62 0.0 1
1.63 0.0 1
1.64 0.0 1
1.65 0.0 1
1.66 0.0 1
1.67 0.0 1
1.68 0.0 1
1.69 0.0 1
1.7 0.0 1
1.71 0.0 1
1.72 0.0 1
1.73 271.26 1
1.74 270.87 1
1.75 281.88 1
1.76 297.32 1
1.77 322.66 1
1.78 348.35 1
1.79 392.4 1
1.8 441.29 1
1.81 471.66 1
1.82 479.64 1
1.83 452.4 1
1.84 438.8 1
1.85 454.1 1
1.86 415.5 1
1.87 426.13 1
1.88 297.1 1
1.89 295.05 1
1.9 298.01 1
1.91 292.1 1
1.92 291.79 1
1.93 293.07 1
1.94 296.98 1
1.95 297.12 1
1.96 297.18 1
1.97 302.37 1
1.98 297.16 1
1.99 295.13 1
2.0 285.53 1
2.01 276.51 1
2.02 280.05 1
2.03 302.84 1
2.04 290.47 1
2.05 292.13 1
2.06 295.18 1
2.07 312.79 1
2.08 332.83 1
2.09 398.53 1
2.1 471.44 1
2.11 476.49 1
2.12 448.04 1
2.13 431.63 1
2.14 372.15 1
2.15 254.15 1
2.16 251.27 1
2.17 249.41 1
2.18 294.15 1
2.19 287.47 1
2.2 293.88 1
2.21 295.35 1
2.22 306.07 1
2.23 313.74 1
2.24 312.78 1
2.25 308.73 1
2.26 302.96 1
2.27 295.81 1
2.28 290.17 1
2.29 285.84 1
2.3 283.93 1
2.31 240.42 1
2.32 258.57 1
2.33 287.17 1
2.34 307.06 1
2.35 301.59 1
2.36 311.6 1
2.37 299.96 1
2.38 299.56 1
2.39 298.84 1
2.4 293.31 1
2.41 295.25 1
2.42 297.23 1
2.43 301.18 1
2.44 301.1 1
2.45 289.34 1
2.46 282.08 1
2.47 298.68 1
2.48 285.26 1
2.49 238.92 1
2.5 221.11 1
2.51 202.17 1
2.52 202.87 1
2.53 224.09 1
2.54 247.44 1
2.55 267.75 1
2.56 293.1 1
2.57 307.39 1
2.58 314.87 1
2.59 320.77 1
2.6 290.83 1
2.61 291.11 1
2.62 219.95 1
2.63 212.53 1
2.64 216.8 1
2.65 213.45 1
2.66 218.39 1
2.67 224.62 1
2.68 247.24 1
2.69 257.61 1
2.7 262.85 1
2.71 294.05 1
2.72 307.37 1
2.73 314.9 1
2.74 315.56 1
2.75 313.74 1
2.76 308.21 1
2.77 300.41 1
2.78 291.26 1
2.79 282.35 1
2.8 274.83 1
2.81 271.5 1
2.82 273.73 1
2.83 278.93 1
2.84 287.19 1
2.85 300.22 1
2.86 315.73 1
2.87 327.75 1
2.88 333.81 1
2.89 333.38 1
2.9 326.76 1
2.91 309.58 1
2.92 0.0 1
2.93 0.0 1
2.94 247.03 1
2.95 224.21 1
2.96 223.09 1
2.97 202.83 1
2.98 206.28 1
2.99 214.56 1
3.0 225.67 1
3.01 245.74 1
3.02 276.2 1
3.03 289.35 1
3.04 297.09 1
3.05 299.0 1
3.06 324.64 1
3.07 313.84 1
3.08 327.69 1
3.09 305.47 1
3.1 291.31 1
3.11 272.63 1
3.12 266.82 1
3.13 268.46 1
3.14 276.45 1
3.15 289.69 1
3.16 307.27 1
3.17 327.55 1
3.18 342.02 1
3.19 354.22 1
3.2 351.48 1
3.21 340.63 1
3.22 288.33 1
3.23 289.09 1
3.24 278.2 1
3.25 260.2 1
3.26 254.02 1
3.27 241.48 1
3.28 245.67 1
3.29 253.26 1
3.3 265.46 1
3.31 287.91 1
3.32 295.33 1
3.33 313.38 1
3.34 316.13 1
3.35 305.21 1
3.36 291.01 1
3.37 0.0 1
3.38 0.0 1
3.39 0.0 1
3.4 0.0 1
3.41 0.0 1
3.42 219.9 1
3.43 218.55 1
3.44 222.05 1
3.45 225.2 1
3.46 226.14 1
3.47 226.82 1
3.48 226.8 1
3.49 226.77 1
3.5 224.81 1
3.51 220.06 1
3.52 0.0 1
3.53 0.0 1
3.54 0.0 1
3.55 0.0 1
3.56 191.26 1
3.57 194.75 1
3.58 204.73 1
3.59 217.77 1
3.6 228.12 1
3.61 244.97 1
3.62 249.43 1
3.63 251.32 1
3.64 250.3 1
3.65 0.0 1
3.66 0.0 1
3.67 0.0 1
3.68 179.5 1
3.69 182.75 1
3.7 164.84 1
3.71 163.03 1
3.72 164.86 1
3.73 168.61 1
3.74 181.12 1
3.75 195.71 1
3.76 207.6 1
3.77 222.96 1
3.78 230.34 1
3.79 231.0 1
3.8 0.0 1
3.81 0.0 1
3.82 0.0 1
3.83 0.0 1
3.84 0.0 1
3.85 0.0 1
3.86 0.0 1
3.87 0.0 1
3.88 0.0 1
3.89 218.81 1
3.9 231.48 1
3.91 248.53 1
3.92 255.73 1
3.93 260.22 1
3.94 254.22 1
3.95 243.9 1
3.96 0.0 1
3.97 0.0 1
3.98 0.0 1
3.99 0.0 1
4.0 211.5 1
4.01 204.08 1
4.02 206.92 1
4.03 210.56 1
4.04 215.57 1
4.05 217.76 1
4.06 219.77 1
4.07 221.75 1
4.08 221.88 1
4.09 222.17 1
4.1 211.73 1
4.11 0.0 1
4.12 0.0 1
4.13 0.0 1
4.14 197.31 1
4.15 204.69 1
4.16 191.18 1
4.17 196.18 1
4.18 197.23 1
4.19 206.51 1
4.2 231.0 1
4.21 251.86 1
4.22 279.99 1
4.23 290.11 1
4.24 302.3 1
4.25 306.54 1
4.26 307.23 1
4.27 299.08 1
4.28 288.44 1
4.29 276.97 1
4.3 266.98 1
4.31 255.74 1
4.32 245.59 1
4.33 241.62 1
4.34 242.94 1
4.35 249.49 1
4.36 247.03 1
4.37 255.39 1
4.38 290.53 1
4.39 295.03 1
4.4 296.94 1
4.41 281.73 1
4.42 289.14 1
4.43 288.53 1
4.44 285.4 1
4.45 268.0 1
4.46 247.48 1
4.47 237.41 1
4.48 235.02 1
4.49 242.65 1
4.5 249.24 1
4.51 261.92 1
4.52 277.18 1
4.53 289.3 1
4.54 309.33 1
4.55 303.47 1
4.56 280.53 1
4.57 289.43 1
4.58 332.8 1
4.59 297.74 1
4.6 289.64 1
4.61 287.31 1
4.62 281.82 1
4.63 264.76 1
4.64 269.59 1
4.65 274.86 1
4.66 288.25 1
4.67 305.2 1
4.68 319.91 1
4.69 325.76 1
4.7 481.71 1
4.71 483.61 1
4.72 559.56 1
4.73 515.79 1
4.74 401.68 1
4.75 390.23 1
4.76 357.13 1
4.77 362.44 1
4.78 332.96 1
4.79 321.54 1
4.8 340.16 1
4.81 0.0 1
4.82 364.77 1
4.83 357.68 1
4.84 374.98 1
4.85 387.92 1
4.86 384.99 1
4.87 378.56 1
4.88 487.31 1
