0.01 296.97 1
0.02 293.47 1
0.03 283.6 1
0.04 272.5 1
0.05 261.46 1
0.06 252.09 1
0.07 245.75 1
0.08 243.09 1
0.09 242.7 1
0.1 228.78 1
0.11 244.99 1
0.12 249.64 1
0.13 258.89 1
0.14 263.51 1
0.15 279.36 1
0.16 290.4 1
0.17 299.67 1
0.18 301.4 1
0.19 309.32 1
0.2 305.8 1
0.21 295.5 1
0.22 293.34 1
0.23 285.41 1
0.24 276.34 1
0.25 267.4 1
0.26 258.71 1
0.27 252.7 1
0.28 250.0 1
0.29 246.29 1
0.3 240.72 1
0.31 244.1 1
0.32 243.16 1
0.33 246.31 1
0.34 252.57 1
0.35 258.57 1
0.36 268.3 1
0.37 279.86 1
0.38 289.6 1
0.39 297.96 1
0.4 304.21 1
0.41 305.37 1
0.42 307.67 1
0.43 303.98 1
0.44 299.85 1
0.45 295.43 1
0.46 291.08 1
0.47 288.22 1
0.48 286.88 1
0.49 286.16 1
0.5 284.83 1
0.51 284.15 1
0.52 284.34 1
0.53 287.05 1
0.54 291.97 1
0.55 295.26 1
0.56 305.23 1
0.57 309.7 1
0.58 314.08 1
0.59 315.63 1
0.6 315.92 1
0.61 307.96 1
0.62 300.14 1
0.63 291.78 1
0.64 282.98 1
0.65 279.91 1
0.66 281.19 1
0.67 285.09 1
0.68 290.73 1
0.69 297.7 1
0.7 305.16 1
0.71 304.4 1
0.72 299.12 1
0.73 290.29 1
0.74 150.74 1
0.75 149.19 1
0.76 149.24 1
0.77 149.02 1
0.78 149.24 1
0.79 149.73 1
0.8 149.1 1
0.81 148.88 1
0.82 149.73 1
0.83 149.09 1
0.84 149.35 1
0.85 150.23 1
0.86 149.23 1
0.87 148.87 1
0.88 149.15 1
0.89 149.24 1
0.9 149.02 1
0.91 149.05 1
0.92 149.05 1
0.93 149.72 1
0.94 149.03 1
0.95 149.12 1
0.96 148.99 1
0.97 150.23 1
0.98 145.79 1
0.99 150.77 1
1.0 152.19 1
1.01 308.8 1
1.02 307.65 1
1.03 308.38 1
1.04 307.29 1
1.05 303.16 1
1.06 304.97 1
1.07 305.43 1
1.08 304.47 1
1.09 302.48 1
1.1 302.72 1
1.11 301.06 1
1.12 300.15 1
1.13 295.03 1
1.14 288.35 1
1.15 274.78 1
1.16 246.57 1
1.17 224.61 1
1.18 221.04 1
1.19 223.02 1
1.2 231.83 1
1.21 249.73 1
1.22 264.89 1
1.23 285.58 1
1.24 301.18 1
1.25 315.3 1
1.26 325.45 1
1.27 326.05 1
1.28 318.71 1
1.29 303.18 1
1.3 287.38 1
1.31 255.21 1
1.32 239.04 1
1.33 225.0 1
1.34 223.96 1
1.35 227.08 1
1.36 234.26 1
1.37 251.01 1
1.38 263.3 1
1.39 289.18 1
1.4 298.5 1
1.41 312.78 1
1.42 323.76 1
1.43 325.58 1
1.44 327.78 1
1.45 316.1 1
1.46 301.05 1
1.47 289.97 1
1.48 282.36 1
1.49 279.74 1
1.5 280.27 1
1.51 285.34 1
1.52 292.96 1
1.53 303.12 1
1.54 316.89 1
1.55 332.06 1
1.56 341.66 1
1.57 343.15 1
1.58 339.1 1
1.59 318.14 1
1.6 300.92 1
1.61 271.83 1
1.62 254.01 1
1.63 234.69 1
1.64 230.34 1
1.65 234.16 1
1.66 248.06 1
1.67 260.19 1
1.68 276.94 1
1.69 295.0 1
1.7 308.63 1
1.71 320.72 1
1.72 328.5 1
1.73 324.57 1
1.74 294.63 1
1.75 0.0 1
1.76 0.0 1
1.77 0.0 1
1.78 0.0 1
1.79 0.0 1
1.8 257.14 1
1.81 225.08 1
1.82 224.3 1
1.83 223.62 1
1.84 223.35 1
1.85 223.68 1
1.86 223.55 1
1.87 223.72 1
1.88 225.51 1
1.89 226.07 1
1.9 224.71 1
1.91 224.65 1
1.92 224.34 1
1.93 221.83 1
1.94 216.74 1
1.95 209.96 1
1.96 203.01 1
1.97 198.47 1
1.98 199.71 1
1.99 203.7 1
2.0 208.53 1
2.01 216.59 1
2.02 221.09 1
2.03 222.95 1
2.04 223.69 1
2.05 223.67 1
2.06 223.43 1
2.07 170.56 1
2.08 223.34 1
2.09 214.55 1
2.1 215.48 1
2.11 198.2 1
2.12 180.31 1
2.13 172.96 1
2.14 161.81 1
2.15 160.74 1
2.16 166.11 1
2.17 171.79 1
2.18 176.73 1
2.19 196.63 1
2.2 205.6 1
2.21 224.78 1
2.22 235.13 1
2.23 238.42 1
2.24 221.82 1
2.25 225.31 1
2.26 215.97 1
2.27 198.18 1
2.28 177.9 1
2.29 167.22 1
2.3 166.34 1
2.31 167.53 1
2.32 175.7 1
2.33 182.33 1
2.34 190.52 1
2.35 201.15 1
2.36 206.58 1
2.37 212.4 1
2.38 217.84 1
2.39 221.93 1
2.4 222.04 1
2.41 221.65 1
2.42 220.54 1
2.43 219.25 1
2.44 224.06 1
2.45 225.83 1
2.46 206.56 1
2.47 222.17 1
2.48 224.68 1
2.49 221.43 1
2.5 224.67 1
2.51 224.43 1
2.52 218.89 1
2.53 220.87 1
2.54 224.96 1
2.55 223.29 1
2.56 219.95 1
2.57 230.29 1
2.58 240.33 1
2.59 227.82 1
2.6 227.33 1
2.61 226.73 1
2.62 227.18 1
2.63 226.22 1
2.64 222.21 1
2.65 223.53 1
2.66 223.55 1
2.67 223.66 1
2.68 222.2 1
2.69 224.69 1
2.7 225.63 1
2.71 226.4 1
2.72 222.21 1
2.73 226.06 1
2.74 225.89 1
2.75 225.32 1
2.76 223.32 1
2.77 224.87 1
2.78 225.37 1
2.79 226.12 1
2.8 226.12 1
2.81 226.14 1
2.82 225.55 1
2.83 226.64 1
2.84 224.51 1
2.85 224.71 1
2.86 224.49 1
2.87 227.76 1
2.88 226.42 1
2.89 226.8 1
2.9 226.73 1
2.91 224.49 1
2.92 220.64 1
2.93 217.5 1
2.94 214.52 1
2.95 214.44 1
2.96 210.84 1
2.97 214.41 1
2.98 213.14 1
2.99 216.67 1
3.0 220.94 1
3.01 225.12 1
3.02 226.84 1
3.03 230.41 1
3.04 231.77 1
3.05 231.07 1
3.06 229.81 1
3.07 226.77 1
3.08 225.8 1
3.09 224.49 1
3.1 223.25 1
3.11 222.86 1
3.12 223.29 1
3.13 224.16 1
3.14 224.64 1
3.15 223.92 1
3.16 218.46 1
3.17 110.67 1
3.18 74.94 1
3.19 74.94 1
3.2 74.08 1
3.21 74.71 1
3.22 74.94 1
3.23 73.93 1
3.24 74.81 1
3.25 75.06 1
3.26 74.39 1
3.27 75.19 1
3.28 74.23 1
3.29 74.23 1
3.3 74.81 1
3.31 73.93 1
3.32 74.94 1
3.33 75.01 1
3.34 74.31 1
3.35 74.6 1
3.36 74.81 1
3.37 73.93 1
3.38 75.85 1
3.39 74.66 1
3.4 74.45 1
3.41 75.32 1
3.42 74.06 1
3.43 74.3 1
3.44 74.94 1
3.45 74.24 1
3.46 74.55 1
3.47 74.78 1
3.48 74.29 1
3.49 74.54 1
3.5 74.56 1
3.51 0.0 1
3.52 240.33 1
3.53 229.09 1
3.54 224.57 1
3.55 223.96 1
3.56 224.05 1
3.57 222.99 1
3.58 221.94 1
3.59 222.96 1
3.6 224.55 1
3.61 226.58 1
3.62 226.8 1
3.63 227.97 1
3.64 227.99 1
3.65 227.59 1
3.66 223.63 1
3.67 217.15 1
3.68 210.5 1
3.69 202.95 1
3.7 200.74 1
3.71 203.7 1
3.72 211.52 1
3.73 217.92 1
3.74 221.46 1
3.75 220.57 1
3.76 220.83 1
3.77 212.05 1
3.78 211.03 1
3.79 204.55 1
3.8 216.77 1
3.81 220.52 1
3.82 228.52 1
3.83 227.9 1
3.84 222.17 1
3.85 212.94 1
3.86 211.49 1
3.87 206.68 1
3.88 210.36 1
3.89 218.6 1
3.9 230.36 1
3.91 251.02 1
3.92 278.26 1
3.93 295.02 1
3.94 311.51 1
3.95 319.14 1
3.96 323.64 1
3.97 320.33 1
3.98 305.25 1
3.99 287.94 1
4.0 267.43 1
4.01 252.05 1
4.02 239.0 1
4.03 234.59 1
4.04 232.82 1
4.05 243.62 1
4.06 255.68 1
4.07 276.47 1
4.08 290.83 1
4.09 304.76 1
4.1 309.72 1
4.11 304.57 1
4.12 291.92 1
4.13 271.38 1
4.14 247.88 1
4.15 232.73 1
4.16 225.45 1
4.17 220.73 1
4.18 217.77 1
4.19 217.35 1
4.2 219.13 1
4.21 221.33 1
4.22 224.32 1
4.23 225.4 1
4.24 224.64 1
4.25 222.4 1
4.26 218.37 1
4.27 202.8 1
4.28 217.79 1
4.29 205.61 1
4.3 217.12 1
4.31 218.86 1
4.32 224.42 1
4.33 264.04 1
4.34 299.52 1
4.35 301.05 1
4.36 303.18 1
4.37 307.64 1
4.38 307.23 1
4.39 303.13 1
4.4 299.04 1
4.41 295.08 1
4.42 295.06 1
4.43 295.09 1
4.44 293.18 1
4.45 297.07 1
4.46 297.09 1
4.47 299.07 1
4.48 295.08 1
4.49 293.09 1
4.5 291.11 1
4.51 282.34 1
4.52 276.43 1
4.53 276.36 1
4.54 274.68 1
4.55 279.97 1
4.56 290.18 1
4.57 297.07 1
4.58 310.78 1
4.59 318.38 1
4.6 319.8 1
4.61 318.37 1
4.62 307.21 1
4.63 296.99 1
4.64 280.44 1
4.65 265.61 1
4.66 250.4 1
4.67 245.66 1
4.68 244.87 1
4.69 248.27 1
4.7 254.27 1
4.71 263.33 1
4.72 278.19 1
4.73 289.07 1
4.74 295.06 1
4.75 295.05 1
4.76 295.03 1
4.77 291.09 1
4.78 278.36 1
4.79 270.38 1
4.8 254.25 1
4.81 252.18 1
4.82 252.32 1
4.83 254.27 1
4.84 261.74 1
4.85 278.21 1
4.86 291.26 1
4.87 311.78 1
4.88 339.8 1
4.89 332.49 1
4.9 351.98 1
4.91 333.18 1
4.92 315.63 1
4.93 301.11 1
4.94 293.1 1
4.95 291.46 1
4.96 289.67 1
4.97 290.93 1
4.98 289.87 1
4.99 298.15 1
5.0 303.13 1
5.01 308.26 1
5.02 313.94 1
5.03 311.22 1
5.04 308.45 1
5.05 305.85 1
5.06 301.02 1
5.07 296.98 1
