0.01 216.01 1
0.02 213.51 1
0.03 213.18 1
0.04 218.03 1
0.05 227.94 1
0.06 241.43 1
0.07 258.73 1
0.08 275.68 1
0.09 290.07 1
0.1 297.0 1
0.11 319.53 1
0.12 303.12 1
0.13 290.96 1
0.14 276.45 1
0.15 247.14 1
0.16 226.86 1
0.17 220.19 1
0.18 211.15 1
0.19 239.49 1
0.2 253.08 1
0.21 271.75 1
0.22 291.05 1
0.23 297.25 1
0.24 315.48 1
0.25 310.77 1
0.26 311.59 1
0.27 307.18 1
0.28 297.57 1
0.29 286.39 1
0.3 281.39 1
0.31 198.06 1
0.32 265.37 1
0.33 272.7 1
0.34 279.7 1
0.35 285.32 1
0.36 293.18 1
0.37 315.31 1
0.38 312.13 1
0.39 316.96 1
0.4 313.59 1
0.41 315.89 1
0.42 297.38 1
0.43 293.34 1
0.44 283.77 1
0.45 298.93 1
0.46 298.94 1
0.47 301.09 1
0.48 314.49 1
0.49 324.05 1
0.5 334.23 1
0.51 333.09 1
0.52 340.57 1
0.53 339.71 1
0.54 337.81 1
0.55 336.88 1
0.56 335.59 1
0.57 332.73 1
0.58 327.76 1
0.59 336.88 1
0.6 340.52 1
0.61 336.95 1
0.62 345.18 1
0.63 0.0 1
0.64 0.0 1
0.65 0.0 1
0.66 0.0 1
0.67 0.0 1
0.68 0.0 1
0.69 0.0 1
0.7 0.0 1
0.71 0.0 1
0.72 0.0 1
0.73 0.0 1
0.74 0.0 1
0.75 0.0 1
0.76 0.0 1
0.77 0.0 1
0.78 0.0 1
0.79 0.0 1
0.8 0.0 1
0.81 309.47 1
0.82 283.13 1
0.83 280.9 1
0.84 290.49 1
0.85 296.29 1
0.86 297.78 1
0.87 297.29 1
0.88 296.21 1
0.89 295.65 1
0.9 295.74 1
0.91 296.4 1
0.92 297.31 1
0.93 300.19 1
0.94 303.89 1
0.95 306.28 1
0.96 306.31 1
0.97 304.84 1
0.98 301.03 1
0.99 297.62 1
1.0 292.15 1
1.01 287.37 1
1.02 283.74 1
1.03 286.6 1
1.04 296.49 1
1.05 310.5 1
1.06 331.85 1
1.07 345.94 1
1.08 364.85 1
1.09 371.48 1
1.1 374.1 1
1.11 370.54 1
1.12 362.42 1
1.13 351.4 1
1.14 336.49 1
1.15 324.16 1
1.16 316.91 1
1.17 317.33 1
1.18 323.21 1
1.19 339.41 1
1.2 348.79 1
1.21 369.46 1
1.22 382.47 1
1.23 393.38 1
1.24 399.62 1
1.25 395.74 1
1.26 388.57 1
1.27 373.47 1
1.28 342.5 1
1.29 0.0 1
1.3 0.0 1
1.31 0.0 1
1.32 0.0 1
1.33 0.0 1
1.34 0.0 1
1.35 0.0 1
1.36 319.63 1
1.37 303.05 1
1.38 305.05 1
1.39 281.34 1
1.4 302.44 1
1.41 300.98 1
1.42 301.06 1
1.43 299.08 1
1.44 299.4 1
1.45 299.4 1
1.46 298.99 1
1.47 299.07 1
1.48 301.1 1
1.49 300.22 1
1.5 297.15 1
1.51 297.16 1
1.52 297.61 1
1.53 292.07 1
1.54 285.72 1
1.55 282.72 1
1.56 283.94 1
1.57 292.97 1
1.58 311.61 1
1.59 335.76 1
1.6 360.08 1
1.61 386.65 1
1.62 402.34 1
1.63 413.71 1
1.64 417.23 1
1.65 411.91 1
1.66 402.39 1
1.67 383.56 1
1.68 364.97 1
1.69 346.38 1
1.7 340.7 1
1.71 342.97 1
1.72 349.85 1
1.73 364.59 1
1.74 392.76 1
1.75 451.43 1
1.76 508.51 1
1.77 521.08 1
1.78 521.31 1
1.79 495.06 1
1.8 448.4 1
1.81 414.23 1
1.82 340.44 1
1.83 328.21 1
1.84 321.35 1
1.85 318.31 1
1.86 325.88 1
1.87 336.79 1
1.88 353.67 1
1.89 367.04 1
1.9 379.88 1
1.91 389.22 1
1.92 390.62 1
1.93 385.79 1
1.94 362.99 1
1.95 327.54 1
1.96 0.0 1
1.97 0.0 1
1.98 278.24 1
1.99 291.1 1
2.0 311.55 1
2.01 307.13 1
2.02 300.97 1
2.03 307.07 1
2.04 304.1 1
2.05 305.42 1
2.06 305.24 1
2.07 305.96 1
2.08 303.21 1
2.09 303.14 1
2.1 303.11 1
2.11 301.15 1
2.12 297.14 1
2.13 301.03 1
2.14 298.75 1
2.15 295.32 1
2.16 291.08 1
2.17 284.4 1
2.18 279.98 1
2.19 274.95 1
2.2 276.63 1
2.21 282.45 1
2.22 290.3 1
2.23 298.99 1
2.24 310.29 1
2.25 318.41 1
2.26 313.91 1
2.27 327.85 1
2.28 318.86 1
2.29 311.65 1
2.3 293.17 1
2.31 277.99 1
2.32 258.45 1
2.33 242.96 1
2.34 232.78 1
2.35 237.67 1
2.36 236.45 1
2.37 242.95 1
2.38 248.49 1
2.39 258.37 1
2.4 273.03 1
2.41 284.71 1
2.42 294.2 1
2.43 293.1 1
2.44 293.9 1
2.45 284.41 1
2.46 276.43 1
2.47 255.69 1
2.48 246.61 1
2.49 239.83 1
2.5 239.02 1
2.51 240.66 1
2.52 248.85 1
2.53 258.01 1
2.54 273.99 1
2.55 292.84 1
2.56 313.3 1
2.57 305.19 1
2.58 293.03 1
2.59 354.23 1
2.6 345.43 1
2.61 359.25 1
2.62 301.02 1
2.63 290.78 1
2.64 276.6 1
2.65 246.8 1
2.66 233.75 1
2.67 225.61 1
2.68 225.75 1
2.69 231.69 1
2.7 243.0 1
2.71 252.86 1
2.72 274.5 1
2.73 285.56 1
2.74 301.05 1
2.75 307.32 1
2.76 297.3 1
2.77 291.16 1
2.78 279.93 1
2.79 274.7 1
2.8 255.63 1
2.81 245.88 1
2.82 246.91 1
2.83 248.05 1
2.84 255.38 1
2.85 278.77 1
2.86 290.16 1
2.87 0.0 1
2.88 0.0 1
2.89 449.28 1
2.9 452.76 1
2.91 418.36 1
2.92 400.37 1
2.93 414.06 1
2.94 378.38 1
2.95 351.4 1
2.96 336.08 1
2.97 339.79 1
2.98 326.66 1
2.99 330.04 1
3.0 337.13 1
3.01 345.96 1
3.02 360.11 1
3.03 379.08 1
3.04 392.32 1
3.05 396.72 1
3.06 393.14 1
3.07 383.12 1
3.08 367.37 1
3.09 347.2 1
3.1 328.16 1
3.11 322.76 1
3.12 307.34 1
3.13 311.51 1
3.14 297.22 1
3.15 299.18 1
3.16 311.49 1
3.17 301.24 1
3.18 303.24 1
3.19 305.2 1
3.2 299.22 1
3.21 297.26 1
3.22 293.29 1
3.23 293.17 1
3.24 293.11 1
3.25 291.14 1
3.26 291.11 1
3.27 290.87 1
3.28 289.34 1
3.29 287.11 1
3.3 287.13 1
3.31 291.1 1
3.32 293.13 1
3.33 226.81 1
3.34 318.33 1
3.35 315.52 1
3.36 316.99 1
3.37 316.05 1
3.38 313.78 1
3.39 299.08 1
3.4 289.1 1
3.41 278.14 1
3.42 260.0 1
3.43 245.63 1
3.44 240.61 1
3.45 244.22 1
3.46 244.73 1
3.47 249.14 1
3.48 254.29 1
3.49 264.87 1
3.5 279.47 1
3.51 287.88 1
3.52 291.17 1
3.53 289.2 1
3.54 281.5 1
3.55 266.52 1
3.56 202.75 1
3.57 216.69 1
3.58 217.77 1
3.59 220.53 1
3.6 219.97 1
3.61 220.02 1
3.62 224.02 1
3.63 225.6 1
3.64 224.5 1
3.65 225.64 1
3.66 225.62 1
3.67 225.31 1
3.68 223.87 1
3.69 223.56 1
3.7 223.43 1
3.71 224.36 1
3.72 223.48 1
3.73 223.54 1
3.74 224.32 1
3.75 224.23 1
3.76 222.3 1
3.77 219.99 1
3.78 218.83 1
3.79 217.78 1
3.8 219.0 1
3.81 226.75 1
3.82 243.53 1
3.83 266.51 1
3.84 290.74 1
3.85 305.21 1
3.86 318.38 1
3.87 320.72 1
3.88 320.75 1
3.89 313.78 1
3.9 288.98 1
3.91 276.47 1
3.92 255.96 1
3.93 226.94 1
3.94 229.2 1
3.95 242.85 1
3.96 246.96 1
3.97 253.9 1
3.98 267.82 1
3.99 281.79 1
4.0 291.11 1
4.01 295.03 1
4.02 289.64 1
4.03 281.09 1
4.04 266.46 1
4.05 240.31 1
4.06 227.27 1
4.07 222.65 1
4.08 218.88 1
4.09 217.97 1
4.1 218.01 1
4.11 220.58 1
4.12 222.08 1
4.13 224.23 1
4.14 224.62 1
4.15 224.46 1
4.16 223.8 1
4.17 220.97 1
4.18 217.74 1
4.19 215.58 1
4.2 204.64 1
4.21 197.28 1
4.22 191.32 1
4.23 192.29 1
4.24 197.56 1
4.25 202.76 1
4.26 213.01 1
4.27 221.0 1
4.28 232.74 1
4.29 0.0 1
4.3 0.0 1
4.31 0.0 1
4.32 0.0 1
4.33 0.0 1
4.34 0.0 1
4.35 0.0 1
4.36 0.0 1
4.37 180.37 1
4.38 175.37 1
4.39 169.72 1
4.4 170.39 1
4.41 176.19 1
4.42 178.99 1
4.43 188.69 1
4.44 193.23 1
4.45 199.56 1
4.46 203.31 1
4.47 203.43 1
4.48 199.41 1
4.49 197.32 1
4.5 188.95 1
4.51 184.91 1
4.52 174.86 1
4.53 171.85 1
4.54 167.84 1
4.55 175.18 1
4.56 187.26 1
4.57 199.98 1
4.58 226.61 1
4.59 124.09 1
4.6 256.53 1
4.61 249.88 1
4.62 245.19 1
4.63 221.54 1
4.64 209.77 1
4.65 185.48 1
4.66 163.9 1
4.67 162.83 1
4.68 158.35 1
4.69 170.53 1
4.7 178.56 1
4.71 189.15 1
4.72 203.7 1
4.73 219.18 1
4.74 217.79 1
4.75 222.19 1
4.76 221.08 1
4.77 222.99 1
4.78 214.6 1
4.79 217.86 1
4.8 218.9 1
4.81 206.56 1
4.82 219.97 1
4.83 114.69 1
4.84 114.12 1
4.85 111.94 1
4.86 110.56 1
4.87 110.72 1
4.88 109.22 1
4.89 108.78 1
4.9 113.51 1
4.91 115.86 1
4.92 104.63 1
4.93 106.24 1
4.94 117.03 1
4.95 116.24 1
4.96 111.51 1
4.97 117.44 1
4.98 127.3 1
4.99 120.66 1
5.0 125.82 1
5.01 117.99 1
5.02 113.83 1
5.03 118.11 1
5.04 124.72 1
5.05 129.16 1
5.06 140.72 1
5.07 154.53 1
5.08 151.96 1
5.09 153.43 1
5.1 313.4 1
5.11 303.46 1
5.12 298.02 1
5.13 287.35 1
