0.01 305.24 1
0.02 323.01 1
0.03 313.94 1
0.04 309.75 1
0.05 303.93 1
0.06 295.29 1
0.07 292.41 1
0.08 287.27 1
0.09 283.47 1
0.1 278.07 1
0.11 272.08 1
0.12 268.31 1
0.13 267.76 1
0.14 259.66 1
0.15 256.52 1
0.16 252.14 1
0.17 249.97 1
0.18 251.15 1
0.19 253.53 1
0.2 257.93 1
0.21 262.34 1
0.22 268.11 1
0.23 278.81 1
0.24 284.48 1
0.25 291.09 1
0.26 299.05 1
0.27 301.03 1
0.28 299.06 1
0.29 299.74 1
0.3 297.26 1
0.31 294.5 1
0.32 291.43 1
0.33 288.91 1
0.34 287.67 1
0.35 288.48 1
0.36 289.32 1
0.37 290.7 1
0.38 291.15 1
0.39 292.9 1
0.4 293.37 1
0.41 291.35 1
0.42 289.1 1
0.43 286.5 1
0.44 283.12 1
0.45 279.21 1
0.46 277.22 1
0.47 277.21 1
0.48 278.86 1
0.49 283.42 1
0.5 287.82 1
0.51 294.29 1
0.52 295.14 1
0.53 306.95 1
0.54 315.84 1
0.55 303.36 1
0.56 304.88 1
0.57 301.4 1
0.58 295.14 1
0.59 291.23 1
0.6 287.61 1
0.61 284.01 1
0.62 283.08 1
0.63 284.42 1
0.64 287.26 1
0.65 291.27 1
0.66 295.11 1
0.67 302.77 1
0.68 306.47 1
0.69 306.55 1
0.7 303.91 1
0.71 301.1 1
0.72 295.21 1
0.73 292.6 1
0.74 288.68 1
0.75 283.54 1
0.76 281.41 1
0.77 282.2 1
0.78 286.06 1
0.79 293.06 1
0.8 302.16 1
0.81 309.15 1
0.82 310.43 1
0.83 308.6 1
0.84 300.31 1
0.85 286.56 1
0.86 278.23 1
0.87 271.95 1
0.88 250.97 1
0.89 124.44 1
0.9 94.33 1
0.91 74.51 1
0.92 74.31 1
0.93 74.56 1
0.94 74.43 1
0.95 74.92 1
0.96 74.43 1
0.97 74.19 1
0.98 74.52 1
0.99 74.44 1
1.0 74.54 1
1.01 74.5 1
1.02 74.92 1
1.03 74.5 1
1.04 74.43 1
1.05 74.52 1
1.06 74.32 1
1.07 74.52 1
1.08 74.55 1
1.09 74.43 1
1.1 74.53 1
1.11 74.54 1
1.12 74.53 1
1.13 74.56 1
1.14 74.54 1
1.15 74.53 1
1.16 149.12 1
1.17 150.21 1
1.18 149.02 1
1.19 150.2 1
1.2 149.72 1
1.21 149.06 1
1.22 150.21 1
1.23 149.72 1
1.24 148.95 1
1.25 150.22 1
1.26 149.0 1
1.27 149.03 1
1.28 149.72 1
1.29 149.23 1
1.3 149.1 1
1.31 149.23 1
1.32 149.14 1
1.33 149.04 1
1.34 149.72 1
1.35 149.17 1
1.36 148.74 1
1.37 149.09 1
1.38 149.05 1
1.39 150.2 1
1.4 149.2 1
1.41 149.07 1
1.42 149.72 1
1.43 74.5 1
1.44 74.53 1
1.45 74.53 1
1.46 74.53 1
1.47 74.53 1
1.48 74.51 1
1.49 74.55 1
1.5 74.53 1
1.51 74.53 1
1.52 73.96 1
1.53 74.53 1
1.54 74.55 1
1.55 74.49 1
1.56 74.55 1
1.57 74.55 1
1.58 74.52 1
1.59 74.53 1
1.6 74.43 1
1.61 74.5 1
1.62 74.51 1
1.63 74.54 1
1.64 74.55 1
1.65 74.51 1
1.66 74.57 1
1.67 74.51 1
1.68 73.81 1
1.69 70.39 1
1.7 137.48 1
1.71 136.18 1
1.72 277.46 1
1.73 289.95 1
1.74 293.03 1
1.75 304.82 1
1.76 307.3 1
1.77 307.28 1
1.78 308.85 1
1.79 306.47 1
1.8 306.98 1
1.81 305.36 1
1.82 303.01 1
1.83 301.03 1
1.84 302.5 1
1.85 300.68 1
1.86 299.51 1
1.87 298.38 1
1.88 299.56 1
1.89 297.48 1
1.9 294.98 1
1.91 292.86 1
1.92 292.46 1
1.93 291.8 1
1.94 291.33 1
1.95 291.5 1
1.96 293.03 1
1.97 295.74 1
1.98 298.14 1
1.99 298.22 1
2.0 297.0 1
2.01 299.78 1
2.02 299.11 1
2.03 296.98 1
2.04 295.02 1
2.05 296.96 1
2.06 296.72 1
2.07 296.09 1
2.08 294.64 1
2.09 292.2 1
2.1 291.68 1
2.11 292.52 1
2.12 294.15 1
2.13 294.71 1
2.14 295.13 1
2.15 295.51 1
2.16 297.29 1
2.17 298.06 1
2.18 298.14 1
2.19 299.23 1
2.2 298.04 1
2.21 294.87 1
2.22 290.45 1
2.23 285.21 1
2.24 275.18 1
2.25 255.15 1
2.26 242.99 1
2.27 240.38 1
2.28 238.27 1
2.29 238.86 1
2.3 243.67 1
2.31 245.76 1
2.32 252.49 1
2.33 257.92 1
2.34 264.88 1
2.35 279.7 1
2.36 286.42 1
2.37 291.11 1
2.38 300.25 1
2.39 301.01 1
2.4 301.05 1
2.41 301.07 1
2.42 302.3 1
2.43 299.55 1
2.44 291.15 1
2.45 294.44 1
2.46 291.97 1
2.47 289.19 1
2.48 285.84 1
2.49 281.17 1
2.5 278.32 1
2.51 271.11 1
2.52 263.95 1
2.53 255.59 1
2.54 250.25 1
2.55 246.99 1
2.56 246.8 1
2.57 251.92 1
2.58 263.22 1
2.59 279.49 1
2.6 298.99 1
2.61 333.3 1
2.62 337.45 1
2.63 371.49 1
2.64 365.15 1
2.65 359.02 1
2.66 347.65 1
2.67 333.91 1
2.68 309.52 1
2.69 309.67 1
2.7 297.01 1
2.71 299.01 1
2.72 300.99 1
2.73 303.28 1
2.74 304.86 1
2.75 297.03 1
2.76 305.92 1
2.77 305.21 1
2.78 301.06 1
2.79 301.93 1
2.8 301.14 1
2.81 295.88 1
2.82 289.79 1
2.83 285.84 1
2.84 281.35 1
2.85 281.14 1
2.86 286.44 1
2.87 291.44 1
2.88 294.99 1
2.89 297.0 1
2.9 305.92 1
2.91 305.92 1
2.92 301.08 1
2.93 299.02 1
2.94 298.5 1
2.95 294.99 1
2.96 292.11 1
2.97 291.2 1
2.98 289.39 1
2.99 283.39 1
3.0 281.22 1
3.01 280.0 1
3.02 273.39 1
3.03 269.7 1
3.04 257.15 1
3.05 249.96 1
3.06 245.85 1
3.07 241.71 1
3.08 241.55 1
3.09 242.17 1
3.1 242.29 1
3.11 253.76 1
3.12 257.15 1
3.13 271.38 1
3.14 288.95 1
3.15 296.97 1
3.16 312.92 1
3.17 324.13 1
3.18 322.0 1
3.19 316.12 1
3.2 301.03 1
3.21 127.06 1
3.22 115.98 1
3.23 114.39 1
3.24 98.72 1
3.25 76.23 1
3.26 74.68 1
3.27 74.55 1
3.28 74.45 1
3.29 75.03 1
3.3 74.47 1
3.31 74.44 1
3.32 74.56 1
3.33 74.16 1
3.34 74.32 1
3.35 0.0 1
3.36 0.0 1
3.37 259.72 1
3.38 273.72 1
3.39 275.93 1
3.4 278.53 1
3.41 276.14 1
3.42 271.16 1
3.43 258.39 1
3.44 245.53 1
3.45 234.86 1
3.46 220.36 1
3.47 217.17 1
3.48 217.77 1
3.49 219.72 1
3.5 221.9 1
3.51 224.21 1
3.52 227.48 1
3.53 229.42 1
3.54 226.75 1
3.55 225.58 1
3.56 221.52 1
3.57 215.44 1
3.58 211.49 1
3.59 205.91 1
3.6 205.25 1
3.61 203.74 1
3.62 206.58 1
3.63 211.17 1
3.64 215.33 1
3.65 218.21 1
3.66 220.62 1
3.67 221.7 1
3.68 222.3 1
3.69 223.24 1
3.7 222.45 1
3.71 221.75 1
3.72 222.0 1
3.73 215.64 1
3.74 217.11 1
3.75 218.87 1
3.76 218.85 1
3.77 215.68 1
3.78 172.6 1
3.79 202.29 1
3.8 203.75 1
3.81 196.09 1
3.82 175.21 1
3.83 216.41 1
3.84 223.67 1
3.85 227.15 1
3.86 228.95 1
3.87 228.28 1
3.88 224.07 1
3.89 224.83 1
3.9 223.89 1
3.91 223.44 1
3.92 222.91 1
3.93 221.25 1
3.94 221.89 1
3.95 221.04 1
3.96 221.64 1
3.97 222.97 1
3.98 223.72 1
3.99 222.7 1
4.0 221.67 1
4.01 221.5 1
4.02 220.96 1
4.03 221.38 1
4.04 222.12 1
4.05 223.32 1
4.06 223.87 1
4.07 224.39 1
4.08 224.34 1
4.09 224.55 1
4.1 224.47 1
4.11 220.98 1
4.12 218.85 1
4.13 220.85 1
4.14 216.72 1
4.15 206.17 1
4.16 183.34 1
4.17 178.93 1
4.18 169.3 1
4.19 166.72 1
4.2 169.82 1
4.21 175.05 1
4.22 187.28 1
4.23 201.85 1
4.24 206.81 1
4.25 220.97 1
4.26 232.73 1
4.27 241.77 1
4.28 247.75 1
4.29 248.65 1
4.3 245.86 1
4.31 242.97 1
4.32 232.1 1
4.33 220.61 1
4.34 213.48 1
4.35 204.2 1
4.36 197.27 1
4.37 188.86 1
4.38 184.0 1
4.39 181.33 1
4.4 177.46 1
4.41 176.75 1
4.42 179.63 1
4.43 182.32 1
4.44 184.14 1
4.45 194.87 1
4.46 202.91 1
4.47 209.52 1
4.48 214.95 1
4.49 220.32 1
4.5 223.54 1
4.51 226.31 1
4.52 225.31 1
4.53 223.3 1
4.54 222.32 1
4.55 221.58 1
4.56 221.25 1
4.57 222.16 1
4.58 223.43 1
4.59 224.84 1
4.6 225.61 1
4.61 225.65 1
4.62 225.61 1
4.63 218.86 1
4.64 221.34 1
4.65 219.21 1
4.66 227.9 1
4.67 226.74 1
4.68 225.58 1
4.69 214.6 1
4.7 215.65 1
4.71 211.68 1
4.72 200.02 1
4.73 184.48 1
4.74 184.18 1
4.75 196.57 1
4.76 188.25 1
4.77 184.13 1
4.78 196.94 1
4.79 208.51 1
4.8 219.72 1
4.81 222.17 1
4.82 225.95 1
4.83 222.17 1
4.84 224.25 1
4.85 224.71 1
4.86 224.69 1
4.87 222.41 1
4.88 223.55 1
4.89 224.0 1
4.9 224.0 1
4.91 222.53 1
4.92 222.07 1
4.93 222.18 1
4.94 222.29 1
4.95 218.91 1
4.96 221.19 1
4.97 222.12 1
4.98 218.89 1
4.99 222.68 1
5.0 224.21 1
5.01 224.02 1
5.02 219.96 1
5.03 222.96 1
5.04 224.27 1
5.05 224.2 1
5.06 221.07 1
5.07 222.63 1
5.08 223.58 1
5.09 224.36 1
5.1 223.3 1
5.11 224.99 1
5.12 225.62 1
5.13 226.14 1
5.14 225.58 1
5.15 226.61 1
5.16 225.58 1
5.17 226.51 1
5.18 226.31 1
5.19 225.7 1
5.2 224.01 1
5.21 223.34 1
5.22 223.74 1
5.23 223.91 1
5.24 222.87 1
5.25 222.21 1
5.26 222.53 1
5.27 221.15 1
5.28 218.87 1
5.29 221.12 1
5.3 221.22 1
5.31 218.87 1
5.32 220.49 1
5.33 221.28 1
5.34 220.91 1
5.35 221.56 1
5.36 222.68 1
5.37 223.04 1
5.38 223.56 1
5.39 224.12 1
5.4 223.39 1
5.41 223.31 1
5.42 223.11 1
5.43 223.71 1
5.44 223.19 1
5.45 222.19 1
5.46 221.12 1
5.47 221.1 1
5.48 220.38 1
5.49 219.96 1
5.5 220.39 1
5.51 220.77 1
5.52 220.9 1
5.53 221.85 1
5.54 221.57 1
5.55 221.76 1
5.56 221.44 1
5.57 221.98 1
5.58 222.46 1
5.59 223.46 1
5.6 222.93 1
5.61 222.78 1
5.62 222.44 1
5.63 222.95 1
5.64 222.79 1
5.65 222.54 1
5.66 222.99 1
5.67 223.15 1
5.68 223.73 1
5.69 224.38 1
5.7 224.83 1
5.71 225.5 1
5.72 225.3 1
5.73 224.57 1
5.74 223.92 1
5.75 223.49 1
5.76 223.12 1
5.77 223.15 1
5.78 223.24 1
5.79 223.43 1
5.8 223.03 1
5.81 222.59 1
5.82 222.22 1
5.83 221.56 1
5.84 221.29 1
5.85 221.24 1
5.86 221.08 1
5.87 220.85 1
5.88 221.04 1
5.89 221.42 1
5.9 222.04 1
5.91 222.25 1
5.92 222.49 1
5.93 222.62 1
5.94 222.19 1
5.95 222.81 1
5.96 222.92 1
5.97 223.26 1
5.98 224.21 1
5.99 224.64 1
6.0 225.63 1
6.01 226.09 1
6.02 225.32 1
6.03 222.93 1
6.04 218.34 1
6.05 211.0 1
6.06 211.51 1
6.07 214.6 1
6.08 74.06 1
6.09 74.49 1
6.1 74.53 1
6.11 74.56 1
6.12 74.56 1
6.13 74.51 1
6.14 74.57 1
6.15 74.54 1
6.16 74.54 1
6.17 74.54 1
6.18 74.52 1
6.19 74.54 1
6.2 74.54 1
6.21 74.54 1
6.22 74.57 1
6.23 74.51 1
6.24 74.55 1
6.25 74.55 1
6.26 74.44 1
6.27 74.56 1
6.28 74.49 1
6.29 74.53 1
6.3 74.56 1
6.31 74.43 1
6.32 74.52 1
6.33 74.52 1
6.34 74.53 1
6.35 74.51 1
6.36 74.51 1
6.37 74.53 1
6.38 74.5 1
6.39 74.46 1
6.4 74.5 1
6.41 74.48 1
6.42 74.54 1
6.43 74.49 1
6.44 74.5 1
6.45 74.45 1
6.46 74.53 1
6.47 74.51 1
6.48 74.43 1
6.49 74.43 1
6.5 74.51 1
6.51 74.51 1
6.52 74.5 1
6.53 74.48 1
6.54 74.47 1
6.55 74.52 1
6.56 74.54 1
6.57 74.49 1
6.58 74.56 1
6.59 74.51 1
6.6 74.51 1
6.61 74.55 1
6.62 74.52 1
6.63 74.55 1
6.64 74.31 1
6.65 74.5 1
6.66 74.54 1
6.67 74.48 1
6.68 77.17 1
6.69 219.71 1
6.7 219.63 1
6.71 219.7 1
6.72 221.05 1
6.73 225.58 1
6.74 221.91 1
6.75 223.86 1
6.76 224.1 1
6.77 222.76 1
6.78 221.66 1
6.79 222.78 1
6.8 223.01 1
6.81 223.84 1
6.82 224.24 1
6.83 226.0 1
6.84 227.02 1
6.85 225.88 1
6.86 224.62 1
6.87 225.11 1
6.88 224.87 1
6.89 223.69 1
6.9 223.36 1
6.91 222.89 1
6.92 222.83 1
6.93 222.2 1
6.94 221.97 1
6.95 222.47 1
6.96 222.37 1
6.97 221.07 1
6.98 221.19 1
6.99 220.81 1
7.0 220.9 1
7.01 220.82 1
7.02 221.74 1
7.03 221.54 1
7.04 222.04 1
7.05 223.04 1
7.06 223.45 1
7.07 224.03 1
7.08 225.08 1
7.09 224.86 1
7.1 225.41 1
7.11 225.07 1
7.12 224.51 1
7.13 221.26 1
7.14 215.65 1
7.15 210.65 1
7.16 207.15 1
7.17 206.58 1
7.18 212.26 1
7.19 219.99 1
7.2 226.43 1
7.21 232.18 1
7.22 235.78 1
7.23 232.75 1
7.24 225.59 1
7.25 219.56 1
7.26 204.66 1
7.27 183.39 1
7.28 0.0 1
7.29 0.0 1
7.3 0.0 1
7.31 0.0 1
7.32 0.0 1
7.33 0.0 1
7.34 189.67 1
7.35 200.86 1
7.36 211.87 1
7.37 216.68 1
7.38 218.79 1
7.39 221.2 1
7.4 221.13 1
7.41 218.36 1
7.42 220.78 1
7.43 219.02 1
7.44 220.53 1
7.45 221.62 1
7.46 223.64 1
7.47 224.67 1
7.48 225.11 1
7.49 224.96 1
7.5 224.19 1
7.51 223.94 1
7.52 223.27 1
7.53 222.17 1
7.54 221.07 1
7.55 219.78 1
7.56 219.09 1
7.57 219.45 1
7.58 224.28 1
7.59 233.5 1
7.6 246.56 1
7.61 260.2 1
7.62 280.25 1
7.63 293.03 1
7.64 303.45 1
7.65 310.13 1
7.66 309.28 1
7.67 301.24 1
7.68 299.09 1
7.69 295.05 1
7.7 291.11 1
7.71 286.48 1
7.72 282.76 1
7.73 278.57 1
7.74 276.38 1
7.75 271.27 1
7.76 260.33 1
7.77 257.31 1
7.78 255.48 1
7.79 251.86 1
7.8 248.15 1
7.81 246.6 1
7.82 245.39 1
7.83 245.65 1
7.84 244.4 1
7.85 244.31 1
7.86 244.42 1
7.87 245.68 1
7.88 248.51 1
7.89 250.24 1
7.9 252.63 1
7.91 254.7 1
7.92 255.7 1
7.93 257.21 1
7.94 260.28 1
7.95 270.79 1
7.96 278.22 1
7.97 280.75 1
7.98 283.88 1
7.99 283.42 1
8.0 281.24 1
8.01 280.19 1
8.02 278.44 1
8.03 278.16 1
8.04 274.66 1
8.05 266.4 1
8.06 255.76 1
8.07 253.37 1
8.08 250.11 1
8.09 246.49 1
8.1 245.59 1
8.11 119.74 1
8.12 117.64 1
8.13 116.8 1
8.14 226.86 1
8.15 225.66 1
8.16 225.55 1
8.17 224.23 1
8.18 224.48 1
8.19 224.74 1
8.2 224.38 1
8.21 224.66 1
8.22 225.32 1
8.23 226.75 1
8.24 223.34 1
8.25 224.46 1
8.26 226.11 1
8.27 223.81 1
8.28 221.68 1
8.29 220.3 1
8.3 220.1 1
8.31 223.29 1
8.32 226.43 1
8.33 232.72 1
8.34 247.13 1
8.35 269.72 1
8.36 280.77 1
8.37 300.31 1
8.38 296.35 1
8.39 297.01 1
8.4 297.05 1
8.41 297.02 1
8.42 295.03 1
8.43 293.09 1
8.44 295.01 1
8.45 296.97 1
8.46 296.98 1
8.47 295.04 1
8.48 295.07 1
8.49 297.04 1
8.5 299.04 1
8.51 299.06 1
8.52 299.06 1
8.53 299.04 1
8.54 299.05 1
8.55 301.06 1
8.56 301.87 1
8.57 302.41 1
8.58 299.09 1
8.59 299.05 1
8.6 299.04 1
8.61 297.15 1
8.62 301.05 1
8.63 301.06 1
8.64 299.16 1
8.65 301.09 1
8.66 299.11 1
8.67 299.02 1
8.68 297.08 1
8.69 295.14 1
8.7 293.15 1
8.71 291.73 1
8.72 288.02 1
8.73 284.53 1
8.74 283.83 1
8.75 283.46 1
8.76 286.07 1
8.77 290.74 1
8.78 293.05 1
8.79 295.11 1
8.8 302.25 1
8.81 302.49 1
8.82 297.09 1
8.83 299.04 1
8.84 295.09 1
8.85 297.0 1
8.86 293.13 1
8.87 293.18 1
8.88 295.11 1
8.89 295.1 1
8.9 297.07 1
8.91 297.08 1
8.92 297.08 1
8.93 297.05 1
8.94 295.09 1
8.95 293.06 1
8.96 286.47 1
8.97 278.1 1
8.98 262.98 1
8.99 248.65 1
9.0 246.97 1
9.01 245.68 1
9.02 247.27 1
9.03 250.07 1
9.04 256.65 1
9.05 260.25 1
9.06 268.89 1
9.07 278.97 1
9.08 285.55 1
9.09 292.77 1
9.1 295.05 1
9.11 301.2 1
9.12 301.62 1
9.13 297.03 1
9.14 295.04 1
9.15 293.11 1
9.16 292.79 1
9.17 292.39 1
9.18 291.09 1
9.19 288.36 1
9.2 284.02 1
9.21 279.89 1
9.22 274.67 1
9.23 272.89 1
9.24 263.66 1
9.25 257.23 1
9.26 254.38 1
9.27 249.87 1
9.28 247.2 1
9.29 247.03 1
9.3 248.05 1
9.31 252.0 1
9.32 264.35 1
9.33 281.25 1
9.34 293.18 1
9.35 332.51 1
9.36 439.22 1
9.37 426.45 1
9.38 422.18 1
9.39 406.51 1
9.4 366.04 1
9.41 311.6 1
9.42 263.3 1
9.43 233.72 1
9.44 275.84 1
9.45 278.89 1
9.46 286.5 1
9.47 291.1 1
9.48 294.92 1
9.49 296.95 1
9.5 298.31 1
9.51 299.93 1
9.52 302.66 1
9.53 304.95 1
9.54 300.89 1
9.55 298.48 1
9.56 296.54 1
9.57 293.81 1
9.58 292.05 1
9.59 291.0 1
9.6 290.06 1
9.61 288.08 1
9.62 285.04 1
9.63 283.36 1
9.64 283.34 1
9.65 283.75 1
9.66 286.1 1
9.67 287.85 1
9.68 291.35 1
9.69 293.05 1
9.7 296.15 1
9.71 296.97 1
9.72 297.28 1
9.73 296.45 1
9.74 296.28 1
9.75 295.82 1
9.76 295.01 1
9.77 296.66 1
9.78 297.52 1
9.79 297.88 1
9.8 299.1 1
9.81 300.91 1
