0.01 289.52 1
0.02 291.45 1
0.03 313.51 1
0.04 313.22 1
0.05 302.9 1
0.06 299.04 1
0.07 295.13 1
0.08 295.32 1
0.09 291.26 1
0.1 287.47 1
0.11 313.24 1
0.12 147.25 1
0.13 139.25 1
0.14 141.58 1
0.15 127.46 1
0.16 135.23 1
0.17 123.34 1
0.18 126.6 1
0.19 130.7 1
0.2 125.37 1
0.21 125.79 1
0.22 121.6 1
0.23 91.62 1
0.24 85.48 1
0.25 86.89 1
0.26 88.04 1
0.27 87.41 1
0.28 71.83 1
0.29 74.31 1
0.3 73.79 1
0.31 74.49 1
0.32 75.47 1
0.33 74.68 1
0.34 75.45 1
0.35 75.32 1
0.36 74.69 1
0.37 74.76 1
0.38 74.42 1
0.39 74.14 1
0.4 74.07 1
0.41 74.04 1
0.42 73.93 1
0.43 73.92 1
0.44 73.8 1
0.45 73.66 1
0.46 73.42 1
0.47 74.18 1
0.48 73.63 1
0.49 73.26 1
0.5 71.4 1
0.51 74.09 1
0.52 72.58 1
0.53 72.14 1
0.54 72.25 1
0.55 69.71 1
0.56 73.26 1
0.57 72.26 1
0.58 73.22 1
0.59 74.14 1
0.6 74.86 1
0.61 74.81 1
0.62 75.99 1
0.63 74.53 1
0.64 74.82 1
0.65 75.58 1
0.66 75.45 1
0.67 74.81 1
0.68 74.78 1
0.69 74.41 1
0.7 73.93 1
0.71 73.8 1
0.72 146.25 1
0.73 145.13 1
0.74 144.24 1
0.75 136.61 1
0.76 149.48 1
0.77 141.53 1
0.78 141.13 1
0.79 141.58 1
0.8 142.69 1
0.81 143.21 1
0.82 72.85 1
0.83 73.8 1
0.84 74.51 1
0.85 74.81 1
0.86 76.24 1
0.87 74.48 1
0.88 74.77 1
0.89 75.45 1
0.9 74.81 1
0.91 74.34 1
0.92 73.68 1
0.93 72.35 1
0.94 71.98 1
0.95 76.63 1
0.96 73.06 1
0.97 71.48 1
0.98 72.83 1
0.99 73.93 1
1.0 74.52 1
1.01 75.33 1
1.02 76.5 1
1.03 75.45 1
1.04 75.58 1
1.05 76.37 1
1.06 74.94 1
1.07 74.45 1
1.08 73.95 1
1.09 72.59 1
1.1 72.34 1
1.11 75.71 1
1.12 73.55 1
1.13 73.56 1
1.14 74.5 1
1.15 75.06 1
1.16 74.71 1
1.17 74.55 1
1.18 73.48 1
1.19 65.03 1
1.2 64.63 1
1.21 74.18 1
1.22 74.68 1
1.23 74.64 1
1.24 74.49 1
1.25 74.55 1
1.26 74.4 1
1.27 74.6 1
1.28 74.51 1
1.29 74.58 1
1.3 74.7 1
1.31 74.45 1
1.32 74.5 1
1.33 74.38 1
1.34 74.39 1
1.35 74.67 1
1.36 74.48 1
1.37 74.16 1
1.38 74.68 1
1.39 74.36 1
1.4 74.46 1
1.41 74.94 1
1.42 74.22 1
1.43 74.68 1
1.44 74.63 1
1.45 73.93 1
1.46 74.68 1
1.47 74.31 1
1.48 74.18 1
1.49 74.81 1
1.5 73.96 1
1.51 74.68 1
1.52 74.69 1
1.53 74.05 1
1.54 74.81 1
1.55 74.68 1
1.56 73.93 1
1.57 74.81 1
1.58 74.19 1
1.59 74.42 1
1.6 74.94 1
1.61 74.03 1
1.62 74.61 1
1.63 74.68 1
1.64 74.0 1
1.65 74.65 1
1.66 74.75 1
1.67 74.33 1
1.68 74.86 1
1.69 74.83 1
1.7 74.11 1
1.71 74.26 1
1.72 75.52 1
1.73 76.5 1
1.74 76.14 1
1.75 75.71 1
1.76 76.37 1
1.77 76.23 1
1.78 76.19 1
1.79 76.23 1
1.8 74.72 1
1.81 75.45 1
1.82 75.32 1
1.83 75.19 1
1.84 74.97 1
1.85 74.81 1
1.86 75.01 1
1.87 75.07 1
1.88 74.94 1
1.89 74.94 1
1.9 75.38 1
1.91 75.2 1
1.92 75.07 1
1.93 75.45 1
1.94 75.2 1
1.95 75.32 1
1.96 75.2 1
1.97 75.2 1
1.98 75.16 1
1.99 74.94 1
2.0 74.68 1
2.01 74.53 1
2.02 74.49 1
2.03 74.32 1
2.04 74.33 1
2.05 74.47 1
2.06 74.6 1
2.07 74.82 1
2.08 74.88 1
2.09 74.94 1
2.1 75.52 1
2.11 75.34 1
2.12 74.92 1
2.13 76.11 1
2.14 76.24 1
2.15 74.69 1
2.16 75.2 1
2.17 73.68 1
2.18 71.45 1
2.19 66.37 1
2.2 62.86 1
2.21 61.47 1
2.22 61.2 1
2.23 61.57 1
2.24 64.24 1
2.25 61.86 1
2.26 61.12 1
2.27 63.1 1
2.28 63.67 1
2.29 65.22 1
2.3 89.36 1
2.31 91.09 1
2.32 73.01 1
2.33 73.52 1
2.34 74.14 1
2.35 74.57 1
2.36 74.64 1
2.37 74.64 1
2.38 74.57 1
2.39 74.48 1
2.4 74.64 1
2.41 74.71 1
2.42 74.53 1
2.43 74.66 1
2.44 74.36 1
2.45 73.73 1
2.46 73.31 1
2.47 143.42 1
2.48 141.35 1
2.49 133.91 1
2.5 127.27 1
2.51 125.22 1
2.52 123.0 1
2.53 120.75 1
2.54 120.83 1
2.55 125.47 1
2.56 126.92 1
2.57 274.61 1
2.58 296.93 1
2.59 323.04 1
2.6 330.87 1
2.61 348.65 1
2.62 368.33 1
2.63 369.28 1
2.64 365.05 1
2.65 351.66 1
2.66 329.31 1
2.67 312.74 1
2.68 304.46 1
2.69 299.96 1
2.7 307.27 1
2.71 300.41 1
2.72 302.28 1
2.73 309.4 1
2.74 306.51 1
2.75 147.23 1
2.76 152.69 1
2.77 152.84 1
2.78 147.26 1
2.79 144.31 1
2.8 135.56 1
2.81 139.33 1
2.82 138.88 1
2.83 139.77 1
2.84 141.57 1
2.85 148.81 1
2.86 150.87 1
2.87 150.07 1
2.88 161.23 1
2.89 149.07 1
2.9 74.3 1
2.91 74.51 1
2.92 74.63 1
2.93 74.6 1
2.94 74.59 1
2.95 74.47 1
2.96 74.54 1
2.97 74.55 1
2.98 74.73 1
2.99 0.0 1
3.0 294.97 1
3.01 298.03 1
3.02 298.84 1
3.03 297.74 1
3.04 299.29 1
3.05 299.12 1
3.06 299.94 1
3.07 298.98 1
3.08 295.79 1
3.09 293.99 1
3.1 293.97 1
3.11 291.77 1
3.12 289.71 1
3.13 288.64 1
3.14 284.73 1
3.15 281.48 1
3.16 276.11 1
3.17 263.49 1
3.18 252.85 1
3.19 244.46 1
3.2 237.9 1
3.21 235.91 1
3.22 232.89 1
3.23 240.25 1
3.24 243.03 1
3.25 248.82 1
3.26 254.21 1
3.27 261.86 1
3.28 277.08 1
3.29 283.55 1
3.3 288.46 1
3.31 288.35 1
3.32 284.16 1
3.33 277.03 1
3.34 271.2 1
3.35 253.15 1
3.36 238.95 1
3.37 226.09 1
3.38 223.18 1
3.39 222.16 1
3.4 222.41 1
3.41 223.57 1
3.42 224.93 1
3.43 225.54 1
3.44 226.76 1
3.45 226.75 1
3.46 225.61 1
3.47 224.28 1
3.48 222.17 1
3.49 219.67 1
3.5 218.75 1
3.51 217.1 1
3.52 218.8 1
3.53 218.9 1
3.54 219.3 1
3.55 219.77 1
3.56 220.13 1
3.57 220.79 1
3.58 220.61 1
3.59 220.78 1
3.6 219.7 1
3.61 218.98 1
3.62 218.27 1
3.63 218.64 1
3.64 218.93 1
3.65 219.13 1
3.66 220.12 1
3.67 220.23 1
3.68 220.56 1
3.69 220.47 1
3.7 221.05 1
3.71 221.38 1
3.72 221.93 1
3.73 222.3 1
3.74 221.5 1
3.75 219.58 1
3.76 217.84 1
3.77 218.83 1
3.78 223.44 1
3.79 226.71 1
3.8 0.0 1
3.81 0.0 1
3.82 0.0 1
3.83 0.0 1
3.84 0.0 1
3.85 0.0 1
3.86 0.0 1
3.87 0.0 1
3.88 223.3 1
3.89 224.49 1
3.9 224.41 1
3.91 226.97 1
3.92 224.45 1
3.93 227.81 1
3.94 227.84 1
3.95 260.69 1
3.96 279.5 1
3.97 281.76 1
3.98 269.67 1
3.99 255.72 1
4.0 234.02 1
4.01 208.72 1
4.02 201.86 1
4.03 202.38 1
4.04 206.62 1
4.05 215.88 1
4.06 221.25 1
4.07 226.08 1
4.08 227.29 1
4.09 224.49 1
4.1 221.22 1
4.11 215.58 1
4.12 201.92 1
4.13 199.41 1
4.14 198.19 1
4.15 199.96 1
4.16 201.91 1
4.17 210.45 1
4.18 217.26 1
4.19 221.77 1
4.2 225.24 1
4.21 226.32 1
4.22 226.12 1
4.23 223.58 1
4.24 219.89 1
4.25 217.96 1
4.26 218.75 1
4.27 220.63 1
4.28 224.46 1
4.29 227.95 1
4.3 228.03 1
4.31 225.65 1
4.32 222.25 1
4.33 212.52 1
4.34 196.34 1
4.35 184.92 1
4.36 163.87 1
4.37 162.46 1
4.38 167.51 1
4.39 172.62 1
4.4 184.36 1
4.41 203.7 1
4.42 224.37 1
4.43 228.02 1
4.44 235.32 1
4.45 242.93 1
4.46 245.45 1
4.47 237.72 1
4.48 227.05 1
4.49 218.38 1
4.5 205.65 1
4.51 186.75 1
4.52 181.54 1
4.53 178.14 1
4.54 175.92 1
4.55 180.36 1
4.56 182.29 1
4.57 187.27 1
4.58 193.86 1
4.59 200.54 1
4.6 210.95 1
4.61 216.91 1
4.62 214.81 1
4.63 224.03 1
4.64 223.67 1
4.65 221.78 1
4.66 221.47 1
4.67 221.01 1
4.68 219.1 1
4.69 220.49 1
4.7 220.39 1
4.71 220.33 1
4.72 222.5 1
4.73 223.5 1
4.74 225.39 1
4.75 226.27 1
4.76 226.86 1
4.77 74.05 1
4.78 74.82 1
4.79 74.67 1
4.8 74.82 1
4.81 74.53 1
4.82 74.77 1
4.83 74.82 1
4.84 74.39 1
4.85 74.67 1
4.86 73.68 1
4.87 73.56 1
4.88 65.4 1
4.89 64.86 1
4.9 68.32 1
4.91 67.03 1
4.92 65.67 1
4.93 73.93 1
4.94 74.62 1
4.95 74.48 1
4.96 74.53 1
4.97 74.84 1
4.98 75.06 1
4.99 75.11 1
5.0 74.87 1
5.01 74.73 1
5.02 74.85 1
5.03 74.89 1
5.04 74.74 1
5.05 74.7 1
5.06 74.67 1
5.07 74.95 1
5.08 75.06 1
5.09 75.06 1
5.1 75.06 1
5.11 74.82 1
5.12 74.52 1
5.13 74.18 1
5.14 74.43 1
5.15 74.43 1
5.16 74.39 1
5.17 74.06 1
5.18 74.31 1
5.19 74.43 1
5.2 73.93 1
5.21 74.04 1
5.22 74.45 1
5.23 74.81 1
5.24 74.87 1
5.25 74.82 1
5.26 74.67 1
5.27 74.6 1
5.28 74.57 1
5.29 74.49 1
5.3 74.36 1
5.31 74.3 1
5.32 74.22 1
5.33 74.17 1
5.34 74.21 1
5.35 74.37 1
5.36 74.37 1
5.37 74.44 1
5.38 74.46 1
5.39 74.39 1
5.4 74.42 1
5.41 74.43 1
5.42 74.38 1
5.43 74.44 1
5.44 74.49 1
5.45 74.48 1
5.46 74.4 1
5.47 74.37 1
5.48 74.45 1
5.49 74.63 1
5.5 74.63 1
5.51 74.39 1
5.52 74.21 1
5.53 74.06 1
5.54 74.03 1
5.55 74.2 1
5.56 74.42 1
5.57 74.56 1
5.58 74.44 1
5.59 74.1 1
5.6 73.93 1
5.61 74.04 1
5.62 73.93 1
5.63 73.92 1
5.64 73.92 1
5.65 73.8 1
5.66 74.0 1
5.67 74.21 1
5.68 74.33 1
5.69 74.22 1
5.7 74.17 1
5.71 74.18 1
5.72 74.22 1
5.73 74.37 1
5.74 74.52 1
5.75 74.57 1
5.76 74.7 1
5.77 75.09 1
5.78 74.83 1
5.79 74.82 1
5.8 74.82 1
5.81 74.92 1
5.82 74.56 1
5.83 74.56 1
5.84 74.44 1
5.85 74.27 1
5.86 74.2 1
5.87 74.04 1
5.88 73.92 1
5.89 73.87 1
5.9 73.94 1
5.91 73.92 1
5.92 74.16 1
5.93 74.56 1
5.94 74.76 1
5.95 74.79 1
5.96 74.75 1
5.97 74.53 1
5.98 74.39 1
5.99 76.37 1
6.0 74.4 1
6.01 74.01 1
6.02 74.02 1
6.03 75.96 1
6.04 71.65 1
6.05 74.19 1
6.06 74.2 1
6.07 74.6 1
6.08 74.48 1
6.09 74.43 1
6.1 74.17 1
6.11 74.44 1
6.12 74.41 1
6.13 74.56 1
6.14 74.68 1
6.15 74.48 1
6.16 74.56 1
6.17 74.26 1
6.18 74.06 1
6.19 74.69 1
6.2 74.45 1
6.21 74.48 1
6.22 75.19 1
6.23 74.06 1
6.24 74.53 1
6.25 74.69 1
6.26 73.68 1
6.27 75.28 1
6.28 74.46 1
6.29 74.37 1
6.3 74.94 1
6.31 74.43 1
6.32 74.66 1
6.33 74.76 1
6.34 73.93 1
6.35 74.51 1
6.36 74.32 1
6.37 74.61 1
6.38 74.55 1
6.39 74.56 1
6.4 74.68 1
6.41 74.39 1
6.42 74.37 1
6.43 74.59 1
6.44 74.3 1
6.45 74.56 1
6.46 74.43 1
6.47 74.43 1
6.48 74.81 1
6.49 74.32 1
6.5 74.15 1
6.51 74.49 1
6.52 74.26 1
6.53 74.68 1
6.54 74.68 1
6.55 74.56 1
6.56 74.65 1
6.57 74.4 1
6.58 74.36 1
6.59 74.41 1
6.6 74.17 1
6.61 74.73 1
6.62 74.56 1
6.63 74.51 1
6.64 74.87 1
6.65 74.08 1
6.66 74.66 1
6.67 74.55 1
6.68 74.25 1
6.69 74.7 1
6.7 74.19 1
6.71 74.56 1
6.72 74.81 1
6.73 73.97 1
6.74 74.76 1
6.75 74.56 1
6.76 73.97 1
6.77 74.48 1
6.78 74.19 1
6.79 74.66 1
6.8 74.61 1
6.81 74.33 1
6.82 74.87 1
6.83 74.52 1
6.84 74.56 1
6.85 74.66 1
6.86 74.05 1
6.87 75.06 1
6.88 74.68 1
6.89 74.5 1
6.9 75.06 1
6.91 74.44 1
6.92 74.79 1
6.93 74.55 1
6.94 74.76 1
6.95 75.32 1
6.96 75.08 1
6.97 75.32 1
6.98 74.39 1
6.99 76.27 1
7.0 154.02 1
7.01 157.75 1
7.02 166.35 1
7.03 162.83 1
7.04 164.86 1
7.05 165.26 1
7.06 165.86 1
7.07 168.11 1
7.08 169.95 1
7.09 172.45 1
7.1 174.47 1
7.11 178.89 1
7.12 182.07 1
7.13 185.71 1
7.14 187.29 1
7.15 190.61 1
7.16 195.75 1
7.17 199.62 1
7.18 202.76 1
7.19 204.65 1
7.2 204.73 1
7.21 210.88 1
7.22 214.12 1
7.23 215.78 1
7.24 218.82 1
7.25 219.31 1
7.26 220.43 1
7.27 219.84 1
7.28 219.06 1
7.29 218.01 1
7.3 218.25 1
7.31 218.0 1
7.32 219.68 1
7.33 221.1 1
7.34 221.97 1
7.35 222.71 1
7.36 223.71 1
7.37 223.69 1
7.38 224.34 1
7.39 224.68 1
7.4 224.29 1
7.41 222.48 1
7.42 214.65 1
7.43 211.06 1
7.44 204.65 1
7.45 208.45 1
7.46 213.3 1
7.47 222.23 1
7.48 231.11 1
7.49 238.09 1
7.5 244.26 1
7.51 239.17 1
7.52 225.59 1
7.53 220.27 1
7.54 218.87 1
7.55 198.23 1
7.56 169.95 1
7.57 178.91 1
7.58 186.46 1
7.59 181.86 1
7.6 187.82 1
7.61 192.15 1
7.62 204.33 1
7.63 213.12 1
7.64 217.72 1
7.65 216.48 1
7.66 218.76 1
7.67 217.34 1
7.68 218.05 1
7.69 218.0 1
7.7 218.8 1
7.71 217.29 1
7.72 217.3 1
7.73 218.32 1
7.74 219.2 1
7.75 220.21 1
7.76 221.48 1
7.77 222.08 1
7.78 222.19 1
7.79 222.01 1
7.8 222.14 1
7.81 220.9 1
7.82 220.66 1
7.83 219.69 1
7.84 217.65 1
7.85 217.72 1
7.86 216.68 1
7.87 219.9 1
7.88 226.75 1
7.89 237.72 1
7.9 247.54 1
7.91 258.69 1
7.92 280.2 1
7.93 289.67 1
7.94 300.22 1
7.95 305.23 1
7.96 308.06 1
7.97 304.87 1
7.98 301.45 1
7.99 296.87 1
8.0 291.13 1
8.01 286.95 1
8.02 282.15 1
8.03 278.22 1
8.04 274.69 1
8.05 271.3 1
8.06 261.78 1
8.07 257.26 1
8.08 255.72 1
8.09 255.31 1
8.1 253.11 1
8.11 251.59 1
8.12 248.25 1
8.13 245.45 1
8.14 243.04 1
8.15 242.94 1
8.16 241.1 1
8.17 242.93 1
8.18 241.64 1
8.19 244.32 1
8.2 247.22 1
8.21 251.57 1
8.22 254.2 1
8.23 257.24 1
8.24 266.54 1
8.25 273.05 1
8.26 278.2 1
8.27 276.48 1
8.28 276.44 1
8.29 269.71 1
8.3 261.77 1
8.31 255.74 1
8.32 249.99 1
8.33 245.23 1
8.34 236.91 1
8.35 231.89 1
8.36 226.82 1
8.37 223.34 1
8.38 222.24 1
8.39 221.38 1
8.4 221.29 1
8.41 221.17 1
8.42 220.45 1
8.43 217.77 1
8.44 220.91 1
8.45 225.34 1
8.46 111.09 1
8.47 110.65 1
8.48 110.44 1
8.49 74.15 1
8.5 74.4 1
8.51 74.5 1
8.52 74.06 1
8.53 74.46 1
8.54 74.65 1
8.55 74.17 1
8.56 74.56 1
8.57 74.47 1
8.58 74.68 1
8.59 74.66 1
8.6 74.44 1
8.61 74.48 1
8.62 74.56 1
8.63 74.56 1
8.64 74.45 1
8.65 74.52 1
8.66 74.58 1
8.67 74.44 1
8.68 0.0 1
8.69 0.0 1
8.7 281.5 1
8.71 282.52 1
8.72 282.96 1
8.73 313.8 1
8.74 295.51 1
8.75 296.74 1
8.76 295.03 1
8.77 295.04 1
8.78 293.13 1
8.79 293.11 1
8.8 293.09 1
8.81 293.08 1
8.82 291.2 1
8.83 295.03 1
8.84 295.05 1
8.85 293.1 1
8.86 293.1 1
8.87 293.11 1
8.88 293.13 1
8.89 293.13 1
8.9 293.14 1
8.91 293.16 1
8.92 293.21 1
8.93 295.17 1
8.94 299.03 1
8.95 299.07 1
8.96 299.1 1
8.97 297.15 1
8.98 297.15 1
8.99 295.25 1
9.0 295.26 1
9.01 297.13 1
9.02 295.14 1
9.03 291.33 1
9.04 290.86 1
9.05 287.72 1
9.06 283.32 1
9.07 281.96 1
9.08 282.42 1
9.09 285.97 1
9.1 290.23 1
9.11 293.16 1
9.12 297.1 1
9.13 301.09 1
9.14 301.23 1
9.15 301.19 1
9.16 305.08 1
9.17 301.11 1
9.18 301.04 1
9.19 299.97 1
9.2 297.02 1
9.21 295.12 1
9.22 295.2 1
9.23 297.13 1
9.24 297.21 1
9.25 299.17 1
9.26 301.13 1
9.27 303.12 1
9.28 302.37 1
9.29 300.8 1
9.3 297.1 1
9.31 293.25 1
9.32 291.22 1
9.33 286.21 1
9.34 280.68 1
9.35 279.16 1
9.36 280.04 1
9.37 283.49 1
9.38 287.76 1
9.39 290.26 1
9.4 291.24 1
9.41 295.09 1
9.42 295.18 1
9.43 297.08 1
9.44 295.16 1
9.45 295.07 1
9.46 293.18 1
9.47 294.87 1
9.48 293.11 1
9.49 293.09 1
9.5 293.11 1
9.51 293.1 1
9.52 291.25 1
9.53 291.19 1
9.54 290.45 1
9.55 286.33 1
9.56 278.17 1
9.57 267.94 1
9.58 250.37 1
9.59 245.21 1
9.6 244.44 1
9.61 240.2 1
9.62 240.29 1
9.63 244.31 1
9.64 254.2 1
9.65 258.71 1
9.66 271.35 1
9.67 278.85 1
9.68 285.57 1
9.69 291.28 1
9.7 293.12 1
9.71 297.08 1
9.72 299.04 1
9.73 297.04 1
9.74 293.1 1
9.75 291.11 1
9.76 288.16 1
9.77 282.4 1
9.78 278.17 1
9.79 270.67 1
9.8 268.02 1
9.81 255.86 1
9.82 255.1 1
9.83 253.83 1
9.84 253.6 1
9.85 253.35 1
9.86 254.24 1
9.87 255.78 1
9.88 264.91 1
9.89 276.48 1
9.9 291.09 1
9.91 305.25 1
9.92 322.6 1
9.93 337.5 1
9.94 318.41 1
9.95 447.7 1
9.96 436.43 1
9.97 426.1 1
9.98 422.06 1
9.99 384.83 1
10.0 345.18 1
10.01 294.51 1
10.02 281.76 1
10.03 282.42 1
10.04 287.67 1
10.05 295.0 1
10.06 296.45 1
10.07 298.18 1
10.08 298.93 1
10.09 301.09 1
10.1 300.7 1
10.11 297.87 1
10.12 295.06 1
10.13 291.58 1
10.14 288.42 1
10.15 287.97 1
10.16 286.81 1
10.17 287.98 1
10.18 294.18 1
10.19 300.69 1
10.2 306.27 1
10.21 305.19 1
10.22 301.03 1
10.23 295.03 1
10.24 300.87 1
10.25 301.38 1
10.26 303.1 1
10.27 301.83 1
10.28 297.21 1
10.29 303.15 1
10.3 301.04 1
