0.01 293.04 1
0.02 294.93 1
0.03 298.06 1
0.04 295.01 1
0.05 296.22 1
0.06 294.99 1
0.07 294.02 1
0.08 293.04 1
0.09 293.04 1
0.1 292.98 1
0.11 291.13 1
0.12 291.12 1
0.13 290.91 1
0.14 291.1 1
0.15 291.14 1
0.16 291.14 1
0.17 292.92 1
0.18 293.06 1
0.19 295.02 1
0.2 295.06 1
0.21 295.07 1
0.22 295.03 1
0.23 295.03 1
0.24 295.06 1
0.25 295.07 1
0.26 296.85 1
0.27 296.97 1
0.28 295.09 1
0.29 295.14 1
0.3 298.99 1
0.31 297.1 1
0.32 297.07 1
0.33 297.04 1
0.34 297.03 1
0.35 297.04 1
0.36 297.06 1
0.37 299.0 1
0.38 298.85 1
0.39 297.05 1
0.4 297.0 1
0.41 296.99 1
0.42 296.97 1
0.43 295.14 1
0.44 297.07 1
0.45 297.06 1
0.46 295.15 1
0.47 295.14 1
0.48 297.02 1
0.49 295.06 1
0.5 293.11 1
0.51 293.1 1
0.52 293.08 1
0.53 295.1 1
0.54 311.42 1
0.55 328.47 1
0.56 340.66 1
0.57 360.97 1
0.58 378.51 1
0.59 384.11 1
0.6 386.76 1
0.61 385.12 1
0.62 376.93 1
0.63 363.08 1
0.64 356.75 1
0.65 346.06 1
0.66 340.65 1
0.67 336.44 1
0.68 333.33 1
0.69 333.3 1
0.7 335.39 1
0.71 340.54 1
0.72 345.98 1
0.73 351.48 1
0.74 375.17 1
0.75 381.76 1
0.76 389.66 1
0.77 395.2 1
0.78 394.87 1
0.79 393.78 1
0.8 391.58 1
0.81 386.27 1
0.82 385.13 1
0.83 381.82 1
0.84 378.53 1
0.85 373.9 1
0.86 375.41 1
0.87 375.25 1
0.88 373.34 1
0.89 375.27 1
0.9 374.18 1
0.91 375.27 1
0.92 375.26 1
0.93 373.62 1
0.94 374.37 1
0.95 378.44 1
0.96 378.93 1
0.97 380.51 1
0.98 385.1 1
0.99 388.53 1
1.0 393.2 1
1.01 396.52 1
1.02 399.03 1
1.03 398.63 1
1.04 394.78 1
1.05 390.93 1
1.06 384.87 1
1.07 381.81 1
1.08 370.28 1
1.09 354.47 1
1.1 357.94 1
1.11 346.14 1
1.12 346.12 1
1.13 345.91 1
1.14 342.14 1
1.15 335.6 1
1.16 338.11 1
1.17 336.89 1
1.18 335.7 1
1.19 335.06 1
1.2 336.95 1
1.21 337.35 1
1.22 338.64 1
1.23 341.07 1
1.24 342.78 1
1.25 345.92 1
1.26 348.74 1
1.27 357.21 1
1.28 366.52 1
1.29 368.26 1
1.3 365.36 1
1.31 354.26 1
1.32 343.19 1
1.33 326.47 1
1.34 316.12 1
1.35 148.26 1
1.36 145.83 1
1.37 148.72 1
1.38 146.78 1
1.39 148.62 1
1.4 148.82 1
1.41 149.06 1
1.42 149.21 1
1.43 149.27 1
1.44 148.59 1
1.45 148.63 1
1.46 149.01 1
1.47 149.24 1
1.48 149.71 1
1.49 149.71 1
1.5 149.73 1
1.51 149.49 1
1.52 149.73 1
1.53 149.03 1
1.54 148.9 1
1.55 148.74 1
1.56 148.92 1
1.57 149.22 1
1.58 148.88 1
1.59 148.99 1
1.6 148.9 1
1.61 148.23 1
1.62 145.82 1
1.63 145.8 1
1.64 144.38 1
1.65 144.36 1
1.66 143.59 1
1.67 142.8 1
1.68 142.45 1
1.69 142.89 1
1.7 144.18 1
1.71 144.85 1
1.72 146.29 1
1.73 148.24 1
1.74 149.3 1
1.75 151.76 1
1.76 151.77 1
1.77 150.76 1
1.78 149.81 1
1.79 150.23 1
1.8 151.24 1
1.81 149.74 1
1.82 149.5 1
1.83 149.85 1
1.84 149.57 1
1.85 144.39 1
1.86 148.74 1
1.87 0.0 1
1.88 0.0 1
1.89 0.0 1
1.9 0.0 1
1.91 0.0 1
1.92 0.0 1
1.93 0.0 1
1.94 0.0 1
1.95 0.0 1
1.96 0.0 1
1.97 0.0 1
1.98 0.0 1
1.99 276.15 1
2.0 285.31 1
2.01 301.87 1
2.02 299.22 1
2.03 297.09 1
2.04 299.08 1
2.05 303.08 1
2.06 301.59 1
2.07 295.06 1
2.08 300.27 1
2.09 300.95 1
2.1 298.83 1
2.11 297.02 1
2.12 298.93 1
2.13 299.25 1
2.14 297.04 1
2.15 300.13 1
2.16 299.33 1
2.17 298.74 1
2.18 297.08 1
2.19 299.1 1
2.2 299.27 1
2.21 299.0 1
2.22 297.1 1
2.23 299.57 1
2.24 299.04 1
2.25 297.86 1
2.26 296.99 1
2.27 302.77 1
2.28 316.05 1
2.29 328.35 1
2.3 345.91 1
2.31 365.8 1
2.32 383.49 1
2.33 395.15 1
2.34 402.51 1
2.35 404.0 1
2.36 403.08 1
2.37 398.86 1
2.38 394.91 1
2.39 386.68 1
2.4 379.82 1
2.41 374.5 1
2.42 366.28 1
2.43 357.22 1
2.44 349.27 1
2.45 340.97 1
2.46 340.71 1
2.47 337.06 1
2.48 332.03 1
2.49 329.9 1
2.5 327.25 1
2.51 327.81 1
2.52 325.95 1
2.53 326.17 1
2.54 327.75 1
2.55 333.49 1
2.56 340.63 1
2.57 354.98 1
2.58 360.23 1
2.59 374.27 1
2.6 378.47 1
2.61 377.15 1
2.62 369.22 1
2.63 348.66 1
2.64 340.07 1
2.65 327.85 1
2.66 303.09 1
2.67 293.07 1
2.68 291.11 1
2.69 145.34 1
2.7 73.43 1
2.71 73.8 1
2.72 74.04 1
2.73 73.93 1
2.74 73.93 1
2.75 73.93 1
2.76 73.97 1
2.77 73.93 1
2.78 73.8 1
2.79 73.96 1
2.8 73.82 1
2.81 73.67 1
2.82 73.81 1
2.83 74.2 1
2.84 74.27 1
2.85 74.12 1
2.86 74.21 1
2.87 74.33 1
2.88 74.35 1
2.89 74.3 1
2.9 74.73 1
2.91 75.07 1
2.92 74.95 1
2.93 74.89 1
2.94 74.69 1
2.95 74.69 1
2.96 74.25 1
2.97 147.26 1
2.98 294.79 1
2.99 296.75 1
3.0 289.05 1
3.01 281.78 1
3.02 279.33 1
3.03 279.2 1
3.04 276.76 1
3.05 280.16 1
3.06 285.34 1
3.07 288.08 1
3.08 291.55 1
3.09 295.93 1
3.1 296.93 1
3.11 295.03 1
3.12 298.9 1
3.13 297.33 1
3.14 297.07 1
3.15 293.2 1
3.16 298.12 1
3.17 311.62 1
3.18 298.86 1
3.19 287.58 1
3.2 125.47 1
3.21 125.82 1
3.22 125.62 1
3.23 126.75 1
3.24 123.37 1
3.25 119.35 1
3.26 124.93 1
3.27 124.76 1
3.28 285.53 1
3.29 288.22 1
3.3 290.49 1
3.31 293.9 1
3.32 296.92 1
3.33 296.32 1
3.34 296.2 1
3.35 296.4 1
3.36 296.05 1
3.37 294.98 1
3.38 295.56 1
3.39 296.09 1
3.4 296.76 1
3.41 297.0 1
3.42 297.96 1
3.43 297.75 1
3.44 298.33 1
3.45 298.19 1
3.46 297.22 1
3.47 298.08 1
3.48 297.89 1
3.49 296.99 1
3.5 294.17 1
3.51 290.48 1
3.52 286.58 1
3.53 385.49 1
3.54 281.67 1
3.55 279.8 1
3.56 281.35 1
3.57 281.59 1
3.58 284.32 1
3.59 276.52 1
3.6 311.73 1
3.61 340.7 1
3.62 348.76 1
3.63 375.27 1
3.64 369.0 1
3.65 355.6 1
3.66 341.67 1
3.67 325.3 1
3.68 152.42 1
3.69 150.01 1
3.7 148.76 1
3.71 151.18 1
3.72 149.25 1
3.73 149.71 1
3.74 149.52 1
3.75 149.74 1
3.76 150.07 1
3.77 149.77 1
3.78 149.38 1
3.79 149.21 1
3.8 147.9 1
3.81 147.73 1
3.82 147.23 1
3.83 147.06 1
3.84 73.55 1
3.85 73.46 1
3.86 73.59 1
3.87 73.83 1
3.88 74.27 1
3.89 74.4 1
3.9 74.32 1
3.91 148.72 1
3.92 148.58 1
3.93 148.77 1
3.94 149.3 1
3.95 149.73 1
3.96 149.6 1
3.97 149.99 1
3.98 150.25 1
3.99 149.64 1
4.0 148.64 1
4.01 147.7 1
4.02 146.31 1
4.03 144.37 1
4.04 143.16 1
4.05 141.25 1
4.06 143.35 1
4.07 144.28 1
4.08 146.27 1
4.09 147.76 1
4.1 151.06 1
4.11 152.18 1
4.12 151.57 1
4.13 151.56 1
4.14 148.74 1
4.15 149.37 1
4.16 148.93 1
4.17 144.39 1
4.18 144.42 1
4.19 144.89 1
4.2 143.9 1
4.21 144.86 1
4.22 148.74 1
4.23 149.24 1
4.24 149.09 1
4.25 148.74 1
4.26 149.74 1
4.27 149.74 1
4.28 149.0 1
4.29 148.25 1
4.3 148.94 1
4.31 149.24 1
4.32 147.76 1
4.33 149.03 1
4.34 149.74 1
4.35 149.4 1
4.36 149.58 1
4.37 149.97 1
4.38 149.73 1
4.39 149.07 1
4.4 146.8 1
4.41 148.23 1
4.42 147.26 1
4.43 143.12 1
4.44 140.19 1
4.45 138.88 1
4.46 134.53 1
4.47 132.23 1
4.48 129.61 1
4.49 127.39 1
4.5 125.6 1
4.51 120.32 1
4.52 125.14 1
4.53 125.71 1
4.54 128.74 1
4.55 129.45 1
4.56 129.14 1
4.57 134.26 1
4.58 140.2 1
4.59 143.89 1
4.6 144.38 1
4.61 148.27 1
4.62 145.8 1
4.63 150.74 1
4.64 149.19 1
4.65 148.59 1
4.66 147.97 1
4.67 147.27 1
4.68 148.13 1
4.69 147.78 1
4.7 149.8 1
4.71 151.26 1
4.72 150.87 1
4.73 150.26 1
4.74 151.78 1
4.75 150.25 1
4.76 148.77 1
4.77 297.76 1
4.78 295.48 1
4.79 293.73 1
4.8 292.89 1
4.81 291.33 1
4.82 285.64 1
4.83 288.15 1
4.84 287.28 1
4.85 285.1 1
4.86 286.95 1
4.87 288.3 1
4.88 287.43 1
4.89 292.7 1
4.9 294.97 1
4.91 296.93 1
4.92 298.84 1
4.93 299.75 1
4.94 300.29 1
4.95 300.29 1
4.96 299.06 1
4.97 305.01 1
4.98 303.05 1
4.99 301.06 1
5.0 297.11 1
5.01 299.87 1
5.02 299.72 1
5.03 295.17 1
5.04 297.04 1
5.05 296.8 1
5.06 298.8 1
5.07 289.42 1
5.08 0.0 1
5.09 0.0 1
5.1 0.0 1
5.11 0.0 1
5.12 0.0 1
5.13 0.0 1
5.14 0.0 1
5.15 0.0 1
5.16 0.0 1
5.17 0.0 1
5.18 0.0 1
5.19 73.81 1
5.2 73.95 1
5.21 74.32 1
5.22 74.01 1
5.23 74.3 1
5.24 74.31 1
5.25 74.21 1
5.26 74.31 1
5.27 74.37 1
5.28 74.38 1
5.29 74.44 1
5.3 74.45 1
5.31 74.65 1
5.32 74.46 1
5.33 74.27 1
5.34 74.17 1
5.35 73.8 1
5.36 73.59 1
5.37 73.87 1
5.38 74.82 1
5.39 144.3 1
5.4 284.82 1
5.41 281.39 1
5.42 272.18 1
5.43 272.58 1
5.44 263.6 1
5.45 259.82 1
5.46 256.19 1
5.47 270.14 1
5.48 252.44 1
5.49 248.45 1
5.5 247.62 1
5.51 243.3 1
5.52 247.15 1
5.53 247.59 1
5.54 248.81 1
5.55 250.73 1
5.56 248.54 1
5.57 129.45 1
5.58 129.93 1
5.59 127.99 1
5.6 139.31 1
5.61 72.83 1
5.62 74.18 1
5.63 74.01 1
5.64 74.31 1
5.65 74.94 1
5.66 74.94 1
5.67 74.67 1
5.68 74.53 1
5.69 74.4 1
5.7 74.29 1
5.71 74.08 1
5.72 73.93 1
5.73 73.92 1
5.74 73.91 1
5.75 73.79 1
5.76 73.54 1
5.77 87.72 1
5.78 101.05 1
5.79 97.43 1
5.8 290.41 1
5.81 290.5 1
5.82 287.53 1
5.83 284.17 1
5.84 285.77 1
5.85 289.49 1
5.86 288.45 1
5.87 286.77 1
5.88 285.93 1
5.89 285.45 1
5.9 143.51 1
5.91 72.33 1
5.92 72.69 1
5.93 73.72 1
5.94 74.08 1
5.95 73.95 1
5.96 73.19 1
5.97 73.68 1
5.98 73.92 1
5.99 74.08 1
6.0 74.67 1
6.01 75.06 1
6.02 74.82 1
6.03 74.95 1
6.04 74.82 1
6.05 74.69 1
6.06 74.64 1
6.07 74.34 1
6.08 74.17 1
6.09 74.03 1
6.1 73.92 1
6.11 73.79 1
6.12 73.66 1
6.13 73.89 1
6.14 74.59 1
6.15 73.54 1
6.16 74.58 1
6.17 74.43 1
6.18 73.95 1
6.19 72.3 1
6.2 72.67 1
6.21 73.72 1
6.22 73.3 1
6.23 72.74 1
6.24 73.32 1
6.25 73.8 1
6.26 73.84 1
6.27 72.57 1
6.28 73.05 1
6.29 74.44 1
6.3 73.8 1
6.31 74.06 1
6.32 74.53 1
6.33 74.82 1
6.34 73.92 1
6.35 74.83 1
6.36 74.82 1
6.37 74.62 1
6.38 74.38 1
6.39 74.23 1
6.4 74.22 1
6.41 74.07 1
6.42 73.97 1
6.43 73.93 1
6.44 73.91 1
6.45 73.89 1
6.46 148.08 1
6.47 139.72 1
6.48 291.11 1
6.49 290.85 1
6.5 287.67 1
6.51 284.11 1
6.52 288.97 1
6.53 285.27 1
6.54 285.36 1
6.55 281.96 1
6.56 288.87 1
6.57 286.21 1
6.58 288.15 1
6.59 289.36 1
6.6 297.61 1
6.61 310.94 1
6.62 306.88 1
6.63 297.47 1
6.64 301.21 1
6.65 302.86 1
6.66 302.1 1
6.67 300.36 1
6.68 298.72 1
6.69 293.21 1
6.7 293.28 1
6.71 289.05 1
6.72 285.36 1
6.73 285.01 1
6.74 283.38 1
6.75 280.68 1
6.76 294.8 1
6.77 291.1 1
6.78 293.13 1
6.79 302.62 1
6.8 311.57 1
6.81 292.89 1
6.82 137.18 1
6.83 74.75 1
6.84 74.31 1
6.85 74.56 1
6.86 74.39 1
6.87 74.53 1
6.88 74.81 1
6.89 74.05 1
6.9 74.55 1
6.91 74.75 1
6.92 74.31 1
6.93 76.37 1
6.94 74.31 1
6.95 74.6 1
6.96 74.94 1
6.97 74.31 1
6.98 75.06 1
6.99 74.53 1
7.0 73.93 1
7.01 74.25 1
7.02 74.81 1
7.03 74.72 1
7.04 74.65 1
7.05 74.69 1
7.06 74.65 1
7.07 74.53 1
7.08 74.21 1
7.09 74.3 1
7.1 74.56 1
7.11 74.56 1
7.12 74.68 1
7.13 74.56 1
7.14 74.46 1
7.15 74.2 1
7.16 74.21 1
7.17 74.68 1
7.18 74.52 1
7.19 74.68 1
7.2 74.56 1
7.21 74.56 1
7.22 74.68 1
7.23 74.25 1
7.24 74.56 1
7.25 74.67 1
7.26 74.41 1
7.27 74.81 1
7.28 74.56 1
7.29 0.0 1
7.3 254.18 1
7.31 223.92 1
7.32 218.6 1
7.33 218.94 1
7.34 217.65 1
7.35 217.79 1
7.36 219.38 1
7.37 219.27 1
7.38 218.2 1
7.39 219.48 1
7.4 221.0 1
7.41 221.81 1
7.42 222.92 1
7.43 225.1 1
7.44 226.42 1
7.45 225.6 1
7.46 225.58 1
7.47 225.27 1
7.48 224.49 1
7.49 224.27 1
7.5 223.4 1
7.51 223.25 1
7.52 222.82 1
7.53 222.23 1
7.54 221.96 1
7.55 224.5 1
7.56 229.02 1
7.57 236.5 1
7.58 247.27 1
7.59 255.7 1
7.6 272.9 1
7.61 281.88 1
7.62 289.73 1
7.63 293.97 1
7.64 296.88 1
7.65 299.43 1
7.66 296.13 1
7.67 293.04 1
7.68 295.09 1
7.69 291.1 1
7.7 291.15 1
7.71 298.9 1
7.72 298.4 1
7.73 300.07 1
7.74 299.01 1
7.75 300.85 1
7.76 300.74 1
7.77 297.02 1
7.78 298.99 1
7.79 298.26 1
7.8 295.16 1
7.81 291.76 1
7.82 286.47 1
7.83 286.55 1
7.84 286.78 1
7.85 290.69 1
7.86 298.36 1
7.87 297.06 1
7.88 295.04 1
7.89 325.01 1
7.9 307.6 1
7.91 313.73 1
7.92 301.69 1
7.93 301.02 1
7.94 301.41 1
7.95 294.99 1
7.96 335.37 1
7.97 295.28 1
7.98 298.95 1
7.99 299.61 1
8.0 299.17 1
8.01 299.02 1
8.02 299.9 1
8.03 300.99 1
8.04 298.37 1
8.05 295.17 1
8.06 297.15 1
8.07 298.78 1
8.08 293.8 1
8.09 292.61 1
8.1 287.46 1
8.11 283.64 1
8.12 281.44 1
8.13 0.0 1
8.14 0.0 1
8.15 0.0 1
8.16 0.0 1
8.17 0.0 1
8.18 0.0 1
8.19 0.0 1
8.2 0.0 1
8.21 0.0 1
8.22 95.77 1
8.23 97.89 1
8.24 97.23 1
8.25 99.21 1
8.26 96.07 1
8.27 93.33 1
8.28 87.95 1
8.29 77.99 1
8.3 74.94 1
8.31 73.56 1
8.32 73.43 1
8.33 74.18 1
8.34 74.75 1
8.35 74.69 1
8.36 75.59 1
8.37 76.07 1
8.38 75.58 1
8.39 75.05 1
8.4 74.52 1
8.41 74.09 1
8.42 73.9 1
8.43 73.96 1
8.44 74.02 1
8.45 73.83 1
8.46 73.81 1
8.47 74.03 1
8.48 74.2 1
8.49 74.33 1
8.5 74.21 1
8.51 73.96 1
8.52 74.0 1
8.53 74.16 1
8.54 74.24 1
8.55 111.63 1
8.56 112.33 1
8.57 112.18 1
8.58 223.35 1
8.59 222.03 1
8.6 217.62 1
8.61 212.51 1
8.62 205.68 1
8.63 202.43 1
8.64 204.42 1
8.65 212.45 1
8.66 211.65 1
8.67 222.65 1
8.68 225.53 1
8.69 226.86 1
8.7 225.25 1
8.71 221.55 1
8.72 218.71 1
8.73 204.57 1
8.74 223.3 1
8.75 222.22 1
8.76 223.97 1
8.77 224.27 1
8.78 223.4 1
8.79 222.2 1
8.8 226.66 1
8.81 224.8 1
8.82 150.69 1
8.83 148.26 1
8.84 149.09 1
8.85 149.7 1
8.86 149.71 1
8.87 149.21 1
8.88 149.72 1
8.89 149.03 1
8.9 149.06 1
8.91 149.71 1
8.92 148.75 1
8.93 149.1 1
8.94 150.7 1
8.95 149.01 1
8.96 148.95 1
8.97 149.23 1
8.98 0.0 1
8.99 0.0 1
9.0 228.8 1
9.01 222.17 1
9.02 221.9 1
9.03 222.32 1
9.04 221.64 1
9.05 220.98 1
9.06 221.32 1
9.07 222.36 1
9.08 222.38 1
9.09 223.04 1
9.1 224.66 1
9.11 225.34 1
9.12 225.2 1
9.13 225.74 1
9.14 226.56 1
9.15 225.68 1
9.16 219.75 1
9.17 206.63 1
9.18 197.31 1
9.19 182.14 1
9.2 176.15 1
9.21 174.0 1
9.22 177.37 1
9.23 180.36 1
9.24 186.5 1
9.25 197.09 1
9.26 204.43 1
9.27 217.3 1
9.28 223.3 1
9.29 229.41 1
9.3 230.47 1
9.31 230.56 1
9.32 230.3 1
9.33 227.73 1
9.34 224.06 1
9.35 218.41 1
9.36 213.75 1
9.37 208.59 1
9.38 202.22 1
9.39 195.62 1
9.4 189.68 1
9.41 184.39 1
9.42 180.06 1
9.43 178.4 1
9.44 180.23 1
9.45 184.34 1
9.46 190.71 1
9.47 196.44 1
9.48 202.79 1
9.49 217.72 1
9.5 216.72 1
9.51 220.24 1
9.52 223.03 1
9.53 223.3 1
9.54 223.35 1
9.55 222.52 1
9.56 222.45 1
9.57 221.09 1
9.58 222.87 1
9.59 224.34 1
9.6 224.46 1
9.61 225.64 1
9.62 227.92 1
9.63 226.62 1
9.64 224.43 1
9.65 219.74 1
9.66 213.2 1
9.67 207.68 1
9.68 204.55 1
9.69 204.52 1
9.7 205.99 1
9.71 207.59 1
9.72 214.27 1
9.73 218.82 1
9.74 222.89 1
9.75 225.12 1
9.76 225.37 1
9.77 224.59 1
9.78 224.37 1
9.79 222.86 1
9.8 221.14 1
9.81 219.97 1
9.82 219.93 1
9.83 219.82 1
9.84 220.82 1
9.85 221.68 1
9.86 221.84 1
9.87 221.92 1
9.88 220.96 1
9.89 220.51 1
9.9 220.07 1
9.91 219.81 1
9.92 219.08 1
9.93 219.31 1
9.94 220.5 1
9.95 221.22 1
9.96 221.84 1
9.97 222.07 1
9.98 221.97 1
9.99 221.84 1
10.0 221.4 1
10.01 221.76 1
10.02 222.28 1
10.03 221.77 1
10.04 221.62 1
10.05 221.59 1
10.06 222.43 1
10.07 222.86 1
10.08 223.27 1
10.09 223.4 1
10.1 224.07 1
10.11 224.89 1
10.12 225.32 1
10.13 225.29 1
10.14 223.71 1
10.15 222.25 1
10.16 222.39 1
10.17 223.79 1
10.18 226.81 1
10.19 238.2 1
10.2 251.22 1
10.21 257.62 1
10.22 289.55 1
10.23 297.01 1
10.24 279.97 1
10.25 321.12 1
10.26 319.95 1
10.27 318.53 1
10.28 313.06 1
10.29 302.44 1
10.3 291.67 1
10.31 281.78 1
10.32 276.37 1
10.33 266.64 1
10.34 258.62 1
10.35 252.02 1
10.36 246.99 1
10.37 245.28 1
10.38 242.45 1
10.39 238.89 1
10.4 241.59 1
10.41 245.54 1
10.42 255.65 1
10.43 263.35 1
10.44 273.24 1
10.45 285.95 1
10.46 290.96 1
10.47 294.25 1
10.48 294.61 1
10.49 296.19 1
10.5 296.51 1
10.51 296.49 1
10.52 295.0 1
10.53 293.07 1
10.54 295.01 1
10.55 289.21 1
10.56 287.3 1
10.57 291.98 1
10.58 280.63 1
10.59 257.16 1
