0.01 73.57 1
0.02 73.56 1
0.03 73.21 1
0.04 75.23 1
0.05 73.56 1
0.06 73.68 1
0.07 74.28 1
0.08 74.94 1
0.09 74.56 1
0.1 74.23 1
0.11 73.99 1
0.12 73.93 1
0.13 74.17 1
0.14 73.93 1
0.15 73.8 1
0.16 74.17 1
0.17 73.91 1
0.18 74.05 1
0.19 73.83 1
0.2 73.92 1
0.21 73.92 1
0.22 73.57 1
0.23 73.92 1
0.24 73.97 1
0.25 74.16 1
0.26 74.42 1
0.27 74.33 1
0.28 74.35 1
0.29 74.55 1
0.3 74.83 1
0.31 75.46 1
0.32 75.98 1
0.33 74.55 1
0.34 75.59 1
0.35 75.32 1
0.36 74.3 1
0.37 73.85 1
0.38 58.78 1
0.39 53.3 1
0.4 52.59 1
0.41 52.16 1
0.42 52.9 1
0.43 71.88 1
0.44 72.53 1
0.45 73.8 1
0.46 74.67 1
0.47 75.46 1
0.48 75.34 1
0.49 75.46 1
0.5 74.99 1
0.51 74.28 1
0.52 73.86 1
0.53 73.68 1
0.54 73.8 1
0.55 73.47 1
0.56 73.6 1
0.57 73.98 1
0.58 74.25 1
0.59 74.56 1
0.6 74.82 1
0.61 74.56 1
0.62 74.68 1
0.63 74.64 1
0.64 74.35 1
0.65 74.21 1
0.66 74.2 1
0.67 74.27 1
0.68 74.44 1
0.69 74.44 1
0.7 74.42 1
0.71 74.51 1
0.72 74.56 1
0.73 75.05 1
0.74 75.2 1
0.75 75.45 1
0.76 75.33 1
0.77 75.45 1
0.78 75.43 1
0.79 75.07 1
0.8 74.04 1
0.81 73.43 1
0.82 71.54 1
0.83 71.62 1
0.84 207.02 1
0.85 204.07 1
0.86 202.81 1
0.87 206.88 1
0.88 216.64 1
0.89 197.58 1
0.9 218.7 1
0.91 217.88 1
0.92 222.18 1
0.93 223.64 1
0.94 223.34 1
0.95 223.32 1
0.96 220.06 1
0.97 222.15 1
0.98 222.19 1
0.99 223.04 1
1.0 223.35 1
1.01 225.37 1
1.02 226.71 1
1.03 226.69 1
1.04 221.27 1
1.05 219.94 1
1.06 213.51 1
1.07 204.2 1
1.08 196.04 1
1.09 188.07 1
1.1 184.13 1
1.11 178.68 1
1.12 178.85 1
1.13 179.37 1
1.14 180.93 1
1.15 183.06 1
1.16 188.04 1
1.17 191.36 1
1.18 200.06 1
1.19 197.31 1
1.2 215.22 1
1.21 219.13 1
1.22 218.88 1
1.23 221.77 1
1.24 222.33 1
1.25 221.2 1
1.26 220.14 1
1.27 223.15 1
1.28 219.98 1
1.29 220.12 1
1.3 219.23 1
1.31 215.72 1
1.32 215.66 1
1.33 214.56 1
1.34 210.44 1
1.35 206.63 1
1.36 202.15 1
1.37 195.98 1
1.38 190.85 1
1.39 185.93 1
1.4 182.33 1
1.41 183.3 1
1.42 182.74 1
1.43 185.32 1
1.44 188.91 1
1.45 197.33 1
1.46 202.31 1
1.47 219.41 1
1.48 225.59 1
1.49 228.93 1
1.5 254.22 1
1.51 135.16 1
1.52 140.59 1
1.53 147.28 1
1.54 149.16 1
1.55 148.75 1
1.56 149.15 1
1.57 149.1 1
1.58 147.79 1
1.59 150.23 1
1.6 151.77 1
1.61 149.56 1
1.62 148.83 1
1.63 149.22 1
1.64 148.54 1
1.65 148.72 1
1.66 148.59 1
1.67 148.25 1
1.68 148.24 1
1.69 146.79 1
1.7 147.25 1
1.71 147.16 1
1.72 147.75 1
1.73 148.04 1
1.74 148.0 1
1.75 147.78 1
1.76 149.24 1
1.77 150.22 1
1.78 148.77 1
1.79 149.65 1
1.8 149.44 1
1.81 148.54 1
1.82 147.01 1
1.83 291.15 1
1.84 285.58 1
1.85 282.17 1
1.86 280.91 1
1.87 279.08 1
1.88 281.56 1
1.89 284.09 1
1.9 290.46 1
1.91 293.05 1
1.92 295.04 1
1.93 309.27 1
1.94 299.06 1
1.95 304.69 1
1.96 304.35 1
1.97 301.37 1
1.98 302.28 1
1.99 295.13 1
2.0 296.99 1
2.01 296.13 1
2.02 293.06 1
2.03 290.84 1
2.04 288.46 1
2.05 285.22 1
2.06 281.35 1
2.07 278.1 1
2.08 276.23 1
2.09 264.56 1
2.1 259.52 1
2.11 255.69 1
2.12 252.51 1
2.13 249.98 1
2.14 248.38 1
2.15 246.54 1
2.16 244.74 1
2.17 244.27 1
2.18 241.14 1
2.19 240.04 1
2.2 244.18 1
2.21 245.06 1
2.22 247.8 1
2.23 255.19 1
2.24 260.21 1
2.25 263.33 1
2.26 282.37 1
2.27 291.14 1
2.28 299.43 1
2.29 297.05 1
2.3 300.02 1
2.31 299.93 1
2.32 298.15 1
2.33 293.09 1
2.34 291.09 1
2.35 281.95 1
2.36 278.14 1
2.37 273.0 1
2.38 261.07 1
2.39 254.35 1
2.4 250.46 1
2.41 242.68 1
2.42 231.71 1
2.43 225.68 1
2.44 219.87 1
2.45 213.1 1
2.46 202.94 1
2.47 200.27 1
2.48 193.11 1
2.49 185.03 1
2.5 181.54 1
2.51 179.13 1
2.52 178.18 1
2.53 178.97 1
2.54 182.82 1
2.55 188.24 1
2.56 198.22 1
2.57 202.92 1
2.58 241.77 1
2.59 218.26 1
2.6 222.67 1
2.61 226.74 1
2.62 229.41 1
2.63 230.26 1
2.64 227.6 1
2.65 225.63 1
2.66 221.96 1
2.67 219.76 1
2.68 217.77 1
2.69 215.26 1
2.7 217.64 1
2.71 211.51 1
2.72 208.53 1
2.73 204.69 1
2.74 201.18 1
2.75 197.86 1
2.76 194.67 1
2.77 188.93 1
2.78 189.83 1
2.79 188.89 1
2.8 187.37 1
2.81 192.39 1
2.82 196.4 1
2.83 198.14 1
2.84 199.92 1
2.85 0.0 1
2.86 0.0 1
2.87 0.0 1
2.88 0.0 1
2.89 0.0 1
2.9 0.0 1
2.91 0.0 1
2.92 0.0 1
2.93 119.78 1
2.94 112.67 1
2.95 97.97 1
2.96 92.59 1
2.97 98.94 1
2.98 99.51 1
2.99 102.81 1
3.0 102.92 1
3.01 108.68 1
3.02 216.53 1
3.03 224.28 1
3.04 225.27 1
3.05 223.32 1
3.06 221.19 1
3.07 221.55 1
3.08 219.94 1
3.09 217.04 1
3.1 218.83 1
3.11 218.05 1
3.12 218.88 1
3.13 221.97 1
3.14 224.2 1
3.15 225.61 1
3.16 225.64 1
3.17 228.82 1
3.18 227.5 1
3.19 225.03 1
3.2 222.18 1
3.21 218.32 1
3.22 216.68 1
3.23 204.66 1
3.24 200.43 1
3.25 199.08 1
3.26 199.47 1
3.27 197.41 1
3.28 205.89 1
3.29 213.47 1
3.3 212.32 1
3.31 216.27 1
3.32 221.0 1
3.33 220.92 1
3.34 221.63 1
3.35 222.56 1
3.36 221.3 1
3.37 219.8 1
3.38 219.9 1
3.39 214.66 1
3.4 216.46 1
3.41 216.53 1
3.42 218.26 1
3.43 73.68 1
3.44 73.9 1
3.45 74.01 1
3.46 74.06 1
3.47 73.97 1
3.48 73.97 1
3.49 74.18 1
3.5 74.48 1
3.51 74.61 1
3.52 74.67 1
3.53 74.76 1
3.54 74.56 1
3.55 74.64 1
3.56 74.48 1
3.57 74.26 1
3.58 74.2 1
3.59 74.2 1
3.6 74.15 1
3.61 74.09 1
3.62 74.1 1
3.63 74.26 1
3.64 74.48 1
3.65 74.44 1
3.66 74.45 1
3.67 74.64 1
3.68 74.69 1
3.69 75.11 1
3.7 74.69 1
3.71 74.29 1
3.72 73.81 1
3.73 72.94 1
3.74 73.44 1
3.75 73.94 1
3.76 71.88 1
3.77 67.19 1
3.78 68.32 1
3.79 72.72 1
3.8 72.23 1
3.81 73.44 1
3.82 74.76 1
3.83 75.07 1
3.84 74.94 1
3.85 74.18 1
3.86 74.31 1
3.87 74.45 1
3.88 74.11 1
3.89 74.8 1
3.9 73.44 1
3.91 72.96 1
3.92 73.45 1
3.93 74.14 1
3.94 74.28 1
3.95 74.26 1
3.96 74.17 1
3.97 73.83 1
3.98 73.56 1
3.99 219.79 1
4.0 219.2 1
4.01 219.86 1
4.02 209.57 1
4.03 206.63 1
4.04 202.78 1
4.05 199.32 1
4.06 195.54 1
4.07 186.56 1
4.08 187.28 1
4.09 187.28 1
4.1 185.71 1
4.11 187.24 1
4.12 186.49 1
4.13 184.94 1
4.14 185.68 1
4.15 185.01 1
4.16 184.17 1
4.17 184.14 1
4.18 184.14 1
4.19 186.71 1
4.2 184.93 1
4.21 186.49 1
4.22 188.87 1
4.23 192.16 1
4.24 188.07 1
4.25 194.33 1
4.26 190.51 1
4.27 192.18 1
4.28 191.93 1
4.29 94.76 1
4.3 188.89 1
4.31 186.42 1
4.32 184.03 1
4.33 180.41 1
4.34 176.1 1
4.35 177.44 1
4.36 172.18 1
4.37 171.03 1
4.38 168.99 1
4.39 169.02 1
4.4 166.11 1
4.41 167.36 1
4.42 167.29 1
4.43 169.11 1
4.44 165.48 1
4.45 168.12 1
4.46 167.83 1
4.47 167.92 1
4.48 169.28 1
4.49 172.12 1
4.5 172.61 1
4.51 173.78 1
4.52 179.71 1
4.53 184.14 1
4.54 182.59 1
4.55 183.8 1
4.56 184.65 1
4.57 181.08 1
4.58 178.27 1
4.59 173.67 1
4.6 74.18 1
4.61 74.3 1
4.62 73.93 1
4.63 74.08 1
4.64 74.48 1
4.65 74.56 1
4.66 73.93 1
4.67 73.19 1
4.68 74.19 1
4.69 73.95 1
4.7 73.81 1
4.71 73.36 1
4.72 74.25 1
4.73 74.46 1
4.74 74.19 1
4.75 74.76 1
4.76 74.6 1
4.77 74.49 1
4.78 74.41 1
4.79 74.39 1
4.8 74.68 1
4.81 74.06 1
4.82 74.44 1
4.83 74.67 1
4.84 74.52 1
4.85 74.56 1
4.86 74.43 1
4.87 74.61 1
4.88 75.19 1
4.89 74.81 1
4.9 74.68 1
4.91 73.68 1
4.92 72.61 1
4.93 72.3 1
4.94 71.58 1
4.95 71.51 1
4.96 72.55 1
4.97 73.93 1
4.98 75.19 1
4.99 76.02 1
5.0 75.32 1
5.01 74.94 1
5.02 75.33 1
5.03 62.82 1
5.04 62.33 1
5.05 62.07 1
5.06 62.67 1
5.07 62.8 1
5.08 62.43 1
5.09 62.07 1
5.1 62.6 1
5.11 62.87 1
5.12 62.65 1
5.13 62.33 1
5.14 73.83 1
5.15 74.56 1
5.16 74.89 1
5.17 74.06 1
5.18 74.77 1
5.19 74.52 1
5.2 74.31 1
5.21 74.92 1
5.22 74.68 1
5.23 74.56 1
5.24 74.85 1
5.25 74.06 1
5.26 74.6 1
5.27 74.63 1
5.28 74.46 1
5.29 74.69 1
5.3 74.48 1
5.31 74.56 1
5.32 74.64 1
5.33 74.31 1
5.34 74.57 1
5.35 74.6 1
5.36 74.31 1
5.37 74.55 1
5.38 74.56 1
5.39 74.55 1
5.4 74.93 1
5.41 74.57 1
5.42 75.97 1
5.43 74.59 1
5.44 74.58 1
5.45 74.37 1
5.46 74.31 1
5.47 74.31 1
5.48 73.69 1
5.49 74.06 1
5.5 74.06 1
5.51 74.31 1
5.52 74.5 1
5.53 74.31 1
5.54 74.58 1
5.55 74.66 1
5.56 74.6 1
5.57 74.68 1
5.58 75.06 1
5.59 74.61 1
5.6 74.67 1
5.61 148.95 1
5.62 149.47 1
5.63 153.39 1
5.64 157.23 1
5.65 162.08 1
5.66 165.48 1
5.67 175.21 1
5.68 179.46 1
5.69 182.91 1
5.7 191.83 1
5.71 192.94 1
5.72 191.93 1
5.73 193.01 1
5.74 190.19 1
5.75 189.88 1
5.76 190.21 1
5.77 188.76 1
5.78 187.92 1
5.79 187.28 1
5.8 187.0 1
5.81 184.61 1
5.82 180.03 1
5.83 178.29 1
5.84 172.57 1
5.85 168.71 1
5.86 163.23 1
5.87 164.01 1
5.88 164.24 1
5.89 164.24 1
5.9 163.31 1
5.91 164.85 1
5.92 167.35 1
5.93 167.97 1
5.94 180.36 1
5.95 193.01 1
5.96 203.68 1
5.97 217.79 1
5.98 218.87 1
5.99 220.65 1
6.0 217.79 1
6.01 205.8 1
6.02 202.56 1
6.03 193.86 1
6.04 184.13 1
6.05 184.13 1
6.06 176.07 1
6.07 178.68 1
6.08 178.83 1
6.09 179.21 1
6.1 182.59 1
6.11 191.34 1
6.12 194.71 1
6.13 197.77 1
6.14 199.44 1
6.15 205.32 1
6.16 204.92 1
6.17 205.62 1
6.18 203.64 1
6.19 197.32 1
6.2 192.17 1
6.21 193.85 1
6.22 177.91 1
6.23 177.76 1
6.24 177.18 1
6.25 177.53 1
6.26 178.67 1
6.27 182.6 1
6.28 194.71 1
6.29 201.23 1
6.3 213.76 1
6.31 221.44 1
6.32 228.13 1
6.33 228.82 1
6.34 229.02 1
6.35 224.56 1
6.36 222.53 1
6.37 217.45 1
6.38 207.14 1
6.39 199.39 1
6.4 189.67 1
6.41 182.7 1
6.42 180.81 1
6.43 180.67 1
6.44 179.34 1
6.45 178.45 1
6.46 178.18 1
6.47 180.48 1
6.48 182.55 1
6.49 186.48 1
6.5 200.79 1
6.51 206.56 1
6.52 215.21 1
6.53 219.11 1
6.54 226.41 1
6.55 227.91 1
6.56 226.27 1
6.57 220.88 1
6.58 214.59 1
6.59 203.71 1
6.6 199.45 1
6.61 194.7 1
6.62 190.5 1
6.63 187.27 1
6.64 185.48 1
6.65 182.75 1
6.66 180.77 1
6.67 177.98 1
6.68 179.24 1
6.69 179.42 1
6.7 183.95 1
6.71 185.19 1
6.72 199.68 1
6.73 205.4 1
6.74 213.93 1
6.75 219.53 1
6.76 225.35 1
6.77 224.66 1
6.78 225.52 1
6.79 222.82 1
6.8 221.12 1
6.81 219.7 1
6.82 219.66 1
6.83 219.18 1
6.84 218.11 1
6.85 218.39 1
6.86 217.82 1
6.87 221.07 1
6.88 220.51 1
6.89 220.03 1
6.9 220.15 1
6.91 219.56 1
6.92 221.25 1
6.93 222.38 1
6.94 223.99 1
6.95 224.49 1
6.96 224.95 1
6.97 224.95 1
6.98 220.97 1
6.99 216.69 1
7.0 207.55 1
7.01 202.94 1
7.02 199.37 1
7.03 201.91 1
7.04 208.48 1
7.05 215.44 1
7.06 220.02 1
7.07 223.23 1
7.08 219.71 1
7.09 219.64 1
7.1 219.68 1
7.11 74.66 1
7.12 74.55 1
7.13 74.33 1
7.14 74.68 1
7.15 74.45 1
7.16 74.66 1
7.17 74.3 1
7.18 74.56 1
7.19 74.43 1
7.2 74.53 1
7.21 74.62 1
7.22 74.3 1
7.23 74.68 1
7.24 74.5 1
7.25 74.76 1
7.26 74.6 1
7.27 74.32 1
7.28 74.79 1
7.29 74.39 1
7.3 74.38 1
7.31 74.87 1
7.32 74.34 1
7.33 74.42 1
7.34 75.71 1
7.35 74.32 1
7.36 111.48 1
7.37 223.28 1
7.38 222.68 1
7.39 225.33 1
7.4 225.25 1
7.41 223.45 1
7.42 222.09 1
7.43 225.45 1
7.44 225.34 1
7.45 224.68 1
7.46 223.74 1
7.47 225.52 1
7.48 225.01 1
7.49 223.89 1
7.5 222.61 1
7.51 224.3 1
7.52 222.96 1
7.53 217.03 1
7.54 211.77 1
7.55 202.3 1
7.56 187.75 1
7.57 186.13 1
7.58 176.75 1
7.59 171.29 1
7.6 174.65 1
7.61 176.75 1
7.62 184.6 1
7.63 186.39 1
7.64 201.14 1
7.65 212.53 1
7.66 217.14 1
7.67 222.45 1
7.68 226.01 1
7.69 224.2 1
7.7 226.65 1
7.71 223.95 1
7.72 221.46 1
7.73 218.18 1
7.74 218.28 1
7.75 220.74 1
7.76 217.61 1
7.77 217.81 1
7.78 213.85 1
7.79 206.76 1
7.8 203.72 1
7.81 194.43 1
7.82 189.68 1
7.83 186.77 1
7.84 175.19 1
7.85 179.55 1
7.86 178.19 1
7.87 179.89 1
7.88 184.15 1
7.89 191.88 1
7.9 194.39 1
7.91 202.12 1
7.92 208.96 1
7.93 220.16 1
7.94 221.32 1
7.95 224.48 1
7.96 222.64 1
7.97 232.35 1
7.98 226.74 1
7.99 223.9 1
8.0 226.47 1
8.01 225.66 1
8.02 222.8 1
8.03 220.36 1
8.04 223.61 1
8.05 224.76 1
8.06 222.35 1
8.07 218.33 1
8.08 218.43 1
8.09 218.53 1
8.1 209.37 1
8.11 215.66 1
8.12 213.81 1
8.13 214.57 1
8.14 210.5 1
8.15 219.32 1
8.16 221.37 1
8.17 220.59 1
8.18 225.51 1
8.19 229.97 1
8.2 226.94 1
8.21 226.28 1
8.22 225.58 1
8.23 224.11 1
8.24 221.92 1
8.25 221.22 1
8.26 217.78 1
8.27 224.74 1
8.28 227.79 1
8.29 229.61 1
8.3 228.24 1
8.31 225.6 1
8.32 226.91 1
8.33 226.21 1
8.34 225.16 1
8.35 224.63 1
8.36 224.9 1
8.37 225.01 1
8.38 225.09 1
8.39 226.05 1
8.4 226.08 1
8.41 225.44 1
8.42 225.16 1
8.43 224.78 1
8.44 224.25 1
8.45 225.05 1
8.46 225.64 1
8.47 225.0 1
8.48 223.86 1
8.49 223.03 1
8.5 223.23 1
8.51 223.97 1
8.52 225.59 1
8.53 226.85 1
8.54 226.79 1
8.55 227.9 1
8.56 226.18 1
8.57 223.92 1
8.58 219.61 1
8.59 214.53 1
8.6 204.66 1
8.61 199.74 1
8.62 198.2 1
8.63 200.91 1
8.64 202.82 1
8.65 209.35 1
8.66 214.58 1
8.67 218.88 1
8.68 221.28 1
8.69 222.27 1
8.7 222.44 1
8.71 222.2 1
8.72 221.13 1
8.73 220.49 1
8.74 220.25 1
8.75 221.44 1
8.76 222.51 1
8.77 224.22 1
8.78 224.46 1
8.79 225.35 1
8.8 224.44 1
8.81 221.62 1
8.82 215.98 1
8.83 212.43 1
8.84 199.39 1
8.85 186.2 1
8.86 179.6 1
8.87 174.73 1
8.88 178.81 1
8.89 180.32 1
8.9 185.73 1
8.91 196.85 1
8.92 204.65 1
8.93 220.03 1
8.94 225.63 1
8.95 234.01 1
8.96 237.77 1
8.97 241.43 1
8.98 230.9 1
8.99 221.29 1
9.0 213.51 1
9.01 201.87 1
9.02 193.77 1
9.03 182.55 1
9.04 180.26 1
9.05 177.4 1
9.06 176.72 1
9.07 177.39 1
9.08 180.75 1
9.09 186.43 1
9.1 195.52 1
9.11 202.78 1
9.12 206.61 1
9.13 217.73 1
9.14 220.53 1
9.15 224.44 1
9.16 226.79 1
9.17 225.45 1
9.18 220.98 1
9.19 214.79 1
9.2 210.49 1
9.21 202.82 1
9.22 199.94 1
9.23 196.53 1
9.24 193.45 1
9.25 190.65 1
9.26 189.68 1
9.27 187.29 1
9.28 187.28 1
9.29 184.21 1
9.3 187.31 1
9.31 194.33 1
9.32 202.78 1
9.33 213.08 1
9.34 0.0 1
9.35 0.0 1
9.36 262.91 1
9.37 281.65 1
9.38 286.98 1
9.39 297.95 1
9.4 303.28 1
9.41 307.16 1
9.42 299.13 1
9.43 302.28 1
9.44 300.47 1
9.45 298.19 1
9.46 296.99 1
9.47 302.1 1
9.48 311.46 1
9.49 305.83 1
9.5 307.27 1
9.51 302.42 1
9.52 298.99 1
9.53 298.54 1
9.54 297.78 1
9.55 296.99 1
9.56 295.16 1
9.57 300.29 1
9.58 302.17 1
9.59 303.71 1
9.6 301.18 1
9.61 299.11 1
9.62 295.12 1
9.63 294.25 1
9.64 289.13 1
9.65 282.6 1
9.66 276.41 1
9.67 272.96 1
9.68 272.95 1
9.69 276.4 1
9.7 278.56 1
9.71 286.28 1
9.72 291.06 1
9.73 291.31 1
9.74 293.26 1
9.75 304.96 1
9.76 297.18 1
9.77 295.38 1
9.78 299.03 1
9.79 298.24 1
9.8 296.31 1
9.81 293.26 1
9.82 295.04 1
9.83 295.05 1
9.84 293.23 1
9.85 293.05 1
9.86 291.0 1
9.87 288.9 1
9.88 284.92 1
9.89 281.62 1
9.9 271.35 1
9.91 261.61 1
9.92 253.1 1
9.93 244.32 1
9.94 119.52 1
9.95 118.48 1
9.96 238.01 1
9.97 242.71 1
9.98 246.2 1
9.99 252.73 1
10.0 258.82 1
10.01 275.02 1
10.02 284.97 1
10.03 293.09 1
10.04 297.96 1
10.05 295.27 1
10.06 301.67 1
10.07 301.14 1
10.08 301.08 1
10.09 301.03 1
10.1 300.24 1
10.11 300.01 1
10.12 300.66 1
10.13 300.88 1
10.14 299.1 1
10.15 300.64 1
10.16 298.99 1
10.17 295.11 1
10.18 295.0 1
10.19 294.21 1
10.2 290.64 1
10.21 288.41 1
10.22 284.34 1
10.23 282.74 1
10.24 282.61 1
10.25 284.12 1
10.26 288.61 1
10.27 292.59 1
10.28 293.17 1
10.29 299.23 1
10.3 301.14 1
10.31 301.19 1
10.32 299.19 1
10.33 307.1 1
10.34 299.17 1
10.35 297.19 1
10.36 297.03 1
10.37 295.11 1
10.38 295.04 1
10.39 291.39 1
10.4 291.09 1
10.41 289.23 1
10.42 286.24 1
10.43 281.73 1
10.44 278.08 1
10.45 274.5 1
10.46 258.78 1
10.47 251.45 1
10.48 247.03 1
10.49 242.39 1
10.5 239.74 1
10.51 236.22 1
10.52 231.42 1
10.53 227.93 1
10.54 225.61 1
10.55 224.06 1
