0.01 365.96 1
0.02 0.0 1
0.03 0.0 1
0.04 0.0 1
0.05 0.0 1
0.06 283.14 1
0.07 289.16 1
0.08 289.95 1
0.09 286.43 1
0.1 289.04 1
0.11 291.11 1
0.12 292.71 1
0.13 294.76 1
0.14 293.2 1
0.15 295.09 1
0.16 295.11 1
0.17 296.35 1
0.18 295.09 1
0.19 295.05 1
0.2 293.2 1
0.21 291.16 1
0.22 282.84 1
0.23 271.29 1
0.24 245.2 1
0.25 227.97 1
0.26 224.58 1
0.27 226.82 1
0.28 197.31 1
0.29 249.43 1
0.3 252.74 1
0.31 269.72 1
0.32 280.7 1
0.33 285.56 1
0.34 291.1 1
0.35 309.47 1
0.36 311.43 1
0.37 304.09 1
0.38 297.22 1
0.39 291.22 1
0.4 285.56 1
0.41 279.25 1
0.42 273.76 1
0.43 264.97 1
0.44 256.45 1
0.45 250.39 1
0.46 245.26 1
0.47 243.79 1
0.48 244.3 1
0.49 246.67 1
0.5 250.51 1
0.51 254.38 1
0.52 266.42 1
0.53 275.92 1
0.54 290.27 1
0.55 299.15 1
0.56 313.66 1
0.57 313.83 1
0.58 312.49 1
0.59 306.75 1
0.6 300.07 1
0.61 291.06 1
0.62 283.42 1
0.63 0.0 1
0.64 0.0 1
0.65 0.0 1
0.66 0.0 1
0.67 0.0 1
0.68 271.82 1
0.69 272.2 1
0.7 278.19 1
0.71 282.93 1
0.72 284.81 1
0.73 290.84 1
0.74 295.01 1
0.75 298.08 1
0.76 298.84 1
0.77 298.68 1
0.78 297.02 1
0.79 296.78 1
0.8 297.07 1
0.81 300.52 1
0.82 301.04 1
0.83 301.1 1
0.84 303.09 1
0.85 302.09 1
0.86 300.42 1
0.87 297.14 1
0.88 299.06 1
0.89 299.03 1
0.9 299.02 1
0.91 299.05 1
0.92 299.01 1
0.93 293.05 1
0.94 286.53 1
0.95 297.06 1
0.96 302.66 1
0.97 294.87 1
0.98 291.03 1
0.99 353.69 1
1.0 370.68 1
1.01 377.97 1
1.02 382.15 1
1.03 385.45 1
1.04 386.02 1
1.05 381.4 1
1.06 374.88 1
1.07 369.46 1
1.08 363.8 1
1.09 359.2 1
1.1 355.84 1
1.11 353.34 1
1.12 350.58 1
1.13 347.41 1
1.14 345.8 1
1.15 343.21 1
1.16 342.18 1
1.17 340.75 1
1.18 341.26 1
1.19 341.91 1
1.2 341.6 1
1.21 340.24 1
1.22 338.3 1
1.23 330.91 1
1.24 318.77 1
1.25 325.43 1
1.26 327.56 1
1.27 333.75 1
1.28 347.9 1
1.29 361.45 1
1.3 369.4 1
1.31 372.27 1
1.32 373.68 1
1.33 371.83 1
1.34 367.99 1
1.35 361.83 1
1.36 353.73 1
1.37 345.95 1
1.38 339.37 1
1.39 336.63 1
1.4 337.14 1
1.41 340.64 1
1.42 344.53 1
1.43 348.7 1
1.44 355.94 1
1.45 363.56 1
1.46 367.34 1
1.47 367.25 1
1.48 363.24 1
1.49 358.98 1
1.5 353.08 1
1.51 344.64 1
1.52 338.99 1
1.53 335.19 1
1.54 331.53 1
1.55 330.91 1
1.56 330.34 1
1.57 331.34 1
1.58 332.94 1
1.59 335.4 1
1.6 335.5 1
1.61 335.13 1
1.62 328.15 1
1.63 306.74 1
1.64 304.96 1
1.65 297.1 1
1.66 332.47 1
1.67 351.15 1
1.68 377.74 1
1.69 381.5 1
1.7 386.58 1
1.71 389.85 1
1.72 390.92 1
1.73 389.62 1
1.74 386.71 1
1.75 385.11 1
1.76 379.01 1
1.77 378.15 1
1.78 368.77 1
1.79 364.61 1
1.8 360.27 1
1.81 361.38 1
1.82 361.75 1
1.83 362.68 1
1.84 364.16 1
1.85 366.31 1
1.86 369.29 1
1.87 372.41 1
1.88 375.11 1
1.89 374.38 1
1.9 372.72 1
1.91 351.43 1
1.92 340.01 1
1.93 375.44 1
1.94 370.27 1
1.95 369.26 1
1.96 373.52 1
1.97 391.08 1
1.98 396.97 1
1.99 398.33 1
2.0 400.44 1
2.01 399.15 1
2.02 394.29 1
2.03 389.27 1
2.04 390.06 1
2.05 388.37 1
2.06 383.91 1
2.07 381.49 1
2.08 381.31 1
2.09 372.09 1
2.1 367.66 1
2.11 363.16 1
2.12 368.54 1
2.13 360.23 1
2.14 362.69 1
2.15 360.13 1
2.16 362.22 1
2.17 365.96 1
2.18 368.96 1
2.19 370.03 1
2.2 372.12 1
2.21 373.56 1
2.22 381.6 1
2.23 381.2 1
2.24 366.11 1
2.25 377.18 1
2.26 396.11 1
2.27 413.53 1
2.28 405.78 1
2.29 404.25 1
2.3 402.42 1
2.31 399.34 1
2.32 395.98 1
2.33 392.76 1
2.34 389.56 1
2.35 385.13 1
2.36 382.78 1
2.37 379.99 1
2.38 381.41 1
2.39 375.26 1
2.4 375.14 1
2.41 375.03 1
2.42 373.37 1
2.43 378.18 1
2.44 378.44 1
2.45 377.4 1
2.46 378.17 1
2.47 372.08 1
2.48 368.88 1
2.49 366.39 1
2.5 363.08 1
2.51 357.67 1
2.52 355.13 1
2.53 363.32 1
2.54 364.34 1
2.55 367.36 1
2.56 368.53 1
2.57 0.0 1
2.58 0.0 1
2.59 0.0 1
2.6 439.38 1
2.61 446.85 1
2.62 456.19 1
2.63 453.86 1
2.64 454.93 1
2.65 452.18 1
2.66 446.8 1
2.67 435.02 1
2.68 426.66 1
2.69 418.16 1
2.7 409.41 1
2.71 401.03 1
2.72 392.27 1
2.73 385.61 1
2.74 380.16 1
2.75 378.44 1
2.76 378.41 1
2.77 376.43 1
2.78 375.67 1
2.79 378.35 1
2.8 375.93 1
2.81 378.44 1
2.82 379.15 1
2.83 382.33 1
2.84 385.75 1
2.85 388.02 1
2.86 384.43 1
2.87 391.93 1
2.88 397.32 1
2.89 402.45 1
2.9 408.91 1
2.91 409.39 1
2.92 408.36 1
2.93 403.81 1
2.94 399.04 1
2.95 393.61 1
2.96 385.07 1
2.97 375.9 1
2.98 368.87 1
2.99 359.32 1
3.0 351.77 1
3.01 348.36 1
3.02 344.53 1
3.03 340.15 1
3.04 337.99 1
3.05 336.76 1
3.06 334.46 1
3.07 334.62 1
3.08 334.55 1
3.09 335.63 1
3.1 336.34 1
3.11 336.19 1
3.12 336.45 1
3.13 338.03 1
3.14 342.15 1
3.15 349.46 1
3.16 357.89 1
3.17 366.65 1
3.18 373.58 1
3.19 380.43 1
3.2 384.87 1
3.21 376.41 1
3.22 360.37 1
3.23 346.5 1
3.24 327.56 1
3.25 0.0 1
3.26 0.0 1
3.27 0.0 1
3.28 0.0 1
3.29 0.0 1
3.3 0.0 1
3.31 143.45 1
3.32 143.41 1
3.33 145.78 1
3.34 146.23 1
3.35 145.36 1
3.36 146.2 1
3.37 146.25 1
3.38 146.41 1
3.39 145.37 1
3.4 145.8 1
3.41 146.66 1
3.42 147.92 1
3.43 149.21 1
3.44 150.74 1
3.45 151.79 1
3.46 151.5 1
3.47 150.99 1
3.48 150.62 1
3.49 151.49 1
3.5 152.43 1
3.51 152.39 1
3.52 303.12 1
3.53 295.14 1
3.54 295.14 1
3.55 289.45 1
3.56 296.61 1
3.57 293.04 1
3.58 291.09 1
3.59 298.29 1
3.6 297.36 1
3.61 298.37 1
3.62 297.51 1
3.63 298.57 1
3.64 299.5 1
3.65 299.56 1
3.66 297.34 1
3.67 301.55 1
3.68 300.99 1
3.69 299.76 1
3.7 295.49 1
3.71 297.67 1
3.72 294.57 1
3.73 290.92 1
3.74 288.23 1
3.75 286.46 1
3.76 288.3 1
3.77 291.54 1
3.78 297.06 1
3.79 311.36 1
3.8 314.54 1
3.81 313.67 1
3.82 309.32 1
3.83 299.14 1
3.84 287.16 1
3.85 271.24 1
3.86 0.0 1
3.87 0.0 1
3.88 0.0 1
3.89 0.0 1
3.9 278.33 1
3.91 285.11 1
3.92 289.72 1
3.93 297.64 1
3.94 296.67 1
3.95 150.2 1
3.96 149.53 1
3.97 149.22 1
3.98 148.8 1
3.99 148.9 1
4.0 149.54 1
4.01 149.8 1
4.02 149.71 1
4.03 149.4 1
4.04 149.28 1
4.05 149.73 1
4.06 149.53 1
4.07 149.22 1
4.08 148.51 1
4.09 148.04 1
4.1 147.81 1
4.11 147.51 1
4.12 295.09 1
4.13 297.02 1
4.14 293.17 1
4.15 277.65 1
4.16 291.17 1
4.17 311.65 1
4.18 325.38 1
4.19 293.36 1
4.2 399.43 1
4.21 402.62 1
4.22 406.54 1
4.23 362.38 1
4.24 389.85 1
4.25 397.51 1
4.26 391.97 1
4.27 382.59 1
4.28 374.2 1
4.29 366.87 1
4.3 357.42 1
4.31 353.04 1
4.32 346.89 1
4.33 340.64 1
4.34 336.86 1
4.35 331.67 1
4.36 327.08 1
4.37 324.67 1
4.38 324.61 1
4.39 326.67 1
4.4 331.34 1
4.41 337.95 1
4.42 348.01 1
4.43 360.92 1
4.44 377.85 1
4.45 388.32 1
4.46 389.27 1
4.47 383.36 1
4.48 372.3 1
4.49 353.09 1
4.5 0.0 1
4.51 0.0 1
4.52 0.0 1
4.53 0.0 1
4.54 0.0 1
4.55 0.0 1
4.56 284.57 1
4.57 289.95 1
4.58 290.93 1
4.59 295.68 1
4.6 298.95 1
4.61 298.22 1
4.62 297.03 1
4.63 295.14 1
4.64 295.12 1
4.65 295.04 1
4.66 292.9 1
4.67 291.56 1
4.68 291.15 1
4.69 291.26 1
4.7 293.1 1
4.71 294.99 1
4.72 295.12 1
4.73 296.58 1
4.74 295.15 1
4.75 297.94 1
4.76 299.54 1
4.77 297.13 1
4.78 289.32 1
4.79 289.31 1
4.8 298.5 1
4.81 300.15 1
4.82 297.51 1
4.83 296.09 1
4.84 298.06 1
4.85 303.54 1
4.86 304.81 1
4.87 297.37 1
4.88 302.84 1
4.89 302.8 1
4.9 297.42 1
4.91 301.63 1
4.92 306.65 1
4.93 302.42 1
4.94 302.45 1
4.95 300.33 1
4.96 296.8 1
4.97 292.84 1
4.98 288.88 1
4.99 286.31 1
5.0 285.11 1
5.01 287.2 1
5.02 292.87 1
5.03 295.24 1
5.04 301.62 1
5.05 307.18 1
5.06 308.34 1
5.07 307.3 1
5.08 0.0 1
5.09 0.0 1
5.1 0.0 1
5.11 0.0 1
5.12 0.0 1
5.13 292.7 1
5.14 295.98 1
5.15 299.99 1
5.16 297.24 1
5.17 297.02 1
5.18 297.01 1
5.19 296.69 1
5.2 295.9 1
5.21 293.17 1
5.22 295.0 1
5.23 295.0 1
5.24 295.03 1
5.25 293.3 1
5.26 293.28 1
5.27 291.33 1
5.28 291.0 1
5.29 287.35 1
5.3 281.68 1
5.31 274.56 1
5.32 259.06 1
5.33 254.23 1
5.34 247.01 1
5.35 244.4 1
5.36 243.02 1
5.37 244.82 1
5.38 244.75 1
5.39 0.0 1
5.4 0.0 1
5.41 0.0 1
5.42 0.0 1
5.43 0.0 1
5.44 0.0 1
5.45 298.07 1
5.46 304.44 1
5.47 309.47 1
5.48 302.0 1
5.49 301.08 1
5.5 302.25 1
5.51 299.08 1
5.52 295.16 1
5.53 293.22 1
5.54 291.18 1
5.55 287.25 1
5.56 282.06 1
5.57 276.47 1
5.58 266.8 1
5.59 270.91 1
5.6 258.86 1
5.61 254.25 1
5.62 250.18 1
5.63 246.96 1
5.64 481.94 1
5.65 241.61 1
5.66 245.5 1
5.67 245.64 1
5.68 248.68 1
5.69 254.27 1
5.7 257.4 1
5.71 266.99 1
5.72 280.93 1
5.73 287.34 1
5.74 279.95 1
5.75 281.76 1
5.76 147.25 1
5.77 148.73 1
5.78 151.27 1
5.79 152.1 1
5.8 152.13 1
5.81 151.07 1
5.82 150.49 1
5.83 150.35 1
5.84 150.8 1
5.85 151.31 1
5.86 152.38 1
5.87 152.88 1
5.88 152.89 1
5.89 152.55 1
5.9 151.85 1
5.91 150.77 1
5.92 149.25 1
5.93 147.18 1
5.94 290.61 1
5.95 287.46 1
5.96 283.29 1
5.97 280.07 1
5.98 280.38 1
5.99 283.48 1
6.0 288.01 1
6.01 295.05 1
6.02 300.75 1
6.03 307.09 1
6.04 307.32 1
6.05 266.49 1
6.06 299.1 1
6.07 301.12 1
6.08 295.23 1
6.09 305.84 1
6.1 307.27 1
6.11 311.61 1
6.12 299.08 1
6.13 298.95 1
6.14 296.86 1
6.15 293.13 1
6.16 290.45 1
6.17 286.26 1
6.18 278.77 1
6.19 266.33 1
6.2 257.99 1
6.21 251.04 1
6.22 248.54 1
6.23 246.43 1
6.24 244.69 1
6.25 245.6 1
6.26 244.29 1
6.27 244.84 1
6.28 247.23 1
6.29 254.21 1
6.3 257.23 1
6.31 277.22 1
6.32 284.44 1
6.33 287.36 1
6.34 284.5 1
6.35 279.3 1
6.36 264.92 1
6.37 0.0 1
6.38 0.0 1
6.39 0.0 1
6.4 0.0 1
6.41 0.0 1
6.42 0.0 1
6.43 227.91 1
6.44 223.43 1
6.45 221.45 1
6.46 222.36 1
6.47 222.39 1
6.48 222.84 1
6.49 223.58 1
6.5 224.35 1
6.51 225.58 1
6.52 226.75 1
6.53 227.96 1
6.54 227.99 1
6.55 227.79 1
6.56 225.62 1
6.57 224.01 1
6.58 220.54 1
6.59 214.57 1
6.6 206.64 1
6.61 203.3 1
6.62 202.75 1
6.63 203.76 1
6.64 208.56 1
6.65 212.58 1
6.66 218.51 1
6.67 223.33 1
6.68 215.13 1
6.69 224.43 1
6.7 218.84 1
6.71 232.71 1
6.72 218.85 1
6.73 225.86 1
6.74 224.37 1
6.75 224.69 1
6.76 221.15 1
6.77 224.64 1
6.78 225.03 1
6.79 224.6 1
6.8 223.35 1
6.81 224.96 1
6.82 225.21 1
6.83 225.57 1
6.84 225.58 1
6.85 225.82 1
6.86 225.62 1
6.87 226.43 1
6.88 226.82 1
6.89 226.57 1
6.9 225.48 1
6.91 222.26 1
6.92 220.45 1
6.93 217.75 1
6.94 217.65 1
6.95 217.3 1
6.96 223.93 1
6.97 235.46 1
6.98 245.26 1
6.99 261.55 1
7.0 271.87 1
7.01 260.39 1
7.02 285.59 1
7.03 301.03 1
7.04 318.26 1
7.05 320.22 1
7.06 318.33 1
7.07 318.39 1
7.08 316.1 1
7.09 307.41 1
7.1 299.15 1
7.11 295.25 1
7.12 288.54 1
7.13 282.0 1
7.14 274.76 1
7.15 264.91 1
7.16 257.14 1
7.17 252.45 1
7.18 247.04 1
7.19 246.96 1
7.2 245.63 1
7.21 246.97 1
7.22 247.03 1
7.23 250.09 1
7.24 254.18 1
7.25 258.73 1
7.26 268.08 1
7.27 279.99 1
7.28 287.32 1
7.29 291.25 1
7.3 289.66 1
7.31 284.17 1
7.32 274.7 1
7.33 270.87 1
7.34 0.0 1
7.35 0.0 1
7.36 0.0 1
7.37 0.0 1
7.38 0.0 1
7.39 0.0 1
7.4 0.0 1
7.41 226.39 1
7.42 227.87 1
7.43 226.54 1
7.44 224.87 1
7.45 225.99 1
7.46 226.51 1
7.47 226.74 1
7.48 226.33 1
7.49 226.74 1
7.5 225.63 1
7.51 225.65 1
7.52 226.78 1
7.53 226.78 1
7.54 226.77 1
7.55 225.61 1
7.56 225.45 1
7.57 224.96 1
7.58 225.13 1
7.59 224.87 1
7.6 223.35 1
7.61 221.7 1
7.62 219.39 1
7.63 211.53 1
7.64 222.12 1
7.65 225.25 1
7.66 215.66 1
7.67 216.39 1
7.68 215.65 1
7.69 219.96 1
7.7 227.66 1
7.71 224.4 1
7.72 223.35 1
7.73 223.56 1
7.74 224.19 1
7.75 223.43 1
7.76 222.1 1
7.77 222.16 1
7.78 222.43 1
7.79 221.99 1
7.8 220.8 1
7.81 220.2 1
7.82 216.85 1
7.83 215.54 1
7.84 206.69 1
7.85 203.89 1
7.86 209.48 1
7.87 212.16 1
7.88 217.76 1
7.89 238.61 1
7.9 255.7 1
7.91 287.57 1
7.92 297.02 1
7.93 296.08 1
7.94 271.38 1
7.95 289.3 1
7.96 204.65 1
7.97 204.23 1
7.98 191.32 1
7.99 181.19 1
8.0 199.2 1
8.01 206.4 1
8.02 214.01 1
8.03 226.05 1
8.04 231.62 1
8.05 238.97 1
8.06 240.46 1
8.07 241.58 1
8.08 232.15 1
8.09 220.64 1
8.1 212.51 1
8.11 203.13 1
8.12 200.88 1
8.13 204.67 1
8.14 211.35 1
8.15 217.35 1
8.16 221.45 1
8.17 224.16 1
8.18 225.03 1
8.19 225.46 1
8.2 225.5 1
8.21 223.31 1
8.22 221.65 1
8.23 219.43 1
8.24 217.13 1
8.25 214.74 1
8.26 214.71 1
8.27 90.28 1
8.28 73.96 1
8.29 74.06 1
8.3 74.79 1
8.31 74.81 1
8.32 74.34 1
8.33 74.25 1
8.34 74.42 1
8.35 74.55 1
8.36 74.72 1
8.37 74.56 1
8.38 74.74 1
8.39 74.38 1
8.4 74.22 1
8.41 74.74 1
8.42 74.36 1
8.43 74.13 1
8.44 74.77 1
8.45 74.43 1
8.46 74.81 1
8.47 74.32 1
8.48 74.56 1
8.49 75.06 1
8.5 74.25 1
8.51 74.6 1
8.52 74.81 1
8.53 74.2 1
8.54 74.94 1
8.55 74.54 1
8.56 74.21 1
8.57 74.94 1
8.58 73.42 1
8.59 82.36 1
8.6 216.55 1
8.61 217.99 1
8.62 224.41 1
8.63 228.4 1
8.64 231.2 1
8.65 228.94 1
8.66 227.76 1
8.67 224.57 1
8.68 219.71 1
8.69 214.56 1
8.7 206.61 1
8.71 201.98 1
8.72 194.94 1
8.73 185.74 1
8.74 180.31 1
8.75 176.66 1
8.76 175.2 1
8.77 179.99 1
8.78 184.93 1
8.79 192.91 1
8.8 200.95 1
8.81 212.48 1
8.82 217.43 1
8.83 221.39 1
8.84 224.04 1
8.85 223.69 1
8.86 223.59 1
8.87 223.22 1
8.88 222.49 1
8.89 222.25 1
8.9 223.2 1
8.91 225.19 1
8.92 225.59 1
8.93 225.59 1
8.94 224.01 1
8.95 219.52 1
8.96 213.32 1
8.97 209.4 1
8.98 207.83 1
8.99 209.54 1
9.0 217.36 1
9.01 222.51 1
9.02 226.73 1
9.03 223.74 1
9.04 216.17 1
9.05 74.28 1
9.06 74.3 1
9.07 74.56 1
9.08 74.12 1
9.09 74.63 1
9.1 74.56 1
9.11 74.48 1
9.12 74.7 1
9.13 74.39 1
9.14 74.85 1
9.15 74.56 1
9.16 74.52 1
9.17 75.09 1
9.18 74.43 1
9.19 74.56 1
9.2 74.62 1
9.21 74.38 1
9.22 74.73 1
9.23 74.51 1
9.24 74.63 1
9.25 74.64 1
9.26 74.18 1
9.27 74.57 1
9.28 95.23 1
9.29 205.06 1
9.3 217.96 1
9.31 204.73 1
9.32 199.61 1
9.33 199.57 1
9.34 198.38 1
9.35 200.16 1
9.36 202.77 1
9.37 203.79 1
9.38 207.65 1
9.39 218.57 1
9.4 225.63 1
9.41 242.87 1
9.42 250.37 1
9.43 267.96 1
9.44 284.12 1
9.45 294.97 1
9.46 295.11 1
9.47 303.13 1
9.48 304.38 1
9.49 299.01 1
9.5 294.61 1
9.51 288.41 1
9.52 283.66 1
9.53 278.11 1
9.54 278.14 1
9.55 271.04 1
9.56 264.38 1
9.57 257.81 1
9.58 250.66 1
9.59 246.0 1
9.6 240.54 1
9.61 240.25 1
9.62 236.42 1
9.63 227.96 1
9.64 225.17 1
9.65 222.02 1
9.66 220.77 1
9.67 220.66 1
9.68 221.21 1
9.69 222.75 1
9.7 224.51 1
9.71 226.49 1
9.72 226.74 1
9.73 225.59 1
9.74 224.22 1
9.75 223.3 1
9.76 220.74 1
9.77 216.98 1
9.78 221.08 1
9.79 222.18 1
9.8 214.61 1
9.81 221.01 1
9.82 206.54 1
9.83 200.04 1
9.84 199.11 1
9.85 200.91 1
9.86 175.36 1
9.87 229.56 1
9.88 243.25 1
9.89 227.12 1
9.9 225.47 1
9.91 223.53 1
9.92 220.28 1
9.93 219.54 1
9.94 219.91 1
9.95 220.77 1
9.96 222.12 1
9.97 223.34 1
9.98 224.84 1
9.99 225.33 1
10.0 225.33 1
10.01 226.01 1
10.02 225.39 1
10.03 223.77 1
10.04 221.36 1
10.05 218.52 1
10.06 216.03 1
10.07 215.51 1
10.08 220.33 1
10.09 227.97 1
10.1 244.92 1
10.11 255.71 1
10.12 277.34 1
10.13 281.73 1
10.14 285.42 1
10.15 315.63 1
