0.01 294.98 1
0.02 293.26 1
0.03 285.5 1
0.04 286.6 1
0.05 255.8 1
0.06 248.76 1
0.07 245.65 1
0.08 241.59 1
0.09 229.31 1
0.1 235.2 1
0.11 237.23 1
0.12 240.71 1
0.13 247.57 1
0.14 254.22 1
0.15 264.97 1
0.16 277.32 1
0.17 283.7 1
0.18 286.62 1
0.19 286.03 1
0.2 281.76 1
0.21 278.19 1
0.22 276.37 1
0.23 262.65 1
0.24 254.26 1
0.25 253.96 1
0.26 253.5 1
0.27 254.3 1
0.28 255.65 1
0.29 251.43 1
0.3 0.0 1
0.31 0.0 1
0.32 0.0 1
0.33 0.0 1
0.34 0.0 1
0.35 0.0 1
0.36 0.0 1
0.37 124.05 1
0.38 121.33 1
0.39 122.67 1
0.4 123.95 1
0.41 122.67 1
0.42 123.7 1
0.43 125.43 1
0.44 124.75 1
0.45 123.13 1
0.46 124.57 1
0.47 124.0 1
0.48 0.0 1
0.49 0.0 1
0.5 386.42 1
0.51 385.84 1
0.52 379.33 1
0.53 379.3 1
0.54 377.15 1
0.55 375.85 1
0.56 373.52 1
0.57 372.03 1
0.58 367.55 1
0.59 367.5 1
0.6 369.78 1
0.61 372.1 1
0.62 371.68 1
0.63 373.12 1
0.64 374.68 1
0.65 375.53 1
0.66 376.94 1
0.67 381.66 1
0.68 381.74 1
0.69 381.11 1
0.7 380.89 1
0.71 366.06 1
0.72 378.54 1
0.73 380.33 1
0.74 382.81 1
0.75 381.14 1
0.76 381.06 1
0.77 378.88 1
0.78 378.66 1
0.79 376.3 1
0.8 374.22 1
0.81 370.58 1
0.82 365.88 1
0.83 360.19 1
0.84 354.5 1
0.85 346.07 1
0.86 341.8 1
0.87 337.56 1
0.88 333.17 1
0.89 332.99 1
0.9 330.59 1
0.91 330.32 1
0.92 327.78 1
0.93 327.64 1
0.94 330.02 1
0.95 333.97 1
0.96 342.25 1
0.97 344.57 1
0.98 351.2 1
0.99 372.09 1
1.0 391.99 1
1.01 397.28 1
1.02 398.2 1
1.03 396.53 1
1.04 395.1 1
1.05 390.47 1
1.06 385.81 1
1.07 380.96 1
1.08 375.67 1
1.09 368.94 1
1.1 361.43 1
1.11 356.99 1
1.12 353.95 1
1.13 343.73 1
1.14 348.37 1
1.15 345.0 1
1.16 340.68 1
1.17 341.16 1
1.18 340.53 1
1.19 338.75 1
1.2 337.38 1
1.21 340.21 1
1.22 335.26 1
1.23 334.72 1
1.24 334.16 1
1.25 334.1 1
1.26 334.93 1
1.27 336.5 1
1.28 339.69 1
1.29 345.68 1
1.3 346.63 1
1.31 350.58 1
1.32 356.11 1
1.33 358.75 1
1.34 359.83 1
1.35 358.49 1
1.36 358.44 1
1.37 354.37 1
1.38 351.4 1
1.39 343.96 1
1.4 338.16 1
1.41 332.95 1
1.42 328.32 1
1.43 322.83 1
1.44 320.34 1
1.45 313.19 1
1.46 309.6 1
1.47 307.09 1
1.48 300.71 1
1.49 294.64 1
1.5 289.67 1
1.51 285.84 1
1.52 282.49 1
1.53 281.5 1
1.54 277.1 1
1.55 275.47 1
1.56 291.38 1
1.57 295.34 1
1.58 295.26 1
1.59 319.26 1
1.6 299.08 1
1.61 296.95 1
1.62 320.57 1
1.63 312.67 1
1.64 325.14 1
1.65 307.79 1
1.66 320.11 1
1.67 310.11 1
1.68 304.27 1
1.69 298.05 1
1.7 294.71 1
1.71 288.8 1
1.72 284.79 1
1.73 282.1 1
1.74 280.14 1
1.75 280.1 1
1.76 280.71 1
1.77 283.54 1
1.78 289.27 1
1.79 295.74 1
1.8 302.58 1
1.81 307.68 1
1.82 312.47 1
1.83 314.58 1
1.84 320.06 1
1.85 309.78 1
1.86 305.55 1
1.87 301.58 1
1.88 296.08 1
1.89 291.36 1
1.9 287.34 1
1.91 285.45 1
1.92 282.46 1
1.93 286.09 1
1.94 290.08 1
1.95 298.12 1
1.96 340.63 1
1.97 345.95 1
1.98 368.61 1
1.99 374.28 1
2.0 381.8 1
2.01 430.28 1
2.02 414.09 1
2.03 386.14 1
2.04 376.67 1
2.05 375.31 1
2.06 362.99 1
2.07 353.87 1
2.08 347.16 1
2.09 342.7 1
2.1 341.76 1
2.11 339.82 1
2.12 340.28 1
2.13 342.6 1
2.14 348.26 1
2.15 353.79 1
2.16 358.56 1
2.17 362.39 1
2.18 368.45 1
2.19 373.22 1
2.2 373.95 1
2.21 372.02 1
2.22 366.45 1
2.23 362.25 1
2.24 356.2 1
2.25 350.63 1
2.26 343.78 1
2.27 337.35 1
2.28 329.7 1
2.29 323.36 1
2.3 320.42 1
2.31 314.91 1
2.32 311.5 1
2.33 297.5 1
2.34 297.71 1
2.35 294.1 1
2.36 291.47 1
2.37 289.36 1
2.38 289.66 1
2.39 289.28 1
2.4 288.15 1
2.41 288.78 1
2.42 290.97 1
2.43 293.09 1
2.44 302.0 1
2.45 306.12 1
2.46 307.69 1
2.47 304.74 1
2.48 300.87 1
2.49 298.05 1
2.5 291.27 1
2.51 275.98 1
2.52 0.0 1
2.53 74.56 1
2.54 71.53 1
2.55 71.65 1
2.56 74.56 1
2.57 74.5 1
2.58 74.52 1
2.59 74.47 1
2.6 74.54 1
2.61 0.0 1
2.62 0.0 1
2.63 295.01 1
2.64 294.58 1
2.65 298.72 1
2.66 293.03 1
2.67 295.5 1
2.68 294.98 1
2.69 294.99 1
2.7 293.13 1
2.71 295.02 1
2.72 294.56 1
2.73 295.06 1
2.74 293.13 1
2.75 295.1 1
2.76 293.25 1
2.77 295.15 1
2.78 295.11 1
2.79 297.06 1
2.8 295.08 1
2.81 297.04 1
2.82 295.09 1
2.83 295.07 1
2.84 293.19 1
2.85 295.03 1
2.86 293.11 1
2.87 293.07 1
2.88 293.04 1
2.89 291.13 1
2.9 289.11 1
2.91 284.63 1
2.92 283.31 1
2.93 279.28 1
2.94 285.19 1
2.95 290.09 1
2.96 289.85 1
2.97 394.4 1
2.98 396.95 1
2.99 375.38 1
3.0 348.66 1
3.01 285.54 1
3.02 287.3 1
3.03 278.3 1
3.04 254.16 1
3.05 280.06 1
3.06 292.37 1
3.07 288.47 1
3.08 296.3 1
3.09 309.45 1
3.1 311.54 1
3.11 297.41 1
3.12 301.07 1
3.13 295.11 1
3.14 293.63 1
3.15 289.95 1
3.16 285.6 1
3.17 286.79 1
3.18 287.08 1
3.19 288.41 1
3.2 291.45 1
3.21 296.76 1
3.22 299.05 1
3.23 301.14 1
3.24 301.19 1
3.25 301.07 1
3.26 299.07 1
3.27 297.15 1
3.28 297.17 1
3.29 299.93 1
3.3 297.23 1
3.31 299.74 1
3.32 298.91 1
3.33 293.31 1
3.34 297.1 1
3.35 299.01 1
3.36 299.05 1
3.37 295.25 1
3.38 297.05 1
3.39 295.9 1
3.4 293.12 1
3.41 290.47 1
3.42 286.47 1
3.43 279.02 1
3.44 269.85 1
3.45 261.07 1
3.46 251.37 1
3.47 245.9 1
3.48 233.99 1
3.49 252.65 1
3.5 276.49 1
3.51 251.28 1
3.52 255.34 1
3.53 267.72 1
3.54 269.73 1
3.55 295.74 1
3.56 311.65 1
3.57 304.94 1
3.58 287.32 1
3.59 309.23 1
3.6 305.4 1
3.61 299.58 1
3.62 305.72 1
3.63 299.18 1
3.64 299.13 1
3.65 303.99 1
3.66 301.13 1
3.67 297.23 1
3.68 298.94 1
3.69 292.78 1
3.7 286.75 1
3.71 283.81 1
3.72 281.8 1
3.73 285.39 1
3.74 288.89 1
3.75 294.88 1
3.76 299.35 1
3.77 299.22 1
3.78 301.11 1
3.79 295.03 1
3.8 301.04 1
3.81 291.16 1
3.82 289.2 1
3.83 268.07 1
3.84 295.02 1
3.85 293.06 1
3.86 289.76 1
3.87 306.41 1
3.88 295.15 1
3.89 298.58 1
3.9 298.7 1
3.91 297.04 1
3.92 299.86 1
3.93 295.07 1
3.94 295.05 1
3.95 297.18 1
3.96 296.69 1
3.97 295.04 1
3.98 295.92 1
3.99 296.39 1
4.0 295.03 1
4.01 291.27 1
4.02 291.18 1
4.03 288.46 1
4.04 283.2 1
4.05 279.82 1
4.06 268.33 1
4.07 262.9 1
4.08 254.9 1
4.09 248.79 1
4.1 242.97 1
4.11 237.05 1
4.12 229.31 1
4.13 225.73 1
4.14 226.74 1
4.15 223.81 1
4.16 212.54 1
4.17 0.0 1
4.18 0.0 1
4.19 0.0 1
4.2 0.0 1
4.21 217.78 1
4.22 225.51 1
4.23 226.36 1
4.24 226.91 1
4.25 226.7 1
4.26 225.74 1
4.27 224.71 1
4.28 223.22 1
4.29 223.59 1
4.3 222.16 1
4.31 221.43 1
4.32 221.22 1
4.33 222.19 1
4.34 221.94 1
4.35 223.04 1
4.36 225.26 1
4.37 226.74 1
4.38 226.45 1
4.39 224.58 1
4.4 221.37 1
4.41 217.32 1
4.42 213.6 1
4.43 217.75 1
4.44 222.53 1
4.45 227.94 1
4.46 245.74 1
4.47 260.1 1
4.48 295.82 1
4.49 335.37 1
4.5 303.08 1
4.51 303.05 1
4.52 340.54 1
4.53 313.84 1
4.54 291.16 1
4.55 289.17 1
4.56 299.0 1
4.57 127.65 1
4.58 123.94 1
4.59 120.65 1
4.6 118.71 1
4.61 118.48 1
4.62 120.2 1
4.63 123.43 1
4.64 127.51 1
4.65 90.51 1
4.66 93.14 1
4.67 95.98 1
4.68 96.81 1
4.69 100.79 1
4.7 96.81 1
4.71 97.68 1
4.72 97.03 1
4.73 96.73 1
4.74 95.77 1
4.75 96.32 1
4.76 93.73 1
4.77 92.99 1
4.78 91.89 1
4.79 93.33 1
4.8 93.22 1
4.81 92.45 1
4.82 93.13 1
4.83 102.44 1
4.84 102.76 1
4.85 103.39 1
4.86 105.39 1
4.87 103.68 1
4.88 100.35 1
4.89 100.6 1
4.9 100.65 1
4.91 100.48 1
4.92 99.93 1
4.93 99.14 1
4.94 96.19 1
4.95 83.29 1
4.96 74.32 1
4.97 74.68 1
4.98 74.72 1
4.99 74.18 1
5.0 74.81 1
5.01 74.56 1
5.02 74.52 1
5.03 75.34 1
5.04 74.24 1
5.05 74.24 1
5.06 75.11 1
5.07 74.46 1
5.08 75.15 1
5.09 74.49 1
5.1 73.93 1
5.11 75.19 1
5.12 74.56 1
5.13 74.81 1
5.14 74.94 1
5.15 73.74 1
5.16 74.74 1
5.17 74.41 1
5.18 74.18 1
5.19 75.19 1
5.2 74.81 1
5.21 63.5 1
5.22 62.56 1
5.23 0.0 1
5.24 0.0 1
5.25 0.0 1
5.26 300.42 1
5.27 299.71 1
5.28 300.36 1
5.29 305.08 1
5.3 301.04 1
5.31 297.06 1
5.32 295.93 1
5.33 291.67 1
5.34 287.4 1
5.35 281.76 1
5.36 276.44 1
5.37 274.66 1
5.38 264.5 1
5.39 257.19 1
5.4 250.96 1
5.41 245.67 1
5.42 243.99 1
5.43 245.09 1
5.44 245.82 1
5.45 248.43 1
5.46 254.2 1
5.47 252.98 1
5.48 0.0 1
5.49 0.0 1
5.5 322.33 1
5.51 327.04 1
5.52 345.88 1
5.53 332.81 1
5.54 382.22 1
5.55 392.01 1
5.56 402.54 1
5.57 406.99 1
5.58 399.78 1
5.59 379.86 1
5.6 368.91 1
5.61 362.66 1
5.62 355.44 1
5.63 348.62 1
5.64 341.08 1
5.65 340.26 1
5.66 335.4 1
5.67 330.53 1
5.68 330.2 1
5.69 328.83 1
5.7 327.33 1
5.71 327.88 1
5.72 330.72 1
5.73 337.77 1
5.74 344.1 1
5.75 356.47 1
5.76 375.0 1
5.77 387.5 1
5.78 401.73 1
5.79 387.23 1
5.8 370.67 1
5.81 386.69 1
5.82 356.36 1
5.83 362.61 1
5.84 402.6 1
5.85 404.46 1
5.86 378.94 1
5.87 365.97 1
5.88 353.2 1
5.89 337.31 1
5.9 327.81 1
5.91 322.95 1
5.92 315.86 1
5.93 305.04 1
5.94 295.22 1
5.95 286.93 1
5.96 279.89 1
5.97 276.34 1
5.98 267.13 1
5.99 258.85 1
6.0 258.73 1
6.01 257.19 1
6.02 255.79 1
6.03 254.18 1
6.04 247.43 1
6.05 248.58 1
6.06 250.01 1
6.07 249.08 1
6.08 248.2 1
6.09 247.93 1
6.1 246.94 1
6.11 247.42 1
6.12 250.52 1
6.13 254.18 1
6.14 258.9 1
6.15 274.29 1
6.16 280.72 1
6.17 285.32 1
6.18 295.02 1
6.19 295.07 1
6.2 309.42 1
6.21 307.27 1
6.22 318.28 1
6.23 299.86 1
6.24 293.12 1
6.25 293.15 1
6.26 295.07 1
6.27 297.03 1
6.28 295.12 1
6.29 297.11 1
6.3 303.06 1
6.31 304.32 1
6.32 299.11 1
6.33 299.07 1
6.34 297.01 1
6.35 295.08 1
6.36 295.0 1
6.37 293.11 1
6.38 293.06 1
6.39 292.84 1
6.4 291.1 1
6.41 290.64 1
6.42 290.02 1
6.43 293.08 1
6.44 319.7 1
6.45 353.62 1
6.46 434.77 1
6.47 456.49 1
6.48 434.54 1
6.49 414.19 1
6.5 368.93 1
6.51 353.19 1
6.52 281.82 1
6.53 343.3 1
6.54 291.1 1
6.55 289.19 1
6.56 294.99 1
6.57 296.71 1
6.58 303.15 1
6.59 303.85 1
6.6 308.32 1
6.61 315.67 1
6.62 303.27 1
6.63 298.93 1
6.64 291.27 1
6.65 287.2 1
6.66 282.67 1
6.67 280.62 1
6.68 280.51 1
6.69 285.98 1
6.7 292.66 1
6.71 295.1 1
6.72 301.88 1
6.73 304.39 1
6.74 305.53 1
6.75 304.78 1
6.76 304.33 1
6.77 301.09 1
6.78 287.43 1
6.79 246.88 1
6.8 248.44 1
6.81 244.84 1
6.82 246.91 1
6.83 236.5 1
6.84 252.7 1
6.85 296.96 1
6.86 295.65 1
6.87 295.91 1
6.88 307.08 1
6.89 295.13 1
6.9 295.16 1
6.91 293.2 1
6.92 295.04 1
6.93 293.09 1
6.94 291.2 1
6.95 293.1 1
6.96 293.15 1
6.97 295.09 1
6.98 293.26 1
6.99 295.22 1
7.0 297.04 1
7.01 295.13 1
7.02 293.24 1
7.03 292.71 1
7.04 287.79 1
7.05 281.68 1
7.06 276.31 1
7.07 255.81 1
7.08 251.21 1
7.09 244.6 1
7.1 244.15 1
7.11 242.97 1
7.12 246.27 1
7.13 252.35 1
7.14 258.76 1
7.15 273.72 1
7.16 291.33 1
7.17 313.84 1
7.18 319.87 1
7.19 318.2 1
7.2 303.12 1
7.21 293.05 1
7.22 291.1 1
7.23 276.44 1
7.24 208.46 1
7.25 199.32 1
7.26 195.58 1
7.27 74.81 1
7.28 74.48 1
7.29 74.19 1
7.3 74.54 1
7.31 75.05 1
7.32 62.41 1
7.33 74.54 1
7.34 74.8 1
7.35 74.43 1
7.36 74.46 1
7.37 0.0 1
7.38 0.0 1
7.39 277.69 1
7.4 273.06 1
7.41 278.66 1
7.42 282.13 1
7.43 280.8 1
7.44 280.57 1
7.45 265.66 1
7.46 250.81 1
7.47 229.15 1
7.48 223.43 1
7.49 219.91 1
7.5 218.84 1
7.51 219.34 1
7.52 221.45 1
7.53 224.44 1
7.54 225.66 1
7.55 227.58 1
7.56 227.93 1
7.57 226.8 1
7.58 224.52 1
7.59 219.95 1
7.6 217.65 1
7.61 208.76 1
7.62 205.57 1
7.63 203.27 1
7.64 204.69 1
7.65 209.93 1
7.66 210.71 1
7.67 217.81 1
7.68 220.25 1
7.69 222.45 1
7.7 224.1 1
7.71 224.08 1
7.72 223.03 1
7.73 221.89 1
7.74 219.65 1
7.75 218.41 1
7.76 218.35 1
7.77 218.54 1
7.78 219.37 1
7.79 220.78 1
7.8 220.09 1
7.81 220.16 1
7.82 218.48 1
7.83 210.59 1
7.84 226.72 1
7.85 216.73 1
7.86 213.56 1
7.87 229.09 1
7.88 223.34 1
7.89 222.56 1
7.9 221.56 1
7.91 221.51 1
7.92 222.13 1
7.93 223.28 1
7.94 223.38 1
7.95 222.95 1
7.96 222.96 1
7.97 222.6 1
7.98 222.01 1
7.99 220.77 1
8.0 218.84 1
8.01 214.62 1
8.02 211.37 1
8.03 206.05 1
8.04 205.66 1
8.05 210.86 1
8.06 216.2 1
8.07 223.06 1
8.08 226.9 1
8.09 231.81 1
8.1 239.04 1
8.11 223.33 1
8.12 211.16 1
8.13 0.0 1
8.14 0.0 1
8.15 0.0 1
8.16 0.0 1
8.17 0.0 1
8.18 191.8 1
8.19 211.5 1
8.2 213.94 1
8.21 217.77 1
8.22 219.25 1
8.23 219.93 1
8.24 220.03 1
8.25 220.04 1
8.26 221.47 1
8.27 223.17 1
8.28 224.36 1
8.29 224.01 1
8.3 222.87 1
8.31 221.8 1
8.32 222.3 1
8.33 220.75 1
8.34 209.63 1
8.35 202.82 1
8.36 194.04 1
8.37 189.63 1
8.38 185.77 1
8.39 184.66 1
8.4 183.38 1
8.41 183.57 1
8.42 183.75 1
8.43 182.68 1
8.44 186.51 1
8.45 183.43 1
8.46 182.36 1
8.47 157.76 1
8.48 185.79 1
8.49 176.51 1
8.5 183.86 1
8.51 188.79 1
8.52 190.5 1
8.53 196.62 1
8.54 199.7 1
8.55 200.99 1
8.56 201.38 1
8.57 201.29 1
8.58 198.88 1
8.59 197.66 1
8.6 194.01 1
8.61 192.14 1
8.62 187.45 1
8.63 182.59 1
8.64 174.85 1
8.65 166.71 1
8.66 158.38 1
8.67 159.48 1
8.68 157.59 1
8.69 163.62 1
8.7 164.23 1
8.71 181.11 1
8.72 186.47 1
8.73 199.02 1
8.74 215.86 1
8.75 0.0 1
8.76 0.0 1
8.77 0.0 1
8.78 0.0 1
8.79 184.87 1
8.8 192.98 1
8.81 186.4 1
8.82 176.44 1
8.83 161.35 1
8.84 154.45 1
8.85 153.19 1
8.86 155.04 1
8.87 163.22 1
8.88 168.59 1
8.89 181.5 1
8.9 189.71 1
8.91 202.78 1
8.92 210.56 1
8.93 219.51 1
8.94 224.2 1
8.95 224.35 1
8.96 221.72 1
8.97 217.75 1
8.98 210.54 1
8.99 202.98 1
9.0 197.31 1
9.01 189.75 1
9.02 187.28 1
9.03 184.47 1
9.04 182.13 1
9.05 179.65 1
9.06 178.91 1
9.07 176.89 1
9.08 154.46 1
9.09 186.46 1
9.1 187.02 1
9.11 189.67 1
9.12 189.68 1
9.13 204.59 1
9.14 224.29 1
9.15 216.81 1
9.16 218.85 1
9.17 217.77 1
9.18 215.64 1
9.19 216.66 1
9.2 216.22 1
9.21 217.76 1
9.22 219.05 1
9.23 220.89 1
9.24 222.96 1
9.25 223.25 1
9.26 219.92 1
9.27 217.68 1
9.28 202.87 1
9.29 195.62 1
9.3 193.09 1
9.31 200.63 1
9.32 209.62 1
9.33 228.06 1
9.34 252.67 1
9.35 279.79 1
9.36 290.77 1
9.37 291.09 1
9.38 273.46 1
9.39 210.38 1
9.4 184.51 1
9.41 188.87 1
9.42 190.5 1
9.43 183.97 1
9.44 183.24 1
9.45 186.78 1
9.46 183.86 1
9.47 188.92 1
9.48 199.52 1
9.49 204.72 1
9.5 216.32 1
9.51 221.69 1
9.52 224.43 1
9.53 225.61 1
9.54 225.17 1
9.55 222.97 1
9.56 222.83 1
9.57 223.01 1
9.58 222.48 1
9.59 221.79 1
9.6 222.0 1
9.61 222.24 1
9.62 222.26 1
9.63 222.17 1
9.64 222.14 1
9.65 223.13 1
9.66 224.44 1
9.67 222.35 1
9.68 222.28 1
9.69 226.77 1
9.7 196.0 1
9.71 179.94 1
9.72 200.02 1
9.73 204.64 1
9.74 202.31 1
9.75 233.98 1
9.76 223.99 1
9.77 222.33 1
9.78 223.25 1
9.79 222.57 1
9.8 220.75 1
9.81 221.15 1
9.82 220.89 1
9.83 220.07 1
9.84 219.3 1
9.85 220.17 1
9.86 221.54 1
9.87 222.16 1
9.88 223.57 1
9.89 223.82 1
9.9 225.63 1
9.91 225.71 1
9.92 222.47 1
9.93 225.68 1
9.94 227.88 1
9.95 223.7 1
9.96 115.82 1
9.97 118.07 1
9.98 123.74 1
9.99 126.93 1
10.0 127.14 1
10.01 134.34 1
10.02 126.65 1
10.03 335.45 1
10.04 325.26 1
10.05 338.52 1
10.06 348.62 1
10.07 340.56 1
10.08 333.07 1
10.09 332.75 1
10.1 321.92 1
10.11 314.79 1
10.12 281.6 1
10.13 126.12 1
10.14 127.47 1
10.15 123.41 1
10.16 123.42 1
10.17 123.54 1
10.18 124.39 1
10.19 125.12 1
10.2 128.4 1
10.21 129.5 1
10.22 93.14 1
10.23 93.12 1
10.24 94.12 1
10.25 74.06 1
10.26 74.43 1
10.27 74.92 1
10.28 74.6 1
10.29 74.18 1
10.3 73.85 1
10.31 73.74 1
