0.01 293.26 1
0.02 293.24 1
0.03 295.22 1
0.04 299.2 1
0.05 304.37 1
0.06 303.23 1
0.07 295.15 1
0.08 297.62 1
0.09 304.38 1
0.1 296.99 1
0.11 293.04 1
0.12 285.46 1
0.13 287.33 1
0.14 281.72 1
0.15 283.11 1
0.16 289.7 1
0.17 295.02 1
0.18 297.23 1
0.19 301.34 1
0.2 315.54 1
0.21 299.29 1
0.22 292.9 1
0.23 293.1 1
0.24 299.04 1
0.25 0.0 1
0.26 0.0 1
0.27 0.0 1
0.28 0.0 1
0.29 0.0 1
0.3 0.0 1
0.31 0.0 1
0.32 0.0 1
0.33 0.0 1
0.34 74.8 1
0.35 73.8 1
0.36 74.3 1
0.37 74.67 1
0.38 74.4 1
0.39 74.63 1
0.4 74.48 1
0.41 74.56 1
0.42 74.71 1
0.43 74.46 1
0.44 0.0 1
0.45 0.0 1
0.46 299.31 1
0.47 313.56 1
0.48 290.55 1
0.49 294.94 1
0.5 298.96 1
0.51 291.29 1
0.52 293.14 1
0.53 293.12 1
0.54 295.06 1
0.55 295.09 1
0.56 293.16 1
0.57 293.13 1
0.58 293.12 1
0.59 293.17 1
0.6 295.13 1
0.61 295.19 1
0.62 293.19 1
0.63 291.2 1
0.64 291.15 1
0.65 290.38 1
0.66 283.54 1
0.67 279.89 1
0.68 277.25 1
0.69 282.23 1
0.7 290.89 1
0.71 291.15 1
0.72 291.4 1
0.73 320.57 1
0.74 316.07 1
0.75 311.82 1
0.76 305.55 1
0.77 313.76 1
0.78 295.16 1
0.79 285.31 1
0.8 281.57 1
0.81 245.61 1
0.82 241.39 1
0.83 231.69 1
0.84 242.88 1
0.85 260.18 1
0.86 268.1 1
0.87 253.96 1
0.88 253.53 1
0.89 0.0 1
0.9 0.0 1
0.91 0.0 1
0.92 0.0 1
0.93 0.0 1
0.94 0.0 1
0.95 0.0 1
0.96 335.4 1
0.97 323.04 1
0.98 315.95 1
0.99 270.54 1
1.0 282.3 1
1.01 257.98 1
1.02 253.45 1
1.03 250.75 1
1.04 253.94 1
1.05 266.31 1
1.06 281.66 1
1.07 297.02 1
1.08 378.57 1
1.09 436.83 1
1.1 450.71 1
1.11 436.18 1
1.12 352.03 1
1.13 314.86 1
1.14 304.06 1
1.15 298.96 1
1.16 296.12 1
1.17 297.15 1
1.18 299.97 1
1.19 300.84 1
1.2 300.06 1
1.21 150.35 1
1.22 152.38 1
1.23 313.35 1
1.24 305.67 1
1.25 309.36 1
1.26 305.11 1
1.27 301.06 1
1.28 297.49 1
1.29 294.87 1
1.3 289.57 1
1.31 283.92 1
1.32 280.04 1
1.33 280.77 1
1.34 283.75 1
1.35 293.52 1
1.36 305.01 1
1.37 308.03 1
1.38 315.83 1
1.39 327.29 1
1.4 320.14 1
1.41 318.06 1
1.42 145.71 1
1.43 299.29 1
1.44 294.66 1
1.45 283.48 1
1.46 281.44 1
1.47 281.39 1
1.48 281.57 1
1.49 284.95 1
1.5 287.62 1
1.51 301.64 1
1.52 325.27 1
1.53 325.99 1
1.54 333.84 1
1.55 331.65 1
1.56 318.41 1
1.57 314.43 1
1.58 330.32 1
1.59 296.98 1
1.6 274.43 1
1.61 256.71 1
1.62 242.65 1
1.63 234.89 1
1.64 231.89 1
1.65 231.09 1
1.66 235.18 1
1.67 248.98 1
1.68 263.31 1
1.69 279.74 1
1.7 312.58 1
1.71 361.79 1
1.72 359.93 1
1.73 353.31 1
1.74 338.32 1
1.75 312.77 1
1.76 272.58 1
1.77 254.72 1
1.78 240.47 1
1.79 231.53 1
1.8 232.68 1
1.81 237.55 1
1.82 248.96 1
1.83 256.95 1
1.84 270.86 1
1.85 285.78 1
1.86 292.57 1
1.87 298.99 1
1.88 289.56 1
1.89 280.93 1
1.9 267.08 1
1.91 246.68 1
1.92 234.35 1
1.93 226.4 1
1.94 222.3 1
1.95 218.2 1
1.96 220.48 1
1.97 221.44 1
1.98 220.46 1
1.99 222.25 1
2.0 224.85 1
2.01 225.58 1
2.02 225.58 1
2.03 226.74 1
2.04 229.1 1
2.05 230.85 1
2.06 227.53 1
2.07 223.13 1
2.08 210.53 1
2.09 204.02 1
2.1 198.17 1
2.11 191.36 1
2.12 195.57 1
2.13 202.51 1
2.14 213.73 1
2.15 221.08 1
2.16 219.65 1
2.17 0.0 1
2.18 0.0 1
2.19 0.0 1
2.2 0.0 1
2.21 0.0 1
2.22 0.0 1
2.23 0.0 1
2.24 0.0 1
2.25 173.28 1
2.26 163.58 1
2.27 163.03 1
2.28 167.35 1
2.29 164.83 1
2.3 186.49 1
2.31 192.12 1
2.32 198.19 1
2.33 201.0 1
2.34 208.03 1
2.35 200.95 1
2.36 207.68 1
2.37 200.1 1
2.38 190.55 1
2.39 179.58 1
2.4 173.97 1
2.41 162.25 1
2.42 168.8 1
2.43 172.88 1
2.44 185.71 1
2.45 207.47 1
2.46 113.49 1
2.47 123.32 1
2.48 119.44 1
2.49 118.33 1
2.5 201.88 1
2.51 190.49 1
2.52 183.15 1
2.53 184.09 1
2.54 187.4 1
2.55 174.64 1
2.56 165.47 1
2.57 164.87 1
2.58 177.98 1
2.59 182.43 1
2.6 190.49 1
2.61 211.14 1
2.62 205.55 1
2.63 223.69 1
2.64 226.1 1
2.65 211.81 1
2.66 215.49 1
2.67 224.44 1
2.68 223.9 1
2.69 219.21 1
2.7 215.79 1
2.71 228.09 1
2.72 208.65 1
2.73 209.67 1
2.74 206.62 1
2.75 213.66 1
2.76 223.34 1
2.77 226.54 1
2.78 255.54 1
2.79 278.6 1
2.8 295.13 1
2.81 311.52 1
2.82 316.03 1
2.83 319.09 1
2.84 315.42 1
2.85 309.15 1
2.86 292.97 1
2.87 283.15 1
2.88 281.94 1
2.89 247.17 1
2.9 242.34 1
2.91 243.07 1
2.92 250.09 1
2.93 255.88 1
2.94 272.98 1
2.95 284.63 1
2.96 304.76 1
2.97 307.62 1
2.98 311.69 1
2.99 318.14 1
3.0 305.42 1
3.01 303.69 1
3.02 289.47 1
3.03 300.6 1
3.04 308.77 1
3.05 285.28 1
3.06 288.95 1
3.07 280.1 1
3.08 281.09 1
3.09 284.6 1
3.1 290.72 1
3.11 293.2 1
3.12 301.25 1
3.13 303.24 1
3.14 303.2 1
3.15 293.36 1
3.16 295.02 1
3.17 0.0 1
3.18 0.0 1
3.19 0.0 1
3.2 0.0 1
3.21 0.0 1
3.22 0.0 1
3.23 0.0 1
3.24 0.0 1
3.25 0.0 1
3.26 0.0 1
3.27 0.0 1
3.28 0.0 1
3.29 0.0 1
3.3 0.0 1
3.31 0.0 1
3.32 0.0 1
3.33 0.0 1
3.34 0.0 1
3.35 0.0 1
3.36 0.0 1
3.37 0.0 1
3.38 278.15 1
3.39 276.45 1
3.4 265.24 1
3.41 255.78 1
3.42 252.59 1
3.43 246.98 1
3.44 242.86 1
3.45 240.25 1
3.46 243.38 1
3.47 257.23 1
3.48 280.0 1
3.49 311.64 1
3.5 343.2 1
3.51 354.25 1
3.52 366.94 1
3.53 366.99 1
3.54 361.69 1
3.55 348.64 1
3.56 329.93 1
3.57 318.12 1
3.58 308.88 1
3.59 293.12 1
3.6 290.74 1
3.61 290.5 1
3.62 292.65 1
3.63 291.34 1
3.64 294.31 1
3.65 294.78 1
3.66 293.22 1
3.67 293.2 1
3.68 293.21 1
3.69 293.17 1
3.7 291.22 1
3.71 291.14 1
3.72 288.75 1
3.73 285.33 1
3.74 282.48 1
3.75 279.98 1
3.76 280.56 1
3.77 285.69 1
3.78 291.15 1
3.79 305.29 1
3.8 318.97 1
3.81 328.17 1
3.82 330.8 1
3.83 293.0 1
3.84 309.47 1
3.85 316.99 1
3.86 311.64 1
3.87 287.56 1
3.88 267.65 1
3.89 244.11 1
3.9 236.94 1
3.91 235.2 1
3.92 238.91 1
3.93 245.68 1
3.94 254.06 1
3.95 269.05 1
3.96 282.52 1
3.97 291.12 1
3.98 301.01 1
3.99 299.0 1
4.0 292.42 1
4.01 279.88 1
4.02 261.21 1
4.03 240.73 1
4.04 227.93 1
4.05 219.96 1
4.06 218.44 1
4.07 219.34 1
4.08 221.04 1
4.09 222.72 1
4.1 224.12 1
4.11 224.82 1
4.12 225.1 1
4.13 225.63 1
4.14 228.03 1
4.15 227.19 1
4.16 224.09 1
4.17 220.55 1
4.18 215.04 1
4.19 207.91 1
4.2 201.85 1
4.21 197.87 1
4.22 199.07 1
4.23 203.11 1
4.24 210.6 1
4.25 221.03 1
4.26 231.35 1
4.27 240.76 1
4.28 248.75 1
4.29 242.99 1
4.3 0.0 1
4.31 0.0 1
4.32 0.0 1
4.33 0.0 1
4.34 0.0 1
4.35 0.0 1
4.36 169.32 1
4.37 168.23 1
4.38 168.48 1
4.39 171.05 1
4.4 173.38 1
4.41 182.62 1
4.42 186.5 1
4.43 198.03 1
4.44 206.57 1
4.45 214.31 1
4.46 219.29 1
4.47 219.88 1
4.48 215.83 1
4.49 208.68 1
4.5 201.29 1
4.51 186.16 1
4.52 169.97 1
4.53 163.62 1
4.54 162.37 1
4.55 165.04 1
4.56 166.07 1
4.57 182.77 1
4.58 191.26 1
4.59 202.8 1
4.6 218.99 1
4.61 229.2 1
4.62 236.47 1
4.63 238.97 1
4.64 232.17 1
4.65 220.73 1
4.66 208.89 1
4.67 194.68 1
4.68 178.14 1
4.69 168.47 1
4.7 168.11 1
4.71 171.6 1
4.72 179.89 1
4.73 185.75 1
4.74 197.4 1
4.75 204.69 1
4.76 214.68 1
4.77 221.14 1
4.78 225.57 1
4.79 226.74 1
4.8 225.98 1
4.81 223.18 1
4.82 221.44 1
4.83 220.24 1
4.84 219.66 1
4.85 218.85 1
4.86 217.75 1
4.87 217.69 1
4.88 216.65 1
4.89 217.77 1
4.9 223.95 1
4.91 241.88 1
4.92 254.22 1
4.93 280.08 1
4.94 293.09 1
4.95 305.21 1
4.96 303.2 1
4.97 308.15 1
4.98 298.83 1
4.99 298.84 1
5.0 289.17 1
5.01 264.39 1
5.02 244.51 1
5.03 235.2 1
5.04 231.87 1
5.05 240.29 1
5.06 249.75 1
5.07 261.69 1
5.08 277.68 1
5.09 289.64 1
5.1 302.69 1
5.11 312.19 1
5.12 316.47 1
5.13 316.12 1
5.14 309.47 1
