0.01 148.6 1
0.02 149.22 1
0.03 132.65 1
0.04 132.8 1
0.05 117.75 1
0.06 120.33 1
0.07 113.81 1
0.08 120.01 1
0.09 117.23 1
0.1 119.38 1
0.11 136.05 1
0.12 140.25 1
0.13 144.23 1
0.14 153.38 1
0.15 146.78 1
0.16 156.63 1
0.17 154.89 1
0.18 149.86 1
0.19 146.84 1
0.2 150.29 1
0.21 0.0 1
0.22 0.0 1
0.23 0.0 1
0.24 0.0 1
0.25 0.0 1
0.26 0.0 1
0.27 0.0 1
0.28 0.0 1
0.29 0.0 1
0.3 0.0 1
0.31 0.0 1
0.32 0.0 1
0.33 0.0 1
0.34 137.9 1
0.35 142.47 1
0.36 153.24 1
0.37 148.73 1
0.38 142.88 1
0.39 149.84 1
0.4 155.65 1
0.41 145.9 1
0.42 144.47 1
0.43 143.99 1
0.44 143.41 1
0.45 148.44 1
0.46 143.33 1
0.47 142.44 1
0.48 142.38 1
0.49 141.35 1
0.5 141.69 1
0.51 142.93 1
0.52 144.41 1
0.53 148.62 1
0.54 146.85 1
0.55 145.2 1
0.56 155.94 1
0.57 155.11 1
0.58 149.69 1
0.59 155.76 1
0.6 153.78 1
0.61 150.42 1
0.62 147.08 1
0.63 144.17 1
0.64 141.98 1
0.65 141.45 1
0.66 140.66 1
0.67 142.09 1
0.68 145.34 1
0.69 148.37 1
0.7 150.48 1
0.71 151.52 1
0.72 152.75 1
0.73 148.26 1
0.74 139.75 1
0.75 117.83 1
0.76 149.72 1
0.77 148.27 1
0.78 147.31 1
0.79 149.02 1
0.8 149.72 1
0.81 148.27 1
0.82 149.27 1
0.83 149.18 1
0.84 149.03 1
0.85 148.95 1
0.86 149.1 1
0.87 148.87 1
0.88 149.37 1
0.89 149.19 1
0.9 148.88 1
0.91 149.08 1
0.92 148.75 1
0.93 149.12 1
0.94 149.07 1
0.95 149.07 1
0.96 149.0 1
0.97 149.12 1
0.98 144.37 1
0.99 146.77 1
1.0 148.24 1
1.01 149.57 1
1.02 149.74 1
1.03 149.32 1
1.04 148.74 1
1.05 149.04 1
1.06 149.95 1
1.07 150.83 1
1.08 151.04 1
1.09 151.17 1
1.1 151.82 1
1.11 151.95 1
1.12 151.0 1
1.13 149.44 1
1.14 148.08 1
1.15 290.71 1
1.16 281.16 1
1.17 263.44 1
1.18 250.06 1
1.19 226.76 1
1.2 228.7 1
1.21 233.73 1
1.22 243.57 1
1.23 278.25 1
1.24 275.24 1
1.25 293.66 1
1.26 309.38 1
1.27 318.39 1
1.28 323.08 1
1.29 318.93 1
1.3 315.99 1
1.31 293.09 1
1.32 269.18 1
1.33 248.34 1
1.34 229.1 1
1.35 223.13 1
1.36 224.52 1
1.37 227.91 1
1.38 229.07 1
1.39 254.19 1
1.4 264.78 1
1.41 280.18 1
1.42 297.0 1
1.43 318.25 1
1.44 325.39 1
1.45 316.1 1
1.46 320.69 1
1.47 322.99 1
1.48 297.07 1
1.49 291.17 1
1.5 286.31 1
1.51 282.53 1
1.52 285.43 1
1.53 285.47 1
1.54 296.93 1
1.55 298.7 1
1.56 318.32 1
1.57 332.87 1
1.58 345.89 1
1.59 343.21 1
1.6 343.22 1
1.61 340.89 1
1.62 301.06 1
1.63 307.29 1
1.64 277.35 1
1.65 258.62 1
1.66 243.52 1
1.67 239.89 1
1.68 245.57 1
1.69 250.13 1
1.7 262.94 1
1.71 277.76 1
1.72 296.03 1
1.73 305.19 1
1.74 311.21 1
1.75 313.65 1
1.76 293.05 1
1.77 289.28 1
1.78 254.18 1
1.79 196.47 1
1.8 199.12 1
1.81 184.83 1
1.82 191.37 1
1.83 219.93 1
1.84 219.31 1
1.85 220.07 1
1.86 220.93 1
1.87 221.54 1
1.88 222.24 1
1.89 223.27 1
1.9 224.59 1
1.91 227.32 1
1.92 228.38 1
1.93 228.03 1
1.94 227.89 1
1.95 222.68 1
1.96 216.68 1
1.97 213.48 1
1.98 202.46 1
1.99 198.64 1
2.0 199.21 1
2.01 203.71 1
2.02 208.54 1
2.03 216.92 1
2.04 221.48 1
2.05 225.62 1
2.06 226.89 1
2.07 228.06 1
2.08 227.95 1
2.09 0.0 1
2.1 0.0 1
2.11 0.0 1
2.12 0.0 1
2.13 0.0 1
2.14 0.0 1
2.15 0.0 1
2.16 0.0 1
2.17 0.0 1
2.18 0.0 1
2.19 0.0 1
2.2 0.0 1
2.21 0.0 1
2.22 207.55 1
2.23 214.74 1
2.24 231.63 1
2.25 237.68 1
2.26 219.82 1
2.27 227.81 1
2.28 211.5 1
2.29 200.88 1
2.3 183.04 1
2.31 171.15 1
2.32 167.09 1
2.33 168.58 1
2.34 169.3 1
2.35 180.33 1
2.36 182.69 1
2.37 193.86 1
2.38 202.59 1
2.39 208.52 1
2.4 215.39 1
2.41 219.98 1
2.42 223.02 1
2.43 222.82 1
2.44 222.33 1
2.45 221.95 1
2.46 221.06 1
2.47 219.92 1
2.48 0.0 1
2.49 73.93 1
2.5 74.62 1
2.51 74.5 1
2.52 74.4 1
2.53 74.18 1
2.54 74.31 1
2.55 74.43 1
2.56 74.33 1
2.57 74.18 1
2.58 74.31 1
2.59 74.4 1
2.6 74.35 1
2.61 74.43 1
2.62 74.68 1
2.63 74.27 1
2.64 74.18 1
2.65 74.07 1
2.66 74.16 1
2.67 74.27 1
2.68 74.24 1
2.69 74.26 1
2.7 74.37 1
2.71 74.55 1
2.72 74.81 1
2.73 74.81 1
2.74 74.56 1
2.75 74.63 1
2.76 74.56 1
2.77 74.58 1
2.78 74.61 1
2.79 74.64 1
2.8 74.56 1
2.81 74.56 1
2.82 74.69 1
2.83 74.56 1
2.84 74.69 1
2.85 74.81 1
2.86 74.56 1
2.87 74.61 1
2.88 74.6 1
2.89 74.68 1
2.9 74.81 1
2.91 74.69 1
2.92 74.81 1
2.93 74.75 1
2.94 74.56 1
2.95 74.56 1
2.96 74.66 1
2.97 74.81 1
2.98 74.81 1
2.99 74.81 1
3.0 74.75 1
3.01 74.1 1
3.02 74.56 1
3.03 73.89 1
3.04 73.69 1
3.05 73.44 1
3.06 73.39 1
3.07 73.95 1
3.08 74.81 1
3.09 74.18 1
3.1 74.81 1
3.11 74.85 1
3.12 74.3 1
3.13 75.59 1
3.14 74.43 1
3.15 75.07 1
3.16 74.94 1
3.17 74.68 1
3.18 74.78 1
3.19 74.7 1
3.2 74.3 1
3.21 74.56 1
3.22 74.35 1
3.23 74.41 1
3.24 75.45 1
3.25 74.25 1
3.26 74.56 1
3.27 74.46 1
3.28 74.56 1
3.29 74.65 1
3.3 74.58 1
3.31 74.64 1
3.32 74.55 1
3.33 74.56 1
3.34 74.49 1
3.35 75.08 1
3.36 74.68 1
3.37 74.62 1
3.38 74.39 1
3.39 74.24 1
3.4 74.49 1
3.41 74.81 1
3.42 74.33 1
3.43 74.43 1
3.44 74.58 1
3.45 74.66 1
3.46 74.66 1
3.47 74.14 1
3.48 74.44 1
3.49 74.61 1
3.5 74.41 1
3.51 74.56 1
3.52 74.74 1
3.53 74.42 1
3.54 74.67 1
3.55 74.56 1
3.56 74.46 1
3.57 74.49 1
3.58 92.94 1
3.59 213.56 1
3.6 208.45 1
3.61 225.58 1
3.62 225.55 1
3.63 224.81 1
3.64 223.31 1
3.65 222.37 1
3.66 223.05 1
3.67 223.95 1
3.68 223.82 1
3.69 225.58 1
3.7 228.06 1
3.71 229.11 1
3.72 226.84 1
3.73 214.56 1
3.74 220.01 1
3.75 217.75 1
3.76 208.94 1
3.77 203.62 1
3.78 198.16 1
3.79 198.59 1
3.8 205.62 1
3.81 216.91 1
3.82 223.58 1
3.83 226.8 1
3.84 225.58 1
3.85 222.17 1
3.86 229.72 1
3.87 224.43 1
3.88 220.79 1
3.89 223.0 1
3.9 225.58 1
3.91 224.45 1
3.92 227.92 1
3.93 217.77 1
3.94 217.62 1
3.95 209.61 1
3.96 212.55 1
3.97 221.11 1
3.98 0.0 1
3.99 0.0 1
4.0 0.0 1
4.01 0.0 1
4.02 311.53 1
4.03 316.5 1
4.04 322.78 1
4.05 325.85 1
4.06 320.81 1
4.07 307.36 1
4.08 288.74 1
4.09 278.0 1
4.1 262.5 1
4.11 249.2 1
4.12 245.5 1
4.13 248.06 1
4.14 255.66 1
4.15 268.1 1
4.16 283.85 1
4.17 298.38 1
4.18 320.55 1
4.19 320.71 1
4.2 316.08 1
4.21 309.23 1
4.22 281.6 1
4.23 260.19 1
4.24 242.72 1
4.25 225.41 1
4.26 223.01 1
4.27 222.45 1
4.28 223.3 1
4.29 225.58 1
4.3 225.73 1
4.31 228.06 1
4.32 229.28 1
4.33 230.46 1
4.34 226.92 1
4.35 223.36 1
4.36 219.99 1
4.37 221.08 1
4.38 225.59 1
4.39 212.85 1
4.4 214.62 1
4.41 227.15 1
4.42 229.17 1
4.43 150.78 1
4.44 147.26 1
4.45 152.22 1
4.46 155.06 1
4.47 155.18 1
4.48 153.01 1
4.49 150.23 1
4.5 148.74 1
4.51 146.34 1
4.52 148.07 1
4.53 149.71 1
4.54 149.25 1
4.55 150.41 1
4.56 151.19 1
4.57 151.77 1
4.58 148.54 1
4.59 145.34 1
4.6 142.92 1
4.61 140.58 1
4.62 135.39 1
4.63 134.66 1
4.64 270.45 1
4.65 278.59 1
4.66 287.67 1
4.67 297.13 1
4.68 309.74 1
4.69 324.7 1
4.7 322.84 1
4.71 315.83 1
4.72 311.63 1
4.73 298.1 1
4.74 279.94 1
4.75 254.24 1
4.76 242.37 1
4.77 232.97 1
4.78 238.36 1
4.79 244.28 1
4.8 252.61 1
4.81 260.42 1
4.82 278.04 1
4.83 288.37 1
4.84 0.0 1
4.85 0.0 1
4.86 0.0 1
4.87 282.85 1
4.88 276.27 1
4.89 257.42 1
4.9 252.04 1
4.91 246.99 1
4.92 246.54 1
4.93 250.93 1
4.94 256.06 1
4.95 278.93 1
4.96 0.0 1
4.97 0.0 1
4.98 0.0 1
4.99 0.0 1
5.0 0.0 1
5.01 0.0 1
5.02 152.56 1
5.03 160.67 1
5.04 149.74 1
5.05 142.98 1
5.06 141.81 1
5.07 143.4 1
5.08 149.81 1
5.09 147.72 1
5.1 145.92 1
5.11 151.68 1
5.12 153.18 1
5.13 153.44 1
5.14 154.69 1
5.15 154.69 1
5.16 152.33 1
5.17 151.89 1
5.18 150.75 1
5.19 111.46 1
5.2 148.75 1
5.21 148.27 1
5.22 149.72 1
5.23 149.16 1
