0.01 71.07 1
0.02 73.68 1
0.03 74.43 1
0.04 74.94 1
0.05 75.2 1
0.06 75.08 1
0.07 74.96 1
0.08 75.13 1
0.09 75.08 1
0.1 75.21 1
0.11 75.4 1
0.12 75.19 1
0.13 74.91 1
0.14 74.69 1
0.15 74.85 1
0.16 74.9 1
0.17 74.72 1
0.18 74.16 1
0.19 73.55 1
0.2 73.55 1
0.21 74.06 1
0.22 0.0 1
0.23 0.0 1
0.24 0.0 1
0.25 0.0 1
0.26 0.0 1
0.27 319.98 1
0.28 301.12 1
0.29 305.13 1
0.3 303.32 1
0.31 301.48 1
0.32 301.37 1
0.33 301.03 1
0.34 301.21 1
0.35 301.09 1
0.36 297.29 1
0.37 300.08 1
0.38 299.04 1
0.39 297.21 1
0.4 300.91 1
0.41 301.08 1
0.42 301.07 1
0.43 299.26 1
0.44 302.27 1
0.45 299.29 1
0.46 299.3 1
0.47 301.26 1
0.48 303.24 1
0.49 301.25 1
0.5 295.29 1
0.51 304.0 1
0.52 311.59 1
0.53 301.09 1
0.54 297.02 1
0.55 304.44 1
0.56 313.8 1
0.57 299.48 1
0.58 302.88 1
0.59 300.12 1
0.6 296.96 1
0.61 291.52 1
0.62 291.37 1
0.63 287.94 1
0.64 287.16 1
0.65 287.7 1
0.66 290.47 1
0.67 294.14 1
0.68 298.36 1
0.69 301.21 1
0.7 305.26 1
0.71 308.07 1
0.72 307.32 1
0.73 304.96 1
0.74 301.18 1
0.75 295.82 1
0.76 290.31 1
0.77 286.87 1
0.78 285.28 1
0.79 283.69 1
0.8 282.87 1
0.81 0.0 1
0.82 0.0 1
0.83 64.23 1
0.84 63.87 1
0.85 63.78 1
0.86 71.62 1
0.87 73.69 1
0.88 74.59 1
0.89 74.58 1
0.9 75.05 1
0.91 74.45 1
0.92 0.0 1
0.93 0.0 1
0.94 388.54 1
0.95 381.78 1
0.96 384.68 1
0.97 377.6 1
0.98 376.28 1
0.99 381.34 1
1.0 384.22 1
1.01 381.0 1
1.02 377.99 1
1.03 378.06 1
1.04 375.11 1
1.05 372.0 1
1.06 369.9 1
1.07 372.03 1
1.08 369.03 1
1.09 371.03 1
1.1 372.73 1
1.11 375.19 1
1.12 375.27 1
1.13 378.42 1
1.14 384.54 1
1.15 386.27 1
1.16 390.35 1
1.17 395.12 1
1.18 392.14 1
1.19 388.69 1
1.2 377.24 1
1.21 375.68 1
1.22 375.28 1
1.23 369.73 1
1.24 363.06 1
1.25 354.17 1
1.26 347.85 1
1.27 340.89 1
1.28 340.44 1
1.29 338.55 1
1.3 338.96 1
1.31 340.72 1
1.32 343.45 1
1.33 347.7 1
1.34 353.49 1
1.35 360.58 1
1.36 363.21 1
1.37 369.11 1
1.38 369.0 1
1.39 368.75 1
1.4 360.59 1
1.41 354.87 1
1.42 348.88 1
1.43 345.21 1
1.44 340.58 1
1.45 336.04 1
1.46 334.07 1
1.47 336.9 1
1.48 340.15 1
1.49 340.63 1
1.5 333.69 1
1.51 151.71 1
1.52 146.85 1
1.53 150.2 1
1.54 149.23 1
1.55 179.58 1
1.56 199.86 1
1.57 193.86 1
1.58 391.76 1
1.59 391.6 1
1.6 393.09 1
1.61 393.75 1
1.62 391.9 1
1.63 387.58 1
1.64 388.28 1
1.65 388.18 1
1.66 381.75 1
1.67 382.06 1
1.68 382.04 1
1.69 382.39 1
1.7 381.75 1
1.71 378.5 1
1.72 378.47 1
1.73 381.61 1
1.74 384.97 1
1.75 384.43 1
1.76 388.53 1
1.77 391.13 1
1.78 394.92 1
1.79 400.99 1
1.8 397.66 1
1.81 394.6 1
1.82 389.25 1
1.83 381.84 1
1.84 0.0 1
1.85 0.0 1
1.86 0.0 1
1.87 0.0 1
1.88 0.0 1
1.89 0.0 1
1.9 0.0 1
1.91 0.0 1
1.92 0.0 1
1.93 0.0 1
1.94 0.0 1
1.95 306.34 1
1.96 307.68 1
1.97 300.32 1
1.98 299.61 1
1.99 301.03 1
2.0 299.15 1
2.01 301.1 1
2.02 301.04 1
2.03 297.14 1
2.04 297.07 1
2.05 295.13 1
2.06 297.06 1
2.07 297.05 1
2.08 298.47 1
2.09 299.03 1
2.1 301.05 1
2.11 300.8 1
2.12 299.03 1
2.13 299.06 1
2.14 301.05 1
2.15 301.07 1
2.16 302.98 1
2.17 303.1 1
2.18 296.99 1
2.19 299.03 1
2.2 299.01 1
2.21 300.58 1
2.22 340.61 1
2.23 365.85 1
2.24 410.42 1
2.25 418.03 1
2.26 402.96 1
2.27 403.1 1
2.28 403.43 1
2.29 395.21 1
2.3 388.25 1
2.31 381.69 1
2.32 371.98 1
2.33 354.62 1
2.34 356.69 1
2.35 349.86 1
2.36 345.34 1
2.37 340.45 1
2.38 336.8 1
2.39 332.95 1
2.4 331.1 1
2.41 330.61 1
2.42 330.56 1
2.43 331.05 1
2.44 331.84 1
2.45 335.72 1
2.46 342.89 1
2.47 348.83 1
2.48 362.75 1
2.49 372.16 1
2.5 366.36 1
2.51 381.4 1
2.52 371.03 1
2.53 362.69 1
2.54 337.35 1
2.55 299.44 1
2.56 283.73 1
2.57 299.36 1
2.58 285.68 1
2.59 285.56 1
2.6 299.72 1
2.61 289.1 1
2.62 289.48 1
2.63 291.2 1
2.64 291.56 1
2.65 291.17 1
2.66 292.85 1
2.67 292.87 1
2.68 294.87 1
2.69 293.46 1
2.7 295.26 1
2.71 295.37 1
2.72 299.53 1
2.73 299.39 1
2.74 304.36 1
2.75 153.79 1
2.76 152.13 1
2.77 151.53 1
2.78 150.74 1
2.79 149.67 1
2.8 147.98 1
2.81 145.8 1
2.82 290.15 1
2.83 288.69 1
2.84 288.72 1
2.85 290.59 1
2.86 293.16 1
2.87 298.7 1
2.88 303.55 1
2.89 303.37 1
2.9 312.92 1
2.91 313.18 1
2.92 303.4 1
2.93 287.43 1
2.94 0.0 1
2.95 0.0 1
2.96 0.0 1
2.97 0.0 1
2.98 0.0 1
2.99 0.0 1
3.0 0.0 1
3.01 0.0 1
3.02 0.0 1
3.03 319.28 1
3.04 294.99 1
3.05 292.94 1
3.06 300.55 1
3.07 299.12 1
3.08 298.93 1
3.09 299.01 1
3.1 297.06 1
3.11 297.01 1
3.12 295.05 1
3.13 295.06 1
3.14 296.53 1
3.15 295.07 1
3.16 295.08 1
3.17 296.99 1
3.18 296.97 1
3.19 293.18 1
3.2 293.18 1
3.21 293.17 1
3.22 295.05 1
3.23 295.04 1
3.24 295.04 1
3.25 295.08 1
3.26 295.23 1
3.27 297.22 1
3.28 297.28 1
3.29 295.37 1
3.3 297.09 1
3.31 293.06 1
3.32 151.01 1
3.33 74.56 1
3.34 74.56 1
3.35 74.59 1
3.36 74.47 1
3.37 74.76 1
3.38 74.56 1
3.39 74.68 1
3.4 74.28 1
3.41 74.69 1
3.42 74.56 1
3.43 74.76 1
3.44 74.51 1
3.45 74.49 1
3.46 74.31 1
3.47 74.81 1
3.48 74.02 1
3.49 74.56 1
3.5 74.81 1
3.51 73.98 1
3.52 74.45 1
3.53 74.54 1
3.54 74.74 1
3.55 74.4 1
3.56 74.65 1
3.57 74.6 1
3.58 151.21 1
3.59 298.0 1
3.6 297.27 1
3.61 297.2 1
3.62 299.06 1
3.63 296.33 1
3.64 290.62 1
3.65 282.23 1
3.66 0.0 1
3.67 0.0 1
3.68 0.0 1
3.69 0.0 1
3.7 0.0 1
3.71 0.0 1
3.72 232.63 1
3.73 232.21 1
3.74 220.91 1
3.75 250.77 1
3.76 261.9 1
3.77 283.32 1
3.78 307.42 1
3.79 331.99 1
3.8 355.89 1
3.81 375.3 1
3.82 385.51 1
3.83 395.24 1
3.84 393.26 1
3.85 378.49 1
3.86 0.0 1
3.87 0.0 1
3.88 0.0 1
3.89 0.0 1
3.9 0.0 1
3.91 0.0 1
3.92 0.0 1
3.93 296.71 1
3.94 294.1 1
3.95 296.95 1
3.96 296.47 1
3.97 301.04 1
3.98 303.11 1
3.99 303.14 1
4.0 302.95 1
4.01 302.92 1
4.02 302.13 1
4.03 299.07 1
4.04 297.11 1
4.05 295.08 1
4.06 295.05 1
4.07 293.09 1
4.08 290.9 1
4.09 288.28 1
4.1 287.45 1
4.11 288.04 1
4.12 287.95 1
4.13 288.29 1
4.14 290.2 1
4.15 291.11 1
4.16 283.65 1
4.17 278.53 1
4.18 289.22 1
4.19 288.34 1
4.2 281.89 1
4.21 300.96 1
4.22 307.08 1
4.23 301.38 1
4.24 305.05 1
4.25 300.24 1
4.26 297.16 1
4.27 297.15 1
4.28 298.74 1
4.29 294.98 1
4.3 293.96 1
4.31 295.19 1
4.32 298.13 1
4.33 299.18 1
4.34 299.93 1
4.35 300.48 1
4.36 300.51 1
4.37 299.73 1
4.38 298.46 1
4.39 295.04 1
4.4 301.84 1
4.41 148.73 1
4.42 134.66 1
4.43 136.33 1
4.44 138.89 1
4.45 116.51 1
4.46 105.13 1
4.47 91.21 1
4.48 90.79 1
4.49 92.16 1
4.5 92.16 1
4.51 95.35 1
4.52 105.92 1
4.53 105.06 1
4.54 105.38 1
4.55 157.8 1
4.56 154.53 1
4.57 152.27 1
4.58 296.95 1
4.59 288.51 1
4.6 281.99 1
4.61 280.81 1
4.62 282.4 1
4.63 286.34 1
4.64 290.67 1
4.65 295.04 1
4.66 300.02 1
4.67 302.87 1
4.68 302.22 1
4.69 299.39 1
4.7 295.75 1
4.71 292.61 1
4.72 289.0 1
4.73 0.0 1
4.74 0.0 1
4.75 0.0 1
4.76 0.0 1
4.77 0.0 1
4.78 0.0 1
4.79 0.0 1
4.8 0.0 1
4.81 308.14 1
4.82 307.28 1
4.83 303.8 1
4.84 311.57 1
4.85 301.08 1
4.86 301.67 1
4.87 301.03 1
4.88 297.12 1
4.89 297.13 1
4.9 297.09 1
4.91 293.24 1
4.92 295.11 1
4.93 295.12 1
4.94 297.06 1
4.95 295.13 1
4.96 297.05 1
4.97 297.03 1
4.98 297.0 1
4.99 295.03 1
5.0 289.28 1
5.01 291.14 1
5.02 293.11 1
5.03 283.81 1
5.04 291.19 1
5.05 297.01 1
5.06 0.0 1
5.07 0.0 1
5.08 0.0 1
5.09 0.0 1
5.1 0.0 1
5.11 294.41 1
5.12 300.73 1
5.13 296.35 1
5.14 297.73 1
5.15 296.99 1
5.16 295.01 1
5.17 294.38 1
5.18 293.06 1
5.19 294.19 1
5.2 293.09 1
5.21 293.09 1
5.22 294.67 1
5.23 293.15 1
5.24 297.08 1
5.25 299.08 1
5.26 299.16 1
5.27 297.25 1
5.28 299.11 1
5.29 295.13 1
5.3 287.4 1
5.31 266.63 1
5.32 226.86 1
5.33 225.09 1
5.34 180.85 1
5.35 204.66 1
5.36 219.95 1
5.37 207.3 1
5.38 228.41 1
5.39 233.96 1
5.4 246.28 1
5.41 264.88 1
5.42 285.8 1
5.43 298.25 1
5.44 301.89 1
5.45 306.89 1
5.46 303.04 1
5.47 300.47 1
5.48 295.07 1
5.49 289.12 1
5.5 283.59 1
5.51 277.25 1
5.52 266.51 1
5.53 255.45 1
5.54 242.7 1
5.55 234.11 1
5.56 220.64 1
5.57 236.53 1
5.58 240.67 1
5.59 249.83 1
5.6 252.98 1
5.61 266.63 1
5.62 282.06 1
5.63 304.8 1
5.64 311.53 1
5.65 303.41 1
5.66 313.74 1
5.67 307.56 1
5.68 297.26 1
5.69 299.47 1
5.7 297.15 1
5.71 294.62 1
5.72 290.87 1
5.73 286.53 1
5.74 283.27 1
5.75 280.92 1
5.76 285.33 1
5.77 288.98 1
5.78 298.76 1
5.79 309.38 1
5.8 320.62 1
5.81 313.91 1
5.82 313.77 1
5.83 145.32 1
5.84 74.31 1
5.85 74.56 1
5.86 74.49 1
5.87 74.54 1
5.88 74.59 1
5.89 74.57 1
5.9 74.6 1
5.91 74.47 1
5.92 74.43 1
5.93 74.54 1
5.94 74.47 1
5.95 149.11 1
5.96 149.23 1
5.97 150.22 1
5.98 150.22 1
5.99 149.01 1
6.0 149.02 1
6.01 149.72 1
6.02 149.23 1
6.03 147.79 1
6.04 149.23 1
6.05 149.24 1
6.06 149.42 1
6.07 150.46 1
6.08 149.21 1
6.09 0.0 1
6.1 0.0 1
6.11 226.02 1
6.12 223.75 1
6.13 219.57 1
6.14 217.81 1
6.15 217.7 1
6.16 217.69 1
6.17 217.33 1
6.18 218.1 1
6.19 219.69 1
6.2 220.48 1
6.21 222.14 1
6.22 224.39 1
6.23 225.65 1
6.24 225.72 1
6.25 225.63 1
6.26 223.39 1
6.27 221.26 1
6.28 219.27 1
6.29 216.87 1
6.3 215.63 1
6.31 215.99 1
6.32 220.83 1
6.33 225.58 1
6.34 230.3 1
6.35 223.26 1
6.36 255.6 1
6.37 272.67 1
6.38 280.01 1
6.39 293.05 1
6.4 288.4 1
6.41 298.28 1
6.42 300.5 1
6.43 296.22 1
6.44 298.56 1
6.45 297.19 1
6.46 297.0 1
6.47 300.79 1
6.48 303.0 1
6.49 303.95 1
6.5 303.17 1
6.51 303.11 1
6.52 302.55 1
6.53 300.46 1
6.54 293.11 1
6.55 289.39 1
6.56 283.94 1
6.57 279.46 1
6.58 276.85 1
6.59 279.96 1
6.6 284.98 1
6.61 292.68 1
6.62 297.15 1
6.63 310.55 1
6.64 317.92 1
6.65 317.13 1
6.66 291.11 1
6.67 298.36 1
6.68 309.4 1
6.69 313.86 1
6.7 313.85 1
6.71 311.99 1
6.72 313.84 1
6.73 303.41 1
6.74 299.02 1
6.75 295.05 1
6.76 290.92 1
6.77 283.7 1
6.78 278.07 1
6.79 267.97 1
6.8 257.32 1
6.81 251.3 1
6.82 247.01 1
6.83 244.18 1
6.84 242.86 1
6.85 235.39 1
6.86 244.27 1
6.87 246.54 1
6.88 257.29 1
6.89 272.92 1
6.9 283.16 1
6.91 295.13 1
6.92 303.17 1
6.93 308.88 1
6.94 305.21 1
6.95 292.81 1
6.96 0.0 1
6.97 0.0 1
6.98 0.0 1
6.99 0.0 1
7.0 0.0 1
7.01 0.0 1
7.02 0.0 1
7.03 0.0 1
7.04 0.0 1
7.05 0.0 1
7.06 223.09 1
7.07 218.25 1
7.08 216.71 1
7.09 218.14 1
7.1 219.4 1
7.11 219.94 1
7.12 219.74 1
7.13 219.78 1
7.14 219.79 1
7.15 220.07 1
7.16 221.05 1
7.17 222.85 1
7.18 223.95 1
7.19 225.33 1
7.2 225.62 1
7.21 227.68 1
7.22 226.76 1
7.23 225.29 1
7.24 224.43 1
7.25 325.48 1
7.26 219.99 1
7.27 224.79 1
7.28 221.82 1
7.29 222.84 1
7.3 226.98 1
7.31 213.73 1
7.32 216.12 1
7.33 218.76 1
7.34 217.77 1
7.35 218.45 1
7.36 218.84 1
7.37 219.78 1
7.38 221.0 1
7.39 222.67 1
7.4 225.12 1
7.41 225.65 1
7.42 225.66 1
7.43 225.59 1
7.44 223.2 1
7.45 219.08 1
7.46 213.76 1
7.47 205.74 1
7.48 203.45 1
7.49 202.79 1
7.5 206.46 1
7.51 212.14 1
7.52 217.9 1
7.53 223.75 1
7.54 227.93 1
7.55 222.11 1
7.56 230.39 1
7.57 237.04 1
7.58 225.32 1
7.59 227.92 1
7.6 249.89 1
7.61 246.03 1
7.62 227.91 1
7.63 227.77 1
7.64 226.07 1
7.65 228.12 1
7.66 226.9 1
7.67 223.69 1
7.68 222.07 1
7.69 222.4 1
7.7 222.54 1
7.71 223.66 1
7.72 225.1 1
7.73 225.6 1
7.74 225.06 1
7.75 224.64 1
7.76 223.85 1
7.77 220.98 1
7.78 215.52 1
7.79 201.11 1
7.8 185.81 1
7.81 178.18 1
7.82 172.62 1
7.83 170.61 1
7.84 172.61 1
7.85 179.85 1
7.86 192.44 1
7.87 183.44 1
7.88 222.14 1
7.89 225.76 1
7.9 223.0 1
7.91 220.3 1
7.92 228.59 1
7.93 232.89 1
7.94 281.69 1
7.95 233.01 1
7.96 227.91 1
7.97 220.91 1
7.98 216.65 1
7.99 206.42 1
8.0 198.12 1
8.01 184.23 1
8.02 178.1 1
8.03 170.71 1
8.04 169.94 1
8.05 168.7 1
8.06 171.31 1
8.07 179.63 1
8.08 190.78 1
8.09 202.65 1
8.1 213.54 1
8.11 218.83 1
8.12 226.77 1
8.13 232.58 1
8.14 0.0 1
8.15 0.0 1
8.16 0.0 1
8.17 74.68 1
8.18 75.01 1
8.19 74.68 1
8.2 74.44 1
8.21 74.79 1
8.22 74.81 1
8.23 0.0 1
8.24 0.0 1
8.25 225.01 1
8.26 218.9 1
8.27 216.7 1
8.28 216.69 1
8.29 216.69 1
8.3 217.87 1
8.31 219.77 1
8.32 222.31 1
8.33 223.69 1
8.34 223.7 1
8.35 222.7 1
8.36 219.51 1
8.37 218.77 1
8.38 216.56 1
8.39 210.4 1
8.4 208.65 1
8.41 213.92 1
8.42 218.92 1
8.43 223.25 1
8.44 225.58 1
8.45 0.0 1
8.46 0.0 1
8.47 0.0 1
8.48 0.0 1
8.49 0.0 1
8.5 0.0 1
8.51 0.0 1
8.52 183.37 1
8.53 178.92 1
8.54 165.47 1
8.55 171.26 1
8.56 180.68 1
8.57 200.94 1
8.58 204.64 1
8.59 200.73 1
8.6 205.63 1
8.61 213.52 1
8.62 213.11 1
8.63 214.5 1
8.64 218.65 1
8.65 217.88 1
8.66 218.79 1
8.67 215.96 1
8.68 217.63 1
8.69 220.18 1
8.7 225.61 1
8.71 244.17 1
8.72 253.66 1
8.73 278.06 1
8.74 286.09 1
8.75 291.23 1
8.76 295.15 1
8.77 318.21 1
8.78 303.16 1
8.79 295.11 1
8.8 293.08 1
8.81 287.99 1
8.82 278.28 1
8.83 276.32 1
8.84 262.05 1
8.85 272.83 1
8.86 261.79 1
8.87 254.38 1
8.88 254.68 1
8.89 250.74 1
8.9 247.59 1
8.91 249.97 1
8.92 254.25 1
8.93 265.84 1
8.94 276.87 1
8.95 288.03 1
8.96 293.15 1
8.97 297.1 1
8.98 299.14 1
8.99 293.17 1
9.0 293.09 1
9.01 290.22 1
9.02 282.12 1
9.03 276.39 1
9.04 271.19 1
9.05 255.85 1
9.06 253.1 1
9.07 245.99 1
9.08 0.0 1
9.09 0.0 1
9.1 0.0 1
9.11 0.0 1
9.12 0.0 1
9.13 0.0 1
9.14 0.0 1
9.15 0.0 1
9.16 0.0 1
9.17 0.0 1
9.18 0.0 1
9.19 0.0 1
9.2 0.0 1
9.21 0.0 1
9.22 0.0 1
9.23 0.0 1
9.24 0.0 1
9.25 0.0 1
9.26 0.0 1
9.27 0.0 1
9.28 0.0 1
9.29 299.18 1
9.3 298.49 1
9.31 288.05 1
9.32 281.48 1
9.33 273.2 1
9.34 268.82 1
9.35 264.85 1
9.36 260.63 1
9.37 267.83 1
9.38 295.37 1
9.39 283.96 1
9.4 327.81 1
9.41 304.36 1
9.42 310.4 1
9.43 313.64 1
9.44 306.0 1
9.45 315.4 1
9.46 305.48 1
9.47 297.58 1
9.48 292.42 1
9.49 287.88 1
9.5 290.44 1
9.51 282.68 1
9.52 281.59 1
9.53 0.0 1
9.54 0.0 1
9.55 0.0 1
9.56 0.0 1
9.57 0.0 1
9.58 0.0 1
9.59 0.0 1
9.6 0.0 1
9.61 0.0 1
9.62 0.0 1
9.63 0.0 1
9.64 391.8 1
9.65 392.96 1
9.66 406.18 1
9.67 392.14 1
9.68 392.17 1
9.69 391.06 1
9.7 394.75 1
9.71 391.17 1
9.72 384.64 1
9.73 381.54 1
9.74 378.5 1
9.75 378.44 1
9.76 384.58 1
9.77 378.42 1
9.78 376.13 1
9.79 381.46 1
9.8 381.42 1
9.81 376.1 1
9.82 375.38 1
9.83 381.44 1
9.84 381.44 1
9.85 378.01 1
9.86 381.45 1
9.87 378.5 1
9.88 375.86 1
9.89 367.18 1
9.9 371.38 1
9.91 381.77 1
9.92 381.07 1
9.93 383.98 1
9.94 384.81 1
9.95 377.1 1
9.96 377.25 1
9.97 384.43 1
9.98 375.13 1
9.99 372.15 1
10.0 374.87 1
10.01 380.59 1
10.02 372.04 1
10.03 371.4 1
10.04 372.39 1
10.05 377.86 1
10.06 371.51 1
10.07 366.36 1
10.08 366.94 1
10.09 364.36 1
10.1 359.93 1
10.11 356.89 1
10.12 351.09 1
10.13 346.51 1
10.14 340.38 1
10.15 366.67 1
10.16 327.71 1
10.17 327.76 1
10.18 360.03 1
10.19 374.81 1
10.2 340.66 1
10.21 354.81 1
10.22 370.37 1
