0.01 259.41 1
0.02 244.38 1
0.03 239.0 1
0.04 235.17 1
0.05 234.64 1
0.06 235.29 1
0.07 241.59 1
0.08 248.96 1
0.09 259.1 1
0.1 271.68 1
0.11 284.25 1
0.12 292.7 1
0.13 295.22 1
0.14 301.67 1
0.15 297.08 1
0.16 293.59 1
0.17 289.47 1
0.18 283.54 1
0.19 278.07 1
0.2 272.36 1
0.21 266.24 1
0.22 257.62 1
0.23 255.22 1
0.24 248.79 1
0.25 244.2 1
0.26 241.2 1
0.27 240.09 1
0.28 240.85 1
0.29 245.06 1
0.3 250.08 1
0.31 260.41 1
0.32 273.57 1
0.33 286.86 1
0.34 298.18 1
0.35 297.23 1
0.36 307.17 1
0.37 305.03 1
0.38 299.06 1
0.39 295.04 1
0.4 291.13 1
0.41 286.04 1
0.42 281.42 1
0.43 279.88 1
0.44 277.04 1
0.45 277.68 1
0.46 281.78 1
0.47 287.09 1
0.48 295.21 1
0.49 303.92 1
0.5 311.11 1
0.51 315.05 1
0.52 315.48 1
0.53 312.51 1
0.54 306.23 1
0.55 298.61 1
0.56 290.23 1
0.57 282.96 1
0.58 278.88 1
0.59 278.53 1
0.6 282.95 1
0.61 288.57 1
0.62 296.75 1
0.63 305.21 1
0.64 311.2 1
0.65 310.88 1
0.66 303.11 1
0.67 289.13 1
0.68 275.39 1
0.69 271.95 1
0.7 0.0 1
0.71 0.0 1
0.72 74.47 1
0.73 74.65 1
0.74 74.43 1
0.75 74.31 1
0.76 74.53 1
0.77 74.5 1
0.78 74.48 1
0.79 74.55 1
0.8 74.49 1
0.81 74.54 1
0.82 74.52 1
0.83 74.43 1
0.84 74.5 1
0.85 74.61 1
0.86 74.56 1
0.87 74.46 1
0.88 74.56 1
0.89 74.5 1
0.9 74.53 1
0.91 74.52 1
0.92 74.06 1
0.93 145.31 1
0.94 295.13 1
0.95 285.52 1
0.96 282.99 1
0.97 286.72 1
0.98 292.64 1
0.99 295.77 1
1.0 299.15 1
1.01 298.68 1
1.02 298.5 1
1.03 296.56 1
1.04 297.42 1
1.05 298.99 1
1.06 299.01 1
1.07 301.4 1
1.08 301.05 1
1.09 299.04 1
1.1 298.71 1
1.11 294.81 1
1.12 288.0 1
1.13 278.1 1
1.14 264.76 1
1.15 250.57 1
1.16 248.35 1
1.17 246.77 1
1.18 254.36 1
1.19 263.32 1
1.2 278.67 1
1.21 296.98 1
1.22 314.14 1
1.23 322.88 1
1.24 328.24 1
1.25 323.77 1
1.26 312.15 1
1.27 293.07 1
1.28 276.42 1
1.29 249.54 1
1.3 233.72 1
1.31 221.18 1
1.32 224.91 1
1.33 234.33 1
1.34 240.84 1
1.35 252.59 1
1.36 273.99 1
1.37 288.33 1
1.38 307.05 1
1.39 313.25 1
1.4 322.43 1
1.41 318.42 1
1.42 315.46 1
1.43 303.13 1
1.44 289.19 1
1.45 285.25 1
1.46 282.14 1
1.47 279.01 1
1.48 284.96 1
1.49 292.8 1
1.5 301.03 1
1.51 317.97 1
1.52 330.35 1
1.53 339.59 1
1.54 342.73 1
1.55 339.69 1
1.56 329.88 1
1.57 312.29 1
1.58 292.86 1
1.59 276.02 1
1.6 258.62 1
1.61 248.03 1
1.62 241.06 1
1.63 242.67 1
1.64 246.83 1
1.65 258.65 1
1.66 277.28 1
1.67 285.27 1
1.68 299.01 1
1.69 304.6 1
1.7 299.02 1
1.71 291.56 1
1.72 272.94 1
1.73 248.44 1
1.74 223.3 1
1.75 200.82 1
1.76 183.15 1
1.77 193.83 1
1.78 198.74 1
1.79 216.69 1
1.8 217.33 1
1.81 216.7 1
1.82 216.44 1
1.83 216.94 1
1.84 217.5 1
1.85 219.15 1
1.86 222.22 1
1.87 222.51 1
1.88 221.83 1
1.89 219.75 1
1.9 215.63 1
1.91 210.66 1
1.92 207.19 1
1.93 205.05 1
1.94 204.66 1
1.95 207.55 1
1.96 212.2 1
1.97 216.76 1
1.98 219.7 1
1.99 222.66 1
2.0 224.01 1
2.01 223.4 1
2.02 222.87 1
2.03 218.91 1
2.04 202.88 1
2.05 221.07 1
2.06 220.42 1
2.07 210.75 1
2.08 207.53 1
2.09 179.45 1
2.1 162.4 1
2.11 153.23 1
2.12 162.64 1
2.13 169.33 1
2.14 175.72 1
2.15 192.98 1
2.16 203.72 1
2.17 213.54 1
2.18 235.15 1
2.19 236.48 1
2.2 228.03 1
2.21 217.78 1
2.22 203.66 1
2.23 191.31 1
2.24 174.84 1
2.25 167.0 1
2.26 173.25 1
2.27 177.76 1
2.28 185.9 1
2.29 194.64 1
2.3 203.71 1
2.31 212.06 1
2.32 216.46 1
2.33 218.42 1
2.34 219.89 1
2.35 220.86 1
2.36 218.54 1
2.37 218.07 1
2.38 216.99 1
2.39 217.48 1
2.4 208.51 1
2.41 213.65 1
2.42 226.01 1
2.43 222.17 1
2.44 215.94 1
2.45 213.18 1
2.46 222.93 1
2.47 206.66 1
2.48 204.69 1
2.49 194.7 1
2.5 187.65 1
2.51 182.13 1
2.52 181.92 1
2.53 194.16 1
2.54 176.77 1
2.55 180.62 1
2.56 185.67 1
2.57 200.91 1
2.58 200.68 1
2.59 204.64 1
2.6 202.79 1
2.61 218.85 1
2.62 223.26 1
2.63 218.52 1
2.64 221.35 1
2.65 218.88 1
2.66 222.04 1
2.67 219.96 1
2.68 221.87 1
2.69 221.06 1
2.7 218.87 1
2.71 219.97 1
2.72 223.98 1
2.73 222.21 1
2.74 223.77 1
2.75 222.2 1
2.76 224.89 1
2.77 224.75 1
2.78 223.83 1
2.79 219.99 1
2.8 223.14 1
2.81 223.49 1
2.82 223.3 1
2.83 223.32 1
2.84 224.8 1
2.85 224.93 1
2.86 223.32 1
2.87 223.5 1
2.88 223.84 1
2.89 224.19 1
2.9 224.43 1
2.91 223.32 1
2.92 223.31 1
2.93 224.44 1
2.94 222.26 1
2.95 224.06 1
2.96 223.32 1
2.97 223.92 1
2.98 223.3 1
2.99 223.26 1
3.0 222.22 1
3.01 222.86 1
3.02 222.43 1
3.03 221.15 1
3.04 222.3 1
3.05 223.34 1
3.06 224.04 1
3.07 222.26 1
3.08 223.32 1
3.09 223.27 1
3.1 222.81 1
3.11 222.22 1
3.12 224.13 1
3.13 224.6 1
3.14 211.92 1
3.15 220.72 1
3.16 208.16 1
3.17 74.56 1
3.18 74.42 1
3.19 74.59 1
3.2 74.63 1
3.21 74.62 1
3.22 74.56 1
3.23 74.54 1
3.24 74.59 1
3.25 74.53 1
3.26 74.59 1
3.27 74.56 1
3.28 74.6 1
3.29 74.59 1
3.3 74.56 1
3.31 74.65 1
3.32 74.64 1
3.33 74.27 1
3.34 74.49 1
3.35 74.52 1
3.36 74.05 1
3.37 74.72 1
3.38 74.43 1
3.39 74.68 1
3.4 75.0 1
3.41 74.56 1
3.42 74.78 1
3.43 74.31 1
3.44 74.56 1
3.45 74.81 1
3.46 74.23 1
3.47 74.77 1
3.48 74.56 1
3.49 74.44 1
3.5 74.73 1
3.51 74.41 1
3.52 74.58 1
3.53 196.46 1
3.54 226.14 1
3.55 218.69 1
3.56 220.91 1
3.57 220.17 1
3.58 219.23 1
3.59 220.04 1
3.6 221.62 1
3.61 224.0 1
3.62 225.52 1
3.63 227.48 1
3.64 227.38 1
3.65 225.61 1
3.66 225.59 1
3.67 225.19 1
3.68 221.92 1
3.69 217.47 1
3.7 210.74 1
3.71 206.13 1
3.72 204.59 1
3.73 205.61 1
3.74 210.43 1
3.75 218.02 1
3.76 224.42 1
3.77 230.08 1
3.78 227.94 1
3.79 230.3 1
3.8 222.17 1
3.81 217.77 1
3.82 217.7 1
3.83 218.83 1
3.84 223.3 1
3.85 226.99 1
3.86 230.3 1
3.87 225.02 1
3.88 214.67 1
3.89 209.66 1
3.9 206.65 1
3.91 208.61 1
3.92 217.21 1
3.93 232.86 1
3.94 255.71 1
3.95 282.81 1
3.96 302.81 1
3.97 319.55 1
3.98 328.99 1
3.99 331.17 1
4.0 323.23 1
4.01 305.03 1
4.02 281.1 1
4.03 266.16 1
4.04 246.9 1
4.05 235.24 1
4.06 233.69 1
4.07 237.04 1
4.08 245.6 1
4.09 255.82 1
4.1 278.71 1
4.11 291.16 1
4.12 301.06 1
4.13 302.04 1
4.14 292.54 1
4.15 280.77 1
4.16 258.75 1
4.17 244.59 1
4.18 229.84 1
4.19 223.45 1
4.2 220.84 1
4.21 220.65 1
4.22 222.0 1
4.23 222.34 1
4.24 223.11 1
4.25 222.57 1
4.26 220.46 1
4.27 218.06 1
4.28 216.3 1
4.29 204.66 1
4.3 218.9 1
4.31 217.8 1
4.32 218.86 1
4.33 224.79 1
4.34 236.46 1
4.35 291.1 1
4.36 302.22 1
4.37 301.03 1
4.38 303.06 1
4.39 301.06 1
4.4 295.04 1
4.41 293.03 1
4.42 291.07 1
4.43 291.43 1
4.44 293.05 1
4.45 297.02 1
4.46 302.65 1
4.47 303.11 1
4.48 301.09 1
4.49 297.11 1
4.5 293.19 1
4.51 290.11 1
4.52 282.49 1
4.53 273.01 1
4.54 272.93 1
4.55 273.0 1
4.56 280.75 1
4.57 291.23 1
4.58 307.42 1
4.59 319.39 1
4.6 325.45 1
4.61 323.06 1
4.62 318.28 1
4.63 303.32 1
4.64 285.86 1
4.65 269.72 1
4.66 250.09 1
4.67 231.56 1
4.68 227.92 1
4.69 226.84 1
4.7 232.22 1
4.71 241.63 1
4.72 253.83 1
4.73 272.9 1
4.74 286.83 1
4.75 299.03 1
4.76 304.39 1
4.77 299.05 1
4.78 290.23 1
4.79 276.52 1
4.8 258.72 1
4.81 245.84 1
4.82 241.41 1
4.83 236.34 1
4.84 242.9 1
4.85 254.21 1
4.86 281.72 1
4.87 310.71 1
4.88 340.55 1
4.89 340.57 1
4.9 351.08 1
4.91 385.22 1
4.92 375.28 1
4.93 360.08 1
4.94 329.58 1
4.95 0.0 1
4.96 0.0 1
4.97 0.0 1
4.98 294.81 1
4.99 298.8 1
5.0 295.43 1
5.01 293.91 1
5.02 294.29 1
5.03 293.53 1
5.04 291.67 1
5.05 291.55 1
5.06 292.27 1
5.07 292.44 1
5.08 293.04 1
5.09 296.24 1
5.1 296.98 1
