0.01 90.64 1
0.02 90.65 1
0.03 90.5 1
0.04 90.69 1
0.05 91.78 1
0.06 91.79 1
0.07 92.18 1
0.08 92.17 1
0.09 92.18 1
0.1 92.57 1
0.11 94.01 1
0.12 94.33 1
0.13 94.21 1
0.14 93.76 1
0.15 93.96 1
0.16 94.6 1
0.17 196.37 1
0.18 198.14 1
0.19 200.88 1
0.2 203.74 1
0.21 209.03 1
0.22 214.85 1
0.23 219.53 1
0.24 220.1 1
0.25 221.04 1
0.26 219.94 1
0.27 221.76 1
0.28 221.02 1
0.29 220.62 1
0.3 219.88 1
0.31 220.29 1
0.32 220.65 1
0.33 221.84 1
0.34 222.92 1
0.35 223.3 1
0.36 223.49 1
0.37 224.15 1
0.38 225.02 1
0.39 224.93 1
0.4 223.73 1
0.41 223.91 1
0.42 225.23 1
0.43 225.44 1
0.44 225.6 1
0.45 225.62 1
0.46 225.59 1
0.47 225.98 1
0.48 225.59 1
0.49 225.58 1
0.5 225.13 1
0.51 225.58 1
0.52 225.61 1
0.53 225.58 1
0.54 224.63 1
0.55 221.56 1
0.56 222.2 1
0.57 221.1 1
0.58 218.98 1
0.59 222.2 1
0.6 221.08 1
0.61 223.56 1
0.62 227.85 1
0.63 226.77 1
0.64 226.77 1
0.65 225.6 1
0.66 225.26 1
0.67 224.98 1
0.68 224.42 1
0.69 224.45 1
0.7 225.15 1
0.71 226.11 1
0.72 225.72 1
0.73 224.44 1
0.74 222.4 1
0.75 218.83 1
0.76 214.57 1
0.77 208.52 1
0.78 205.62 1
0.79 203.83 1
0.8 212.46 1
0.81 218.02 1
0.82 224.12 1
0.83 226.82 1
0.84 0.0 1
0.85 0.0 1
0.86 0.0 1
0.87 0.0 1
0.88 0.0 1
0.89 0.0 1
0.9 0.0 1
0.91 0.0 1
0.92 0.0 1
0.93 0.0 1
0.94 73.81 1
0.95 75.58 1
0.96 74.71 1
0.97 75.19 1
0.98 75.28 1
0.99 73.91 1
1.0 74.15 1
1.01 75.34 1
1.02 75.79 1
1.03 75.72 1
1.04 226.81 1
1.05 227.3 1
1.06 226.15 1
1.07 223.77 1
1.08 218.83 1
1.09 214.53 1
1.1 199.35 1
1.11 196.41 1
1.12 187.32 1
1.13 185.64 1
1.14 184.67 1
1.15 184.07 1
1.16 187.05 1
1.17 182.64 1
1.18 183.57 1
1.19 184.15 1
1.2 188.9 1
1.21 181.86 1
1.22 182.99 1
1.23 196.44 1
1.24 106.04 1
1.25 104.88 1
1.26 106.14 1
1.27 104.0 1
1.28 101.27 1
1.29 104.87 1
1.3 103.18 1
1.31 101.19 1
1.32 102.2 1
1.33 94.25 1
1.34 91.0 1
1.35 89.36 1
1.36 87.4 1
1.37 88.12 1
1.38 83.4 1
1.39 86.38 1
1.4 86.22 1
1.41 87.07 1
1.42 85.38 1
1.43 74.52 1
1.44 74.66 1
1.45 74.54 1
1.46 74.6 1
1.47 74.62 1
1.48 74.65 1
1.49 74.61 1
1.5 74.48 1
1.51 74.51 1
1.52 74.54 1
1.53 74.56 1
1.54 74.53 1
1.55 74.53 1
1.56 74.53 1
1.57 74.62 1
1.58 74.56 1
1.59 74.52 1
1.6 74.55 1
1.61 74.57 1
1.62 74.5 1
1.63 74.56 1
1.64 74.56 1
1.65 74.55 1
1.66 74.56 1
1.67 74.73 1
1.68 74.58 1
1.69 74.78 1
1.7 74.56 1
1.71 74.57 1
1.72 74.56 1
1.73 75.19 1
1.74 75.19 1
1.75 75.43 1
1.76 150.87 1
1.77 304.91 1
1.78 305.16 1
1.79 296.51 1
1.8 289.27 1
1.81 288.23 1
1.82 284.21 1
1.83 280.85 1
1.84 276.19 1
1.85 271.4 1
1.86 133.9 1
1.87 66.06 1
1.88 65.21 1
1.89 65.01 1
1.9 64.44 1
1.91 64.3 1
1.92 64.22 1
1.93 63.91 1
1.94 63.87 1
1.95 64.42 1
1.96 64.69 1
1.97 64.77 1
1.98 86.82 1
1.99 86.75 1
2.0 86.88 1
2.01 88.12 1
2.02 88.54 1
2.03 89.29 1
2.04 90.8 1
2.05 91.41 1
2.06 91.78 1
2.07 90.84 1
2.08 91.24 1
2.09 90.09 1
2.1 88.35 1
2.11 260.22 1
2.12 250.06 1
2.13 245.73 1
2.14 235.72 1
2.15 226.86 1
2.16 223.33 1
2.17 220.73 1
2.18 216.21 1
2.19 214.62 1
2.2 213.9 1
2.21 212.79 1
2.22 211.56 1
2.23 213.72 1
2.24 214.49 1
2.25 208.52 1
2.26 197.33 1
2.27 199.62 1
2.28 184.85 1
2.29 206.42 1
2.3 198.19 1
2.31 187.7 1
2.32 197.15 1
2.33 205.57 1
2.34 218.88 1
2.35 225.53 1
2.36 225.91 1
2.37 227.44 1
2.38 227.14 1
2.39 213.41 1
2.4 220.12 1
2.41 223.99 1
2.42 223.39 1
2.43 221.83 1
2.44 220.51 1
2.45 219.88 1
2.46 214.36 1
2.47 212.41 1
2.48 204.29 1
2.49 197.91 1
2.5 191.45 1
2.51 187.16 1
2.52 184.17 1
2.53 186.44 1
2.54 185.62 1
2.55 184.93 1
2.56 184.16 1
2.57 185.17 1
2.58 184.92 1
2.59 185.35 1
2.6 184.03 1
2.61 182.15 1
2.62 181.44 1
2.63 182.41 1
2.64 181.9 1
2.65 175.43 1
2.66 186.02 1
2.67 190.48 1
2.68 188.06 1
2.69 188.08 1
2.7 192.34 1
2.71 191.33 1
2.72 188.08 1
2.73 197.31 1
2.74 95.21 1
2.75 91.78 1
2.76 90.08 1
2.77 90.28 1
2.78 91.38 1
2.79 89.45 1
2.8 90.28 1
2.81 76.1 1
2.82 73.89 1
2.83 75.71 1
2.84 74.06 1
2.85 74.62 1
2.86 74.62 1
2.87 75.72 1
2.88 74.64 1
2.89 75.44 1
2.9 73.48 1
2.91 75.97 1
2.92 74.01 1
2.93 74.9 1
2.94 75.83 1
2.95 89.18 1
2.96 89.42 1
2.97 87.8 1
2.98 88.5 1
2.99 90.54 1
3.0 74.56 1
3.01 74.53 1
3.02 74.39 1
3.03 74.81 1
3.04 74.64 1
3.05 74.21 1
3.06 75.54 1
3.07 73.81 1
3.08 75.46 1
3.09 74.7 1
3.1 75.41 1
3.11 73.81 1
3.12 74.04 1
3.13 75.45 1
3.14 73.88 1
3.15 75.31 1
3.16 73.45 1
3.17 74.68 1
3.18 74.94 1
3.19 73.53 1
3.2 75.27 1
3.21 74.67 1
3.22 74.68 1
3.23 75.06 1
3.24 73.75 1
3.25 74.56 1
3.26 75.25 1
3.27 74.94 1
3.28 75.06 1
3.29 74.3 1
3.3 73.98 1
3.31 74.03 1
3.32 74.15 1
3.33 74.13 1
3.34 73.82 1
3.35 74.27 1
3.36 74.33 1
3.37 74.81 1
3.38 75.71 1
3.39 76.07 1
3.4 75.91 1
3.41 75.31 1
3.42 74.15 1
3.43 72.95 1
3.44 73.87 1
3.45 72.69 1
3.46 71.17 1
3.47 73.56 1
3.48 73.44 1
3.49 73.87 1
3.5 74.08 1
3.51 75.25 1
3.52 75.29 1
3.53 74.56 1
3.54 75.58 1
3.55 74.43 1
3.56 74.42 1
3.57 74.56 1
3.58 74.06 1
3.59 74.18 1
3.6 74.39 1
3.61 74.54 1
3.62 76.76 1
3.63 88.97 1
3.64 90.94 1
3.65 95.16 1
3.66 94.94 1
3.67 100.34 1
3.68 99.57 1
3.69 99.69 1
3.7 93.85 1
3.71 90.83 1
3.72 90.09 1
3.73 85.54 1
3.74 89.0 1
3.75 89.54 1
3.76 99.92 1
3.77 89.01 1
3.78 76.77 1
3.79 74.48 1
3.8 74.68 1
3.81 74.43 1
3.82 74.51 1
3.83 74.59 1
3.84 74.56 1
3.85 74.54 1
3.86 74.52 1
3.87 0.0 1
3.88 0.0 1
3.89 0.0 1
3.9 0.0 1
3.91 208.49 1
3.92 209.59 1
3.93 184.37 1
3.94 180.36 1
3.95 178.89 1
3.96 178.93 1
3.97 182.49 1
3.98 189.32 1
3.99 194.68 1
4.0 201.88 1
4.01 202.91 1
4.02 207.54 1
4.03 206.56 1
4.04 202.88 1
4.05 197.52 1
4.06 191.3 1
4.07 181.72 1
4.08 0.0 1
4.09 0.0 1
4.1 0.0 1
4.11 0.0 1
4.12 0.0 1
4.13 0.0 1
4.14 0.0 1
4.15 0.0 1
4.16 0.0 1
4.17 221.95 1
4.18 222.84 1
4.19 222.27 1
4.2 230.22 1
4.21 224.23 1
4.22 215.88 1
4.23 203.57 1
4.24 195.0 1
4.25 184.93 1
4.26 180.34 1
4.27 0.0 1
4.28 0.0 1
4.29 0.0 1
4.3 0.0 1
4.31 0.0 1
4.32 0.0 1
4.33 0.0 1
4.34 0.0 1
4.35 0.0 1
4.36 0.0 1
4.37 0.0 1
4.38 219.6 1
4.39 222.72 1
4.4 223.61 1
4.41 224.76 1
4.42 225.18 1
4.43 225.58 1
4.44 224.77 1
4.45 223.4 1
4.46 221.74 1
4.47 219.48 1
4.48 217.74 1
4.49 215.53 1
4.5 206.47 1
4.51 205.44 1
4.52 209.41 1
4.53 217.77 1
4.54 227.92 1
4.55 243.14 1
4.56 252.79 1
4.57 136.36 1
4.58 138.43 1
4.59 147.81 1
4.6 150.72 1
4.61 149.23 1
4.62 148.26 1
4.63 149.14 1
4.64 148.27 1
4.65 151.22 1
4.66 180.35 1
4.67 179.59 1
4.68 185.63 1
4.69 199.92 1
4.7 220.95 1
4.71 230.57 1
4.72 254.46 1
4.73 272.94 1
4.74 286.54 1
4.75 301.07 1
4.76 309.37 1
4.77 303.22 1
4.78 295.14 1
4.79 287.54 1
4.8 274.65 1
4.81 244.28 1
4.82 231.61 1
4.83 225.72 1
4.84 224.95 1
4.85 223.97 1
4.86 223.86 1
4.87 224.39 1
4.88 225.1 1
4.89 224.85 1
4.9 224.43 1
4.91 221.14 1
4.92 221.12 1
4.93 180.56 1
4.94 200.26 1
4.95 199.81 1
4.96 192.21 1
4.97 227.42 1
4.98 250.1 1
4.99 232.59 1
5.0 235.0 1
5.01 228.25 1
5.02 224.04 1
5.03 222.15 1
5.04 222.17 1
5.05 224.37 1
5.06 231.55 1
5.07 253.83 1
5.08 269.65 1
5.09 287.37 1
5.1 303.44 1
5.11 299.46 1
5.12 315.94 1
5.13 320.72 1
5.14 297.31 1
5.15 309.4 1
5.16 303.04 1
5.17 278.25 1
5.18 264.12 1
5.19 256.21 1
5.2 248.6 1
5.21 246.21 1
