0.01 167.08 1
0.02 165.14 1
0.03 165.59 1
0.04 166.43 1
0.05 168.64 1
0.06 169.31 1
0.07 170.61 1
0.08 170.62 1
0.09 174.34 1
0.1 175.35 1
0.11 178.89 1
0.12 181.95 1
0.13 185.69 1
0.14 193.83 1
0.15 199.21 1
0.16 203.72 1
0.17 204.7 1
0.18 213.53 1
0.19 216.68 1
0.2 217.76 1
0.21 217.78 1
0.22 219.66 1
0.23 219.74 1
0.24 221.64 1
0.25 220.66 1
0.26 220.05 1
0.27 220.3 1
0.28 220.44 1
0.29 220.37 1
0.3 221.01 1
0.31 222.94 1
0.32 224.95 1
0.33 225.59 1
0.34 225.62 1
0.35 225.13 1
0.36 220.95 1
0.37 215.63 1
0.38 204.72 1
0.39 199.4 1
0.4 194.7 1
0.41 193.78 1
0.42 197.2 1
0.43 202.77 1
0.44 209.7 1
0.45 217.78 1
0.46 223.47 1
0.47 225.6 1
0.48 225.63 1
0.49 226.81 1
0.5 226.75 1
0.51 224.11 1
0.52 220.95 1
0.53 210.54 1
0.54 211.54 1
0.55 183.28 1
0.56 180.36 1
0.57 200.92 1
0.58 184.9 1
0.59 183.71 1
0.6 190.55 1
0.61 194.01 1
0.62 187.16 1
0.63 183.27 1
0.64 362.97 1
0.65 299.05 1
0.66 301.79 1
0.67 316.13 1
0.68 313.84 1
0.69 311.56 1
0.7 303.11 1
0.71 295.1 1
0.72 293.12 1
0.73 293.05 1
0.74 289.43 1
0.75 283.0 1
0.76 273.04 1
0.77 261.75 1
0.78 254.24 1
0.79 249.62 1
0.8 239.01 1
0.81 231.72 1
0.82 241.56 1
0.83 242.86 1
0.84 241.59 1
0.85 244.24 1
0.86 246.43 1
0.87 252.12 1
0.88 260.23 1
0.89 274.76 1
0.9 286.07 1
0.91 291.09 1
0.92 290.58 1
0.93 282.68 1
0.94 196.48 1
0.95 191.31 1
0.96 196.46 1
0.97 200.92 1
0.98 179.62 1
0.99 193.12 1
1.0 190.52 1
1.01 188.88 1
1.02 186.48 1
1.03 188.06 1
1.04 191.14 1
1.05 179.62 1
1.06 207.55 1
1.07 217.77 1
1.08 218.62 1
1.09 217.92 1
1.1 219.6 1
1.11 221.38 1
1.12 221.08 1
1.13 221.32 1
1.14 221.65 1
1.15 222.47 1
1.16 223.95 1
1.17 225.58 1
1.18 225.63 1
1.19 226.82 1
1.2 225.69 1
1.21 226.8 1
1.22 225.61 1
1.23 222.32 1
1.24 219.13 1
1.25 216.65 1
1.26 206.6 1
1.27 203.77 1
1.28 204.68 1
1.29 205.66 1
1.3 208.57 1
1.31 214.56 1
1.32 216.68 1
1.33 219.07 1
1.34 222.25 1
1.35 224.91 1
1.36 225.14 1
1.37 224.72 1
1.38 225.6 1
1.39 225.05 1
1.4 224.46 1
1.41 224.36 1
1.42 223.5 1
1.43 223.32 1
1.44 223.66 1
1.45 223.02 1
1.46 223.3 1
1.47 208.53 1
1.48 223.25 1
1.49 218.87 1
1.5 219.97 1
1.51 217.81 1
1.52 219.91 1
1.53 217.89 1
1.54 221.05 1
1.55 222.15 1
1.56 226.09 1
1.57 225.58 1
1.58 226.05 1
1.59 225.61 1
1.6 226.59 1
1.61 225.64 1
1.62 225.63 1
1.63 225.43 1
1.64 222.46 1
1.65 219.87 1
1.66 217.73 1
1.67 210.58 1
1.68 206.56 1
1.69 203.77 1
1.7 203.77 1
1.71 204.75 1
1.72 215.58 1
1.73 219.65 1
1.74 225.62 1
1.75 232.9 1
1.76 234.14 1
1.77 229.15 1
1.78 222.18 1
1.79 207.57 1
1.8 204.53 1
1.81 198.19 1
1.82 200.1 1
1.83 204.66 1
1.84 219.91 1
1.85 233.9 1
1.86 224.86 1
1.87 221.26 1
1.88 218.3 1
1.89 212.44 1
1.9 206.16 1
1.91 200.93 1
1.92 197.27 1
1.93 189.45 1
1.94 184.61 1
1.95 181.93 1
1.96 179.62 1
1.97 178.15 1
1.98 178.15 1
1.99 177.43 1
2.0 178.16 1
2.01 178.9 1
2.02 180.03 1
2.03 184.93 1
2.04 189.71 1
2.05 201.19 1
2.06 206.56 1
2.07 200.87 1
2.08 223.3 1
2.09 219.95 1
2.1 217.8 1
2.11 205.59 1
2.12 207.54 1
2.13 206.55 1
2.14 202.57 1
2.15 199.25 1
2.16 197.79 1
2.17 196.41 1
2.18 193.84 1
2.19 190.24 1
2.2 187.29 1
2.21 185.72 1
2.22 184.92 1
2.23 184.03 1
2.24 181.95 1
2.25 181.38 1
2.26 180.61 1
2.27 181.13 1
2.28 181.79 1
2.29 184.17 1
2.3 186.51 1
2.31 195.09 1
2.32 202.7 1
2.33 208.54 1
2.34 219.16 1
2.35 226.74 1
2.36 224.51 1
2.37 0.0 1
2.38 0.0 1
2.39 0.0 1
2.4 0.0 1
2.41 0.0 1
2.42 0.0 1
2.43 0.0 1
2.44 0.0 1
2.45 0.0 1
2.46 0.0 1
2.47 0.0 1
2.48 0.0 1
2.49 227.93 1
2.5 225.53 1
2.51 227.95 1
2.52 227.6 1
2.53 224.37 1
2.54 223.5 1
2.55 223.89 1
2.56 224.49 1
2.57 223.89 1
2.58 223.03 1
2.59 222.49 1
2.6 222.76 1
2.61 223.33 1
2.62 224.64 1
2.63 225.58 1
2.64 225.6 1
2.65 225.58 1
2.66 224.0 1
2.67 220.92 1
2.68 217.76 1
2.69 211.5 1
2.7 203.73 1
2.71 203.7 1
2.72 203.72 1
2.73 205.61 1
2.74 210.35 1
2.75 216.67 1
2.76 218.75 1
2.77 221.19 1
2.78 224.59 1
2.79 225.6 1
2.8 225.62 1
2.81 225.61 1
2.82 224.81 1
2.83 223.81 1
2.84 222.74 1
2.85 222.42 1
2.86 221.99 1
2.87 222.97 1
2.88 223.89 1
2.89 224.19 1
2.9 223.27 1
2.91 222.71 1
2.92 219.68 1
2.93 217.31 1
2.94 201.84 1
2.95 224.44 1
2.96 217.78 1
2.97 217.69 1
2.98 206.54 1
2.99 203.21 1
3.0 208.0 1
3.01 204.27 1
3.02 212.54 1
3.03 210.72 1
3.04 220.54 1
3.05 229.07 1
3.06 227.93 1
3.07 226.75 1
3.08 225.62 1
3.09 224.7 1
3.1 223.09 1
3.11 224.04 1
3.12 224.43 1
3.13 224.7 1
3.14 225.59 1
3.15 225.61 1
3.16 226.74 1
3.17 225.46 1
3.18 223.67 1
3.19 221.06 1
3.2 218.83 1
3.21 216.63 1
3.22 206.58 1
3.23 203.76 1
3.24 205.66 1
3.25 210.55 1
3.26 218.61 1
3.27 224.17 1
3.28 227.94 1
3.29 229.18 1
3.3 229.18 1
3.31 228.03 1
3.32 230.48 1
3.33 0.0 1
3.34 0.0 1
3.35 0.0 1
3.36 74.06 1
3.37 74.68 1
3.38 74.31 1
3.39 74.85 1
3.4 75.0 1
3.41 74.55 1
3.42 74.58 1
3.43 75.32 1
3.44 74.62 1
3.45 74.66 1
3.46 74.47 1
3.47 75.45 1
3.48 74.5 1
3.49 74.94 1
3.5 74.94 1
3.51 91.68 1
3.52 181.64 1
3.53 184.46 1
3.54 179.62 1
3.55 178.88 1
3.56 177.44 1
3.57 173.69 1
3.58 171.29 1
3.59 171.93 1
3.6 171.28 1
3.61 170.63 1
3.62 173.68 1
3.63 175.35 1
3.64 178.17 1
3.65 181.92 1
3.66 187.31 1
3.67 197.93 1
3.68 203.64 1
3.69 207.57 1
3.7 217.77 1
3.71 221.86 1
3.72 225.59 1
3.73 226.8 1
3.74 226.8 1
3.75 227.95 1
3.76 226.81 1
3.77 225.62 1
3.78 223.44 1
3.79 221.87 1
3.8 219.43 1
3.81 216.68 1
3.82 213.54 1
3.83 211.47 1
3.84 204.64 1
3.85 201.05 1
3.86 197.66 1
3.87 191.9 1
3.88 191.31 1
3.89 186.53 1
3.9 185.72 1
3.91 184.91 1
3.92 184.15 1
3.93 184.89 1
3.94 184.21 1
3.95 183.98 1
3.96 182.64 1
3.97 181.41 1
3.98 179.76 1
3.99 178.18 1
4.0 182.86 1
4.01 179.38 1
4.02 183.94 1
4.03 182.94 1
4.04 182.34 1
4.05 193.73 1
4.06 197.4 1
4.07 203.93 1
4.08 202.76 1
4.09 203.81 1
4.1 199.36 1
4.11 194.39 1
4.12 189.45 1
4.13 189.67 1
4.14 183.36 1
4.15 177.09 1
4.16 173.96 1
4.17 168.69 1
4.18 177.5 1
4.19 166.76 1
4.2 166.13 1
4.21 174.02 1
4.22 157.4 1
4.23 165.61 1
4.24 162.5 1
4.25 167.36 1
4.26 167.24 1
4.27 169.23 1
4.28 168.65 1
4.29 173.93 1
4.3 162.4 1
4.31 171.53 1
4.32 176.61 1
4.33 180.91 1
4.34 183.14 1
4.35 188.01 1
4.36 186.85 1
4.37 183.62 1
4.38 177.74 1
4.39 165.84 1
4.4 74.65 1
4.41 73.72 1
4.42 76.63 1
4.43 74.43 1
4.44 74.65 1
4.45 74.81 1
4.46 74.31 1
4.47 74.93 1
4.48 75.06 1
4.49 75.32 1
4.5 74.32 1
4.51 74.68 1
4.52 74.17 1
4.53 73.56 1
4.54 73.07 1
4.55 73.44 1
4.56 72.83 1
4.57 74.56 1
4.58 73.63 1
4.59 73.44 1
4.6 73.56 1
4.61 73.44 1
4.62 73.31 1
4.63 73.31 1
4.64 73.32 1
4.65 73.68 1
4.66 73.85 1
4.67 73.75 1
4.68 75.32 1
4.69 73.56 1
4.7 74.63 1
4.71 75.03 1
4.72 74.64 1
4.73 75.01 1
4.74 74.93 1
4.75 74.97 1
4.76 74.85 1
4.77 74.72 1
4.78 75.19 1
4.79 75.58 1
4.8 75.06 1
4.81 75.11 1
4.82 74.68 1
4.83 74.37 1
4.84 74.53 1
4.85 74.31 1
4.86 74.28 1
4.87 74.24 1
4.88 74.2 1
4.89 73.83 1
4.9 72.83 1
4.91 72.24 1
4.92 72.83 1
4.93 74.25 1
4.94 76.89 1
4.95 87.18 1
4.96 86.39 1
4.97 86.89 1
4.98 89.63 1
4.99 88.38 1
5.0 88.96 1
5.01 75.58 1
5.02 74.81 1
5.03 74.44 1
5.04 74.79 1
5.05 74.92 1
5.06 74.15 1
5.07 74.61 1
5.08 74.93 1
5.09 73.98 1
5.1 75.32 1
5.11 74.56 1
5.12 74.38 1
5.13 71.82 1
5.14 75.56 1
5.15 75.66 1
5.16 73.9 1
5.17 73.35 1
5.18 71.41 1
5.19 71.88 1
5.2 72.35 1
5.21 72.95 1
5.22 73.2 1
5.23 73.8 1
5.24 73.68 1
5.25 73.56 1
5.26 73.68 1
5.27 73.44 1
5.28 73.31 1
5.29 73.37 1
5.3 74.05 1
5.31 74.61 1
5.32 74.59 1
5.33 74.17 1
5.34 74.96 1
5.35 74.83 1
5.36 74.87 1
5.37 74.31 1
5.38 73.92 1
5.39 73.55 1
5.4 73.67 1
5.41 73.84 1
5.42 74.68 1
5.43 74.57 1
5.44 74.82 1
5.45 75.19 1
5.46 74.81 1
5.47 74.94 1
5.48 74.07 1
5.49 74.81 1
5.5 74.39 1
5.51 74.36 1
5.52 75.1 1
5.53 74.22 1
5.54 74.4 1
5.55 74.94 1
5.56 74.56 1
5.57 74.79 1
5.58 74.81 1
5.59 74.68 1
5.6 75.06 1
5.61 74.34 1
5.62 74.3 1
5.63 74.68 1
5.64 74.43 1
5.65 74.63 1
5.66 74.56 1
5.67 74.41 1
5.68 74.48 1
5.69 74.38 1
5.7 74.73 1
5.71 74.5 1
5.72 74.41 1
5.73 74.94 1
5.74 74.42 1
5.75 74.88 1
5.76 83.79 1
5.77 74.46 1
5.78 74.56 1
5.79 69.83 1
5.8 71.85 1
5.81 71.76 1
5.82 72.04 1
5.83 72.49 1
5.84 72.72 1
5.85 73.11 1
5.86 73.83 1
5.87 74.22 1
5.88 74.42 1
5.89 74.58 1
5.9 75.08 1
5.91 74.99 1
5.92 74.87 1
5.93 75.12 1
5.94 150.69 1
5.95 153.34 1
5.96 152.81 1
5.97 153.77 1
5.98 152.85 1
5.99 150.28 1
6.0 146.31 1
6.01 147.22 1
6.02 138.94 1
6.03 140.34 1
6.04 134.61 1
6.05 137.19 1
6.06 143.87 1
6.07 151.28 1
6.08 176.07 1
6.09 185.69 1
6.1 201.09 1
6.11 213.79 1
6.12 216.71 1
6.13 225.48 1
6.14 221.07 1
6.15 211.5 1
6.16 206.31 1
6.17 195.68 1
6.18 182.59 1
6.19 175.31 1
6.2 165.5 1
6.21 166.65 1
6.22 164.28 1
6.23 164.77 1
6.24 165.77 1
6.25 166.59 1
6.26 168.14 1
6.27 169.95 1
6.28 172.61 1
6.29 176.8 1
6.3 180.34 1
6.31 184.05 1
6.32 187.88 1
6.33 190.51 1
6.34 193.14 1
6.35 192.2 1
6.36 189.5 1
6.37 186.51 1
6.38 182.77 1
6.39 177.84 1
6.4 174.14 1
6.41 168.39 1
6.42 166.24 1
6.43 164.55 1
6.44 162.36 1
6.45 161.46 1
6.46 160.87 1
6.47 159.38 1
6.48 157.87 1
6.49 155.6 1
6.5 155.13 1
6.51 153.37 1
6.52 150.76 1
6.53 149.25 1
6.54 147.74 1
6.55 147.25 1
6.56 144.83 1
6.57 144.83 1
6.58 144.83 1
6.59 144.36 1
6.6 146.27 1
6.61 146.76 1
6.62 147.74 1
6.63 148.86 1
6.64 148.56 1
6.65 146.76 1
6.66 144.83 1
6.67 140.22 1
6.68 137.99 1
6.69 148.27 1
6.7 0.0 1
6.71 149.4 1
6.72 148.9 1
6.73 147.34 1
6.74 149.06 1
6.75 149.01 1
6.76 148.26 1
6.77 148.5 1
6.78 0.0 1
6.79 0.0 1
6.8 0.0 1
6.81 0.0 1
6.82 0.0 1
6.83 162.57 1
6.84 161.88 1
6.85 147.58 1
6.86 147.73 1
6.87 145.32 1
6.88 145.67 1
6.89 144.85 1
6.9 145.25 1
6.91 145.88 1
6.92 145.52 1
6.93 145.39 1
6.94 145.79 1
6.95 145.3 1
6.96 144.39 1
6.97 145.81 1
6.98 146.77 1
6.99 147.27 1
7.0 148.25 1
7.01 148.26 1
7.02 146.28 1
7.03 140.27 1
7.04 72.47 1
7.05 74.43 1
7.06 73.94 1
7.07 74.54 1
7.08 74.31 1
7.09 74.06 1
7.1 74.19 1
7.11 69.84 1
7.12 78.28 1
7.13 74.55 1
7.14 74.18 1
7.15 74.05 1
7.16 73.55 1
7.17 73.55 1
7.18 73.3 1
7.19 73.38 1
7.2 73.44 1
7.21 73.44 1
7.22 73.43 1
7.23 145.38 1
7.24 145.88 1
7.25 147.71 1
7.26 136.73 1
7.27 126.36 1
7.28 106.14 1
7.29 111.18 1
7.3 109.89 1
7.31 104.39 1
7.32 125.83 1
7.33 127.31 1
7.34 149.26 1
7.35 167.96 1
7.36 166.71 1
7.37 178.93 1
7.38 180.82 1
7.39 179.76 1
7.4 176.76 1
7.41 0.0 1
7.42 0.0 1
7.43 0.0 1
7.44 0.0 1
7.45 0.0 1
7.46 0.0 1
7.47 0.0 1
7.48 0.0 1
7.49 0.0 1
7.5 0.0 1
7.51 0.0 1
7.52 0.0 1
7.53 0.0 1
7.54 73.43 1
7.55 74.94 1
7.56 77.72 1
7.57 79.23 1
7.58 79.87 1
7.59 78.88 1
7.6 77.03 1
7.61 74.8 1
7.62 72.47 1
7.63 72.83 1
7.64 75.09 1
7.65 74.33 1
7.66 74.55 1
7.67 74.54 1
7.68 74.57 1
7.69 74.61 1
7.7 74.44 1
7.71 74.24 1
7.72 74.71 1
7.73 74.26 1
7.74 75.69 1
7.75 86.49 1
7.76 85.38 1
7.77 76.95 1
7.78 76.86 1
7.79 74.6 1
7.8 74.46 1
7.81 74.21 1
7.82 74.34 1
7.83 74.89 1
7.84 74.56 1
7.85 74.69 1
7.86 74.5 1
7.87 74.44 1
7.88 74.44 1
7.89 74.72 1
7.9 74.69 1
7.91 75.19 1
7.92 75.45 1
7.93 75.46 1
7.94 75.55 1
7.95 75.06 1
7.96 74.43 1
7.97 74.05 1
7.98 71.95 1
7.99 71.83 1
8.0 64.61 1
8.01 69.97 1
8.02 69.61 1
8.03 71.07 1
8.04 71.07 1
8.05 71.87 1
8.06 73.05 1
8.07 74.45 1
8.08 75.24 1
8.09 75.86 1
8.1 76.21 1
8.11 76.22 1
8.12 75.71 1
8.13 75.44 1
8.14 75.13 1
8.15 74.41 1
8.16 75.86 1
8.17 74.68 1
8.18 74.48 1
8.19 74.46 1
8.2 74.44 1
8.21 74.51 1
8.22 74.66 1
8.23 74.57 1
8.24 74.79 1
8.25 74.61 1
8.26 74.41 1
8.27 74.48 1
8.28 74.47 1
8.29 74.54 1
8.3 74.54 1
8.31 74.57 1
8.32 74.56 1
8.33 74.77 1
8.34 74.86 1
8.35 74.72 1
8.36 74.01 1
8.37 73.93 1
8.38 74.06 1
8.39 74.18 1
8.4 74.56 1
8.41 149.73 1
8.42 153.84 1
8.43 163.64 1
8.44 169.54 1
8.45 182.62 1
8.46 194.16 1
8.47 198.33 1
8.48 200.09 1
8.49 201.0 1
8.5 196.5 1
8.51 191.31 1
8.52 188.84 1
8.53 181.09 1
8.54 177.31 1
8.55 173.99 1
8.56 171.28 1
8.57 169.52 1
8.58 163.78 1
8.59 164.61 1
8.6 161.58 1
8.61 160.0 1
8.62 74.55 1
8.63 74.41 1
8.64 74.47 1
8.65 74.81 1
8.66 74.56 1
8.67 74.47 1
8.68 74.69 1
8.69 74.44 1
8.7 74.6 1
8.71 74.56 1
8.72 74.41 1
8.73 73.8 1
8.74 73.86 1
8.75 76.51 1
8.76 157.22 1
8.77 216.51 1
8.78 205.69 1
8.79 205.61 1
8.8 186.79 1
8.81 182.62 1
8.82 178.9 1
8.83 176.73 1
8.84 174.65 1
8.85 176.48 1
8.86 180.78 1
8.87 184.93 1
8.88 192.03 1
8.89 198.37 1
8.9 203.73 1
8.91 204.69 1
8.92 205.64 1
8.93 204.64 1
8.94 200.5 1
8.95 196.42 1
8.96 187.24 1
8.97 181.63 1
8.98 181.01 1
8.99 182.45 1
9.0 185.72 1
9.01 194.68 1
9.02 196.04 1
9.03 197.55 1
9.04 194.68 1
9.05 184.52 1
9.06 182.59 1
9.07 194.21 1
9.08 195.57 1
9.09 181.92 1
9.1 176.74 1
9.11 74.68 1
9.12 74.24 1
9.13 74.56 1
9.14 74.45 1
9.15 74.38 1
9.16 74.97 1
9.17 74.4 1
9.18 74.56 1
9.19 74.95 1
9.2 74.41 1
9.21 74.65 1
9.22 74.68 1
9.23 74.01 1
9.24 74.68 1
9.25 74.64 1
9.26 74.42 1
9.27 74.81 1
9.28 93.51 1
9.29 91.97 1
9.3 118.54 1
9.31 254.16 1
9.32 238.88 1
9.33 234.44 1
9.34 230.39 1
9.35 226.14 1
9.36 218.22 1
9.37 208.53 1
9.38 201.44 1
9.39 190.36 1
9.4 182.44 1
9.41 178.08 1
9.42 173.96 1
9.43 170.44 1
9.44 169.34 1
9.45 171.99 1
9.46 180.65 1
9.47 184.16 1
9.48 197.28 1
9.49 203.73 1
9.5 214.82 1
9.51 223.76 1
9.52 223.56 1
9.53 237.39 1
9.54 0.0 1
9.55 0.0 1
9.56 0.0 1
9.57 0.0 1
9.58 0.0 1
9.59 0.0 1
9.6 0.0 1
9.61 0.0 1
9.62 203.44 1
9.63 185.69 1
9.64 184.8 1
9.65 184.18 1
9.66 185.69 1
9.67 191.86 1
9.68 197.95 1
9.69 201.43 1
9.7 211.57 1
9.71 217.79 1
9.72 223.17 1
9.73 226.27 1
9.74 226.52 1
9.75 225.59 1
9.76 225.59 1
9.77 224.45 1
9.78 222.55 1
9.79 221.18 1
9.8 221.35 1
9.81 223.96 1
9.82 224.81 1
9.83 219.97 1
9.84 203.67 1
9.85 184.89 1
9.86 174.38 1
9.87 199.99 1
9.88 200.01 1
9.89 195.57 1
9.9 177.45 1
9.91 188.86 1
9.92 215.65 1
9.93 233.97 1
9.94 245.7 1
9.95 226.9 1
9.96 225.8 1
9.97 226.06 1
9.98 225.81 1
9.99 225.66 1
10.0 225.91 1
10.01 226.31 1
10.02 226.77 1
10.03 226.78 1
10.04 226.79 1
10.05 227.93 1
10.06 227.94 1
10.07 227.91 1
10.08 226.36 1
10.09 224.54 1
10.1 221.89 1
10.11 219.62 1
10.12 218.74 1
10.13 221.89 1
10.14 227.5 1
10.15 235.28 1
