0.01 293.67 1
0.02 293.25 1
0.03 286.84 1
0.04 279.57 1
0.05 273.51 1
0.06 263.77 1
0.07 268.54 1
0.08 271.08 1
0.09 275.74 1
0.1 282.58 1
0.11 290.02 1
0.12 298.72 1
0.13 303.15 1
0.14 303.51 1
0.15 306.98 1
0.16 303.3 1
0.17 295.24 1
0.18 291.18 1
0.19 287.68 1
0.2 283.53 1
0.21 281.59 1
0.22 275.8 1
0.23 274.58 1
0.24 276.11 1
0.25 281.78 1
0.26 289.19 1
0.27 295.16 1
0.28 310.4 1
0.29 322.62 1
0.3 332.06 1
0.31 335.36 1
0.32 335.56 1
0.33 334.2 1
0.34 332.89 1
0.35 332.24 1
0.36 331.49 1
0.37 331.44 1
0.38 332.04 1
0.39 332.3 1
0.4 332.6 1
0.41 332.54 1
0.42 332.63 1
0.43 334.22 1
0.44 335.27 1
0.45 336.56 1
0.46 339.02 1
0.47 340.56 1
0.48 341.2 1
0.49 339.59 1
0.5 338.9 1
0.51 339.61 1
0.52 339.33 1
0.53 339.2 1
0.54 338.45 1
0.55 337.85 1
0.56 335.38 1
0.57 332.73 1
0.58 331.26 1
0.59 332.26 1
0.6 335.21 1
0.61 338.11 1
0.62 342.92 1
0.63 346.07 1
0.64 341.54 1
0.65 329.88 1
0.66 332.7 1
0.67 0.0 1
0.68 74.11 1
0.69 74.49 1
0.7 74.41 1
0.71 74.56 1
0.72 74.75 1
0.73 74.55 1
0.74 74.71 1
0.75 74.36 1
0.76 74.56 1
0.77 74.53 1
0.78 74.43 1
0.79 74.63 1
0.8 74.27 1
0.81 74.77 1
0.82 74.7 1
0.83 74.21 1
0.84 74.81 1
0.85 74.4 1
0.86 74.27 1
0.87 74.68 1
0.88 74.31 1
0.89 74.68 1
0.9 74.68 1
0.91 74.43 1
0.92 74.56 1
0.93 183.36 1
0.94 199.1 1
0.95 199.41 1
0.96 194.17 1
0.97 224.43 1
0.98 231.58 1
0.99 216.55 1
1.0 210.36 1
1.01 207.86 1
1.02 210.39 1
1.03 217.57 1
1.04 228.11 1
1.05 246.38 1
1.06 249.79 1
1.07 295.1 1
1.08 303.17 1
1.09 309.45 1
1.1 297.12 1
1.11 305.12 1
1.12 305.19 1
1.13 292.18 1
1.14 289.25 1
1.15 250.86 1
1.16 244.19 1
1.17 244.58 1
1.18 251.26 1
1.19 262.13 1
1.2 229.0 1
1.21 253.17 1
1.22 251.71 1
1.23 255.28 1
1.24 264.91 1
1.25 257.17 1
1.26 247.08 1
1.27 0.0 1
1.28 0.0 1
1.29 353.12 1
1.3 351.85 1
1.31 335.55 1
1.32 335.2 1
1.33 340.86 1
1.34 356.61 1
1.35 373.17 1
1.36 384.48 1
1.37 395.84 1
1.38 400.48 1
1.39 394.59 1
1.4 379.97 1
1.41 363.0 1
1.42 336.18 1
1.43 295.2 1
1.44 292.94 1
1.45 343.1 1
1.46 298.05 1
1.47 302.94 1
1.48 296.86 1
1.49 298.99 1
1.5 299.18 1
1.51 295.39 1
1.52 303.09 1
1.53 306.41 1
1.54 306.06 1
1.55 303.87 1
1.56 299.18 1
1.57 271.29 1
1.58 298.99 1
1.59 295.01 1
1.6 287.31 1
1.61 276.48 1
1.62 272.98 1
1.63 273.29 1
1.64 284.3 1
1.65 293.13 1
1.66 306.88 1
1.67 318.39 1
1.68 327.68 1
1.69 318.41 1
1.7 313.45 1
1.71 296.18 1
1.72 291.09 1
1.73 235.36 1
1.74 206.92 1
1.75 200.91 1
1.76 219.84 1
1.77 219.89 1
1.78 218.8 1
1.79 219.65 1
1.8 222.12 1
1.81 226.75 1
1.82 228.53 1
1.83 227.98 1
1.84 228.01 1
1.85 228.0 1
1.86 225.7 1
1.87 215.62 1
1.88 0.0 1
1.89 0.0 1
1.9 0.0 1
1.91 0.0 1
1.92 220.98 1
1.93 223.54 1
1.94 230.41 1
1.95 248.8 1
1.96 274.73 1
1.97 298.27 1
1.98 319.59 1
1.99 330.87 1
2.0 328.43 1
2.01 317.04 1
2.02 299.0 1
2.03 254.07 1
2.04 248.18 1
2.05 224.05 1
2.06 215.11 1
2.07 223.93 1
2.08 232.27 1
2.09 249.0 1
2.1 263.42 1
2.11 277.05 1
2.12 291.35 1
2.13 303.48 1
2.14 321.93 1
2.15 311.19 1
2.16 303.11 1
2.17 291.34 1
2.18 285.18 1
2.19 287.68 1
2.2 219.57 1
2.21 267.77 1
2.22 272.93 1
2.23 281.64 1
2.24 289.14 1
2.25 290.31 1
2.26 295.86 1
2.27 299.07 1
2.28 302.44 1
2.29 304.2 1
2.3 305.42 1
2.31 305.68 1
2.32 305.23 1
2.33 295.27 1
2.34 271.32 1
2.35 295.02 1
2.36 302.31 1
2.37 298.26 1
2.38 293.67 1
2.39 287.08 1
2.4 288.82 1
2.41 295.22 1
2.42 313.75 1
2.43 331.81 1
2.44 357.09 1
2.45 381.24 1
2.46 397.66 1
2.47 399.14 1
2.48 366.22 1
2.49 385.01 1
2.5 379.75 1
2.51 381.8 1
2.52 363.7 1
2.53 348.62 1
2.54 332.09 1
2.55 325.41 1
2.56 320.61 1
2.57 313.71 1
2.58 299.22 1
2.59 293.24 1
2.6 290.08 1
2.61 283.21 1
2.62 279.88 1
2.63 276.36 1
2.64 270.41 1
2.65 265.91 1
2.66 129.94 1
2.67 256.15 1
2.68 252.4 1
2.69 247.9 1
2.7 245.07 1
2.71 244.63 1
2.72 243.82 1
2.73 244.11 1
2.74 245.68 1
2.75 249.02 1
2.76 253.52 1
2.77 255.82 1
2.78 272.89 1
2.79 276.44 1
2.8 283.79 1
2.81 290.97 1
2.82 293.09 1
2.83 291.23 1
2.84 293.13 1
2.85 293.11 1
2.86 293.09 1
2.87 293.09 1
2.88 293.12 1
2.89 293.13 1
2.9 295.07 1
2.91 295.07 1
2.92 297.04 1
2.93 299.06 1
2.94 299.07 1
2.95 299.05 1
2.96 299.04 1
2.97 299.03 1
2.98 297.05 1
2.99 295.09 1
3.0 295.07 1
3.01 295.07 1
3.02 293.13 1
3.03 295.0 1
3.04 294.99 1
3.05 293.12 1
3.06 295.03 1
3.07 295.07 1
3.08 295.09 1
3.09 297.07 1
3.1 299.07 1
3.11 299.11 1
3.12 295.16 1
3.13 295.12 1
3.14 293.07 1
3.15 287.2 1
3.16 287.63 1
3.17 289.81 1
3.18 149.9 1
3.19 149.0 1
3.2 148.54 1
3.21 148.86 1
3.22 147.77 1
3.23 149.11 1
3.24 149.73 1
3.25 146.83 1
3.26 148.26 1
3.27 150.22 1
3.28 148.86 1
3.29 147.33 1
3.3 150.2 1
3.31 149.7 1
3.32 151.13 1
3.33 74.54 1
3.34 74.57 1
3.35 74.44 1
3.36 74.55 1
3.37 74.07 1
3.38 74.52 1
3.39 74.53 1
3.4 74.52 1
3.41 74.54 1
3.42 74.5 1
3.43 74.51 1
3.44 0.0 1
3.45 0.0 1
3.46 241.49 1
3.47 236.42 1
3.48 220.38 1
3.49 220.51 1
3.5 224.76 1
3.51 235.48 1
3.52 245.79 1
3.53 269.58 1
3.54 291.15 1
3.55 309.09 1
3.56 320.5 1
3.57 325.16 1
3.58 334.68 1
3.59 316.13 1
3.6 305.11 1
3.61 297.56 1
3.62 281.06 1
3.63 266.46 1
3.64 255.65 1
3.65 255.81 1
3.66 264.46 1
3.67 279.1 1
3.68 293.17 1
3.69 313.25 1
3.7 332.57 1
3.71 340.76 1
3.72 346.63 1
3.73 343.57 1
3.74 332.84 1
3.75 281.69 1
3.76 278.19 1
3.77 276.36 1
3.78 257.25 1
3.79 242.9 1
3.8 245.56 1
3.81 244.29 1
3.82 254.18 1
3.83 272.94 1
3.84 289.13 1
3.85 301.46 1
3.86 309.12 1
3.87 308.41 1
3.88 298.99 1
3.89 279.25 1
3.9 291.11 1
3.91 203.69 1
3.92 223.95 1
3.93 238.96 1
3.94 223.47 1
3.95 218.81 1
3.96 219.57 1
3.97 221.06 1
3.98 221.65 1
3.99 222.52 1
4.0 224.66 1
4.01 225.58 1
4.02 225.13 1
4.03 222.88 1
4.04 220.67 1
4.05 211.52 1
4.06 218.8 1
4.07 211.52 1
4.08 204.45 1
4.09 197.17 1
4.1 196.89 1
4.11 201.25 1
4.12 204.7 1
4.13 213.71 1
4.14 221.82 1
4.15 229.13 1
4.16 231.65 1
4.17 241.18 1
4.18 232.89 1
4.19 0.0 1
4.2 0.0 1
4.21 0.0 1
4.22 182.45 1
4.23 181.3 1
4.24 165.43 1
4.25 164.23 1
4.26 163.63 1
4.27 166.44 1
4.28 174.01 1
4.29 183.55 1
4.3 188.92 1
4.31 201.97 1
4.32 207.54 1
4.33 211.34 1
4.34 210.54 1
4.35 204.65 1
4.36 195.16 1
4.37 186.28 1
4.38 180.44 1
4.39 167.35 1
4.4 163.14 1
4.41 165.22 1
4.42 170.48 1
4.43 178.3 1
4.44 184.93 1
4.45 197.22 1
4.46 204.69 1
4.47 210.3 1
4.48 206.57 1
4.49 201.85 1
4.5 201.75 1
4.51 197.24 1
4.52 194.72 1
4.53 168.6 1
4.54 161.82 1
4.55 160.83 1
4.56 165.07 1
4.57 174.58 1
4.58 188.09 1
4.59 203.8 1
4.6 218.84 1
4.61 225.62 1
4.62 230.43 1
4.63 241.47 1
4.64 0.0 1
4.65 0.0 1
4.66 0.0 1
4.67 143.47 1
4.68 170.61 1
4.69 165.46 1
4.7 167.75 1
4.71 171.84 1
4.72 179.57 1
4.73 189.75 1
4.74 202.87 1
4.75 216.02 1
4.76 227.94 1
4.77 235.25 1
4.78 247.82 1
4.79 236.46 1
4.8 241.0 1
4.81 197.27 1
4.82 216.72 1
4.83 218.78 1
4.84 217.93 1
4.85 202.33 1
4.86 203.25 1
4.87 209.14 1
4.88 224.01 1
4.89 230.38 1
4.9 252.04 1
4.91 266.47 1
4.92 285.54 1
4.93 294.99 1
