0.01 300.96 1
0.02 309.23 1
0.03 301.32 1
0.04 308.91 1
0.05 302.97 1
0.06 297.12 1
0.07 293.79 1
0.08 292.88 1
0.09 292.91 1
0.1 289.8 1
0.11 289.27 1
0.12 288.36 1
0.13 288.76 1
0.14 290.82 1
0.15 293.39 1
0.16 295.09 1
0.17 298.11 1
0.18 302.04 1
0.19 304.02 1
0.2 299.58 1
0.21 308.94 1
0.22 310.99 1
0.23 299.8 1
0.24 304.46 1
0.25 302.95 1
0.26 301.06 1
0.27 293.71 1
0.28 297.18 1
0.29 296.22 1
0.3 295.58 1
0.31 291.53 1
0.32 292.47 1
0.33 292.87 1
0.34 291.39 1
0.35 290.13 1
0.36 289.05 1
0.37 287.93 1
0.38 287.38 1
0.39 287.68 1
0.4 288.94 1
0.41 292.19 1
0.42 295.38 1
0.43 309.26 1
0.44 320.44 1
0.45 327.24 1
0.46 333.35 1
0.47 337.71 1
0.48 335.59 1
0.49 340.69 1
0.5 341.11 1
0.51 340.37 1
0.52 339.02 1
0.53 338.33 1
0.54 338.62 1
0.55 338.81 1
0.56 339.07 1
0.57 339.4 1
0.58 338.65 1
0.59 338.26 1
0.6 338.44 1
0.61 339.16 1
0.62 338.92 1
0.63 338.0 1
0.64 338.29 1
0.65 337.93 1
0.66 337.96 1
0.67 338.02 1
0.68 338.92 1
0.69 339.57 1
0.7 339.73 1
0.71 339.59 1
0.72 339.44 1
0.73 339.87 1
0.74 340.3 1
0.75 340.29 1
0.76 340.35 1
0.77 340.14 1
0.78 339.93 1
0.79 340.32 1
0.8 340.39 1
0.81 340.64 1
0.82 341.68 1
0.83 341.54 1
0.84 341.46 1
0.85 340.54 1
0.86 340.07 1
0.87 340.22 1
0.88 339.69 1
0.89 339.47 1
0.9 339.02 1
0.91 338.41 1
0.92 338.37 1
0.93 337.98 1
0.94 336.25 1
0.95 334.95 1
0.96 334.97 1
0.97 334.38 1
0.98 334.66 1
0.99 334.6 1
1.0 335.81 1
1.01 337.37 1
1.02 338.56 1
1.03 339.92 1
1.04 339.77 1
1.05 339.11 1
1.06 339.54 1
1.07 340.03 1
1.08 339.42 1
1.09 338.95 1
1.1 337.72 1
1.11 337.56 1
1.12 337.32 1
1.13 337.55 1
1.14 337.48 1
1.15 337.13 1
1.16 338.53 1
1.17 338.92 1
1.18 338.86 1
1.19 339.18 1
1.2 339.59 1
1.21 339.94 1
1.22 339.0 1
1.23 337.59 1
1.24 336.91 1
1.25 337.67 1
1.26 338.17 1
1.27 338.71 1
1.28 338.51 1
1.29 338.42 1
1.3 337.72 1
1.31 337.21 1
1.32 336.09 1
1.33 335.9 1
1.34 335.77 1
1.35 336.8 1
1.36 337.44 1
1.37 337.95 1
1.38 339.21 1
1.39 340.4 1
1.4 341.2 1
1.41 339.61 1
1.42 337.03 1
1.43 331.85 1
1.44 319.34 1
1.45 311.55 1
1.46 152.26 1
1.47 74.63 1
1.48 74.56 1
1.49 74.8 1
1.5 74.49 1
1.51 74.48 1
1.52 74.56 1
1.53 74.53 1
1.54 74.53 1
1.55 74.49 1
1.56 74.5 1
1.57 74.47 1
1.58 74.51 1
1.59 74.56 1
1.6 74.51 1
1.61 74.56 1
1.62 74.45 1
1.63 74.58 1
1.64 74.51 1
1.65 74.51 1
1.66 74.51 1
1.67 74.52 1
1.68 74.61 1
1.69 74.52 1
1.7 74.5 1
1.71 74.57 1
1.72 74.44 1
1.73 74.58 1
1.74 74.57 1
1.75 74.52 1
1.76 74.52 1
1.77 74.47 1
1.78 74.55 1
1.79 74.56 1
1.8 74.43 1
1.81 74.61 1
1.82 91.68 1
1.83 85.05 1
1.84 78.93 1
1.85 0.0 1
1.86 317.31 1
1.87 294.19 1
1.88 305.15 1
1.89 298.82 1
1.9 295.01 1
1.91 296.45 1
1.92 297.06 1
1.93 297.03 1
1.94 295.07 1
1.95 293.08 1
1.96 293.02 1
1.97 292.43 1
1.98 291.14 1
1.99 291.16 1
2.0 291.17 1
2.01 291.14 1
2.02 290.73 1
2.03 289.17 1
2.04 283.56 1
2.05 272.38 1
2.06 258.57 1
2.07 241.56 1
2.08 231.76 1
2.09 226.05 1
2.1 219.01 1
2.11 235.16 1
2.12 224.19 1
2.13 225.56 1
2.14 269.69 1
2.15 261.49 1
2.16 282.8 1
2.17 286.01 1
2.18 295.13 1
2.19 300.42 1
2.2 300.37 1
2.21 297.08 1
2.22 295.1 1
2.23 293.25 1
2.24 294.07 1
2.25 294.06 1
2.26 294.11 1
2.27 295.23 1
2.28 295.14 1
2.29 293.52 1
2.3 293.47 1
2.31 295.04 1
2.32 291.16 1
2.33 284.48 1
2.34 278.11 1
2.35 271.09 1
2.36 254.45 1
2.37 246.01 1
2.38 244.28 1
2.39 245.29 1
2.4 252.79 1
2.41 255.49 1
2.42 254.4 1
2.43 232.75 1
2.44 248.25 1
2.45 313.85 1
2.46 325.52 1
2.47 328.38 1
2.48 369.17 1
2.49 382.55 1
2.5 395.08 1
2.51 404.12 1
2.52 407.31 1
2.53 406.97 1
2.54 404.7 1
2.55 399.55 1
2.56 390.64 1
2.57 380.6 1
2.58 372.9 1
2.59 365.48 1
2.6 358.46 1
2.61 351.54 1
2.62 344.59 1
2.63 338.92 1
2.64 334.82 1
2.65 330.76 1
2.66 328.57 1
2.67 328.53 1
2.68 331.46 1
2.69 335.84 1
2.7 342.91 1
2.71 352.71 1
2.72 368.8 1
2.73 383.1 1
2.74 391.27 1
2.75 395.34 1
2.76 389.39 1
2.77 376.82 1
2.78 354.71 1
2.79 0.0 1
2.8 0.0 1
2.81 0.0 1
2.82 0.0 1
2.83 0.0 1
2.84 0.0 1
2.85 299.2 1
2.86 301.02 1
2.87 298.05 1
2.88 301.28 1
2.89 298.24 1
2.9 298.77 1
2.91 298.46 1
2.92 297.07 1
2.93 297.09 1
2.94 295.29 1
2.95 297.11 1
2.96 295.23 1
2.97 298.27 1
2.98 297.04 1
2.99 297.58 1
3.0 297.53 1
3.01 295.17 1
3.02 295.17 1
3.03 297.08 1
3.04 297.06 1
3.05 297.06 1
3.06 299.32 1
3.07 299.17 1
3.08 297.22 1
3.09 291.18 1
3.1 295.05 1
3.11 293.08 1
3.12 294.99 1
3.13 294.99 1
3.14 298.56 1
3.15 298.93 1
3.16 295.89 1
3.17 297.07 1
3.18 299.68 1
3.19 299.03 1
3.2 295.25 1
3.21 297.1 1
3.22 299.29 1
3.23 300.12 1
3.24 295.59 1
3.25 301.16 1
3.26 302.96 1
3.27 301.61 1
3.28 300.1 1
3.29 297.7 1
3.3 293.12 1
3.31 287.83 1
3.32 283.01 1
3.33 280.37 1
3.34 280.68 1
3.35 283.59 1
3.36 288.56 1
3.37 294.49 1
3.38 297.23 1
3.39 304.74 1
3.4 303.98 1
3.41 297.05 1
3.42 285.47 1
3.43 269.71 1
3.44 227.93 1
3.45 252.71 1
3.46 295.39 1
3.47 299.84 1
3.48 294.76 1
3.49 302.15 1
3.5 295.81 1
3.51 296.8 1
3.52 297.02 1
3.53 295.1 1
3.54 293.13 1
3.55 292.83 1
3.56 292.42 1
3.57 291.18 1
3.58 291.23 1
3.59 291.3 1
3.6 293.13 1
3.61 292.97 1
3.62 292.1 1
3.63 290.61 1
3.64 286.38 1
3.65 280.97 1
3.66 272.72 1
3.67 263.92 1
3.68 254.3 1
3.69 247.26 1
3.7 242.35 1
3.71 237.73 1
3.72 230.42 1
3.73 226.84 1
3.74 224.51 1
3.75 218.09 1
3.76 220.1 1
3.77 219.34 1
3.78 217.35 1
3.79 217.58 1
3.8 197.15 1
3.81 203.79 1
3.82 206.66 1
3.83 228.14 1
3.84 221.54 1
3.85 221.49 1
3.86 221.31 1
3.87 220.5 1
3.88 219.77 1
3.89 219.51 1
3.9 219.26 1
3.91 218.18 1
3.92 217.75 1
3.93 217.69 1
3.94 218.47 1
3.95 220.25 1
3.96 222.08 1
3.97 224.43 1
3.98 225.43 1
3.99 225.3 1
4.0 224.63 1
4.01 221.52 1
4.02 219.76 1
4.03 219.46 1
4.04 222.75 1
4.05 226.91 1
4.06 241.33 1
4.07 254.25 1
4.08 263.47 1
4.09 284.64 1
4.1 297.6 1
4.11 294.99 1
4.12 314.98 1
4.13 327.76 1
4.14 309.75 1
4.15 313.58 1
4.16 298.7 1
4.17 288.07 1
4.18 279.12 1
4.19 272.87 1
4.2 264.11 1
4.21 255.78 1
4.22 252.47 1
4.23 248.55 1
4.24 245.89 1
4.25 242.24 1
4.26 241.64 1
4.27 242.57 1
4.28 246.93 1
4.29 254.26 1
4.3 260.38 1
4.31 279.46 1
4.32 284.68 1
4.33 291.23 1
4.34 299.01 1
4.35 303.28 1
4.36 302.27 1
4.37 298.42 1
4.38 295.65 1
4.39 292.89 1
4.4 284.3 1
4.41 276.43 1
4.42 0.0 1
4.43 0.0 1
4.44 0.0 1
4.45 0.0 1
4.46 0.0 1
4.47 0.0 1
4.48 0.0 1
4.49 291.09 1
4.5 292.53 1
4.51 293.69 1
4.52 296.95 1
4.53 291.24 1
4.54 293.15 1
4.55 295.05 1
4.56 297.09 1
4.57 296.8 1
4.58 296.71 1
4.59 297.0 1
4.6 297.84 1
4.61 298.59 1
4.62 297.09 1
4.63 295.24 1
4.64 296.98 1
4.65 295.9 1
4.66 294.76 1
4.67 294.11 1
4.68 293.06 1
4.69 293.05 1
4.7 293.06 1
4.71 291.23 1
4.72 293.1 1
4.73 295.03 1
4.74 291.11 1
4.75 287.33 1
4.76 297.13 1
4.77 337.98 1
4.78 293.07 1
4.79 342.91 1
4.8 365.36 1
4.81 365.37 1
4.82 364.88 1
4.83 362.33 1
4.84 357.37 1
4.85 355.01 1
4.86 349.05 1
4.87 342.15 1
4.88 337.73 1
4.89 335.14 1
4.9 334.43 1
4.91 334.23 1
4.92 335.45 1
4.93 339.58 1
4.94 341.07 1
4.95 350.92 1
4.96 356.68 1
4.97 365.94 1
4.98 372.69 1
4.99 377.81 1
5.0 378.86 1
5.01 377.56 1
5.02 360.16 1
5.03 0.0 1
5.04 0.0 1
5.05 0.0 1
5.06 0.0 1
5.07 0.0 1
5.08 0.0 1
5.09 0.0 1
5.1 0.0 1
5.11 0.0 1
5.12 0.0 1
5.13 0.0 1
5.14 0.0 1
5.15 0.0 1
5.16 284.18 1
5.17 273.75 1
5.18 282.98 1
5.19 261.27 1
5.2 257.02 1
5.21 250.31 1
5.22 247.07 1
5.23 247.83 1
5.24 247.79 1
5.25 248.01 1
5.26 247.93 1
5.27 247.9 1
5.28 247.92 1
5.29 247.88 1
5.3 247.16 1
5.31 247.93 1
5.32 248.27 1
5.33 248.68 1
5.34 248.14 1
5.35 247.77 1
5.36 247.13 1
5.37 247.06 1
5.38 248.18 1
5.39 249.44 1
5.4 252.62 1
5.41 255.77 1
5.42 257.23 1
5.43 267.84 1
5.44 273.05 1
5.45 277.27 1
5.46 281.57 1
5.47 285.25 1
5.48 288.28 1
5.49 289.62 1
5.5 291.13 1
5.51 291.19 1
5.52 291.19 1
5.53 293.17 1
5.54 291.31 1
5.55 293.16 1
5.56 293.13 1
5.57 297.15 1
5.58 295.02 1
5.59 297.16 1
5.6 295.07 1
5.61 293.09 1
5.62 293.09 1
5.63 293.11 1
5.64 295.13 1
5.65 295.11 1
5.66 295.15 1
5.67 295.14 1
5.68 293.21 1
5.69 293.22 1
5.7 295.15 1
5.71 297.04 1
5.72 297.0 1
5.73 296.97 1
5.74 296.63 1
5.75 296.97 1
5.76 295.09 1
5.77 296.94 1
5.78 296.15 1
5.79 295.94 1
5.8 295.07 1
5.81 296.98 1
5.82 298.41 1
5.83 299.58 1
5.84 298.99 1
5.85 298.99 1
5.86 297.01 1
5.87 295.1 1
5.88 295.09 1
5.89 297.02 1
5.9 297.03 1
5.91 297.0 1
5.92 295.05 1
5.93 295.04 1
5.94 295.75 1
5.95 295.0 1
5.96 295.13 1
5.97 295.02 1
5.98 295.01 1
5.99 295.02 1
6.0 295.06 1
6.01 297.01 1
6.02 297.04 1
6.03 297.03 1
6.04 295.09 1
6.05 295.09 1
6.06 295.09 1
6.07 296.99 1
6.08 296.98 1
6.09 296.68 1
6.1 296.4 1
6.11 295.01 1
6.12 293.15 1
6.13 295.03 1
6.14 295.09 1
6.15 295.09 1
6.16 297.01 1
6.17 297.55 1
6.18 298.64 1
6.19 299.02 1
6.2 299.04 1
6.21 297.14 1
6.22 297.15 1
6.23 297.19 1
6.24 297.18 1
6.25 299.1 1
6.26 301.06 1
6.27 299.08 1
6.28 297.12 1
6.29 297.06 1
6.3 293.23 1
6.31 293.25 1
6.32 295.1 1
6.33 293.2 1
6.34 293.15 1
6.35 294.99 1
6.36 293.15 1
6.37 295.01 1
6.38 295.03 1
6.39 293.17 1
6.4 293.18 1
6.41 295.03 1
6.42 293.13 1
6.43 293.12 1
6.44 293.14 1
6.45 291.28 1
6.46 291.2 1
6.47 288.74 1
6.48 283.87 1
6.49 281.76 1
6.5 146.29 1
6.51 74.2 1
6.52 74.23 1
6.53 74.18 1
6.54 74.71 1
6.55 74.17 1
6.56 74.16 1
6.57 74.3 1
6.58 74.45 1
6.59 74.56 1
6.6 74.3 1
6.61 74.41 1
6.62 74.45 1
6.63 74.43 1
6.64 74.41 1
6.65 74.56 1
6.66 74.51 1
6.67 74.55 1
6.68 74.62 1
6.69 74.39 1
6.7 74.55 1
6.71 74.53 1
6.72 74.41 1
6.73 74.62 1
6.74 74.4 1
6.75 74.52 1
6.76 74.76 1
6.77 74.43 1
6.78 74.58 1
6.79 74.57 1
6.8 74.4 1
6.81 74.58 1
6.82 74.31 1
6.83 74.28 1
6.84 74.37 1
6.85 74.46 1
6.86 0.0 1
6.87 0.0 1
6.88 238.97 1
6.89 230.85 1
6.9 226.74 1
6.91 224.08 1
6.92 222.5 1
6.93 222.78 1
6.94 222.98 1
6.95 224.3 1
6.96 225.58 1
6.97 225.62 1
6.98 225.22 1
6.99 224.15 1
7.0 224.83 1
7.01 224.82 1
7.02 224.05 1
7.03 223.81 1
7.04 224.04 1
7.05 225.61 1
7.06 231.51 1
7.07 242.23 1
7.08 254.22 1
7.09 271.32 1
7.1 282.73 1
7.11 291.12 1
7.12 287.34 1
7.13 295.98 1
7.14 298.18 1
7.15 300.82 1
7.16 290.73 1
7.17 306.39 1
7.18 299.03 1
7.19 295.22 1
7.2 295.46 1
7.21 294.83 1
7.22 295.93 1
7.23 295.04 1
7.24 297.24 1
7.25 297.44 1
7.26 297.03 1
7.27 297.1 1
7.28 297.98 1
7.29 295.85 1
7.3 291.2 1
7.31 290.13 1
7.32 287.52 1
7.33 285.51 1
7.34 284.55 1
7.35 283.56 1
7.36 282.62 1
7.37 282.21 1
7.38 285.11 1
7.39 291.92 1
7.4 297.04 1
7.41 306.49 1
7.42 305.45 1
7.43 312.69 1
7.44 282.2 1
7.45 295.77 1
7.46 323.02 1
7.47 313.84 1
7.48 311.66 1
7.49 316.12 1
7.5 313.84 1
7.51 307.34 1
7.52 304.43 1
7.53 301.04 1
7.54 301.59 1
7.55 297.02 1
7.56 293.07 1
7.57 287.89 1
7.58 279.97 1
7.59 268.12 1
7.6 257.31 1
7.61 253.75 1
7.62 247.49 1
7.63 245.61 1
7.64 245.55 1
7.65 242.95 1
7.66 245.65 1
7.67 251.63 1
7.68 254.33 1
7.69 276.21 1
7.7 282.62 1
7.71 292.96 1
7.72 295.03 1
7.73 297.02 1
7.74 293.03 1
7.75 282.08 1
7.76 273.05 1
7.77 0.0 1
7.78 0.0 1
7.79 0.0 1
7.8 0.0 1
7.81 0.0 1
7.82 0.0 1
7.83 0.0 1
7.84 0.0 1
7.85 0.0 1
7.86 222.47 1
7.87 221.38 1
7.88 216.74 1
7.89 217.74 1
7.9 217.17 1
7.91 217.77 1
7.92 217.09 1
7.93 216.7 1
7.94 217.74 1
7.95 217.59 1
7.96 219.12 1
7.97 220.46 1
7.98 222.32 1
7.99 224.41 1
8.0 225.92 1
8.01 225.6 1
8.02 225.58 1
8.03 225.58 1
8.04 224.88 1
8.05 225.5 1
8.06 223.19 1
8.07 199.97 1
8.08 221.07 1
8.09 216.73 1
8.1 218.87 1
8.11 219.94 1
8.12 214.62 1
8.13 217.78 1
8.14 217.78 1
8.15 217.76 1
8.16 221.48 1
8.17 221.13 1
8.18 220.96 1
8.19 221.01 1
8.2 220.85 1
8.21 220.82 1
8.22 221.0 1
8.23 221.14 1
8.24 221.98 1
8.25 222.86 1
8.26 224.12 1
8.27 224.4 1
8.28 224.56 1
8.29 224.3 1
8.3 223.2 1
8.31 220.52 1
8.32 218.81 1
8.33 217.85 1
8.34 219.38 1
8.35 225.59 1
8.36 244.31 1
8.37 255.67 1
8.38 283.64 1
8.39 299.02 1
8.4 295.0 1
8.41 282.01 1
8.42 279.6 1
8.43 203.7 1
8.44 200.55 1
8.45 187.96 1
8.46 180.66 1
8.47 193.61 1
8.48 200.81 1
8.49 217.97 1
8.5 224.91 1
8.51 228.41 1
8.52 231.34 1
8.53 232.29 1
8.54 230.72 1
8.55 227.9 1
8.56 223.66 1
8.57 220.33 1
8.58 217.36 1
8.59 213.54 1
8.6 209.88 1
8.61 207.26 1
8.62 205.89 1
8.63 206.58 1
8.64 206.65 1
8.65 211.79 1
8.66 214.76 1
8.67 217.15 1
8.68 221.05 1
8.69 223.67 1
8.7 224.14 1
8.71 223.87 1
8.72 222.96 1
8.73 222.76 1
8.74 221.36 1
8.75 220.48 1
8.76 220.83 1
8.77 221.39 1
8.78 222.15 1
8.79 222.39 1
8.8 223.15 1
8.81 224.5 1
8.82 224.64 1
8.83 223.96 1
8.84 223.95 1
8.85 224.06 1
8.86 225.16 1
8.87 224.99 1
8.88 222.69 1
8.89 219.62 1
8.9 215.05 1
8.91 210.28 1
8.92 203.38 1
8.93 188.92 1
8.94 181.17 1
8.95 171.96 1
8.96 169.43 1
8.97 169.81 1
8.98 171.55 1
8.99 176.28 1
9.0 182.43 1
9.01 188.09 1
9.02 199.29 1
9.03 208.52 1
9.04 212.04 1
9.05 214.03 1
9.06 229.1 1
9.07 234.97 1
9.08 225.59 1
9.09 223.44 1
9.1 226.73 1
9.11 225.17 1
9.12 223.83 1
9.13 215.91 1
9.14 209.05 1
9.15 203.92 1
9.16 198.47 1
9.17 193.83 1
9.18 187.31 1
9.19 185.4 1
9.2 183.4 1
9.21 181.16 1
9.22 181.15 1
9.23 182.74 1
9.24 185.61 1
9.25 190.32 1
9.26 197.81 1
9.27 204.98 1
9.28 212.96 1
9.29 221.09 1
9.3 226.75 1
9.31 230.32 1
9.32 230.31 1
9.33 0.0 1
9.34 0.0 1
9.35 0.0 1
9.36 0.0 1
9.37 0.0 1
9.38 0.0 1
9.39 0.0 1
9.4 0.0 1
9.41 0.0 1
9.42 214.58 1
9.43 214.6 1
9.44 212.39 1
9.45 215.85 1
9.46 218.66 1
9.47 220.84 1
9.48 221.77 1
9.49 221.4 1
9.5 220.95 1
9.51 220.02 1
9.52 220.15 1
9.53 220.71 1
9.54 221.6 1
9.55 223.48 1
9.56 224.37 1
9.57 224.95 1
9.58 225.31 1
9.59 225.35 1
9.6 225.58 1
9.61 225.28 1
9.62 223.62 1
9.63 216.14 1
9.64 219.95 1
9.65 223.3 1
9.66 217.88 1
9.67 212.67 1
9.68 196.45 1
9.69 181.85 1
9.7 188.82 1
9.71 198.67 1
9.72 224.4 1
9.73 226.72 1
9.74 227.42 1
9.75 224.87 1
9.76 222.49 1
9.77 222.37 1
9.78 222.07 1
9.79 221.91 1
9.8 222.44 1
9.81 223.05 1
9.82 223.99 1
9.83 224.42 1
9.84 225.26 1
9.85 225.59 1
9.86 225.64 1
9.87 225.6 1
9.88 225.21 1
9.89 224.23 1
9.9 221.64 1
9.91 219.22 1
9.92 215.86 1
9.93 213.5 1
9.94 215.11 1
9.95 225.42 1
9.96 239.11 1
9.97 254.18 1
9.98 275.53 1
9.99 289.61 1
10.0 298.99 1
