0.01 0.0 1
0.02 0.0 1
0.03 223.77 1
0.04 227.65 1
0.05 231.57 1
0.06 242.27 1
0.07 248.42 1
0.08 275.28 1
0.09 285.44 1
0.1 290.59 1
0.11 289.6 1
0.12 279.38 1
0.13 268.17 1
0.14 265.27 1
0.15 252.3 1
0.16 223.45 1
0.17 218.73 1
0.18 218.86 1
0.19 232.76 1
0.2 250.19 1
0.21 0.0 1
0.22 0.0 1
0.23 343.43 1
0.24 367.63 1
0.25 378.63 1
0.26 370.38 1
0.27 354.31 1
0.28 337.29 1
0.29 0.0 1
0.3 0.0 1
0.31 0.0 1
0.32 0.0 1
0.33 0.0 1
0.34 278.09 1
0.35 283.51 1
0.36 284.07 1
0.37 290.5 1
0.38 295.16 1
0.39 297.97 1
0.4 297.08 1
0.41 297.31 1
0.42 296.08 1
0.43 294.9 1
0.44 295.02 1
0.45 291.19 1
0.46 287.3 1
0.47 295.0 1
0.48 296.04 1
0.49 291.12 1
0.5 330.26 1
0.51 339.18 1
0.52 340.78 1
0.53 345.05 1
0.54 344.05 1
0.55 0.0 1
0.56 343.32 1
0.57 345.55 1
0.58 346.37 1
0.59 341.18 1
0.6 345.39 1
0.61 340.0 1
0.62 322.93 1
0.63 318.62 1
0.64 316.77 1
0.65 292.87 1
0.66 280.5 1
0.67 280.79 1
0.68 287.91 1
0.69 301.01 1
0.7 317.23 1
0.71 334.63 1
0.72 346.38 1
0.73 363.14 1
0.74 372.2 1
0.75 0.0 1
0.76 0.0 1
0.77 0.0 1
0.78 0.0 1
0.79 346.36 1
0.8 329.1 1
0.81 325.27 1
0.82 320.56 1
0.83 322.53 1
0.84 331.93 1
0.85 345.35 1
0.86 357.21 1
0.87 372.42 1
0.88 380.55 1
0.89 0.0 1
0.9 0.0 1
0.91 0.0 1
0.92 392.34 1
0.93 395.75 1
0.94 392.29 1
0.95 376.01 1
0.96 365.65 1
0.97 352.22 1
0.98 352.3 1
0.99 354.35 1
1.0 360.24 1
1.01 372.94 1
1.02 382.36 1
1.03 389.59 1
1.04 397.15 1
1.05 400.04 1
1.06 401.64 1
1.07 394.96 1
1.08 390.34 1
1.09 380.19 1
1.1 371.65 1
1.11 358.4 1
1.12 348.84 1
1.13 348.77 1
1.14 354.39 1
1.15 369.03 1
1.16 384.85 1
1.17 403.9 1
1.18 415.29 1
1.19 450.79 1
1.2 463.76 1
1.21 461.16 1
1.22 404.71 1
1.23 427.28 1
1.24 418.25 1
1.25 403.17 1
1.26 369.21 1
1.27 362.75 1
1.28 361.42 1
1.29 371.83 1
1.3 385.52 1
1.31 399.95 1
1.32 414.24 1
1.33 426.38 1
1.34 434.53 1
1.35 430.64 1
1.36 424.18 1
1.37 410.27 1
1.38 377.93 1
1.39 360.0 1
1.4 339.28 1
1.41 327.64 1
1.42 319.25 1
1.43 322.83 1
1.44 329.6 1
1.45 340.89 1
1.46 358.2 1
1.47 372.57 1
1.48 386.74 1
1.49 398.98 1
1.5 401.07 1
1.51 396.08 1
1.52 385.7 1
1.53 366.71 1
1.54 345.67 1
1.55 295.53 1
1.56 288.66 1
1.57 321.62 1
1.58 293.67 1
1.59 293.64 1
1.6 297.64 1
1.61 297.64 1
1.62 299.11 1
1.63 299.26 1
1.64 297.42 1
1.65 301.23 1
1.66 301.38 1
1.67 299.41 1
1.68 281.49 1
1.69 295.01 1
1.7 295.01 1
1.71 295.07 1
1.72 283.11 1
1.73 280.29 1
1.74 276.76 1
1.75 282.05 1
1.76 291.02 1
1.77 303.21 1
1.78 315.71 1
1.79 325.06 1
1.8 326.84 1
1.81 318.45 1
1.82 309.15 1
1.83 291.19 1
1.84 277.96 1
1.85 261.87 1
1.86 254.18 1
1.87 255.47 1
1.88 264.79 1
1.89 276.45 1
1.9 273.31 1
1.91 281.94 1
1.92 293.2 1
1.93 304.46 1
1.94 309.54 1
1.95 310.72 1
1.96 308.9 1
1.97 303.23 1
1.98 297.03 1
1.99 283.73 1
2.0 289.2 1
2.01 299.07 1
2.02 281.05 1
2.03 284.31 1
2.04 283.23 1
2.05 288.38 1
2.06 301.12 1
2.07 319.84 1
2.08 339.53 1
2.09 354.93 1
2.1 366.38 1
2.11 370.82 1
2.12 368.02 1
2.13 357.34 1
2.14 347.15 1
2.15 329.46 1
2.16 281.9 1
2.17 310.89 1
2.18 311.57 1
2.19 299.98 1
2.2 295.73 1
2.21 298.92 1
2.22 296.23 1
2.23 297.95 1
2.24 296.98 1
2.25 299.17 1
2.26 299.01 1
2.27 299.09 1
2.28 299.07 1
2.29 299.05 1
2.3 295.01 1
2.31 295.05 1
2.32 295.04 1
2.33 301.05 1
2.34 281.72 1
2.35 278.13 1
2.36 281.31 1
2.37 287.16 1
2.38 295.75 1
2.39 299.09 1
2.4 313.86 1
2.41 322.92 1
2.42 307.36 1
2.43 320.63 1
2.44 311.66 1
2.45 296.7 1
2.46 305.52 1
2.47 254.87 1
2.48 215.02 1
2.49 214.59 1
2.5 205.35 1
2.51 209.04 1
2.52 221.49 1
2.53 243.17 1
2.54 255.88 1
2.55 284.73 1
2.56 295.19 1
2.57 301.2 1
2.58 293.04 1
2.59 291.18 1
2.6 297.06 1
2.61 276.43 1
2.62 248.09 1
2.63 219.96 1
2.64 223.96 1
2.65 209.51 1
2.66 224.5 1
2.67 245.66 1
2.68 265.14 1
2.69 285.56 1
2.7 301.16 1
2.71 316.39 1
2.72 323.82 1
2.73 329.29 1
2.74 325.17 1
2.75 316.12 1
2.76 301.64 1
2.77 293.06 1
2.78 294.15 1
2.79 289.28 1
2.8 287.64 1
2.81 292.42 1
2.82 295.16 1
2.83 307.26 1
2.84 315.97 1
2.85 326.73 1
2.86 327.97 1
2.87 331.02 1
2.88 327.47 1
2.89 322.87 1
2.9 289.5 1
2.91 298.97 1
2.92 269.98 1
2.93 261.48 1
2.94 240.27 1
2.95 232.08 1
2.96 234.64 1
2.97 241.61 1
2.98 251.58 1
2.99 264.81 1
3.0 286.56 1
3.01 297.1 1
3.02 309.41 1
3.03 325.48 1
3.04 322.28 1
3.05 296.47 1
3.06 292.83 1
3.07 264.95 1
3.08 241.02 1
3.09 230.07 1
3.1 224.56 1
3.11 229.88 1
3.12 246.88 1
3.13 266.47 1
3.14 295.17 1
3.15 323.64 1
3.16 346.01 1
3.17 360.31 1
3.18 362.23 1
3.19 346.12 1
3.2 318.47 1
3.21 288.9 1
3.22 294.43 1
3.23 273.05 1
3.24 262.97 1
3.25 242.9 1
3.26 241.59 1
3.27 249.95 1
3.28 270.9 1
3.29 283.15 1
3.3 298.57 1
3.31 307.9 1
3.32 309.92 1
3.33 299.04 1
3.34 286.59 1
3.35 273.02 1
3.36 0.0 1
3.37 0.0 1
3.38 0.0 1
3.39 226.35 1
3.4 227.3 1
3.41 226.03 1
3.42 225.58 1
3.43 226.77 1
3.44 230.31 1
3.45 230.36 1
3.46 231.5 1
3.47 227.97 1
3.48 225.62 1
3.49 217.0 1
3.5 223.31 1
3.51 221.07 1
3.52 213.55 1
3.53 207.58 1
3.54 201.79 1
3.55 207.61 1
3.56 222.05 1
3.57 228.0 1
3.58 229.23 1
3.59 227.96 1
3.6 0.0 1
3.61 0.0 1
3.62 0.0 1
3.63 74.75 1
3.64 75.28 1
3.65 73.84 1
3.66 74.78 1
3.67 74.24 1
3.68 74.93 1
3.69 74.32 1
3.7 74.33 1
3.71 74.38 1
3.72 74.3 1
3.73 74.48 1
3.74 74.72 1
3.75 74.56 1
3.76 74.67 1
3.77 74.77 1
3.78 76.76 1
3.79 95.15 1
3.8 95.0 1
3.81 98.84 1
3.82 100.55 1
3.83 102.91 1
3.84 103.74 1
3.85 105.64 1
3.86 107.17 1
3.87 92.55 1
3.88 75.23 1
3.89 74.54 1
3.9 73.93 1
3.91 74.56 1
3.92 76.77 1
3.93 76.23 1
3.94 74.03 1
3.95 74.09 1
3.96 74.3 1
3.97 74.81 1
3.98 74.87 1
3.99 74.69 1
4.0 74.81 1
4.01 74.69 1
4.02 74.56 1
4.03 74.7 1
4.04 74.56 1
4.05 74.47 1
4.06 74.5 1
4.07 0.0 1
4.08 0.0 1
4.09 146.76 1
4.1 163.62 1
4.11 162.41 1
4.12 170.97 1
4.13 184.22 1
4.14 196.85 1
4.15 207.56 1
4.16 218.92 1
4.17 225.78 1
4.18 232.29 1
4.19 232.74 1
4.2 229.21 1
4.21 225.63 1
4.22 217.41 1
4.23 207.55 1
4.24 197.3 1
4.25 186.48 1
4.26 184.41 1
4.27 185.74 1
4.28 198.65 1
4.29 214.43 1
4.3 227.96 1
4.31 244.98 1
4.32 248.55 1
4.33 264.06 1
4.34 0.0 1
4.35 0.0 1
4.36 0.0 1
4.37 0.0 1
4.38 200.85 1
4.39 179.9 1
4.4 175.27 1
4.41 179.89 1
4.42 185.63 1
4.43 207.4 1
4.44 227.88 1
4.45 254.29 1
4.46 283.73 1
4.47 298.99 1
4.48 307.33 1
4.49 306.4 1
4.5 293.06 1
4.51 271.49 1
4.52 252.42 1
4.53 230.31 1
4.54 217.96 1
4.55 217.64 1
4.56 216.85 1
4.57 220.3 1
4.58 223.64 1
4.59 226.78 1
4.6 229.12 1
4.61 226.86 1
4.62 225.63 1
4.63 209.49 1
4.64 0.0 1
4.65 0.0 1
4.66 0.0 1
4.67 0.0 1
4.68 0.0 1
4.69 0.0 1
4.7 0.0 1
4.71 0.0 1
4.72 0.0 1
4.73 0.0 1
4.74 0.0 1
4.75 297.04 1
4.76 319.83 1
4.77 335.48 1
4.78 355.36 1
4.79 343.67 1
4.8 309.49 1
4.81 309.47 1
4.82 289.91 1
4.83 279.4 1
4.84 246.9 1
4.85 234.16 1
4.86 234.01 1
4.87 230.64 1
