0.01 294.83 1
0.02 276.32 1
0.03 272.99 1
0.04 276.4 1
0.05 280.21 1
0.06 286.29 1
0.07 290.61 1
0.08 291.22 1
0.09 295.06 1
0.1 293.23 1
0.11 293.2 1
0.12 293.13 1
0.13 293.18 1
0.14 293.23 1
0.15 295.16 1
0.16 297.17 1
0.17 301.07 1
0.18 301.09 1
0.19 299.03 1
0.2 295.11 1
0.21 291.19 1
0.22 289.87 1
0.23 286.91 1
0.24 285.52 1
0.25 289.64 1
0.26 297.11 1
0.27 323.07 1
0.28 343.21 1
0.29 367.49 1
0.3 386.41 1
0.31 392.09 1
0.32 393.0 1
0.33 385.2 1
0.34 378.45 1
0.35 364.2 1
0.36 351.4 1
0.37 339.9 1
0.38 331.25 1
0.39 326.11 1
0.4 327.84 1
0.41 335.79 1
0.42 345.98 1
0.43 371.15 1
0.44 398.43 1
0.45 466.51 1
0.46 498.94 1
0.47 496.72 1
0.48 487.3 1
0.49 471.67 1
0.5 422.68 1
0.51 378.79 1
0.52 347.86 1
0.53 334.99 1
0.54 327.13 1
0.55 325.33 1
0.56 323.02 1
0.57 325.46 1
0.58 331.32 1
0.59 343.37 1
0.6 351.57 1
0.61 364.69 1
0.62 369.88 1
0.63 371.9 1
0.64 366.82 1
0.65 351.46 1
0.66 342.32 1
0.67 329.88 1
0.68 317.85 1
0.69 308.1 1
0.7 302.68 1
0.71 298.46 1
0.72 301.36 1
0.73 299.13 1
0.74 300.69 1
0.75 301.9 1
0.76 301.21 1
0.77 303.19 1
0.78 301.76 1
0.79 299.15 1
0.8 297.2 1
0.81 297.0 1
0.82 294.24 1
0.83 288.7 1
0.84 283.71 1
0.85 279.86 1
0.86 278.13 1
0.87 281.11 1
0.88 290.73 1
0.89 297.2 1
0.9 313.76 1
0.91 319.81 1
0.92 321.33 1
0.93 319.33 1
0.94 318.93 1
0.95 313.05 1
0.96 321.07 1
0.97 313.39 1
0.98 316.04 1
0.99 307.29 1
1.0 329.7 1
1.01 303.09 1
1.02 290.57 1
1.03 292.94 1
1.04 302.95 1
1.05 305.07 1
1.06 298.77 1
1.07 295.17 1
1.08 313.73 1
1.09 311.53 1
1.1 305.32 1
1.11 318.3 1
1.12 309.91 1
1.13 307.24 1
1.14 311.44 1
1.15 300.56 1
1.16 295.89 1
1.17 290.35 1
1.18 287.22 1
1.19 289.1 1
1.2 279.94 1
1.21 279.94 1
1.22 276.45 1
1.23 281.73 1
1.24 291.84 1
1.25 291.17 1
1.26 327.85 1
1.27 337.94 1
1.28 356.79 1
1.29 356.36 1
1.3 350.33 1
1.31 337.85 1
1.32 330.25 1
1.33 315.13 1
1.34 316.08 1
1.35 302.82 1
1.36 319.43 1
1.37 317.79 1
1.38 318.46 1
1.39 316.27 1
1.4 295.24 1
1.41 318.62 1
1.42 322.1 1
1.43 300.82 1
1.44 297.13 1
1.45 307.03 1
1.46 307.18 1
1.47 298.61 1
1.48 287.66 1
1.49 283.59 1
1.5 280.16 1
1.51 279.86 1
1.52 278.15 1
1.53 281.68 1
1.54 287.23 1
1.55 294.98 1
1.56 307.03 1
1.57 309.7 1
1.58 318.35 1
1.59 289.12 1
1.6 313.91 1
1.61 313.4 1
1.62 343.29 1
1.63 297.11 1
1.64 291.0 1
1.65 281.54 1
1.66 276.24 1
1.67 271.17 1
1.68 272.83 1
1.69 276.42 1
1.7 285.23 1
1.71 295.7 1
1.72 318.99 1
1.73 327.81 1
1.74 371.99 1
1.75 365.07 1
1.76 357.26 1
1.77 340.56 1
1.78 316.11 1
1.79 297.64 1
1.8 290.13 1
1.81 289.24 1
1.82 288.02 1
1.83 288.5 1
1.84 291.52 1
1.85 293.76 1
1.86 296.97 1
1.87 298.95 1
1.88 297.09 1
1.89 294.99 1
1.9 294.48 1
1.91 293.69 1
1.92 293.47 1
1.93 291.24 1
1.94 288.66 1
1.95 285.35 1
1.96 281.75 1
1.97 281.63 1
1.98 278.16 1
1.99 281.63 1
2.0 283.57 1
2.01 289.95 1
2.02 297.06 1
2.03 311.47 1
2.04 308.07 1
2.05 314.45 1
2.06 312.01 1
2.07 299.01 1
2.08 292.46 1
2.09 285.84 1
2.1 232.81 1
2.11 232.72 1
2.12 229.1 1
2.13 226.74 1
2.14 237.75 1
2.15 250.98 1
2.16 255.69 1
2.17 273.66 1
2.18 285.45 1
2.19 295.47 1
2.2 299.16 1
2.21 296.34 1
2.22 289.09 1
2.23 277.77 1
2.24 267.0 1
2.25 254.35 1
2.26 247.3 1
2.27 245.17 1
2.28 245.52 1
2.29 252.35 1
2.3 260.84 1
2.31 276.45 1
2.32 286.03 1
2.33 295.72 1
2.34 299.04 1
2.35 309.4 1
2.36 305.22 1
2.37 297.09 1
2.38 299.17 1
2.39 296.15 1
2.4 290.72 1
2.41 287.85 1
2.42 285.2 1
2.43 279.99 1
2.44 274.76 1
2.45 267.39 1
2.46 257.42 1
2.47 252.5 1
2.48 249.19 1
2.49 247.27 1
2.5 249.43 1
2.51 255.1 1
2.52 263.68 1
2.53 283.61 1
2.54 289.47 1
2.55 291.2 1
2.56 302.77 1
2.57 297.07 1
2.58 298.14 1
2.59 299.11 1
2.6 297.83 1
2.61 298.62 1
2.62 295.93 1
2.63 290.36 1
2.64 283.85 1
2.65 278.71 1
2.66 274.66 1
2.67 269.16 1
2.68 265.7 1
2.69 263.37 1
2.7 260.78 1
2.71 258.71 1
2.72 257.29 1
2.73 255.08 1
2.74 253.1 1
2.75 251.0 1
2.76 248.23 1
2.77 245.73 1
2.78 246.96 1
2.79 247.01 1
2.8 248.9 1
2.81 252.84 1
2.82 260.16 1
2.83 267.4 1
2.84 275.15 1
2.85 282.74 1
2.86 291.92 1
2.87 298.53 1
2.88 303.4 1
2.89 303.1 1
2.9 303.74 1
2.91 302.34 1
2.92 301.03 1
2.93 300.47 1
2.94 300.55 1
2.95 299.76 1
2.96 298.55 1
2.97 297.74 1
2.98 298.09 1
2.99 297.27 1
3.0 295.34 1
3.01 293.3 1
3.02 292.36 1
3.03 289.38 1
3.04 287.78 1
3.05 284.55 1
3.06 281.56 1
3.07 281.43 1
3.08 282.31 1
3.09 283.94 1
3.1 287.41 1
3.11 291.16 1
3.12 297.08 1
3.13 303.85 1
3.14 306.92 1
3.15 305.32 1
3.16 305.01 1
3.17 301.62 1
3.18 296.82 1
3.19 291.16 1
3.2 285.29 1
3.21 280.0 1
3.22 280.19 1
3.23 285.79 1
3.24 295.17 1
3.25 301.1 1
3.26 309.57 1
3.27 312.42 1
3.28 298.89 1
3.29 136.75 1
3.3 74.51 1
3.31 73.83 1
3.32 74.07 1
3.33 74.54 1
3.34 74.52 1
3.35 74.58 1
3.36 73.72 1
3.37 74.5 1
3.38 74.68 1
3.39 74.44 1
3.4 74.36 1
3.41 74.57 1
3.42 74.56 1
3.43 74.62 1
3.44 74.46 1
3.45 74.51 1
3.46 74.43 1
3.47 74.51 1
3.48 74.51 1
3.49 74.41 1
3.5 74.41 1
3.51 74.68 1
3.52 74.31 1
3.53 74.47 1
3.54 74.51 1
3.55 74.55 1
3.56 74.53 1
3.57 74.43 1
3.58 74.58 1
3.59 74.52 1
3.6 74.81 1
3.61 85.29 1
3.62 221.6 1
3.63 218.85 1
3.64 216.27 1
3.65 216.56 1
3.66 215.98 1
3.67 215.44 1
3.68 216.48 1
3.69 221.39 1
3.7 237.47 1
3.71 255.66 1
3.72 268.3 1
3.73 281.66 1
3.74 294.99 1
3.75 317.81 1
3.76 312.73 1
3.77 315.42 1
3.78 310.64 1
3.79 293.07 1
3.8 287.22 1
3.81 278.21 1
3.82 271.1 1
3.83 272.98 1
3.84 278.22 1
3.85 283.71 1
3.86 296.4 1
3.87 306.0 1
3.88 321.09 1
3.89 339.64 1
3.9 341.68 1
3.91 330.49 1
3.92 316.24 1
3.93 290.23 1
3.94 301.06 1
3.95 296.25 1
3.96 242.97 1
3.97 239.06 1
3.98 241.92 1
3.99 248.42 1
4.0 258.54 1
4.01 270.87 1
4.02 284.13 1
4.03 298.14 1
4.04 297.4 1
4.05 311.38 1
4.06 308.96 1
4.07 285.84 1
4.08 275.4 1
4.09 255.47 1
4.1 225.47 1
4.11 231.42 1
4.12 223.32 1
4.13 222.63 1
4.14 222.75 1
4.15 222.55 1
4.16 224.37 1
4.17 224.45 1
4.18 225.6 1
4.19 225.37 1
4.2 225.74 1
4.21 225.55 1
4.22 225.4 1
4.23 224.02 1
4.24 222.11 1
4.25 216.72 1
4.26 210.67 1
4.27 223.67 1
4.28 204.8 1
4.29 203.37 1
4.3 202.45 1
4.31 206.59 1
4.32 213.08 1
4.33 216.88 1
4.34 227.91 1
4.35 234.0 1
4.36 237.79 1
4.37 240.33 1
4.38 202.71 1
4.39 219.14 1
4.4 208.45 1
4.41 204.68 1
4.42 206.55 1
4.43 198.21 1
4.44 208.86 1
4.45 192.38 1
4.46 181.36 1
4.47 178.05 1
4.48 174.55 1
4.49 174.01 1
4.5 178.19 1
4.51 184.25 1
4.52 188.92 1
4.53 196.26 1
4.54 201.98 1
4.55 214.33 1
4.56 211.61 1
4.57 213.88 1
4.58 208.66 1
4.59 206.46 1
4.6 198.08 1
4.61 187.03 1
4.62 180.99 1
4.63 166.07 1
4.64 164.93 1
4.65 170.96 1
4.66 178.91 1
4.67 186.06 1
4.68 203.8 1
4.69 217.13 1
4.7 226.39 1
4.71 246.79 1
4.72 235.21 1
4.73 227.96 1
4.74 221.38 1
4.75 211.55 1
4.76 197.35 1
4.77 180.34 1
4.78 168.64 1
4.79 168.31 1
4.8 172.16 1
4.81 179.04 1
4.82 181.85 1
4.83 192.88 1
4.84 214.47 1
4.85 216.94 1
4.86 225.65 1
4.87 225.84 1
4.88 231.53 1
4.89 230.79 1
4.9 228.65 1
4.91 226.37 1
4.92 224.37 1
4.93 223.57 1
4.94 222.76 1
4.95 220.78 1
4.96 216.84 1
4.97 219.81 1
4.98 219.95 1
4.99 224.53 1
5.0 235.26 1
5.01 259.79 1
5.02 272.09 1
5.03 281.0 1
5.04 314.23 1
5.05 321.86 1
5.06 286.81 1
5.07 337.18 1
5.08 337.56 1
5.09 290.12 1
5.1 264.97 1
5.11 251.39 1
5.12 235.15 1
5.13 225.69 1
5.14 223.38 1
5.15 226.32 1
5.16 230.5 1
5.17 239.02 1
5.18 251.26 1
5.19 260.24 1
5.2 273.16 1
5.21 253.48 1
5.22 322.92 1
5.23 318.68 1
