0.01 293.02 1
0.02 292.55 1
0.03 293.06 1
0.04 288.08 1
0.05 282.27 1
0.06 277.43 1
0.07 274.03 1
0.08 272.06 1
0.09 272.15 1
0.1 273.19 1
0.11 276.17 1
0.12 278.77 1
0.13 282.19 1
0.14 286.98 1
0.15 292.14 1
0.16 291.54 1
0.17 297.75 1
0.18 298.59 1
0.19 299.18 1
0.2 293.49 1
0.21 295.38 1
0.22 294.27 1
0.23 294.33 1
0.24 293.19 1
0.25 293.05 1
0.26 292.85 1
0.27 291.78 1
0.28 289.08 1
0.29 285.01 1
0.3 282.36 1
0.31 280.78 1
0.32 279.99 1
0.33 279.09 1
0.34 278.96 1
0.35 281.08 1
0.36 284.2 1
0.37 288.51 1
0.38 294.5 1
0.39 299.0 1
0.4 301.43 1
0.41 306.15 1
0.42 306.33 1
0.43 305.21 1
0.44 301.73 1
0.45 295.2 1
0.46 288.68 1
0.47 283.62 1
0.48 280.5 1
0.49 280.73 1
0.5 282.9 1
0.51 287.9 1
0.52 294.65 1
0.53 295.41 1
0.54 306.06 1
0.55 307.56 1
0.56 307.62 1
0.57 303.47 1
0.58 301.51 1
0.59 294.95 1
0.6 287.44 1
0.61 281.92 1
0.62 278.74 1
0.63 279.97 1
0.64 285.79 1
0.65 290.69 1
0.66 295.03 1
0.67 301.21 1
0.68 309.55 1
0.69 304.72 1
0.7 148.92 1
0.71 74.58 1
0.72 74.69 1
0.73 74.5 1
0.74 74.39 1
0.75 74.88 1
0.76 74.33 1
0.77 74.68 1
0.78 74.9 1
0.79 74.36 1
0.8 74.81 1
0.81 74.74 1
0.82 74.38 1
0.83 74.81 1
0.84 74.33 1
0.85 74.64 1
0.86 74.57 1
0.87 74.46 1
0.88 74.56 1
0.89 74.63 1
0.9 74.51 1
0.91 74.51 1
0.92 74.64 1
0.93 0.0 1
0.94 307.32 1
0.95 276.28 1
0.96 279.43 1
0.97 311.66 1
0.98 309.29 1
0.99 303.13 1
1.0 306.9 1
1.01 303.15 1
1.02 303.14 1
1.03 304.37 1
1.04 303.12 1
1.05 303.98 1
1.06 304.27 1
1.07 302.99 1
1.08 299.91 1
1.09 296.03 1
1.1 293.13 1
1.11 287.83 1
1.12 280.87 1
1.13 270.12 1
1.14 254.21 1
1.15 241.71 1
1.16 236.93 1
1.17 228.04 1
1.18 267.16 1
1.19 253.11 1
1.2 285.83 1
1.21 297.96 1
1.22 294.93 1
1.23 319.58 1
1.24 319.08 1
1.25 313.79 1
1.26 300.9 1
1.27 283.75 1
1.28 255.86 1
1.29 238.43 1
1.3 221.25 1
1.31 218.84 1
1.32 219.27 1
1.33 231.49 1
1.34 249.51 1
1.35 252.71 1
1.36 277.74 1
1.37 294.56 1
1.38 305.27 1
1.39 311.96 1
1.4 318.61 1
1.41 315.74 1
1.42 304.41 1
1.43 297.14 1
1.44 289.14 1
1.45 280.64 1
1.46 264.91 1
1.47 272.73 1
1.48 276.8 1
1.49 284.67 1
1.5 287.34 1
1.51 309.33 1
1.52 322.77 1
1.53 331.62 1
1.54 335.21 1
1.55 323.74 1
1.56 316.04 1
1.57 295.07 1
1.58 261.65 1
1.59 253.77 1
1.6 241.84 1
1.61 240.09 1
1.62 238.37 1
1.63 244.5 1
1.64 256.62 1
1.65 276.64 1
1.66 289.2 1
1.67 297.01 1
1.68 320.68 1
1.69 320.72 1
1.7 306.69 1
1.71 291.11 1
1.72 0.0 1
1.73 0.0 1
1.74 0.0 1
1.75 0.0 1
1.76 0.0 1
1.77 0.0 1
1.78 218.84 1
1.79 219.18 1
1.8 220.88 1
1.81 221.96 1
1.82 222.7 1
1.83 224.09 1
1.84 224.74 1
1.85 224.64 1
1.86 224.52 1
1.87 224.24 1
1.88 223.44 1
1.89 220.8 1
1.9 216.7 1
1.91 214.88 1
1.92 207.57 1
1.93 198.54 1
1.94 197.3 1
1.95 199.39 1
1.96 203.71 1
1.97 210.78 1
1.98 214.96 1
1.99 221.16 1
2.0 225.23 1
2.01 227.42 1
2.02 225.64 1
2.03 225.62 1
2.04 226.13 1
2.05 225.76 1
2.06 224.39 1
2.07 216.66 1
2.08 216.7 1
2.09 186.82 1
2.1 163.61 1
2.11 152.85 1
2.12 153.55 1
2.13 162.8 1
2.14 170.64 1
2.15 179.39 1
2.16 199.86 1
2.17 209.51 1
2.18 231.53 1
2.19 242.31 1
2.2 244.54 1
2.21 234.18 1
2.22 216.5 1
2.23 212.51 1
2.24 200.54 1
2.25 191.19 1
2.26 166.92 1
2.27 165.41 1
2.28 170.6 1
2.29 177.94 1
2.3 188.13 1
2.31 199.93 1
2.32 208.39 1
2.33 211.52 1
2.34 220.01 1
2.35 223.84 1
2.36 226.75 1
2.37 225.38 1
2.38 223.82 1
2.39 221.03 1
2.4 218.29 1
2.41 216.02 1
2.42 218.86 1
2.43 221.84 1
2.44 218.35 1
2.45 222.59 1
2.46 224.5 1
2.47 221.15 1
2.48 214.85 1
2.49 202.75 1
2.5 91.21 1
2.51 91.78 1
2.52 91.4 1
2.53 89.73 1
2.54 89.78 1
2.55 91.21 1
2.56 90.46 1
2.57 91.21 1
2.58 91.96 1
2.59 203.7 1
2.6 209.5 1
2.61 209.51 1
2.62 224.4 1
2.63 218.1 1
2.64 219.77 1
2.65 222.15 1
2.66 220.08 1
2.67 218.87 1
2.68 219.36 1
2.69 206.96 1
2.7 219.9 1
2.71 217.77 1
2.72 216.72 1
2.73 219.91 1
2.74 218.26 1
2.75 218.88 1
2.76 221.05 1
2.77 222.22 1
2.78 218.9 1
2.79 223.69 1
2.8 226.69 1
2.81 222.75 1
2.82 218.9 1
2.83 221.12 1
2.84 221.27 1
2.85 221.36 1
2.86 219.99 1
2.87 222.19 1
2.88 221.89 1
2.89 221.42 1
2.9 221.03 1
2.91 221.34 1
2.92 220.0 1
2.93 220.47 1
2.94 222.08 1
2.95 220.03 1
2.96 222.29 1
2.97 224.37 1
2.98 224.35 1
2.99 223.37 1
3.0 225.37 1
3.01 224.8 1
3.02 224.47 1
3.03 223.03 1
3.04 221.0 1
3.05 219.93 1
3.06 217.39 1
3.07 214.31 1
3.08 205.82 1
3.09 207.2 1
3.1 206.59 1
3.11 209.43 1
3.12 210.57 1
3.13 219.89 1
3.14 221.82 1
3.15 225.6 1
3.16 227.93 1
3.17 228.89 1
3.18 227.55 1
3.19 224.72 1
3.2 219.47 1
3.21 215.27 1
3.22 205.66 1
3.23 74.58 1
3.24 74.6 1
3.25 74.52 1
3.26 74.51 1
3.27 74.52 1
3.28 74.31 1
3.29 74.65 1
3.3 74.52 1
3.31 74.3 1
3.32 74.26 1
3.33 74.69 1
3.34 74.56 1
3.35 74.56 1
3.36 74.74 1
3.37 74.57 1
3.38 74.53 1
3.39 74.68 1
3.4 74.51 1
3.41 74.52 1
3.42 74.59 1
3.43 74.56 1
3.44 74.56 1
3.45 74.56 1
3.46 74.6 1
3.47 74.58 1
3.48 74.48 1
3.49 74.56 1
3.5 74.6 1
3.51 74.47 1
3.52 74.57 1
3.53 201.78 1
3.54 225.99 1
3.55 216.15 1
3.56 217.74 1
3.57 218.84 1
3.58 217.99 1
3.59 218.35 1
3.6 219.02 1
3.61 220.33 1
3.62 221.92 1
3.63 224.24 1
3.64 225.31 1
3.65 226.18 1
3.66 226.75 1
3.67 227.91 1
3.68 226.76 1
3.69 225.35 1
3.7 219.99 1
3.71 213.39 1
3.72 203.67 1
3.73 197.3 1
3.74 197.21 1
3.75 203.7 1
3.76 213.81 1
3.77 221.0 1
3.78 225.59 1
3.79 230.56 1
3.8 227.93 1
3.81 226.75 1
3.82 225.59 1
3.83 225.36 1
3.84 229.11 1
3.85 227.92 1
3.86 222.49 1
3.87 212.4 1
3.88 207.84 1
3.89 206.67 1
3.9 165.27 1
3.91 217.72 1
3.92 227.94 1
3.93 250.08 1
3.94 276.48 1
3.95 296.99 1
3.96 303.19 1
3.97 321.24 1
3.98 325.19 1
3.99 320.99 1
4.0 309.44 1
4.01 291.1 1
4.02 269.55 1
4.03 255.31 1
4.04 237.94 1
4.05 233.51 1
4.06 231.66 1
4.07 241.62 1
4.08 253.37 1
4.09 271.36 1
4.1 287.82 1
4.11 295.05 1
4.12 297.04 1
4.13 295.0 1
4.14 280.54 1
4.15 251.23 1
4.16 248.12 1
4.17 236.22 1
4.18 225.86 1
4.19 223.51 1
4.2 223.37 1
4.21 223.72 1
4.22 219.81 1
4.23 221.45 1
4.24 224.59 1
4.25 226.76 1
4.26 226.78 1
4.27 226.76 1
4.28 224.57 1
4.29 210.91 1
4.3 225.58 1
4.31 225.58 1
4.32 224.08 1
4.33 233.96 1
4.34 239.32 1
4.35 288.19 1
4.36 300.49 1
4.37 307.66 1
4.38 312.15 1
4.39 312.61 1
4.4 305.27 1
4.41 303.11 1
4.42 297.07 1
4.43 297.08 1
4.44 295.15 1
4.45 297.12 1
4.46 299.12 1
4.47 304.83 1
4.48 301.16 1
4.49 299.11 1
4.5 297.11 1
4.51 295.07 1
4.52 291.14 1
4.53 285.19 1
4.54 279.89 1
4.55 274.65 1
4.56 274.72 1
4.57 280.02 1
4.58 291.1 1
4.59 299.09 1
4.6 313.87 1
4.61 321.46 1
4.62 324.0 1
4.63 320.82 1
4.64 313.86 1
4.65 299.08 1
4.66 285.3 1
4.67 258.71 1
4.68 245.67 1
4.69 241.55 1
4.7 238.95 1
4.71 241.71 1
4.72 248.57 1
4.73 254.42 1
4.74 271.54 1
4.75 284.94 1
4.76 295.1 1
4.77 301.09 1
4.78 301.08 1
4.79 295.07 1
4.8 293.04 1
4.81 284.83 1
4.82 272.94 1
4.83 255.7 1
4.84 248.21 1
4.85 245.21 1
4.86 246.72 1
4.87 252.89 1
4.88 272.98 1
4.89 287.15 1
4.9 320.69 1
4.91 340.59 1
4.92 343.26 1
4.93 371.94 1
4.94 352.72 1
4.95 341.74 1
4.96 309.51 1
4.97 301.04 1
4.98 288.39 1
4.99 292.78 1
5.0 289.11 1
5.01 287.09 1
5.02 294.54 1
5.03 295.36 1
5.04 297.02 1
5.05 300.12 1
5.06 299.88 1
5.07 299.03 1
5.08 299.05 1
5.09 301.05 1
5.1 302.83 1
5.11 304.37 1
5.12 304.45 1
