0.01 281.74 1
0.02 259.57 1
0.03 247.43 1
0.04 240.27 1
0.05 231.61 1
0.06 233.97 1
0.07 239.63 1
0.08 244.31 1
0.09 252.47 1
0.1 257.23 1
0.11 272.89 1
0.12 273.85 1
0.13 278.21 1
0.14 275.38 1
0.15 272.97 1
0.16 263.66 1
0.17 254.25 1
0.18 246.38 1
0.19 241.51 1
0.2 228.11 1
0.21 225.62 1
0.22 225.01 1
0.23 223.89 1
0.24 222.75 1
0.25 221.2 1
0.26 218.78 1
0.27 210.84 1
0.28 223.3 1
0.29 222.87 1
0.3 215.65 1
0.31 215.66 1
0.32 225.42 1
0.33 219.88 1
0.34 217.73 1
0.35 218.29 1
0.36 219.95 1
0.37 221.59 1
0.38 222.0 1
0.39 222.76 1
0.4 223.45 1
0.41 224.18 1
0.42 222.93 1
0.43 212.52 1
0.44 210.59 1
0.45 216.73 1
0.46 206.56 1
0.47 224.35 1
0.48 219.92 1
0.49 219.84 1
0.5 220.42 1
0.51 229.09 1
0.52 254.3 1
0.53 278.16 1
0.54 293.12 1
0.55 313.5 1
0.56 322.24 1
0.57 321.64 1
0.58 307.39 1
0.59 293.17 1
0.6 289.66 1
0.61 277.69 1
0.62 222.16 1
0.63 242.96 1
0.64 224.81 1
0.65 239.98 1
0.66 248.05 1
0.67 260.88 1
0.68 279.75 1
0.69 290.84 1
0.7 303.89 1
0.71 311.6 1
0.72 317.92 1
0.73 303.55 1
0.74 300.82 1
0.75 295.15 1
0.76 291.1 1
0.77 327.96 1
0.78 289.62 1
0.79 279.89 1
0.8 272.94 1
0.81 276.36 1
0.82 284.91 1
0.83 294.99 1
0.84 301.09 1
0.85 307.78 1
0.86 305.93 1
0.87 298.51 1
0.88 0.0 1
0.89 0.0 1
0.9 0.0 1
0.91 0.0 1
0.92 0.0 1
0.93 0.0 1
0.94 0.0 1
0.95 0.0 1
0.96 0.0 1
0.97 0.0 1
0.98 0.0 1
0.99 0.0 1
1.0 0.0 1
1.01 0.0 1
1.02 0.0 1
1.03 0.0 1
1.04 182.17 1
1.05 194.01 1
1.06 182.42 1
1.07 184.24 1
1.08 186.12 1
1.09 208.75 1
1.1 202.81 1
1.11 197.1 1
1.12 204.3 1
1.13 217.68 1
1.14 231.75 1
1.15 255.81 1
1.16 279.6 1
1.17 295.01 1
1.18 301.1 1
1.19 305.25 1
1.2 308.07 1
1.21 293.08 1
1.22 284.57 1
1.23 257.42 1
1.24 233.63 1
1.25 223.39 1
1.26 222.56 1
1.27 221.69 1
1.28 224.64 1
1.29 239.1 1
1.3 253.05 1
1.31 268.31 1
1.32 289.81 1
1.33 303.45 1
1.34 312.85 1
1.35 322.65 1
1.36 311.7 1
1.37 291.32 1
1.38 276.4 1
1.39 216.0 1
1.4 275.49 1
1.41 251.2 1
1.42 254.15 1
1.43 249.82 1
1.44 252.98 1
1.45 261.74 1
1.46 272.86 1
1.47 279.07 1
1.48 287.37 1
1.49 293.26 1
1.5 303.65 1
1.51 305.4 1
1.52 291.22 1
1.53 270.44 1
1.54 293.11 1
1.55 299.88 1
1.56 297.14 1
1.57 291.68 1
1.58 289.36 1
1.59 285.69 1
1.6 285.46 1
1.61 288.83 1
1.62 302.27 1
1.63 0.0 1
1.64 251.32 1
1.65 259.67 1
1.66 263.3 1
1.67 264.01 1
1.68 255.03 1
1.69 244.55 1
1.7 233.84 1
1.71 172.83 1
1.72 164.82 1
1.73 167.58 1
1.74 162.83 1
1.75 333.08 1
1.76 350.52 1
1.77 369.56 1
1.78 386.24 1
1.79 398.29 1
1.8 404.85 1
1.81 399.45 1
1.82 386.18 1
1.83 367.02 1
1.84 343.34 1
1.85 285.38 1
1.86 287.24 1
1.87 311.4 1
1.88 301.51 1
1.89 292.25 1
1.9 294.95 1
1.91 297.54 1
1.92 296.82 1
1.93 295.18 1
1.94 295.06 1
1.95 299.06 1
1.96 299.29 1
1.97 303.22 1
1.98 297.22 1
1.99 295.24 1
2.0 291.44 1
2.01 284.31 1
2.02 279.97 1
2.03 281.7 1
2.04 278.25 1
2.05 283.64 1
2.06 294.82 1
2.07 309.58 1
2.08 332.82 1
2.09 348.72 1
2.1 361.18 1
2.11 354.29 1
2.12 340.56 1
2.13 314.81 1
2.14 0.0 1
2.15 0.0 1
2.16 0.0 1
2.17 0.0 1
2.18 0.0 1
2.19 0.0 1
2.2 0.0 1
2.21 0.0 1
2.22 0.0 1
2.23 288.81 1
2.24 303.64 1
2.25 315.53 1
2.26 316.22 1
2.27 299.05 1
2.28 280.24 1
2.29 284.74 1
2.3 224.04 1
2.31 227.9 1
2.32 216.56 1
2.33 218.64 1
2.34 226.21 1
2.35 247.37 1
2.36 265.5 1
2.37 283.42 1
2.38 301.2 1
2.39 312.84 1
2.4 320.55 1
2.41 317.44 1
2.42 313.57 1
2.43 307.02 1
2.44 291.38 1
2.45 286.97 1
2.46 285.41 1
2.47 292.85 1
2.48 291.38 1
2.49 298.96 1
2.5 289.45 1
2.51 291.2 1
2.52 293.01 1
2.53 295.08 1
2.54 297.08 1
2.55 301.1 1
2.56 301.06 1
2.57 295.18 1
2.58 287.45 1
2.59 291.15 1
2.6 285.45 1
2.61 273.09 1
2.62 234.38 1
2.63 208.72 1
2.64 208.69 1
2.65 213.31 1
2.66 223.45 1
2.67 240.26 1
2.68 257.29 1
2.69 276.26 1
2.7 291.32 1
2.71 307.37 1
2.72 316.75 1
2.73 320.48 1
2.74 320.83 1
2.75 316.1 1
2.76 306.49 1
2.77 293.9 1
2.78 280.68 1
2.79 274.65 1
2.8 267.93 1
2.81 271.73 1
2.82 278.95 1
2.83 288.26 1
2.84 305.72 1
2.85 320.68 1
2.86 335.38 1
2.87 341.13 1
2.88 338.05 1
2.89 328.49 1
2.9 317.44 1
2.91 283.64 1
2.92 281.78 1
2.93 266.52 1
2.94 249.76 1
2.95 235.03 1
2.96 236.37 1
2.97 237.28 1
2.98 246.81 1
2.99 257.02 1
3.0 284.84 1
3.01 290.83 1
3.02 296.52 1
3.03 296.98 1
3.04 288.4 1
3.05 275.03 1
3.06 291.26 1
3.07 233.97 1
3.08 204.63 1
3.09 210.54 1
3.1 223.0 1
3.11 221.69 1
3.12 219.9 1
3.13 219.69 1
3.14 221.48 1
3.15 223.48 1
3.16 225.17 1
3.17 225.59 1
3.18 226.77 1
3.19 227.95 1
3.2 226.75 1
3.21 224.04 1
3.22 216.89 1
3.23 216.66 1
3.24 201.26 1
3.25 195.39 1
3.26 193.81 1
3.27 197.38 1
3.28 203.8 1
3.29 214.43 1
3.3 224.03 1
3.31 230.52 1
3.32 240.39 1
3.33 244.56 1
3.34 0.0 1
3.35 0.0 1
3.36 0.0 1
3.37 0.0 1
3.38 180.3 1
3.39 181.92 1
3.4 166.09 1
3.41 166.23 1
3.42 168.68 1
3.43 173.57 1
3.44 181.24 1
3.45 185.87 1
3.46 195.44 1
3.47 200.91 1
3.48 202.84 1
3.49 202.77 1
3.5 201.18 1
3.51 198.68 1
3.52 196.43 1
3.53 175.47 1
3.54 164.19 1
3.55 164.18 1
3.56 167.7 1
3.57 181.95 1
3.58 188.21 1
3.59 205.67 1
3.6 220.5 1
3.61 231.56 1
3.62 238.37 1
3.63 242.59 1
3.64 241.76 1
3.65 0.0 1
3.66 0.0 1
3.67 0.0 1
3.68 0.0 1
3.69 177.46 1
3.7 170.04 1
3.71 171.64 1
3.72 178.88 1
3.73 184.95 1
3.74 198.36 1
3.75 205.66 1
3.76 214.22 1
3.77 219.15 1
3.78 225.59 1
3.79 218.86 1
3.8 0.0 1
3.81 0.0 1
3.82 0.0 1
3.83 0.0 1
3.84 224.46 1
3.85 216.7 1
3.86 209.49 1
3.87 216.5 1
3.88 226.59 1
3.89 240.95 1
3.9 255.71 1
3.91 270.43 1
3.92 274.25 1
3.93 275.58 1
3.94 269.02 1
3.95 0.0 1
3.96 0.0 1
3.97 0.0 1
3.98 0.0 1
3.99 0.0 1
4.0 215.62 1
4.01 213.51 1
4.02 214.29 1
4.03 216.27 1
4.04 218.54 1
4.05 220.95 1
4.06 222.29 1
4.07 222.44 1
4.08 221.52 1
4.09 221.38 1
4.1 222.2 1
4.11 217.94 1
4.12 221.13 1
4.13 218.96 1
4.14 217.66 1
4.15 219.71 1
4.16 219.43 1
4.17 226.74 1
4.18 238.98 1
4.19 252.85 1
4.2 274.62 1
4.21 285.97 1
4.22 299.62 1
4.23 309.93 1
4.24 314.53 1
4.25 315.84 1
4.26 312.67 1
4.27 266.49 1
4.28 295.0 1
4.29 287.26 1
4.3 296.99 1
4.31 268.45 1
4.32 264.91 1
4.33 265.31 1
4.34 268.33 1
4.35 276.33 1
4.36 279.83 1
4.37 289.2 1
4.38 297.03 1
4.39 299.1 1
4.4 306.06 1
4.41 301.1 1
4.42 301.03 1
4.43 294.99 1
4.44 287.34 1
4.45 281.44 1
4.46 274.7 1
4.47 264.88 1
4.48 254.29 1
4.49 250.67 1
4.5 247.25 1
4.51 250.04 1
4.52 255.75 1
4.53 270.69 1
4.54 278.55 1
4.55 288.35 1
4.56 294.32 1
4.57 297.08 1
4.58 285.65 1
4.59 280.45 1
4.6 269.71 1
4.61 254.8 1
4.62 242.96 1
4.63 237.73 1
4.64 236.93 1
4.65 231.52 1
4.66 227.92 1
4.67 179.77 1
4.68 176.16 1
4.69 75.98 1
4.7 74.96 1
4.71 74.3 1
4.72 73.32 1
4.73 73.31 1
4.74 73.81 1
4.75 74.68 1
4.76 74.81 1
4.77 75.19 1
4.78 74.48 1
4.79 74.06 1
4.8 74.63 1
4.81 74.23 1
4.82 74.61 1
4.83 74.81 1
4.84 74.57 1
4.85 74.5 1
