0.01 131.11 1
0.02 132.68 1
0.03 148.01 1
0.04 173.28 1
0.05 188.87 1
0.06 196.43 1
0.07 194.03 1
0.08 198.7 1
0.09 200.46 1
0.1 200.3 1
0.11 200.9 1
0.12 204.22 1
0.13 204.99 1
0.14 207.35 1
0.15 208.29 1
0.16 208.24 1
0.17 208.17 1
0.18 208.83 1
0.19 209.32 1
0.2 209.61 1
0.21 210.93 1
0.22 212.02 1
0.23 212.71 1
0.24 212.85 1
0.25 212.41 1
0.26 212.12 1
0.27 212.87 1
0.28 216.09 1
0.29 218.88 1
0.3 220.68 1
0.31 222.74 1
0.32 230.72 1
0.33 234.99 1
0.34 238.59 1
0.35 238.83 1
0.36 242.53 1
0.37 244.94 1
0.38 243.25 1
0.39 244.16 1
0.4 244.83 1
0.41 243.22 1
0.42 243.89 1
0.43 244.51 1
0.44 244.21 1
0.45 244.11 1
0.46 243.53 1
0.47 242.59 1
0.48 241.07 1
0.49 240.84 1
0.5 239.59 1
0.51 238.69 1
0.52 236.92 1
0.53 237.1 1
0.54 235.91 1
0.55 235.7 1
0.56 233.23 1
0.57 232.98 1
0.58 231.52 1
0.59 232.12 1
0.6 232.34 1
0.61 234.39 1
0.62 234.72 1
0.63 236.33 1
0.64 237.89 1
0.65 240.25 1
0.66 241.66 1
0.67 244.45 1
0.68 246.48 1
0.69 248.83 1
0.7 248.34 1
0.71 249.44 1
0.72 248.88 1
0.73 248.8 1
0.74 249.02 1
0.75 248.42 1
0.76 247.45 1
0.77 247.23 1
0.78 246.2 1
0.79 246.32 1
0.8 244.89 1
0.81 244.62 1
0.82 244.27 1
0.83 243.29 1
0.84 241.2 1
0.85 240.92 1
0.86 241.19 1
0.87 238.18 1
0.88 237.17 1
0.89 236.15 1
0.9 235.1 1
0.91 234.57 1
0.92 232.72 1
0.93 231.51 1
0.94 233.03 1
0.95 232.72 1
0.96 234.34 1
0.97 235.51 1
0.98 237.73 1
0.99 239.06 1
1.0 240.4 1
1.01 243.24 1
1.02 244.41 1
1.03 246.47 1
1.04 249.08 1
1.05 247.14 1
1.06 247.84 1
1.07 247.07 1
1.08 244.82 1
1.09 242.46 1
1.1 240.62 1
1.11 237.61 1
1.12 235.84 1
1.13 235.54 1
1.14 234.89 1
1.15 235.97 1
1.16 237.73 1
1.17 238.48 1
1.18 240.82 1
1.19 244.0 1
1.2 246.27 1
1.21 251.26 1
1.22 250.3 1
1.23 252.14 1
1.24 250.36 1
1.25 248.36 1
1.26 244.26 1
1.27 241.71 1
1.28 235.74 1
1.29 230.29 1
1.3 225.58 1
1.31 224.21 1
1.32 224.94 1
1.33 226.48 1
1.34 229.1 1
1.35 232.72 1
1.36 233.95 1
1.37 231.5 1
1.38 237.08 1
1.39 239.37 1
1.4 249.61 1
1.41 255.33 1
1.42 254.08 1
1.43 255.93 1
1.44 272.64 1
1.45 275.1 1
1.46 277.61 1
1.47 276.52 1
1.48 277.56 1
1.49 278.47 1
1.5 277.48 1
1.51 276.91 1
1.52 277.32 1
1.53 277.15 1
1.54 276.67 1
1.55 277.47 1
1.56 278.23 1
1.57 278.7 1
1.58 280.02 1
1.59 280.77 1
1.6 280.09 1
1.61 278.98 1
1.62 277.26 1
1.63 273.67 1
1.64 270.68 1
1.65 266.45 1
1.66 252.72 1
1.67 235.21 1
1.68 226.9 1
1.69 214.74 1
1.7 215.22 1
1.71 220.07 1
1.72 226.06 1
1.73 232.72 1
1.74 243.29 1
1.75 251.29 1
1.76 261.08 1
1.77 263.33 1
1.78 273.04 1
1.79 273.62 1
1.8 270.96 1
1.81 266.31 1
1.82 257.42 1
1.83 244.93 1
1.84 228.87 1
1.85 218.85 1
1.86 210.5 1
1.87 204.64 1
1.88 206.61 1
1.89 207.51 1
1.9 207.7 1
1.91 210.29 1
1.92 212.19 1
1.93 213.15 1
1.94 210.51 1
1.95 213.76 1
1.96 214.03 1
1.97 213.94 1
1.98 213.25 1
1.99 210.29 1
2.0 212.23 1
2.01 210.49 1
2.02 204.64 1
2.03 199.57 1
2.04 194.27 1
2.05 181.73 1
2.06 182.23 1
2.07 183.41 1
2.08 180.29 1
2.09 182.06 1
2.1 185.69 1
2.11 187.96 1
2.12 185.69 1
2.13 188.06 1
2.14 190.85 1
2.15 188.87 1
2.16 191.88 1
2.17 191.29 1
2.18 191.23 1
2.19 190.98 1
2.2 190.62 1
2.21 189.62 1
2.22 191.32 1
2.23 188.2 1
2.24 187.44 1
2.25 187.84 1
2.26 187.74 1
2.27 188.87 1
2.28 189.61 1
2.29 190.2 1
2.3 187.26 1
2.31 188.53 1
2.32 187.47 1
2.33 187.17 1
2.34 187.42 1
2.35 186.47 1
2.36 186.23 1
2.37 187.01 1
2.38 189.32 1
2.39 192.25 1
2.4 191.72 1
2.41 192.93 1
2.42 189.14 1
2.43 184.22 1
2.44 174.39 1
2.45 171.83 1
2.46 170.48 1
2.47 149.24 1
2.48 153.24 1
2.49 144.86 1
2.5 147.08 1
2.51 144.53 1
2.52 147.45 1
2.53 146.41 1
2.54 148.51 1
2.55 148.9 1
2.56 149.42 1
2.57 150.25 1
2.58 150.54 1
2.59 149.08 1
2.6 148.77 1
2.61 148.51 1
2.62 148.12 1
2.63 147.95 1
2.64 147.35 1
2.65 146.91 1
2.66 146.27 1
2.67 145.31 1
2.68 145.79 1
2.69 146.27 1
2.7 147.03 1
2.71 147.74 1
2.72 148.82 1
2.73 150.28 1
2.74 152.1 1
2.75 153.0 1
2.76 153.26 1
2.77 153.79 1
2.78 153.67 1
2.79 153.7 1
2.8 152.31 1
2.81 151.62 1
2.82 150.34 1
2.83 149.21 1
2.84 149.47 1
2.85 150.83 1
2.86 152.36 1
2.87 155.87 1
2.88 161.13 1
2.89 171.2 1
2.9 175.24 1
2.91 177.42 1
2.92 177.11 1
2.93 175.97 1
2.94 172.61 1
2.95 168.2 1
2.96 164.28 1
2.97 159.88 1
2.98 155.83 1
2.99 151.54 1
3.0 150.27 1
3.01 149.19 1
3.02 149.86 1
3.03 150.99 1
3.04 153.27 1
3.05 156.44 1
3.06 160.08 1
3.07 164.38 1
3.08 169.29 1
3.09 173.66 1
3.1 171.95 1
3.11 171.27 1
3.12 165.48 1
3.13 161.19 1
3.14 163.37 1
3.15 157.7 1
3.16 145.22 1
3.17 141.85 1
3.18 136.32 1
3.19 135.28 1
3.2 138.58 1
3.21 143.42 1
3.22 136.41 1
3.23 136.99 1
3.24 136.03 1
3.25 136.05 1
3.26 136.13 1
3.27 136.33 1
3.28 136.78 1
3.29 136.71 1
3.3 136.62 1
3.31 136.61 1
3.32 136.33 1
3.33 136.33 1
3.34 136.55 1
3.35 136.14 1
3.36 136.62 1
3.37 136.46 1
3.38 136.97 1
3.39 138.12 1
3.4 139.09 1
3.41 138.61 1
3.42 137.81 1
3.43 137.54 1
3.44 137.17 1
3.45 136.76 1
3.46 137.61 1
3.47 138.47 1
3.48 137.61 1
3.49 136.77 1
3.5 136.33 1
3.51 135.08 1
3.52 134.66 1
3.53 133.44 1
3.54 133.03 1
3.55 134.83 1
3.56 134.29 1
3.57 132.64 1
3.58 135.38 1
3.59 135.9 1
3.6 136.75 1
3.61 140.19 1
3.62 143.29 1
3.63 146.27 1
3.64 152.69 1
3.65 159.64 1
3.66 165.53 1
3.67 164.42 1
3.68 169.49 1
3.69 166.68 1
3.7 168.28 1
3.71 168.86 1
3.72 169.15 1
3.73 169.13 1
3.74 168.66 1
3.75 167.41 1
3.76 166.27 1
3.77 164.04 1
3.78 162.67 1
3.79 159.69 1
3.8 156.71 1
3.81 155.71 1
3.82 155.34 1
3.83 154.08 1
3.84 154.11 1
3.85 153.6 1
3.86 152.4 1
3.87 152.59 1
3.88 152.79 1
3.89 152.78 1
3.9 152.44 1
3.91 153.22 1
3.92 153.91 1
3.93 152.24 1
3.94 151.49 1
3.95 151.32 1
3.96 150.62 1
3.97 150.31 1
3.98 152.22 1
3.99 154.16 1
4.0 155.06 1
4.01 156.44 1
4.02 155.14 1
4.03 154.95 1
4.04 154.69 1
4.05 153.28 1
4.06 153.07 1
4.07 153.24 1
4.08 154.38 1
4.09 155.66 1
4.1 156.77 1
4.11 157.1 1
4.12 158.62 1
4.13 159.4 1
4.14 160.43 1
4.15 160.73 1
4.16 160.75 1
4.17 161.19 1
4.18 161.21 1
4.19 159.81 1
4.2 158.88 1
4.21 158.1 1
4.22 156.03 1
4.23 155.86 1
4.24 153.29 1
4.25 153.22 1
4.26 152.17 1
4.27 150.61 1
4.28 150.85 1
4.29 148.85 1
4.3 148.05 1
4.31 146.47 1
4.32 144.28 1
4.33 142.98 1
4.34 140.6 1
4.35 139.98 1
4.36 138.87 1
4.37 136.6 1
4.38 135.72 1
4.39 136.92 1
4.4 134.21 1
4.41 133.58 1
4.42 130.35 1
4.43 135.94 1
4.44 134.55 1
4.45 136.78 1
4.46 139.07 1
4.47 139.7 1
4.48 69.18 1
4.49 69.34 1
4.5 69.07 1
4.51 69.47 1
4.52 69.75 1
4.53 68.91 1
4.54 69.53 1
4.55 69.44 1
4.56 68.97 1
4.57 69.66 1
4.58 68.38 1
4.59 68.64 1
4.6 69.95 1
4.61 68.25 1
4.62 68.7 1
4.63 69.99 1
4.64 68.93 1
4.65 69.59 1
4.66 69.97 1
4.67 68.99 1
4.68 69.56 1
4.69 69.4 1
4.7 68.69 1
4.71 70.23 1
4.72 69.28 1
4.73 68.93 1
4.74 69.83 1
4.75 68.85 1
4.76 68.78 1
4.77 70.33 1
4.78 68.85 1
4.79 68.48 1
4.8 69.35 1
4.81 68.34 1
4.82 69.72 1
4.83 69.95 1
4.84 68.61 1
4.85 69.61 1
4.86 69.62 1
4.87 68.62 1
4.88 69.53 1
4.89 70.28 1
4.9 68.67 1
4.91 69.61 1
4.92 69.04 1
4.93 68.88 1
4.94 70.14 1
4.95 0.0 1
4.96 0.0 1
4.97 0.0 1
4.98 0.0 1
4.99 0.0 1
5.0 0.0 1
5.01 0.0 1
5.02 0.0 1
5.03 0.0 1
5.04 0.0 1
5.05 0.0 1
5.06 0.0 1
5.07 0.0 1
5.08 0.0 1
5.09 0.0 1
5.1 0.0 1
5.11 138.29 1
5.12 142.28 1
5.13 131.82 1
5.14 128.39 1
5.15 129.18 1
5.16 128.62 1
5.17 128.57 1
5.18 129.52 1
5.19 134.38 1
5.2 138.03 1
5.21 142.66 1
5.22 149.59 1
5.23 163.03 1
5.24 168.85 1
5.25 171.26 1
5.26 174.4 1
5.27 173.28 1
5.28 177.66 1
5.29 178.69 1
5.3 178.57 1
5.31 176.58 1
5.32 174.65 1
5.33 171.26 1
5.34 165.8 1
5.35 161.28 1
5.36 151.45 1
5.37 142.95 1
5.38 140.37 1
5.39 135.71 1
5.4 135.54 1
5.41 136.73 1
5.42 138.54 1
5.43 144.04 1
5.44 151.06 1
5.45 162.85 1
5.46 173.77 1
5.47 175.34 1
5.48 187.52 1
5.49 199.15 1
5.5 184.16 1
5.51 176.19 1
5.52 176.75 1
5.53 182.63 1
5.54 188.86 1
5.55 197.33 1
5.56 185.01 1
5.57 180.36 1
5.58 175.36 1
5.59 163.71 1
5.6 159.5 1
5.61 155.52 1
5.62 152.02 1
5.63 149.84 1
5.64 148.55 1
5.65 149.02 1
5.66 151.63 1
5.67 157.22 1
5.68 165.37 1
5.69 172.83 1
5.7 181.99 1
5.71 187.26 1
5.72 192.03 1
5.73 198.39 1
5.74 202.94 1
5.75 203.7 1
5.76 204.39 1
5.77 204.45 1
5.78 203.86 1
5.79 200.03 1
5.8 194.26 1
5.81 182.43 1
5.82 162.58 1
5.83 160.07 1
5.84 159.23 1
5.85 160.19 1
5.86 162.38 1
5.87 164.23 1
5.88 158.7 1
5.89 165.13 1
5.9 174.0 1
5.91 195.77 1
5.92 198.08 1
5.93 198.19 1
5.94 193.0 1
5.95 191.97 1
5.96 195.77 1
5.97 208.55 1
5.98 220.98 1
5.99 223.48 1
6.0 216.86 1
6.01 213.09 1
6.02 206.56 1
6.03 201.39 1
6.04 192.29 1
6.05 181.66 1
6.06 168.65 1
6.07 165.5 1
6.08 168.3 1
6.09 181.07 1
6.1 188.87 1
6.11 201.06 1
6.12 220.85 1
6.13 233.4 1
6.14 242.63 1
6.15 252.11 1
6.16 254.19 1
6.17 254.19 1
6.18 252.52 1
6.19 246.17 1
6.2 238.71 1
6.21 226.03 1
6.22 209.65 1
6.23 202.0 1
6.24 199.05 1
6.25 198.2 1
6.26 197.92 1
6.27 197.63 1
6.28 198.79 1
6.29 199.71 1
6.3 201.39 1
6.31 202.09 1
6.32 204.21 1
6.33 204.64 1
6.34 204.64 1
6.35 201.12 1
6.36 204.78 1
6.37 193.85 1
6.38 181.11 1
6.39 189.68 1
6.4 194.44 1
6.41 0.0 1
6.42 0.0 1
6.43 190.88 1
6.44 205.24 1
6.45 209.23 1
6.46 213.43 1
6.47 215.26 1
6.48 215.28 1
6.49 213.93 1
6.5 214.62 1
6.51 212.39 1
6.52 212.45 1
6.53 213.63 1
6.54 215.41 1
6.55 220.29 1
6.56 223.77 1
6.57 233.37 1
6.58 246.82 1
6.59 252.22 1
6.6 263.29 1
6.61 290.51 1
6.62 313.16 1
6.63 320.09 1
6.64 308.73 1
6.65 303.24 1
6.66 292.45 1
6.67 284.9 1
6.68 275.06 1
6.69 261.74 1
6.7 249.87 1
6.71 225.58 1
6.72 216.44 1
6.73 215.33 1
6.74 218.42 1
6.75 223.26 1
6.76 232.72 1
6.77 244.87 1
6.78 253.05 1
6.79 265.38 1
6.8 271.71 1
6.81 280.89 1
6.82 285.22 1
6.83 280.75 1
6.84 272.97 1
6.85 238.07 1
6.86 220.64 1
6.87 227.91 1
6.88 224.92 1
6.89 204.35 1
6.9 184.93 1
6.91 178.21 1
6.92 171.89 1
6.93 167.05 1
6.94 160.07 1
6.95 157.57 1
6.96 158.66 1
6.97 161.14 1
6.98 168.64 1
6.99 177.71 1
7.0 183.06 1
7.01 200.28 1
7.02 201.82 1
7.03 206.8 1
7.04 210.5 1
7.05 213.38 1
7.06 212.58 1
7.07 205.4 1
7.08 197.2 1
7.09 183.96 1
7.1 174.65 1
7.11 163.95 1
7.12 154.59 1
7.13 144.83 1
7.14 151.55 1
7.15 154.84 1
7.16 161.77 1
7.17 170.81 1
7.18 183.0 1
7.19 199.01 1
7.2 190.5 1
7.21 199.69 1
7.22 205.2 1
