0.01 219.96 1
0.02 217.81 1
0.03 214.04 1
0.04 212.09 1
0.05 213.03 1
0.06 213.24 1
0.07 212.21 1
0.08 212.72 1
0.09 212.82 1
0.1 213.81 1
0.11 215.63 1
0.12 215.63 1
0.13 213.93 1
0.14 212.96 1
0.15 212.85 1
0.16 211.63 1
0.17 210.81 1
0.18 210.51 1
0.19 211.27 1
0.2 211.82 1
0.21 211.95 1
0.22 211.26 1
0.23 211.95 1
0.24 212.53 1
0.25 212.84 1
0.26 212.67 1
0.27 212.59 1
0.28 212.63 1
0.29 211.7 1
0.3 210.5 1
0.31 208.51 1
0.32 206.83 1
0.33 206.27 1
0.34 205.6 1
0.35 206.57 1
0.36 207.82 1
0.37 206.58 1
0.38 208.33 1
0.39 209.58 1
0.4 210.19 1
0.41 209.51 1
0.42 210.56 1
0.43 210.96 1
0.44 210.29 1
0.45 209.5 1
0.46 208.92 1
0.47 208.34 1
0.48 207.69 1
0.49 206.56 1
0.5 206.56 1
0.51 205.51 1
0.52 204.65 1
0.53 204.56 1
0.54 203.71 1
0.55 205.87 1
0.56 206.57 1
0.57 207.55 1
0.58 211.5 1
0.59 214.31 1
0.6 214.72 1
0.61 211.51 1
0.62 208.52 1
0.63 208.05 1
0.64 212.46 1
0.65 213.8 1
0.66 214.61 1
0.67 213.52 1
0.68 213.86 1
0.69 213.16 1
0.7 214.9 1
0.71 214.68 1
0.72 214.1 1
0.73 208.51 1
0.74 200.18 1
0.75 193.39 1
0.76 180.94 1
0.77 174.74 1
0.78 176.05 1
0.79 178.0 1
0.8 185.63 1
0.81 193.83 1
0.82 202.24 1
0.83 216.14 1
0.84 224.6 1
0.85 230.29 1
0.86 236.13 1
0.87 252.09 1
0.88 244.34 1
0.89 245.07 1
0.9 236.47 1
0.91 228.76 1
0.92 216.34 1
0.93 209.46 1
0.94 187.26 1
0.95 179.24 1
0.96 175.79 1
0.97 178.18 1
0.98 178.77 1
0.99 181.68 1
1.0 182.33 1
1.01 183.68 1
1.02 185.87 1
1.03 188.06 1
1.04 187.92 1
1.05 188.75 1
1.06 190.53 1
1.07 188.07 1
1.08 189.68 1
1.09 188.28 1
1.1 185.99 1
1.11 181.75 1
1.12 176.51 1
1.13 171.63 1
1.14 167.56 1
1.15 155.73 1
1.16 152.19 1
1.17 151.41 1
1.18 152.11 1
1.19 153.82 1
1.2 153.71 1
1.21 154.13 1
1.22 155.19 1
1.23 155.27 1
1.24 156.03 1
1.25 157.95 1
1.26 157.78 1
1.27 158.95 1
1.28 160.74 1
1.29 160.72 1
1.3 153.13 1
1.31 161.52 1
1.32 163.36 1
1.33 161.32 1
1.34 159.05 1
1.35 161.65 1
1.36 161.94 1
1.37 168.18 1
1.38 160.37 1
1.39 160.72 1
1.4 160.89 1
1.41 160.66 1
1.42 158.91 1
1.43 158.04 1
1.44 157.3 1
1.45 155.43 1
1.46 153.51 1
1.47 152.03 1
1.48 157.78 1
1.49 163.03 1
1.5 165.9 1
1.51 169.53 1
1.52 169.96 1
1.53 170.74 1
1.54 168.65 1
1.55 166.53 1
1.56 167.88 1
1.57 163.17 1
1.58 160.76 1
1.59 155.55 1
1.6 154.55 1
1.61 154.41 1
1.62 152.95 1
1.63 151.62 1
1.64 151.67 1
1.65 151.39 1
1.66 152.02 1
1.67 153.81 1
1.68 158.2 1
1.69 161.0 1
1.7 165.33 1
1.71 167.92 1
1.72 169.43 1
1.73 169.35 1
1.74 168.32 1
1.75 167.86 1
1.76 163.97 1
1.77 159.83 1
1.78 151.76 1
1.79 147.41 1
1.8 140.09 1
1.81 136.74 1
1.82 131.97 1
1.83 130.79 1
1.84 135.59 1
1.85 131.33 1
1.86 135.99 1
1.87 136.43 1
1.88 136.74 1
1.89 136.32 1
1.9 137.24 1
1.91 137.98 1
1.92 138.01 1
1.93 137.85 1
1.94 137.26 1
1.95 138.23 1
1.96 138.52 1
1.97 137.73 1
1.98 137.42 1
1.99 139.65 1
2.0 137.53 1
2.01 138.03 1
2.02 139.91 1
2.03 138.18 1
2.04 141.34 1
2.05 143.28 1
2.06 137.59 1
2.07 136.02 1
2.08 135.83 1
2.09 136.37 1
2.1 136.32 1
2.11 137.08 1
2.12 137.59 1
2.13 135.92 1
2.14 137.3 1
2.15 137.59 1
2.16 136.75 1
2.17 137.13 1
2.18 137.25 1
2.19 137.44 1
2.2 137.22 1
2.21 136.75 1
2.22 134.69 1
2.23 133.99 1
2.24 131.64 1
2.25 125.64 1
2.26 125.36 1
2.27 121.58 1
2.28 117.13 1
2.29 106.51 1
2.3 106.72 1
2.31 105.63 1
2.32 105.13 1
2.33 106.88 1
2.34 111.22 1
2.35 118.39 1
2.36 121.31 1
2.37 125.83 1
2.38 130.27 1
2.39 130.95 1
2.4 126.91 1
2.41 124.25 1
2.42 67.71 1
2.43 68.96 1
2.44 68.34 1
2.45 69.26 1
2.46 69.21 1
2.47 69.3 1
2.48 69.52 1
2.49 69.3 1
2.5 0.0 1
2.51 0.0 1
2.52 0.0 1
2.53 109.84 1
2.54 109.16 1
2.55 106.37 1
2.56 103.73 1
2.57 103.77 1
2.58 103.89 1
2.59 104.63 1
2.6 105.16 1
2.61 105.25 1
2.62 105.37 1
2.63 106.43 1
2.64 106.81 1
2.65 105.78 1
2.66 105.45 1
2.67 105.06 1
2.68 104.36 1
2.69 103.4 1
2.7 102.79 1
2.71 103.72 1
2.72 101.73 1
2.73 102.36 1
2.74 101.68 1
2.75 101.73 1
2.76 106.39 1
2.77 112.64 1
2.78 117.89 1
2.79 128.6 1
2.8 139.55 1
2.81 146.35 1
2.82 78.54 1
2.83 78.52 1
2.84 79.1 1
2.85 75.06 1
2.86 65.86 1
2.87 68.35 1
2.88 111.5 1
2.89 117.44 1
2.9 110.39 1
2.91 115.16 1
2.92 110.95 1
2.93 111.17 1
2.94 109.03 1
2.95 104.87 1
2.96 108.41 1
2.97 111.96 1
2.98 113.96 1
2.99 120.33 1
3.0 126.04 1
3.01 131.83 1
3.02 132.58 1
3.03 134.55 1
3.04 136.74 1
3.05 137.96 1
3.06 139.48 1
3.07 139.79 1
3.08 138.48 1
3.09 137.6 1
3.1 137.57 1
3.11 136.24 1
3.12 134.17 1
3.13 132.41 1
3.14 131.6 1
3.15 133.63 1
3.16 135.92 1
3.17 139.08 1
3.18 139.99 1
3.19 142.87 1
3.2 149.19 1
3.21 152.32 1
3.22 155.66 1
3.23 158.31 1
3.24 160.23 1
3.25 158.92 1
3.26 161.82 1
3.27 162.38 1
3.28 159.98 1
3.29 159.36 1
3.3 159.14 1
3.31 158.89 1
3.32 158.18 1
3.33 157.58 1
3.34 157.69 1
3.35 158.21 1
3.36 159.26 1
3.37 158.92 1
3.38 159.45 1
3.39 158.71 1
3.4 159.76 1
3.41 159.12 1
3.42 157.63 1
3.43 157.03 1
3.44 154.92 1
3.45 152.66 1
3.46 151.37 1
3.47 148.51 1
3.48 146.43 1
3.49 142.45 1
3.5 138.63 1
3.51 151.29 1
3.52 150.25 1
3.53 139.33 1
3.54 112.82 1
3.55 105.36 1
3.56 105.88 1
3.57 99.66 1
3.58 105.12 1
3.59 112.07 1
3.6 103.1 1
3.61 106.65 1
3.62 113.98 1
3.63 117.77 1
3.64 123.01 1
3.65 131.76 1
3.66 136.79 1
3.67 136.33 1
3.68 137.6 1
3.69 138.03 1
3.7 138.65 1
3.71 138.05 1
3.72 137.91 1
3.73 137.03 1
3.74 135.07 1
3.75 133.84 1
3.76 132.56 1
3.77 130.66 1
3.78 126.55 1
3.79 125.9 1
3.8 123.29 1
3.81 117.49 1
3.82 115.93 1
3.83 112.28 1
3.84 110.94 1
3.85 108.53 1
3.86 107.68 1
3.87 107.06 1
3.88 108.44 1
3.89 109.65 1
3.9 114.4 1
3.91 119.25 1
3.92 128.76 1
3.93 132.65 1
3.94 132.63 1
3.95 137.1 1
3.96 137.17 1
3.97 141.8 1
3.98 143.64 1
3.99 143.87 1
4.0 144.88 1
4.01 142.95 1
4.02 0.0 1
4.03 0.0 1
4.04 0.0 1
4.05 0.0 1
4.06 0.0 1
4.07 0.0 1
4.08 0.0 1
4.09 0.0 1
4.1 0.0 1
4.11 0.0 1
4.12 0.0 1
4.13 0.0 1
4.14 0.0 1
4.15 0.0 1
4.16 0.0 1
4.17 0.0 1
4.18 0.0 1
4.19 0.0 1
4.2 0.0 1
4.21 0.0 1
4.22 0.0 1
4.23 0.0 1
4.24 0.0 1
4.25 0.0 1
4.26 0.0 1
4.27 0.0 1
4.28 0.0 1
4.29 0.0 1
4.3 0.0 1
4.31 136.35 1
4.32 138.03 1
4.33 136.75 1
4.34 139.31 1
4.35 138.36 1
4.36 137.18 1
4.37 137.89 1
4.38 139.3 1
4.39 137.18 1
4.4 139.14 1
4.41 138.45 1
4.42 137.18 1
4.43 138.47 1
4.44 138.88 1
4.45 137.18 1
4.46 138.73 1
4.47 138.89 1
4.48 0.0 1
4.49 0.0 1
4.5 0.0 1
4.51 0.0 1
4.52 0.0 1
4.53 0.0 1
4.54 0.0 1
4.55 0.0 1
4.56 0.0 1
4.57 0.0 1
4.58 0.0 1
4.59 0.0 1
4.6 0.0 1
4.61 0.0 1
4.62 0.0 1
4.63 0.0 1
4.64 0.0 1
4.65 0.0 1
4.66 0.0 1
4.67 0.0 1
4.68 0.0 1
4.69 0.0 1
4.7 0.0 1
4.71 69.17 1
4.72 69.18 1
4.73 69.26 1
4.74 69.28 1
4.75 69.29 1
4.76 69.34 1
4.77 69.31 1
4.78 69.27 1
4.79 68.75 1
4.8 69.36 1
4.81 69.3 1
4.82 69.4 1
4.83 69.35 1
4.84 69.25 1
4.85 69.39 1
4.86 69.34 1
4.87 69.29 1
4.88 69.34 1
4.89 69.25 1
4.9 69.23 1
4.91 69.37 1
4.92 69.28 1
4.93 69.18 1
4.94 69.34 1
4.95 69.25 1
4.96 69.28 1
4.97 69.36 1
4.98 69.29 1
4.99 69.33 1
5.0 0.0 1
5.01 0.0 1
5.02 137.18 1
5.03 135.49 1
5.04 120.0 1
5.05 111.99 1
5.06 108.49 1
5.07 106.46 1
5.08 107.56 1
5.09 106.02 1
5.1 106.14 1
5.11 108.55 1
5.12 113.81 1
5.13 120.33 1
5.14 126.18 1
5.15 133.74 1
5.16 137.94 1
5.17 141.81 1
5.18 142.75 1
5.19 141.18 1
5.2 135.68 1
5.21 128.01 1
5.22 121.66 1
5.23 116.09 1
5.24 109.23 1
5.25 104.82 1
5.26 99.54 1
5.27 99.66 1
5.28 100.65 1
5.29 102.93 1
5.3 107.17 1
5.31 109.84 1
5.32 112.96 1
5.33 116.7 1
5.34 126.11 1
5.35 129.53 1
5.36 135.07 1
5.37 138.03 1
5.38 142.06 1
5.39 143.64 1
5.4 145.09 1
5.41 144.91 1
5.42 143.66 1
5.43 141.77 1
5.44 140.86 1
5.45 139.11 1
5.46 136.73 1
5.47 133.07 1
5.48 134.48 1
5.49 131.6 1
5.5 131.43 1
5.51 131.62 1
5.52 133.48 1
5.53 133.84 1
5.54 140.41 1
5.55 143.58 1
5.56 145.01 1
5.57 148.74 1
5.58 151.25 1
5.59 153.38 1
5.6 151.61 1
5.61 153.99 1
5.62 153.69 1
5.63 153.54 1
5.64 155.82 1
5.65 152.07 1
5.66 156.18 1
5.67 155.95 1
5.68 155.52 1
5.69 157.0 1
5.7 154.72 1
5.71 154.48 1
5.72 158.11 1
5.73 152.86 1
5.74 154.3 1
5.75 155.04 1
5.76 151.81 1
5.77 154.66 1
5.78 153.53 1
5.79 153.27 1
5.8 155.07 1
5.81 151.81 1
5.82 153.55 1
5.83 153.1 1
5.84 152.74 1
5.85 154.96 1
5.86 155.56 1
5.87 159.34 1
5.88 161.63 1
5.89 165.57 1
5.9 170.2 1
5.91 172.5 1
5.92 173.09 1
5.93 175.64 1
5.94 175.05 1
5.95 172.19 1
5.96 170.47 1
5.97 165.29 1
5.98 161.62 1
5.99 159.96 1
6.0 158.13 1
6.01 155.56 1
6.02 158.89 1
6.03 158.2 1
6.04 157.22 1
6.05 158.13 1
6.06 158.29 1
6.07 157.22 1
6.08 160.93 1
6.09 163.2 1
6.1 168.06 1
6.11 170.91 1
6.12 173.03 1
6.13 173.1 1
6.14 172.89 1
6.15 171.38 1
6.16 166.24 1
6.17 159.85 1
6.18 153.72 1
6.19 146.27 1
6.2 144.48 1
6.21 138.98 1
6.22 139.85 1
6.23 138.51 1
6.24 137.87 1
6.25 138.94 1
6.26 141.46 1
6.27 139.73 1
6.28 140.02 1
6.29 140.03 1
6.3 138.98 1
6.31 137.71 1
6.32 138.17 1
6.33 137.59 1
6.34 137.92 1
6.35 140.37 1
6.36 144.04 1
6.37 151.46 1
6.38 157.22 1
6.39 162.43 1
6.4 178.57 1
6.41 167.67 1
6.42 165.48 1
6.43 164.42 1
6.44 162.71 1
6.45 160.55 1
6.46 156.31 1
6.47 153.6 1
6.48 150.13 1
6.49 148.96 1
6.5 149.29 1
6.51 150.03 1
6.52 150.71 1
6.53 152.39 1
6.54 155.79 1
6.55 159.03 1
6.56 163.86 1
6.57 166.38 1
6.58 167.97 1
6.59 167.35 1
6.6 166.52 1
6.61 164.38 1
6.62 161.43 1
6.63 157.84 1
6.64 154.77 1
6.65 152.67 1
6.66 149.02 1
6.67 145.12 1
6.68 143.71 1
6.69 146.42 1
6.7 150.74 1
6.71 156.11 1
6.72 163.63 1
6.73 174.54 1
6.74 181.92 1
6.75 186.48 1
6.76 195.33 1
6.77 202.77 1
6.78 205.6 1
6.79 208.82 1
6.8 210.85 1
6.81 211.7 1
6.82 210.75 1
6.83 207.53 1
6.84 204.15 1
6.85 196.34 1
6.86 190.67 1
6.87 177.52 1
6.88 166.08 1
6.89 161.41 1
6.9 160.23 1
6.91 158.92 1
6.92 163.76 1
6.93 169.95 1
6.94 181.74 1
6.95 190.11 1
6.96 196.12 1
6.97 204.65 1
6.98 209.51 1
6.99 212.83 1
7.0 215.42 1
7.01 213.61 1
7.02 209.5 1
7.03 212.85 1
7.04 217.68 1
7.05 217.17 1
7.06 216.71 1
7.07 212.2 1
7.08 211.7 1
7.09 206.28 1
7.1 201.4 1
7.11 199.49 1
7.12 206.56 1
7.13 215.26 1
7.14 225.58 1
7.15 244.27 1
7.16 261.83 1
7.17 283.14 1
7.18 291.1 1
7.19 304.5 1
7.2 303.43 1
7.21 290.18 1
7.22 263.26 1
7.23 260.63 1
