0.01 159.19 1
0.02 159.81 1
0.03 157.81 1
0.04 157.36 1
0.05 157.47 1
0.06 157.09 1
0.07 158.55 1
0.08 159.07 1
0.09 159.15 1
0.1 158.37 1
0.11 159.85 1
0.12 160.22 1
0.13 159.5 1
0.14 159.27 1
0.15 158.55 1
0.16 157.85 1
0.17 156.69 1
0.18 157.2 1
0.19 156.56 1
0.2 156.11 1
0.21 156.03 1
0.22 154.63 1
0.23 153.35 1
0.24 152.95 1
0.25 151.84 1
0.26 147.73 1
0.27 142.03 1
0.28 142.03 1
0.29 137.86 1
0.3 128.29 1
0.31 134.03 1
0.32 123.41 1
0.33 112.03 1
0.34 119.64 1
0.35 111.0 1
0.36 111.78 1
0.37 107.94 1
0.38 106.73 1
0.39 105.63 1
0.4 107.7 1
0.41 108.09 1
0.42 111.22 1
0.43 113.23 1
0.44 118.08 1
0.45 123.11 1
0.46 128.74 1
0.47 134.09 1
0.48 134.68 1
0.49 137.72 1
0.5 138.06 1
0.51 138.12 1
0.52 138.11 1
0.53 137.29 1
0.54 135.33 1
0.55 131.44 1
0.56 126.19 1
0.57 123.71 1
0.58 125.82 1
0.59 116.2 1
0.6 0.0 1
0.61 0.0 1
0.62 0.0 1
0.63 0.0 1
0.64 0.0 1
0.65 0.0 1
0.66 0.0 1
0.67 0.0 1
0.68 0.0 1
0.69 0.0 1
0.7 0.0 1
0.71 0.0 1
0.72 0.0 1
0.73 0.0 1
0.74 0.0 1
0.75 0.0 1
0.76 0.0 1
0.77 0.0 1
0.78 0.0 1
0.79 0.0 1
0.8 0.0 1
0.81 0.0 1
0.82 0.0 1
0.83 0.0 1
0.84 0.0 1
0.85 0.0 1
0.86 0.0 1
0.87 0.0 1
0.88 0.0 1
0.89 0.0 1
0.9 0.0 1
0.91 0.0 1
0.92 0.0 1
0.93 0.0 1
0.94 0.0 1
0.95 0.0 1
0.96 0.0 1
0.97 0.0 1
0.98 167.36 1
0.99 153.71 1
1.0 154.36 1
1.01 151.53 1
1.02 150.94 1
1.03 150.0 1
1.04 150.11 1
1.05 149.75 1
1.06 149.57 1
1.07 148.95 1
1.08 148.25 1
1.09 148.35 1
1.1 148.54 1
1.11 147.97 1
1.12 146.76 1
1.13 146.19 1
1.14 144.83 1
1.15 144.38 1
1.16 142.86 1
1.17 142.48 1
1.18 141.16 1
1.19 141.14 1
1.2 139.88 1
1.21 138.94 1
1.22 138.47 1
1.23 137.89 1
1.24 136.75 1
1.25 136.33 1
1.26 136.32 1
1.27 139.14 1
1.28 139.74 1
1.29 150.77 1
1.3 136.32 1
1.31 135.91 1
1.32 148.85 1
1.33 149.51 1
1.34 177.92 1
1.35 166.23 1
1.36 174.96 1
1.37 178.58 1
1.38 174.74 1
1.39 172.32 1
1.4 168.5 1
1.41 165.42 1
1.42 158.72 1
1.43 155.1 1
1.44 153.39 1
1.45 153.24 1
1.46 153.27 1
1.47 153.43 1
1.48 155.19 1
1.49 156.96 1
1.5 161.0 1
1.51 165.54 1
1.52 167.95 1
1.53 171.72 1
1.54 172.61 1
1.55 173.97 1
1.56 175.39 1
1.57 176.26 1
1.58 174.4 1
1.59 171.99 1
1.6 168.76 1
1.61 164.86 1
1.62 161.29 1
1.63 157.7 1
1.64 155.11 1
1.65 153.71 1
1.66 152.08 1
1.67 152.29 1
1.68 149.4 1
1.69 152.34 1
1.7 0.0 1
1.71 0.0 1
1.72 0.0 1
1.73 69.24 1
1.74 69.31 1
1.75 69.27 1
1.76 69.29 1
1.77 69.36 1
1.78 69.28 1
1.79 69.29 1
1.8 69.94 1
1.81 173.08 1
1.82 176.24 1
1.83 163.92 1
1.84 159.4 1
1.85 153.67 1
1.86 151.05 1
1.87 148.23 1
1.88 147.44 1
1.89 147.25 1
1.9 146.77 1
1.91 147.55 1
1.92 147.74 1
1.93 150.82 1
1.94 152.74 1
1.95 155.83 1
1.96 157.8 1
1.97 161.46 1
1.98 163.03 1
1.99 164.24 1
2.0 164.24 1
2.01 164.13 1
2.02 162.17 1
2.03 159.51 1
2.04 157.79 1
2.05 156.11 1
2.06 154.74 1
2.07 152.43 1
2.08 151.83 1
2.09 151.23 1
2.1 150.02 1
2.11 150.33 1
2.12 150.65 1
2.13 151.47 1
2.14 151.81 1
2.15 152.53 1
2.16 152.33 1
2.17 151.29 1
2.18 157.33 1
2.19 160.33 1
2.2 163.63 1
2.21 171.27 1
2.22 180.37 1
2.23 184.0 1
2.24 184.9 1
2.25 187.87 1
2.26 201.23 1
2.27 200.18 1
2.28 200.82 1
2.29 203.95 1
2.3 204.49 1
2.31 204.64 1
2.32 206.81 1
2.33 206.56 1
2.34 207.44 1
2.35 208.52 1
2.36 207.2 1
2.37 205.6 1
2.38 205.43 1
2.39 205.27 1
2.4 205.43 1
2.41 206.07 1
2.42 205.29 1
2.43 204.51 1
2.44 203.34 1
2.45 200.75 1
2.46 196.99 1
2.47 192.35 1
2.48 190.23 1
2.49 186.99 1
2.5 185.57 1
2.51 183.93 1
2.52 182.28 1
2.53 180.8 1
2.54 178.99 1
2.55 177.38 1
2.56 175.35 1
2.57 173.29 1
2.58 173.29 1
2.59 177.16 1
2.6 173.98 1
2.61 150.05 1
2.62 168.0 1
2.63 177.47 1
2.64 171.93 1
2.65 171.03 1
2.66 182.16 1
2.67 185.49 1
2.68 190.26 1
2.69 185.69 1
2.7 186.58 1
2.71 186.56 1
2.72 186.47 1
2.73 187.85 1
2.74 188.48 1
2.75 188.56 1
2.76 187.5 1
2.77 185.63 1
2.78 182.41 1
2.79 178.56 1
2.8 173.72 1
2.81 170.71 1
2.82 167.14 1
2.83 162.69 1
2.84 159.99 1
2.85 157.58 1
2.86 155.51 1
2.87 154.04 1
2.88 153.21 1
2.89 152.66 1
2.9 151.81 1
2.91 150.74 1
2.92 149.61 1
2.93 148.53 1
2.94 148.36 1
2.95 148.64 1
2.96 151.99 1
2.97 156.08 1
2.98 163.77 1
2.99 169.93 1
3.0 175.41 1
3.01 180.67 1
3.02 182.06 1
3.03 178.18 1
3.04 171.39 1
3.05 0.0 1
3.06 0.0 1
3.07 0.0 1
3.08 0.0 1
3.09 0.0 1
3.1 0.0 1
3.11 0.0 1
3.12 0.0 1
3.13 0.0 1
3.14 141.79 1
3.15 134.35 1
3.16 133.72 1
3.17 134.71 1
3.18 134.58 1
3.19 134.03 1
3.2 130.42 1
3.21 0.0 1
3.22 0.0 1
3.23 0.0 1
3.24 0.0 1
3.25 0.0 1
3.26 0.0 1
3.27 0.0 1
3.28 0.0 1
3.29 0.0 1
3.3 0.0 1
3.31 0.0 1
3.32 0.0 1
3.33 0.0 1
3.34 0.0 1
3.35 0.0 1
3.36 0.0 1
3.37 0.0 1
3.38 0.0 1
3.39 0.0 1
3.4 0.0 1
3.41 0.0 1
3.42 0.0 1
3.43 0.0 1
3.44 0.0 1
3.45 0.0 1
3.46 0.0 1
3.47 0.0 1
3.48 0.0 1
3.49 0.0 1
3.5 0.0 1
3.51 0.0 1
3.52 0.0 1
3.53 0.0 1
3.54 0.0 1
3.55 181.53 1
3.56 179.22 1
3.57 183.25 1
3.58 180.55 1
3.59 178.98 1
3.6 176.75 1
3.61 154.45 1
3.62 154.35 1
3.63 150.44 1
3.64 145.82 1
3.65 145.25 1
3.66 142.12 1
3.67 143.71 1
3.68 143.0 1
3.69 142.31 1
3.7 142.56 1
3.71 142.73 1
3.72 142.47 1
3.73 143.51 1
3.74 142.85 1
3.75 141.55 1
3.76 140.44 1
3.77 139.83 1
3.78 139.64 1
3.79 138.68 1
3.8 137.79 1
3.81 138.09 1
3.82 137.37 1
3.83 137.25 1
3.84 138.04 1
3.85 137.78 1
3.86 137.91 1
3.87 138.39 1
3.88 139.29 1
3.89 140.43 1
3.9 141.05 1
3.91 141.38 1
3.92 140.57 1
3.93 139.4 1
3.94 137.66 1
3.95 135.52 1
3.96 132.73 1
3.97 130.67 1
3.98 125.75 1
3.99 123.01 1
4.0 118.25 1
4.01 112.07 1
4.02 109.15 1
4.03 103.96 1
4.04 100.57 1
4.05 100.36 1
4.06 98.66 1
4.07 97.03 1
4.08 97.68 1
4.09 99.0 1
4.1 100.31 1
4.11 103.45 1
4.12 108.22 1
4.13 112.27 1
4.14 114.1 1
4.15 120.0 1
4.16 123.36 1
4.17 126.17 1
4.18 131.44 1
4.19 132.24 1
4.2 136.58 1
4.21 138.48 1
4.22 139.75 1
4.23 141.93 1
4.24 141.0 1
4.25 140.65 1
4.26 138.99 1
4.27 138.87 1
4.28 137.14 1
4.29 136.91 1
4.3 136.9 1
4.31 135.2 1
4.32 132.36 1
4.33 130.31 1
4.34 127.55 1
4.35 122.09 1
4.36 117.88 1
4.37 114.06 1
4.38 112.39 1
4.39 112.32 1
4.4 109.75 1
4.41 0.0 1
4.42 0.0 1
4.43 0.0 1
4.44 0.0 1
4.45 0.0 1
4.46 0.0 1
4.47 0.0 1
4.48 0.0 1
4.49 0.0 1
4.5 0.0 1
4.51 0.0 1
4.52 0.0 1
4.53 0.0 1
4.54 0.0 1
4.55 144.37 1
4.56 140.22 1
4.57 138.9 1
4.58 137.72 1
4.59 137.54 1
4.6 137.59 1
4.61 138.64 1
4.62 138.42 1
4.63 138.38 1
4.64 138.92 1
4.65 139.36 1
4.66 139.36 1
4.67 139.88 1
4.68 140.3 1
4.69 139.39 1
4.7 139.83 1
4.71 140.96 1
4.72 140.7 1
4.73 140.9 1
4.74 141.89 1
4.75 141.72 1
4.76 141.92 1
4.77 141.23 1
4.78 140.63 1
4.79 140.35 1
4.8 139.59 1
4.81 139.36 1
4.82 138.64 1
4.83 137.75 1
4.84 136.75 1
4.85 135.91 1
4.86 135.9 1
4.87 137.17 1
4.88 136.75 1
4.89 147.25 1
4.9 142.02 1
4.91 130.28 1
4.92 133.84 1
4.93 141.12 1
4.94 164.24 1
4.95 157.13 1
4.96 161.83 1
4.97 171.12 1
4.98 178.82 1
4.99 180.21 1
5.0 177.97 1
5.01 171.66 1
5.02 167.49 1
5.03 161.83 1
5.04 153.28 1
5.05 150.1 1
5.06 147.98 1
5.07 147.13 1
5.08 146.84 1
5.09 147.96 1
5.1 150.26 1
5.11 153.26 1
5.12 159.5 1
5.13 164.25 1
5.14 169.29 1
5.15 173.13 1
5.16 174.65 1
5.17 176.18 1
5.18 175.51 1
5.19 173.13 1
5.2 169.98 1
5.21 165.53 1
5.22 158.16 1
5.23 153.76 1
5.24 150.3 1
5.25 150.29 1
5.26 151.11 1
5.27 154.57 1
5.28 160.58 1
5.29 167.33 1
5.3 176.04 1
5.31 180.67 1
5.32 186.66 1
5.33 168.86 1
5.34 193.12 1
5.35 193.11 1
5.36 193.83 1
5.37 193.47 1
5.38 191.35 1
5.39 183.45 1
5.4 183.7 1
5.41 177.84 1
5.42 160.48 1
5.43 155.92 1
5.44 149.35 1
5.45 145.45 1
5.46 141.98 1
5.47 140.64 1
5.48 141.94 1
5.49 143.11 1
5.5 145.29 1
5.51 147.74 1
5.52 153.21 1
5.53 161.37 1
5.54 169.95 1
5.55 178.13 1
5.56 180.59 1
5.57 185.69 1
5.58 192.34 1
5.59 197.62 1
5.6 203.45 1
5.61 208.11 1
5.62 210.5 1
5.63 214.6 1
5.64 214.52 1
5.65 213.49 1
5.66 211.22 1
5.67 206.56 1
5.68 204.44 1
5.69 200.69 1
5.7 197.72 1
5.71 192.97 1
5.72 187.09 1
5.73 182.58 1
5.74 174.9 1
5.75 168.82 1
5.76 165.86 1
5.77 163.46 1
5.78 160.07 1
5.79 155.56 1
5.8 164.24 1
5.81 156.67 1
5.82 181.85 1
5.83 174.68 1
5.84 204.76 1
5.85 179.63 1
5.86 176.96 1
5.87 214.36 1
5.88 202.91 1
5.89 201.11 1
5.9 202.48 1
5.91 204.07 1
5.92 205.68 1
5.93 208.14 1
5.94 210.34 1
5.95 211.18 1
5.96 211.79 1
5.97 211.71 1
5.98 211.32 1
5.99 211.07 1
6.0 211.01 1
6.01 210.77 1
6.02 210.51 1
6.03 209.96 1
6.04 209.81 1
6.05 209.2 1
6.06 209.09 1
6.07 209.08 1
6.08 209.02 1
6.09 208.51 1
6.1 208.51 1
6.11 208.5 1
6.12 207.96 1
6.13 208.27 1
6.14 208.66 1
6.15 208.51 1
6.16 208.51 1
6.17 208.39 1
6.18 207.19 1
6.19 205.6 1
6.2 205.4 1
6.21 203.65 1
6.22 202.76 1
6.23 202.76 1
6.24 203.7 1
6.25 204.65 1
6.26 205.61 1
6.27 204.28 1
6.28 225.6 1
6.29 206.27 1
6.3 208.25 1
6.31 206.75 1
6.32 206.86 1
6.33 211.18 1
6.34 209.29 1
6.35 209.08 1
6.36 208.51 1
6.37 208.29 1
6.38 208.07 1
6.39 207.94 1
6.4 207.38 1
6.41 206.49 1
6.42 205.16 1
6.43 204.18 1
6.44 203.08 1
6.45 203.51 1
6.46 205.6 1
6.47 209.93 1
6.48 214.87 1
6.49 220.96 1
6.5 226.55 1
6.51 230.53 1
6.52 238.12 1
6.53 239.41 1
6.54 243.93 1
6.55 245.3 1
6.56 246.05 1
6.57 247.43 1
6.58 247.52 1
6.59 248.28 1
6.6 246.76 1
6.61 245.04 1
6.62 242.96 1
6.63 238.54 1
6.64 236.46 1
6.65 230.54 1
6.66 227.23 1
6.67 226.26 1
6.68 228.68 1
6.69 231.06 1
6.7 236.64 1
6.71 239.07 1
6.72 240.32 1
6.73 242.75 1
6.74 233.67 1
6.75 210.18 1
6.76 200.3 1
6.77 183.37 1
6.78 199.07 1
6.79 195.68 1
6.8 220.91 1
6.81 245.67 1
6.82 246.67 1
6.83 248.98 1
6.84 245.69 1
6.85 246.16 1
6.86 246.36 1
6.87 246.13 1
6.88 245.51 1
6.89 245.49 1
6.9 245.86 1
6.91 245.49 1
6.92 244.71 1
6.93 244.06 1
6.94 244.21 1
6.95 242.57 1
6.96 240.93 1
6.97 239.21 1
6.98 237.53 1
6.99 235.16 1
7.0 231.51 1
7.01 227.93 1
7.02 225.91 1
7.03 221.01 1
7.04 217.15 1
7.05 211.86 1
7.06 207.54 1
7.07 205.6 1
7.08 205.6 1
7.09 204.65 1
7.1 207.53 1
7.11 208.51 1
7.12 207.53 1
7.13 208.03 1
7.14 207.4 1
7.15 211.04 1
7.16 210.17 1
7.17 207.53 1
7.18 209.4 1
7.19 208.51 1
7.2 208.49 1
7.21 206.26 1
7.22 210.33 1
7.23 207.96 1
7.24 208.51 1
7.25 210.77 1
7.26 210.14 1
7.27 209.4 1
7.28 211.24 1
7.29 210.98 1
7.3 210.5 1
7.31 210.59 1
7.32 210.38 1
7.33 209.5 1
7.34 210.19 1
7.35 208.81 1
7.36 209.82 1
7.37 211.13 1
7.38 212.96 1
7.39 217.9 1
7.4 222.65 1
7.41 228.3 1
7.42 240.32 1
7.43 246.05 1
7.44 254.99 1
7.45 268.07 1
7.46 266.47 1
7.47 272.58 1
7.48 274.95 1
7.49 276.43 1
7.5 277.64 1
7.51 278.99 1
7.52 278.29 1
7.53 278.01 1
7.54 276.84 1
7.55 276.62 1
7.56 277.04 1
7.57 276.99 1
7.58 276.1 1
7.59 272.72 1
7.6 269.06 1
7.61 266.44 1
7.62 259.9 1
7.63 253.36 1
7.64 245.68 1
7.65 239.59 1
7.66 235.28 1
7.67 228.54 1
7.68 224.17 1
7.69 223.69 1
7.7 222.84 1
7.71 224.18 1
7.72 226.94 1
7.73 231.34 1
7.74 237.08 1
7.75 242.73 1
7.76 248.39 1
7.77 258.85 1
7.78 263.29 1
7.79 271.67 1
7.8 275.62 1
7.81 279.19 1
7.82 282.09 1
7.83 284.16 1
7.84 284.32 1
7.85 284.54 1
7.86 283.72 1
7.87 282.55 1
7.88 282.11 1
7.89 279.64 1
7.9 275.53 1
7.91 276.0 1
7.92 273.5 1
7.93 270.64 1
7.94 266.5 1
7.95 262.32 1
7.96 255.18 1
7.97 250.03 1
7.98 241.95 1
7.99 233.35 1
8.0 230.87 1
8.01 226.98 1
8.02 226.75 1
8.03 227.02 1
8.04 224.34 1
8.05 224.96 1
8.06 221.72 1
8.07 210.52 1
8.08 194.93 1
8.09 175.46 1
8.1 0.0 1
8.11 0.0 1
8.12 0.0 1
8.13 0.0 1
8.14 0.0 1
8.15 0.0 1
8.16 0.0 1
8.17 0.0 1
8.18 0.0 1
8.19 264.87 1
8.2 273.68 1
8.21 270.92 1
8.22 268.35 1
8.23 268.07 1
8.24 267.3 1
8.25 268.82 1
8.26 268.72 1
8.27 268.75 1
8.28 269.83 1
8.29 269.72 1
8.3 271.34 1
8.31 271.9 1
8.32 273.32 1
8.33 275.3 1
8.34 277.0 1
8.35 277.08 1
8.36 276.5 1
8.37 275.71 1
8.38 276.53 1
8.39 275.51 1
8.4 274.34 1
8.41 274.09 1
8.42 274.22 1
8.43 273.93 1
8.44 272.93 1
8.45 273.48 1
8.46 273.97 1
8.47 274.35 1
8.48 274.06 1
8.49 273.5 1
8.5 273.67 1
8.51 274.93 1
8.52 276.3 1
8.53 276.9 1
8.54 276.38 1
8.55 275.03 1
8.56 272.61 1
8.57 274.16 1
8.58 280.0 1
8.59 278.69 1
8.6 273.14 1
8.61 234.13 1
8.62 278.83 1
8.63 273.58 1
8.64 254.11 1
8.65 277.2 1
8.66 295.54 1
8.67 307.1 1
8.68 317.91 1
8.69 315.79 1
8.7 316.02 1
8.71 313.76 1
8.72 312.62 1
8.73 311.24 1
8.74 309.4 1
8.75 308.52 1
8.76 308.17 1
8.77 309.56 1
8.78 309.75 1
8.79 309.9 1
8.8 311.07 1
8.81 311.81 1
8.82 311.31 1
8.83 311.84 1
8.84 312.64 1
8.85 314.34 1
8.86 315.03 1
8.87 315.68 1
8.88 316.56 1
8.89 318.94 1
8.9 317.42 1
8.91 315.5 1
8.92 315.91 1
8.93 315.26 1
8.94 315.31 1
8.95 315.66 1
8.96 315.03 1
8.97 313.28 1
8.98 313.26 1
8.99 314.23 1
9.0 313.9 1
9.01 314.2 1
9.02 314.13 1
9.03 313.75 1
9.04 314.44 1
9.05 314.31 1
9.06 302.01 1
9.07 292.88 1
9.08 292.86 1
9.09 292.08 1
9.1 294.09 1
9.11 305.77 1
9.12 307.55 1
9.13 308.28 1
9.14 308.12 1
9.15 308.0 1
9.16 308.79 1
9.17 308.56 1
9.18 308.16 1
9.19 306.86 1
9.2 306.95 1
9.21 307.17 1
9.22 306.8 1
9.23 307.58 1
9.24 308.18 1
9.25 309.96 1
9.26 311.15 1
9.27 310.98 1
9.28 311.23 1
9.29 311.16 1
9.3 311.32 1
9.31 311.15 1
9.32 310.68 1
9.33 310.39 1
9.34 308.56 1
9.35 308.04 1
9.36 303.35 1
9.37 299.47 1
9.38 291.52 1
9.39 281.89 1
9.4 260.22 1
9.41 244.31 1
9.42 228.45 1
9.43 216.07 1
9.44 206.71 1
9.45 203.45 1
9.46 190.5 1
9.47 182.57 1
9.48 0.0 1
9.49 0.0 1
9.5 0.0 1
9.51 0.0 1
9.52 0.0 1
9.53 0.0 1
9.54 0.0 1
9.55 0.0 1
9.56 283.65 1
9.57 267.55 1
9.58 272.71 1
9.59 274.18 1
9.6 273.06 1
9.61 272.86 1
9.62 273.46 1
9.63 277.0 1
9.64 277.19 1
9.65 276.27 1
9.66 274.84 1
9.67 273.27 1
9.68 271.38 1
9.69 267.86 1
9.7 258.75 1
9.71 255.72 1
9.72 251.65 1
9.73 244.55 1
9.74 238.59 1
9.75 231.52 1
9.76 227.49 1
9.77 223.75 1
9.78 220.69 1
9.79 221.41 1
9.8 222.96 1
9.81 225.05 1
9.82 227.93 1
9.83 232.73 1
9.84 241.45 1
9.85 249.53 1
9.86 254.23 1
9.87 261.74 1
9.88 266.48 1
9.89 269.71 1
9.9 272.49 1
9.91 275.63 1
9.92 278.97 1
9.93 279.93 1
9.94 280.83 1
9.95 280.61 1
9.96 271.88 1
9.97 269.97 1
9.98 271.01 1
9.99 272.25 1
10.0 280.18 1
10.01 282.49 1
10.02 282.62 1
10.03 281.13 1
10.04 281.49 1
10.05 281.75 1
10.06 281.76 1
10.07 282.65 1
10.08 281.96 1
10.09 281.21 1
10.1 281.26 1
10.11 281.11 1
10.12 281.18 1
10.13 280.86 1
10.14 279.32 1
10.15 277.29 1
10.16 273.64 1
10.17 269.66 1
10.18 263.87 1
10.19 255.72 1
10.2 249.45 1
10.21 240.96 1
10.22 234.68 1
10.23 229.55 1
10.24 225.87 1
10.25 225.85 1
10.26 226.74 1
10.27 229.82 1
10.28 234.42 1
10.29 238.27 1
10.3 244.79 1
10.31 249.03 1
10.32 257.27 1
10.33 262.51 1
10.34 267.21 1
10.35 269.89 1
10.36 268.09 1
10.37 291.09 1
10.38 233.31 1
10.39 211.86 1
10.4 201.42 1
10.41 195.91 1
10.42 179.51 1
10.43 182.97 1
10.44 187.2 1
10.45 181.11 1
10.46 200.91 1
10.47 222.23 1
10.48 229.09 1
10.49 215.35 1
10.5 209.97 1
10.51 210.66 1
10.52 211.38 1
10.53 212.23 1
10.54 213.07 1
10.55 214.15 1
10.56 216.78 1
10.57 218.15 1
10.58 211.39 1
10.59 202.49 1
10.6 196.56 1
10.61 192.17 1
10.62 0.0 1
10.63 0.0 1
10.64 0.0 1
10.65 0.0 1
10.66 0.0 1
10.67 0.0 1
10.68 0.0 1
10.69 0.0 1
10.7 0.0 1
10.71 0.0 1
10.72 0.0 1
10.73 0.0 1
10.74 0.0 1
10.75 0.0 1
10.76 0.0 1
10.77 0.0 1
10.78 0.0 1
10.79 0.0 1
10.8 0.0 1
10.81 0.0 1
10.82 0.0 1
10.83 0.0 1
10.84 0.0 1
10.85 0.0 1
10.86 0.0 1
10.87 0.0 1
10.88 0.0 1
10.89 0.0 1
10.9 0.0 1
10.91 0.0 1
10.92 0.0 1
10.93 0.0 1
10.94 0.0 1
10.95 0.0 1
10.96 0.0 1
10.97 0.0 1
10.98 0.0 1
10.99 254.55 1
11.0 214.4 1
11.01 212.77 1
11.02 209.52 1
11.03 206.56 1
11.04 206.85 1
11.05 206.97 1
11.06 206.27 1
11.07 206.88 1
11.08 206.66 1
11.09 201.72 1
11.1 201.89 1
11.11 201.9 1
11.12 202.67 1
11.13 201.23 1
11.14 200.87 1
11.15 203.2 1
11.16 201.03 1
11.17 202.42 1
11.18 202.78 1
11.19 203.78 1
11.2 205.94 1
11.21 204.92 1
11.22 206.72 1
11.23 204.79 1
11.24 203.55 1
11.25 205.52 1
11.26 204.17 1
11.27 203.7 1
11.28 205.18 1
11.29 206.06 1
11.3 208.03 1
11.31 209.24 1
11.32 211.32 1
11.33 216.28 1
11.34 218.88 1
11.35 225.66 1
11.36 229.1 1
11.37 235.65 1
11.38 240.44 1
11.39 242.81 1
11.4 245.68 1
11.41 247.05 1
11.42 248.75 1
11.43 248.67 1
11.44 247.36 1
11.45 247.49 1
11.46 246.65 1
11.47 247.32 1
11.48 247.49 1
11.49 247.77 1
11.5 247.56 1
11.51 246.28 1
11.52 244.77 1
11.53 243.49 1
11.54 242.21 1
11.55 241.05 1
11.56 239.1 1
11.57 237.66 1
11.58 235.25 1
11.59 233.26 1
11.6 231.44 1
11.61 229.67 1
11.62 230.3 1
11.63 232.1 1
11.64 236.63 1
11.65 241.13 1
11.66 243.6 1
11.67 246.28 1
11.68 249.01 1
11.69 248.29 1
11.7 248.48 1
11.71 250.44 1
11.72 251.2 1
11.73 251.01 1
11.74 251.02 1
11.75 250.33 1
11.76 248.8 1
11.77 247.47 1
11.78 246.47 1
11.79 244.08 1
11.8 241.54 1
11.81 240.05 1
11.82 237.97 1
11.83 236.3 1
11.84 235.26 1
11.85 234.98 1
11.86 234.19 1
11.87 234.79 1
11.88 235.98 1
11.89 236.48 1
11.9 240.91 1
11.91 245.15 1
11.92 249.33 1
11.93 254.68 1
11.94 258.97 1
11.95 262.26 1
11.96 265.92 1
11.97 267.31 1
11.98 265.04 1
11.99 283.63 1
12.0 226.36 1
12.01 210.66 1
12.02 197.1 1
12.03 191.32 1
12.04 203.69 1
12.05 202.16 1
12.06 197.58 1
12.07 190.19 1
12.08 186.47 1
12.09 193.17 1
12.1 202.2 1
12.11 210.79 1
12.12 209.23 1
12.13 203.71 1
12.14 204.26 1
12.15 204.48 1
12.16 204.63 1
12.17 205.14 1
12.18 206.27 1
12.19 206.56 1
12.2 207.03 1
12.21 207.52 1
12.22 207.54 1
12.23 208.25 1
12.24 208.4 1
12.25 207.54 1
12.26 207.37 1
12.27 205.6 1
12.28 205.94 1
12.29 205.54 1
12.3 205.6 1
12.31 205.6 1
12.32 205.6 1
12.33 205.61 1
12.34 206.57 1
12.35 207.54 1
12.36 207.54 1
12.37 208.5 1
12.38 207.53 1
12.39 206.56 1
12.4 207.77 1
12.41 206.26 1
12.42 204.39 1
12.43 199.54 1
12.44 193.49 1
12.45 185.38 1
12.46 180.41 1
12.47 177.22 1
12.48 171.87 1
12.49 174.91 1
12.5 178.9 1
12.51 175.05 1
12.52 177.56 1
12.53 178.53 1
12.54 177.45 1
12.55 177.46 1
12.56 177.46 1
12.57 178.3 1
12.58 179.96 1
12.59 182.36 1
12.6 183.75 1
12.61 185.09 1
12.62 185.68 1
12.63 186.08 1
12.64 184.43 1
12.65 183.47 1
12.66 183.69 1
12.67 183.1 1
12.68 183.97 1
12.69 181.94 1
12.7 182.0 1
12.71 182.29 1
12.72 183.63 1
12.73 186.99 1
12.74 188.87 1
12.75 192.33 1
12.76 194.41 1
12.77 194.2 1
12.78 193.27 1
12.79 189.7 1
12.8 185.15 1
12.81 180.15 1
12.82 177.43 1
12.83 176.76 1
12.84 179.03 1
12.85 181.57 1
12.86 182.4 1
12.87 184.15 1
12.88 187.17 1
12.89 185.69 1
12.9 173.97 1
12.91 171.93 1
12.92 168.62 1
12.93 177.62 1
12.94 179.54 1
12.95 186.79 1
12.96 183.79 1
12.97 182.42 1
12.98 182.55 1
12.99 183.06 1
13.0 184.3 1
13.01 184.73 1
13.02 183.97 1
13.03 184.33 1
13.04 184.96 1
13.05 185.21 1
13.06 184.22 1
13.07 183.41 1
13.08 182.44 1
13.09 181.69 1
13.1 180.84 1
13.11 180.06 1
13.12 177.3 1
13.13 176.1 1
13.14 172.41 1
13.15 167.72 1
13.16 163.55 1
13.17 156.38 1
13.18 155.62 1
13.19 152.49 1
13.2 150.71 1
13.21 149.14 1
13.22 147.19 1
13.23 148.12 1
13.24 147.09 1
13.25 146.64 1
13.26 145.62 1
13.27 142.91 1
13.28 151.81 1
13.29 156.66 1
13.3 161.68 1
13.31 167.58 1
13.32 172.6 1
13.33 177.66 1
13.34 181.09 1
13.35 185.47 1
13.36 186.47 1
13.37 189.93 1
13.38 189.49 1
13.39 192.3 1
13.4 190.8 1
13.41 188.84 1
13.42 184.03 1
13.43 179.55 1
13.44 176.91 1
13.45 173.3 1
13.46 173.11 1
13.47 173.67 1
13.48 176.75 1
13.49 178.5 1
13.5 182.18 1
13.51 185.68 1
13.52 189.49 1
13.53 192.08 1
13.54 194.57 1
13.55 194.62 1
13.56 193.93 1
13.57 191.3 1
13.58 188.31 1
13.59 182.78 1
13.6 178.39 1
13.61 178.17 1
13.62 176.94 1
13.63 177.46 1
13.64 178.38 1
13.65 176.48 1
13.66 0.0 1
13.67 0.0 1
13.68 0.0 1
13.69 0.0 1
13.7 0.0 1
13.71 0.0 1
13.72 0.0 1
13.73 0.0 1
13.74 0.0 1
13.75 0.0 1
13.76 0.0 1
13.77 0.0 1
13.78 213.55 1
13.79 207.04 1
13.8 207.12 1
13.81 205.53 1
13.82 204.65 1
13.83 205.6 1
13.84 206.19 1
13.85 206.56 1
13.86 207.53 1
13.87 208.33 1
13.88 208.51 1
13.89 209.01 1
13.9 209.21 1
13.91 209.39 1
13.92 209.11 1
13.93 208.51 1
13.94 208.51 1
13.95 208.51 1
13.96 208.51 1
13.97 208.25 1
13.98 208.51 1
13.99 209.11 1
14.0 209.5 1
14.01 209.89 1
14.02 209.5 1
14.03 209.35 1
14.04 208.52 1
14.05 207.55 1
14.06 207.54 1
14.07 206.57 1
14.08 205.62 1
14.09 206.59 1
14.1 206.58 1
14.11 203.7 1
14.12 207.9 1
14.13 206.33 1
14.14 204.29 1
14.15 204.64 1
14.16 204.64 1
14.17 205.2 1
14.18 204.87 1
14.19 204.15 1
14.2 204.0 1
14.21 202.88 1
14.22 204.61 1
14.23 205.05 1
14.24 205.1 1
14.25 205.35 1
14.26 206.04 1
14.27 206.23 1
14.28 206.7 1
14.29 206.32 1
14.3 205.72 1
14.31 206.91 1
14.32 210.5 1
14.33 216.97 1
14.34 226.66 1
14.35 233.95 1
14.36 247.94 1
14.37 256.09 1
14.38 269.7 1
14.39 271.27 1
14.4 277.1 1
14.41 279.01 1
14.42 279.25 1
14.43 277.78 1
14.44 274.74 1
14.45 271.52 1
14.46 269.71 1
14.47 265.94 1
14.48 263.07 1
14.49 259.8 1
14.5 252.77 1
14.51 249.42 1
14.52 242.05 1
14.53 233.21 1
14.54 225.69 1
14.55 222.19 1
