0.01 164.8 1
0.02 162.2 1
0.03 163.53 1
0.04 163.08 1
0.05 156.82 1
0.06 155.57 1
0.07 156.12 1
0.08 156.38 1
0.09 156.97 1
0.1 157.6 1
0.11 158.76 1
0.12 158.36 1
0.13 160.05 1
0.14 160.19 1
0.15 159.5 1
0.16 158.93 1
0.17 158.85 1
0.18 157.02 1
0.19 155.34 1
0.2 149.74 1
0.21 144.36 1
0.22 134.0 1
0.23 115.9 1
0.24 112.86 1
0.25 111.63 1
0.26 114.99 1
0.27 124.46 1
0.28 128.9 1
0.29 137.17 1
0.3 153.68 1
0.31 170.66 1
0.32 177.33 1
0.33 182.06 1
0.34 185.6 1
0.35 185.46 1
0.36 181.92 1
0.37 172.6 1
0.38 162.97 1
0.39 144.21 1
0.4 0.0 1
0.41 0.0 1
0.42 0.0 1
0.43 0.0 1
0.44 0.0 1
0.45 0.0 1
0.46 0.0 1
0.47 134.65 1
0.48 139.32 1
0.49 136.53 1
0.5 136.77 1
0.51 138.02 1
0.52 139.0 1
0.53 139.98 1
0.54 141.56 1
0.55 140.67 1
0.56 140.8 1
0.57 139.92 1
0.58 139.62 1
0.59 139.78 1
0.6 140.39 1
0.61 139.79 1
0.62 138.06 1
0.63 139.34 1
0.64 139.75 1
0.65 128.76 1
0.66 142.02 1
0.67 148.24 1
0.68 135.08 1
0.69 153.51 1
0.7 147.25 1
0.71 154.42 1
0.72 156.35 1
0.73 155.52 1
0.74 154.89 1
0.75 154.24 1
0.76 153.64 1
0.77 154.15 1
0.78 154.86 1
0.79 155.45 1
0.8 155.62 1
0.81 155.58 1
0.82 155.6 1
0.83 153.77 1
0.84 144.35 1
0.85 156.67 1
0.86 142.95 1
0.87 161.23 1
0.88 162.99 1
0.89 161.24 1
0.9 159.73 1
0.91 160.4 1
0.92 157.08 1
0.93 152.88 1
0.94 149.74 1
0.95 145.04 1
0.96 146.37 1
0.97 152.61 1
0.98 163.4 1
0.99 173.13 1
1.0 183.16 1
1.01 196.09 1
1.02 206.54 1
1.03 216.69 1
1.04 238.88 1
1.05 240.33 1
1.06 238.92 1
1.07 224.43 1
1.08 233.24 1
1.09 222.49 1
1.1 218.25 1
1.11 213.77 1
1.12 210.48 1
1.13 197.32 1
1.14 192.45 1
1.15 185.28 1
1.16 181.11 1
1.17 174.47 1
1.18 169.95 1
1.19 170.11 1
1.2 171.93 1
1.21 175.74 1
1.22 182.65 1
1.23 187.27 1
1.24 192.94 1
1.25 200.16 1
1.26 204.65 1
1.27 208.52 1
1.28 211.61 1
1.29 209.51 1
1.3 202.97 1
1.31 215.74 1
1.32 189.36 1
1.33 195.04 1
1.34 179.34 1
1.35 169.59 1
1.36 161.43 1
1.37 153.96 1
1.38 151.86 1
1.39 153.59 1
1.4 160.07 1
1.41 168.61 1
1.42 176.24 1
1.43 182.89 1
1.44 188.37 1
1.45 192.81 1
1.46 195.29 1
1.47 195.9 1
1.48 197.15 1
1.49 184.91 1
1.5 180.73 1
1.51 0.0 1
1.52 0.0 1
1.53 0.0 1
1.54 0.0 1
1.55 0.0 1
1.56 141.57 1
1.57 141.38 1
1.58 139.77 1
1.59 138.45 1
1.6 138.03 1
1.61 138.03 1
1.62 138.02 1
1.63 137.18 1
1.64 136.75 1
1.65 136.76 1
1.66 137.62 1
1.67 139.34 1
1.68 140.2 1
1.69 140.18 1
1.7 139.7 1
1.71 137.87 1
1.72 130.71 1
1.73 142.91 1
1.74 142.93 1
1.75 141.52 1
1.76 142.6 1
1.77 141.48 1
1.78 144.57 1
1.79 146.36 1
1.8 142.47 1
1.81 142.5 1
1.82 143.9 1
1.83 144.71 1
1.84 144.15 1
1.85 144.08 1
1.86 144.18 1
1.87 142.82 1
1.88 141.57 1
1.89 139.84 1
1.9 135.99 1
1.91 131.83 1
1.92 125.09 1
1.93 0.0 1
1.94 0.0 1
1.95 0.0 1
1.96 0.0 1
1.97 0.0 1
1.98 0.0 1
1.99 0.0 1
2.0 0.0 1
2.01 0.0 1
2.02 0.0 1
2.03 0.0 1
2.04 0.0 1
2.05 0.0 1
2.06 0.0 1
2.07 0.0 1
2.08 0.0 1
2.09 0.0 1
2.1 0.0 1
2.11 0.0 1
2.12 0.0 1
2.13 0.0 1
2.14 0.0 1
2.15 0.0 1
2.16 0.0 1
2.17 69.4 1
2.18 68.9 1
2.19 69.55 1
2.2 69.17 1
2.21 69.15 1
2.22 69.28 1
2.23 69.21 1
2.24 0.0 1
2.25 0.0 1
2.26 0.0 1
2.27 0.0 1
2.28 0.0 1
2.29 0.0 1
2.3 131.83 1
2.31 138.02 1
2.32 137.3 1
2.33 138.68 1
2.34 140.22 1
2.35 140.14 1
2.36 139.14 1
2.37 140.06 1
2.38 138.54 1
2.39 137.97 1
2.4 137.19 1
2.41 137.62 1
2.42 137.19 1
2.43 137.19 1
2.44 137.12 1
2.45 150.77 1
2.46 130.28 1
2.47 141.57 1
2.48 142.03 1
2.49 143.7 1
2.5 149.58 1
2.51 151.76 1
2.52 152.66 1
2.53 151.96 1
2.54 150.72 1
2.55 150.25 1
2.56 150.1 1
2.57 149.98 1
2.58 151.22 1
2.59 152.07 1
2.6 153.09 1
2.61 154.33 1
2.62 154.65 1
2.63 153.26 1
2.64 162.52 1
2.65 164.74 1
2.66 164.92 1
2.67 166.48 1
2.68 167.35 1
2.69 158.84 1
2.7 155.34 1
2.71 153.63 1
2.72 150.25 1
2.73 146.73 1
2.74 146.72 1
2.75 149.59 1
2.76 157.79 1
2.77 164.7 1
2.78 178.18 1
2.79 190.5 1
2.8 199.43 1
2.81 205.44 1
2.82 211.18 1
2.83 218.18 1
2.84 213.14 1
2.85 208.52 1
2.86 210.95 1
2.87 211.19 1
2.88 212.53 1
2.89 213.57 1
2.9 203.56 1
2.91 197.25 1
2.92 190.34 1
2.93 178.5 1
2.94 168.06 1
2.95 163.64 1
2.96 163.03 1
2.97 163.72 1
2.98 166.43 1
2.99 169.95 1
3.0 176.75 1
3.01 181.98 1
3.02 187.27 1
3.03 200.54 1
3.04 206.74 1
3.05 209.5 1
3.06 205.6 1
3.07 209.76 1
3.08 213.45 1
3.09 211.0 1
3.1 208.24 1
3.11 206.57 1
3.12 201.16 1
3.13 191.31 1
3.14 185.2 1
3.15 182.9 1
3.16 188.15 1
3.17 198.71 1
3.18 208.99 1
3.19 221.2 1
3.2 234.39 1
3.21 241.65 1
3.22 257.13 1
3.23 271.34 1
3.24 268.1 1
3.25 285.06 1
3.26 282.56 1
3.27 278.23 1
3.28 228.16 1
3.29 210.5 1
3.3 194.54 1
3.31 185.03 1
3.32 178.11 1
3.33 185.41 1
3.34 186.92 1
3.35 190.46 1
3.36 190.64 1
3.37 191.18 1
3.38 191.78 1
3.39 192.08 1
3.4 193.17 1
3.41 194.76 1
3.42 196.54 1
3.43 197.87 1
3.44 199.45 1
3.45 202.18 1
3.46 203.19 1
3.47 204.64 1
3.48 206.57 1
3.49 206.56 1
3.5 205.37 1
3.51 207.53 1
3.52 208.53 1
3.53 211.36 1
3.54 211.91 1
3.55 214.43 1
3.56 215.37 1
3.57 215.24 1
3.58 215.12 1
3.59 215.67 1
3.6 214.68 1
3.61 212.48 1
3.62 212.08 1
3.63 209.51 1
3.64 211.81 1
3.65 214.61 1
3.66 220.31 1
3.67 230.48 1
3.68 240.59 1
3.69 250.14 1
3.7 261.54 1
3.71 268.11 1
3.72 276.43 1
3.73 282.04 1
3.74 286.59 1
3.75 286.71 1
3.76 286.06 1
3.77 281.92 1
3.78 275.57 1
3.79 267.77 1
3.8 258.2 1
3.81 248.66 1
3.82 235.61 1
3.83 230.56 1
3.84 226.18 1
3.85 224.47 1
3.86 224.14 1
3.87 226.88 1
3.88 221.99 1
3.89 214.45 1
3.9 200.2 1
3.91 0.0 1
3.92 0.0 1
3.93 0.0 1
3.94 0.0 1
3.95 0.0 1
3.96 0.0 1
3.97 0.0 1
3.98 0.0 1
3.99 301.07 1
4.0 280.33 1
4.01 282.35 1
4.02 279.52 1
4.03 277.95 1
4.04 276.58 1
4.05 277.0 1
4.06 277.49 1
4.07 277.74 1
4.08 276.93 1
4.09 276.98 1
4.1 275.98 1
4.11 274.84 1
4.12 273.71 1
4.13 272.25 1
4.14 272.87 1
4.15 284.11 1
4.16 289.26 1
4.17 0.0 1
4.18 0.0 1
4.19 304.15 1
4.2 319.34 1
4.21 312.23 1
4.22 307.25 1
4.23 310.72 1
4.24 311.62 1
4.25 309.36 1
4.26 307.68 1
4.27 306.25 1
4.28 306.96 1
4.29 309.12 1
4.3 311.12 1
4.31 310.92 1
4.32 311.73 1
4.33 311.06 1
4.34 309.48 1
4.35 308.38 1
4.36 296.77 1
4.37 270.32 1
4.38 268.96 1
4.39 263.72 1
4.4 258.78 1
4.41 261.84 1
4.42 247.07 1
4.43 229.11 1
4.44 219.52 1
4.45 213.55 1
4.46 212.25 1
4.47 213.63 1
4.48 217.94 1
4.49 224.58 1
4.5 230.3 1
4.51 247.24 1
4.52 255.57 1
4.53 274.76 1
4.54 276.71 1
4.55 281.16 1
4.56 280.2 1
4.57 272.41 1
4.58 225.67 1
4.59 226.71 1
4.6 287.62 1
4.61 281.76 1
4.62 274.78 1
4.63 281.76 1
4.64 281.37 1
4.65 280.18 1
4.66 236.7 1
4.67 225.16 1
4.68 210.81 1
4.69 203.91 1
4.7 202.45 1
4.71 205.6 1
4.72 216.07 1
4.73 227.91 1
4.74 240.08 1
4.75 256.92 1
4.76 266.55 1
4.77 272.55 1
4.78 288.07 1
4.79 306.11 1
4.8 313.69 1
4.81 293.03 1
4.82 288.97 1
4.83 277.85 1
4.84 268.81 1
4.85 259.76 1
4.86 255.2 1
4.87 243.69 1
4.88 231.85 1
4.89 224.98 1
4.9 224.04 1
4.91 225.38 1
4.92 233.3 1
4.93 239.58 1
4.94 251.29 1
4.95 260.75 1
4.96 269.73 1
4.97 278.75 1
4.98 283.68 1
4.99 294.26 1
5.0 290.43 1
5.01 103.64 1
5.02 107.96 1
5.03 110.95 1
5.04 112.07 1
5.05 254.13 1
5.06 231.5 1
5.07 262.1 1
5.08 228.9 1
5.09 217.42 1
5.1 205.34 1
5.11 204.43 1
5.12 205.6 1
5.13 206.37 1
5.14 207.28 1
5.15 208.51 1
5.16 207.53 1
5.17 205.6 1
5.18 204.65 1
5.19 205.61 1
5.2 205.6 1
5.21 205.6 1
5.22 203.7 1
5.23 204.38 1
5.24 205.39 1
5.25 207.53 1
5.26 204.64 1
5.27 198.71 1
5.28 205.6 1
5.29 210.66 1
5.3 203.7 1
5.31 205.6 1
5.32 206.65 1
5.33 205.93 1
5.34 205.9 1
5.35 207.53 1
5.36 211.48 1
5.37 215.01 1
5.38 225.29 1
5.39 232.73 1
5.4 250.17 1
5.41 260.21 1
5.42 273.13 1
5.43 282.13 1
5.44 285.49 1
5.45 288.46 1
5.46 286.44 1
5.47 280.31 1
5.48 273.06 1
5.49 250.33 1
5.5 242.92 1
5.51 230.91 1
5.52 221.97 1
5.53 222.46 1
5.54 225.17 1
5.55 234.76 1
5.56 244.83 1
5.57 258.64 1
5.58 272.01 1
5.59 285.84 1
5.6 303.01 1
5.61 315.65 1
5.62 319.64 1
5.63 314.99 1
5.64 279.99 1
5.65 307.84 1
5.66 335.39 1
5.67 293.02 1
5.68 246.18 1
5.69 226.72 1
5.7 217.65 1
5.71 200.66 1
5.72 196.23 1
5.73 192.93 1
5.74 195.34 1
5.75 196.35 1
5.76 197.64 1
5.77 199.83 1
5.78 201.35 1
5.79 202.63 1
5.8 203.31 1
5.81 205.55 1
5.82 207.43 1
5.83 207.54 1
5.84 206.56 1
5.85 205.11 1
5.86 201.84 1
5.87 198.54 1
5.88 192.11 1
5.89 184.72 1
5.9 182.31 1
5.91 179.99 1
5.92 173.41 1
5.93 176.25 1
5.94 175.46 1
5.95 176.86 1
5.96 178.8 1
5.97 182.37 1
5.98 182.59 1
5.99 183.28 1
6.0 184.18 1
6.01 184.79 1
6.02 187.26 1
6.03 189.53 1
6.04 190.0 1
6.05 190.23 1
6.06 187.27 1
6.07 184.14 1
6.08 184.14 1
6.09 167.6 1
6.1 164.78 1
6.11 161.24 1
6.12 177.04 1
6.13 167.69 1
6.14 151.11 1
6.15 150.77 1
6.16 150.84 1
6.17 149.24 1
6.18 149.53 1
6.19 150.3 1
6.2 151.91 1
6.21 153.73 1
6.22 155.41 1
6.23 157.78 1
6.24 158.77 1
6.25 159.69 1
6.26 160.48 1
6.27 161.1 1
6.28 155.56 1
6.29 165.29 1
6.3 168.44 1
6.31 164.85 1
6.32 163.63 1
6.33 159.85 1
6.34 153.32 1
6.35 149.88 1
6.36 151.58 1
6.37 154.23 1
6.38 160.84 1
6.39 174.82 1
6.4 192.76 1
6.41 204.65 1
6.42 217.35 1
6.43 227.02 1
6.44 230.3 1
6.45 231.51 1
6.46 227.91 1
6.47 222.17 1
6.48 210.74 1
6.49 219.41 1
6.5 181.85 1
6.51 177.99 1
6.52 181.84 1
6.53 173.28 1
6.54 178.27 1
6.55 211.0 1
6.56 181.29 1
6.57 182.99 1
6.58 183.0 1
6.59 188.31 1
6.6 192.41 1
6.61 196.15 1
6.62 198.69 1
6.63 200.23 1
6.64 201.6 1
6.65 203.45 1
6.66 204.66 1
6.67 204.67 1
6.68 206.58 1
6.69 204.65 1
6.7 202.76 1
6.71 204.64 1
6.72 204.64 1
6.73 207.71 1
6.74 202.79 1
6.75 201.96 1
6.76 200.25 1
6.77 201.08 1
6.78 208.6 1
6.79 216.99 1
6.8 229.1 1
6.81 248.62 1
6.82 271.32 1
6.83 283.6 1
6.84 295.61 1
6.85 293.03 1
6.86 280.07 1
6.87 281.12 1
6.88 0.0 1
6.89 0.0 1
6.9 0.0 1
6.91 0.0 1
6.92 0.0 1
6.93 0.0 1
