0.01 233.04 1
0.02 223.89 1
0.03 219.17 1
0.04 213.21 1
0.05 209.02 1
0.06 202.51 1
0.07 198.35 1
0.08 197.96 1
0.09 196.61 1
0.1 198.49 1
0.11 203.29 1
0.12 208.39 1
0.13 211.51 1
0.14 220.74 1
0.15 222.86 1
0.16 230.29 1
0.17 240.85 1
0.18 244.1 1
0.19 247.18 1
0.2 249.18 1
0.21 249.58 1
0.22 248.17 1
0.23 246.74 1
0.24 243.64 1
0.25 241.27 1
0.26 239.02 1
0.27 235.37 1
0.28 232.46 1
0.29 229.73 1
0.3 229.23 1
0.31 229.86 1
0.32 233.95 1
0.33 240.57 1
0.34 246.86 1
0.35 255.89 1
0.36 262.76 1
0.37 271.65 1
0.38 276.52 1
0.39 278.88 1
0.4 277.01 1
0.41 273.05 1
0.42 288.19 1
0.43 223.56 1
0.44 205.03 1
0.45 192.99 1
0.46 189.67 1
0.47 189.68 1
0.48 190.14 1
0.49 193.5 1
0.5 200.71 1
0.51 199.38 1
0.52 200.06 1
0.53 201.0 1
0.54 202.53 1
0.55 203.61 1
0.56 204.64 1
0.57 207.25 1
0.58 209.03 1
0.59 210.51 1
0.6 212.68 1
0.61 213.51 1
0.62 212.23 1
0.63 208.52 1
0.64 205.92 1
0.65 200.85 1
0.66 197.76 1
0.67 191.61 1
0.68 182.35 1
0.69 185.62 1
0.7 183.35 1
0.71 198.2 1
0.72 179.89 1
0.73 183.04 1
0.74 183.62 1
0.75 183.71 1
0.76 185.21 1
0.77 185.76 1
0.78 185.69 1
0.79 187.22 1
0.8 187.27 1
0.81 188.06 1
0.82 188.87 1
0.83 187.28 1
0.84 189.29 1
0.85 188.06 1
0.86 186.48 1
0.87 184.14 1
0.88 184.12 1
0.89 183.45 1
0.9 181.5 1
0.91 158.92 1
0.92 171.01 1
0.93 169.18 1
0.94 166.72 1
0.95 162.05 1
0.96 156.64 1
0.97 150.97 1
0.98 148.96 1
0.99 146.22 1
1.0 146.46 1
1.01 148.99 1
1.02 151.56 1
1.03 157.22 1
1.04 166.36 1
1.05 171.93 1
1.06 178.53 1
1.07 184.14 1
1.08 198.2 1
1.09 199.1 1
1.1 200.98 1
1.11 196.44 1
1.12 194.2 1
1.13 197.31 1
1.14 194.7 1
1.15 182.48 1
1.16 178.18 1
1.17 166.46 1
1.18 158.76 1
1.19 153.54 1
1.2 148.99 1
1.21 148.27 1
1.22 149.35 1
1.23 154.57 1
1.24 162.55 1
1.25 180.97 1
1.26 183.21 1
1.27 197.24 1
1.28 200.86 1
1.29 204.82 1
1.3 202.76 1
1.31 200.87 1
1.32 199.49 1
1.33 186.47 1
1.34 183.92 1
1.35 182.54 1
1.36 175.45 1
1.37 167.09 1
1.38 155.0 1
1.39 149.33 1
1.4 146.76 1
1.41 148.72 1
1.42 148.74 1
1.43 154.8 1
1.44 160.64 1
1.45 167.16 1
1.46 171.69 1
1.47 174.45 1
1.48 176.68 1
1.49 177.52 1
1.5 175.49 1
1.51 172.03 1
1.52 167.77 1
1.53 74.94 1
1.54 71.37 1
1.55 69.9 1
1.56 67.59 1
1.57 67.79 1
1.58 138.76 1
1.59 134.95 1
1.6 137.43 1
1.61 136.18 1
1.62 135.48 1
1.63 136.36 1
1.64 136.71 1
1.65 137.95 1
1.66 139.42 1
1.67 139.67 1
1.68 139.52 1
1.69 139.4 1
1.7 139.86 1
1.71 139.5 1
1.72 139.1 1
1.73 137.17 1
1.74 126.91 1
1.75 139.86 1
1.76 136.23 1
1.77 130.67 1
1.78 124.4 1
1.79 129.9 1
1.8 120.99 1
1.81 117.48 1
1.82 116.62 1
1.83 115.59 1
1.84 115.03 1
1.85 114.11 1
1.86 113.58 1
1.87 113.42 1
1.88 113.22 1
1.89 113.32 1
1.9 114.7 1
1.91 114.85 1
1.92 116.16 1
1.93 118.38 1
1.94 119.98 1
1.95 120.01 1
1.96 120.01 1
1.97 120.01 1
1.98 121.55 1
1.99 120.66 1
2.0 120.34 1
2.01 120.97 1
2.02 118.72 1
2.03 117.43 1
2.04 114.99 1
2.05 113.73 1
2.06 112.08 1
2.07 111.77 1
2.08 111.72 1
2.09 112.59 1
2.1 114.43 1
2.11 118.39 1
2.12 121.65 1
2.13 124.42 1
2.14 129.88 1
2.15 132.73 1
2.16 137.93 1
2.17 137.48 1
2.18 137.28 1
2.19 110.66 1
2.2 131.45 1
2.21 110.89 1
2.22 109.46 1
2.23 103.4 1
2.24 107.96 1
2.25 110.66 1
2.26 111.31 1
2.27 107.46 1
2.28 107.75 1
2.29 95.06 1
2.3 94.87 1
2.31 94.55 1
2.32 95.08 1
2.33 97.24 1
2.34 97.29 1
2.35 97.39 1
2.36 96.91 1
2.37 96.39 1
2.38 94.96 1
2.39 94.93 1
2.4 94.92 1
2.41 92.55 1
2.42 94.13 1
2.43 98.11 1
2.44 97.03 1
2.45 68.96 1
2.46 69.18 1
2.47 69.12 1
2.48 69.44 1
2.49 69.61 1
2.5 69.42 1
2.51 69.36 1
2.52 70.78 1
2.53 69.18 1
2.54 71.07 1
2.55 71.19 1
2.56 70.73 1
2.57 69.29 1
2.58 69.4 1
2.59 69.18 1
2.6 69.36 1
2.61 69.34 1
2.62 69.17 1
2.63 69.18 1
2.64 69.38 1
2.65 69.26 1
2.66 69.35 1
2.67 69.33 1
2.68 69.17 1
2.69 69.35 1
2.7 68.32 1
2.71 69.39 1
2.72 67.41 1
2.73 66.45 1
2.74 66.01 1
2.75 63.29 1
2.76 62.91 1
2.77 66.36 1
2.78 68.85 1
2.79 68.54 1
2.8 69.02 1
2.81 69.31 1
2.82 69.06 1
2.83 69.18 1
2.84 69.38 1
2.85 68.95 1
2.86 69.26 1
2.87 69.24 1
2.88 69.07 1
2.89 69.33 1
2.9 69.22 1
2.91 69.1 1
2.92 69.45 1
2.93 69.3 1
2.94 69.29 1
2.95 69.31 1
2.96 69.18 1
2.97 69.23 1
2.98 69.21 1
2.99 69.5 1
3.0 69.04 1
3.01 69.19 1
3.02 69.21 1
3.03 69.2 1
3.04 69.39 1
3.05 68.85 1
3.06 69.41 1
3.07 69.23 1
3.08 69.17 1
3.09 69.34 1
3.1 69.21 1
3.11 69.18 1
3.12 69.27 1
3.13 69.07 1
3.14 69.31 1
3.15 69.18 1
3.16 69.01 1
3.17 69.4 1
3.18 0.0 1
3.19 0.0 1
3.2 165.99 1
3.21 143.08 1
3.22 137.17 1
3.23 134.63 1
3.24 134.59 1
3.25 134.89 1
3.26 133.84 1
3.27 133.53 1
3.28 133.16 1
3.29 132.95 1
3.3 133.04 1
3.31 133.05 1
3.32 133.2 1
3.33 135.93 1
3.34 136.32 1
3.35 140.83 1
3.36 151.08 1
3.37 130.26 1
3.38 143.88 1
3.39 162.43 1
3.4 155.8 1
3.41 158.35 1
3.42 160.66 1
3.43 159.22 1
3.44 158.35 1
3.45 159.0 1
3.46 160.3 1
3.47 160.36 1
3.48 160.66 1
3.49 161.42 1
3.5 161.36 1
3.51 161.13 1
3.52 162.31 1
3.53 160.99 1
3.54 160.08 1
3.55 155.73 1
3.56 159.45 1
3.57 162.62 1
3.58 158.69 1
3.59 155.43 1
3.6 155.35 1
3.61 154.48 1
3.62 159.8 1
3.63 150.77 1
3.64 152.5 1
3.65 152.43 1
3.66 152.37 1
3.67 152.41 1
3.68 151.73 1
3.69 150.93 1
3.7 150.66 1
3.71 150.76 1
3.72 149.86 1
3.73 150.09 1
3.74 149.48 1
3.75 149.35 1
3.76 150.05 1
3.77 149.65 1
3.78 149.24 1
3.79 148.23 1
3.8 141.39 1
3.81 140.23 1
3.82 128.03 1
3.83 118.37 1
3.84 114.1 1
3.85 111.28 1
3.86 110.88 1
3.87 110.95 1
3.88 112.93 1
3.89 118.71 1
3.9 124.76 1
3.91 130.67 1
3.92 138.9 1
3.93 148.74 1
3.94 158.68 1
3.95 165.49 1
3.96 166.41 1
3.97 163.48 1
3.98 148.24 1
3.99 0.0 1
4.0 0.0 1
4.01 0.0 1
4.02 0.0 1
4.03 0.0 1
4.04 0.0 1
4.05 0.0 1
4.06 0.0 1
4.07 141.42 1
4.08 137.18 1
4.09 132.7 1
4.1 132.23 1
4.11 131.34 1
4.12 131.59 1
4.13 132.72 1
4.14 132.72 1
4.15 132.58 1
4.16 132.77 1
4.17 132.45 1
4.18 132.97 1
4.19 132.59 1
4.2 132.92 1
4.21 133.04 1
4.22 133.94 1
4.23 128.4 1
4.24 150.26 1
4.25 141.57 1
4.26 141.31 1
4.27 135.49 1
4.28 145.31 1
4.29 149.14 1
4.3 145.82 1
4.31 149.58 1
4.32 149.58 1
4.33 149.15 1
4.34 150.28 1
4.35 150.53 1
4.36 151.25 1
4.37 152.09 1
4.38 152.69 1
4.39 153.6 1
4.4 154.91 1
4.41 155.18 1
4.42 154.47 1
4.43 151.55 1
4.44 148.24 1
4.45 160.65 1
4.46 160.08 1
4.47 156.66 1
4.48 169.95 1
4.49 174.83 1
4.5 180.04 1
4.51 183.18 1
4.52 178.62 1
4.53 175.54 1
4.54 172.88 1
4.55 168.35 1
4.56 156.25 1
4.57 151.04 1
4.58 144.83 1
4.59 144.44 1
4.6 150.5 1
4.61 161.43 1
4.62 178.21 1
4.63 192.16 1
4.64 202.46 1
4.65 205.6 1
4.66 206.56 1
4.67 203.7 1
4.68 212.81 1
4.69 199.99 1
4.7 178.9 1
4.71 178.18 1
4.72 180.98 1
4.73 168.64 1
4.74 165.84 1
4.75 163.6 1
4.76 157.61 1
4.77 154.75 1
4.78 154.09 1
4.79 153.76 1
4.8 153.8 1
4.81 154.27 1
4.82 155.16 1
4.83 156.22 1
4.84 157.25 1
4.85 157.33 1
4.86 158.28 1
4.87 159.14 1
4.88 160.07 1
4.89 160.55 1
4.9 158.92 1
4.91 154.26 1
4.92 145.79 1
4.93 163.21 1
4.94 156.27 1
4.95 150.32 1
4.96 146.79 1
4.97 141.5 1
4.98 137.84 1
4.99 135.54 1
5.0 135.02 1
5.01 139.28 1
5.02 148.21 1
5.03 159.07 1
5.04 175.24 1
5.05 180.09 1
5.06 187.24 1
5.07 200.47 1
5.08 198.88 1
5.09 205.29 1
5.1 199.26 1
5.11 196.44 1
5.12 179.13 1
5.13 178.33 1
5.14 166.41 1
5.15 174.64 1
5.16 164.67 1
5.17 140.67 1
5.18 139.27 1
5.19 142.03 1
5.2 141.48 1
5.21 140.67 1
5.22 137.17 1
5.23 137.06 1
5.24 137.59 1
5.25 137.12 1
5.26 137.56 1
5.27 138.25 1
5.28 137.18 1
5.29 139.34 1
5.3 139.29 1
5.31 136.34 1
5.32 137.19 1
5.33 133.85 1
5.34 116.82 1
5.35 139.15 1
5.36 135.9 1
5.37 130.41 1
5.38 125.33 1
5.39 123.64 1
5.4 127.38 1
5.41 117.46 1
5.42 114.74 1
5.43 112.25 1
5.44 111.66 1
5.45 110.79 1
5.46 111.09 1
5.47 111.63 1
5.48 111.7 1
5.49 112.11 1
5.5 113.39 1
5.51 115.61 1
5.52 117.66 1
5.53 119.56 1
5.54 119.69 1
5.55 122.26 1
5.56 124.41 1
5.57 125.78 1
5.58 125.24 1
5.59 124.76 1
5.6 126.53 1
5.61 123.93 1
5.62 122.55 1
5.63 118.72 1
5.64 118.71 1
5.65 114.21 1
5.66 112.72 1
5.67 111.78 1
5.68 110.75 1
5.69 110.09 1
5.7 109.82 1
5.71 109.87 1
5.72 110.24 1
5.73 110.39 1
5.74 111.05 1
5.75 106.69 1
5.76 0.0 1
5.77 0.0 1
5.78 0.0 1
5.79 0.0 1
5.8 0.0 1
5.81 0.0 1
5.82 0.0 1
5.83 0.0 1
5.84 138.89 1
5.85 140.22 1
5.86 138.03 1
5.87 138.03 1
5.88 137.4 1
5.89 137.44 1
5.9 137.04 1
5.91 137.03 1
5.92 137.64 1
5.93 136.85 1
5.94 135.5 1
5.95 136.66 1
5.96 134.68 1
5.97 135.07 1
5.98 133.46 1
5.99 133.05 1
6.0 131.46 1
6.01 152.34 1
6.02 132.05 1
6.03 144.17 1
6.04 163.16 1
6.05 162.53 1
6.06 154.15 1
6.07 157.4 1
6.08 161.41 1
6.09 161.11 1
6.1 158.23 1
6.11 155.57 1
6.12 154.63 1
6.13 153.11 1
6.14 152.33 1
6.15 151.26 1
6.16 150.34 1
6.17 149.95 1
6.18 147.69 1
6.19 146.49 1
6.2 143.08 1
6.21 137.12 1
6.22 142.43 1
6.23 149.59 1
6.24 157.78 1
6.25 158.35 1
6.26 169.1 1
6.27 174.42 1
6.28 178.9 1
6.29 179.72 1
6.3 182.69 1
6.31 185.69 1
6.32 184.85 1
6.33 184.69 1
6.34 186.34 1
6.35 184.96 1
6.36 183.68 1
6.37 184.86 1
6.38 184.39 1
6.39 183.79 1
6.4 184.14 1
6.41 184.91 1
6.42 184.14 1
6.43 184.91 1
6.44 180.39 1
6.45 166.11 1
6.46 178.91 1
6.47 183.12 1
6.48 185.68 1
6.49 192.45 1
6.5 190.87 1
6.51 186.88 1
6.52 183.07 1
6.53 179.44 1
6.54 172.7 1
6.55 170.6 1
6.56 162.43 1
6.57 155.39 1
6.58 153.85 1
6.59 152.51 1
6.6 152.71 1
6.61 153.28 1
6.62 155.28 1
6.63 156.67 1
6.64 157.23 1
6.65 165.79 1
6.66 173.97 1
6.67 171.27 1
6.68 174.31 1
6.69 187.77 1
6.7 195.41 1
6.71 193.83 1
6.72 185.69 1
6.73 182.93 1
6.74 178.8 1
6.75 173.18 1
6.76 165.1 1
6.77 156.93 1
6.78 151.8 1
6.79 152.37 1
6.8 158.35 1
6.81 169.76 1
6.82 189.8 1
6.83 206.26 1
6.84 214.46 1
6.85 220.41 1
6.86 225.96 1
6.87 228.88 1
6.88 242.96 1
6.89 245.69 1
6.9 215.67 1
6.91 174.45 1
6.92 175.38 1
6.93 161.64 1
6.94 158.38 1
6.95 154.11 1
6.96 152.46 1
6.97 152.76 1
6.98 152.86 1
6.99 153.48 1
7.0 153.45 1
7.01 153.75 1
7.02 153.64 1
7.03 155.36 1
7.04 155.83 1
7.05 158.3 1
