0.01 69.31 1
0.02 69.37 1
0.03 69.36 1
0.04 69.23 1
0.05 69.27 1
0.06 69.35 1
0.07 69.23 1
0.08 69.27 1
0.09 69.29 1
0.1 0.0 1
0.11 0.0 1
0.12 0.0 1
0.13 0.0 1
0.14 183.33 1
0.15 184.63 1
0.16 184.84 1
0.17 177.46 1
0.18 178.59 1
0.19 181.08 1
0.2 182.95 1
0.21 185.69 1
0.22 186.49 1
0.23 190.36 1
0.24 193.84 1
0.25 196.47 1
0.26 200.4 1
0.27 203.7 1
0.28 206.58 1
0.29 211.5 1
0.3 217.09 1
0.31 220.29 1
0.32 223.94 1
0.33 227.93 1
0.34 230.3 1
0.35 235.05 1
0.36 237.83 1
0.37 240.33 1
0.38 243.79 1
0.39 246.76 1
0.4 249.18 1
0.41 251.11 1
0.42 253.68 1
0.43 255.67 1
0.44 257.2 1
0.45 261.76 1
0.46 263.31 1
0.47 265.79 1
0.48 266.85 1
0.49 266.71 1
0.5 264.89 1
0.51 266.24 1
0.52 266.83 1
0.53 266.48 1
0.54 268.07 1
0.55 268.96 1
0.56 269.57 1
0.57 269.62 1
0.58 269.83 1
0.59 270.5 1
0.6 271.29 1
0.61 273.22 1
0.62 274.16 1
0.63 275.24 1
0.64 276.49 1
0.65 275.84 1
0.66 275.3 1
0.67 274.98 1
0.68 275.46 1
0.69 274.53 1
0.7 275.68 1
0.71 277.03 1
0.72 278.09 1
0.73 278.58 1
0.74 278.37 1
0.75 278.29 1
0.76 277.99 1
0.77 278.4 1
0.78 278.31 1
0.79 278.46 1
0.8 277.33 1
0.81 276.11 1
0.82 276.5 1
0.83 275.16 1
0.84 275.6 1
0.85 275.15 1
0.86 275.55 1
0.87 275.36 1
0.88 276.18 1
0.89 276.06 1
0.9 276.63 1
0.91 276.63 1
0.92 276.74 1
0.93 276.6 1
0.94 276.21 1
0.95 276.16 1
0.96 275.15 1
0.97 276.2 1
0.98 275.45 1
0.99 276.49 1
1.0 275.85 1
1.01 275.12 1
1.02 276.32 1
1.03 275.59 1
1.04 276.03 1
1.05 274.88 1
1.06 275.17 1
1.07 275.16 1
1.08 275.95 1
1.09 276.38 1
1.1 276.05 1
1.11 276.01 1
1.12 276.53 1
1.13 276.24 1
1.14 276.42 1
1.15 275.8 1
1.16 276.48 1
1.17 276.43 1
1.18 277.08 1
1.19 277.57 1
1.2 277.33 1
1.21 276.64 1
1.22 276.42 1
1.23 277.07 1
1.24 276.37 1
1.25 275.4 1
1.26 275.3 1
1.27 274.85 1
1.28 274.76 1
1.29 274.79 1
1.3 275.54 1
1.31 276.48 1
1.32 276.48 1
1.33 276.49 1
1.34 275.88 1
1.35 276.48 1
1.36 275.81 1
1.37 276.51 1
1.38 277.39 1
1.39 276.98 1
1.4 276.6 1
1.41 276.85 1
1.42 275.81 1
1.43 275.94 1
1.44 276.48 1
1.45 276.96 1
1.46 278.23 1
1.47 278.15 1
1.48 277.9 1
1.49 278.39 1
1.5 277.49 1
1.51 276.93 1
1.52 276.99 1
1.53 276.65 1
1.54 277.01 1
1.55 277.29 1
1.56 276.66 1
1.57 276.9 1
1.58 277.21 1
1.59 278.32 1
1.6 279.71 1
1.61 280.54 1
1.62 275.71 1
1.63 0.0 1
1.64 0.0 1
1.65 0.0 1
1.66 0.0 1
1.67 0.0 1
1.68 0.0 1
1.69 0.0 1
1.7 0.0 1
1.71 0.0 1
1.72 0.0 1
1.73 0.0 1
1.74 0.0 1
1.75 0.0 1
1.76 0.0 1
1.77 0.0 1
1.78 0.0 1
1.79 0.0 1
1.8 0.0 1
1.81 0.0 1
1.82 0.0 1
1.83 0.0 1
1.84 0.0 1
1.85 0.0 1
1.86 0.0 1
1.87 0.0 1
1.88 0.0 1
1.89 0.0 1
1.9 0.0 1
1.91 0.0 1
1.92 0.0 1
1.93 0.0 1
1.94 0.0 1
1.95 0.0 1
1.96 0.0 1
1.97 0.0 1
1.98 0.0 1
1.99 0.0 1
2.0 0.0 1
2.01 0.0 1
2.02 0.0 1
2.03 0.0 1
2.04 0.0 1
2.05 0.0 1
2.06 0.0 1
2.07 0.0 1
2.08 0.0 1
2.09 0.0 1
2.1 0.0 1
2.11 0.0 1
2.12 0.0 1
2.13 0.0 1
2.14 0.0 1
2.15 0.0 1
2.16 0.0 1
2.17 0.0 1
2.18 0.0 1
2.19 0.0 1
2.2 0.0 1
2.21 0.0 1
2.22 0.0 1
2.23 0.0 1
2.24 0.0 1
2.25 0.0 1
2.26 0.0 1
2.27 0.0 1
2.28 0.0 1
2.29 69.4 1
2.3 69.3 1
2.31 69.01 1
2.32 69.72 1
2.33 69.84 1
2.34 69.21 1
2.35 69.62 1
2.36 69.39 1
2.37 68.79 1
2.38 69.51 1
2.39 69.0 1
2.4 69.38 1
2.41 69.29 1
2.42 69.1 1
2.43 69.24 1
2.44 69.28 1
2.45 69.16 1
2.46 69.21 1
2.47 69.54 1
2.48 69.11 1
2.49 69.07 1
2.5 69.35 1
2.51 69.26 1
2.52 69.18 1
2.53 69.23 1
2.54 69.23 1
2.55 69.12 1
2.56 69.33 1
2.57 69.2 1
2.58 69.21 1
2.59 69.21 1
2.6 69.35 1
2.61 69.18 1
2.62 69.22 1
2.63 69.35 1
2.64 69.18 1
2.65 69.37 1
2.66 69.31 1
2.67 86.63 1
2.68 180.23 1
2.69 189.85 1
2.7 185.65 1
2.71 189.71 1
2.72 195.56 1
2.73 198.89 1
2.74 201.48 1
2.75 204.13 1
2.76 205.9 1
2.77 207.54 1
2.78 210.4 1
2.79 211.91 1
2.8 212.34 1
2.81 213.35 1
2.82 213.66 1
2.83 213.08 1
2.84 211.52 1
2.85 210.69 1
2.86 210.5 1
2.87 211.21 1
2.88 212.12 1
2.89 214.76 1
2.9 219.52 1
2.91 222.82 1
2.92 229.11 1
2.93 238.07 1
2.94 248.26 1
2.95 255.67 1
2.96 263.32 1
2.97 270.83 1
2.98 275.19 1
2.99 278.13 1
3.0 278.87 1
3.01 278.75 1
3.02 277.91 1
3.03 277.18 1
3.04 277.22 1
3.05 277.36 1
3.06 277.24 1
3.07 276.29 1
3.08 274.74 1
3.09 272.47 1
3.1 268.97 1
3.11 268.25 1
3.12 269.19 1
3.13 270.61 1
3.14 273.39 1
3.15 275.69 1
3.16 276.61 1
3.17 276.83 1
3.18 277.67 1
3.19 278.62 1
3.2 278.56 1
3.21 278.41 1
3.22 277.91 1
3.23 277.87 1
3.24 278.1 1
3.25 278.51 1
3.26 278.51 1
3.27 278.16 1
3.28 278.36 1
3.29 278.71 1
3.3 278.37 1
3.31 278.47 1
3.32 278.26 1
3.33 277.03 1
3.34 274.53 1
3.35 272.26 1
3.36 269.21 1
3.37 261.79 1
3.38 257.19 1
3.39 250.28 1
3.4 238.97 1
3.41 225.59 1
3.42 213.46 1
3.43 207.19 1
3.44 205.14 1
3.45 205.22 1
3.46 204.68 1
3.47 210.51 1
3.48 216.29 1
3.49 226.74 1
3.5 235.06 1
3.51 243.16 1
3.52 252.75 1
3.53 258.66 1
3.54 266.45 1
3.55 270.79 1
3.56 274.59 1
3.57 275.54 1
3.58 273.77 1
3.59 271.37 1
3.6 265.56 1
3.61 258.7 1
3.62 255.39 1
3.63 247.38 1
3.64 244.29 1
3.65 233.83 1
3.66 228.95 1
3.67 223.72 1
3.68 218.81 1
3.69 214.23 1
3.7 212.2 1
3.71 210.59 1
3.72 211.06 1
3.73 211.02 1
3.74 210.88 1
3.75 210.51 1
3.76 209.51 1
3.77 207.41 1
3.78 203.71 1
3.79 200.88 1
3.8 199.29 1
3.81 200.88 1
3.82 200.76 1
3.83 210.14 1
3.84 213.33 1
3.85 214.61 1
3.86 211.24 1
3.87 216.5 1
3.88 214.8 1
3.89 201.84 1
3.9 200.48 1
3.91 196.44 1
3.92 216.72 1
3.93 201.83 1
3.94 183.57 1
3.95 180.59 1
3.96 183.62 1
3.97 0.0 1
3.98 0.0 1
3.99 0.0 1
4.0 0.0 1
4.01 0.0 1
4.02 0.0 1
4.03 0.0 1
4.04 0.0 1
4.05 0.0 1
4.06 203.13 1
4.07 185.68 1
4.08 179.41 1
4.09 179.03 1
4.1 180.42 1
4.11 180.27 1
4.12 180.84 1
4.13 181.03 1
4.14 181.49 1
4.15 182.1 1
4.16 182.75 1
4.17 184.12 1
4.18 185.91 1
4.19 185.69 1
4.2 186.47 1
4.21 185.69 1
4.22 185.62 1
4.23 185.14 1
4.24 183.28 1
4.25 182.9 1
4.26 182.22 1
4.27 181.02 1
4.28 180.81 1
4.29 181.56 1
4.3 182.96 1
4.31 184.74 1
4.32 185.74 1
4.33 185.54 1
4.34 184.4 1
4.35 183.46 1
4.36 182.49 1
4.37 181.3 1
4.38 181.0 1
4.39 181.36 1
4.4 180.94 1
4.41 181.91 1
4.42 183.22 1
4.43 186.31 1
4.44 188.87 1
4.45 190.23 1
4.46 191.91 1
4.47 190.98 1
4.48 187.59 1
4.49 186.18 1
4.5 181.25 1
4.51 187.26 1
4.52 193.84 1
4.53 185.69 1
4.54 187.27 1
4.55 181.11 1
4.56 188.07 1
4.57 184.15 1
4.58 182.62 1
4.59 179.61 1
4.6 180.33 1
4.61 173.71 1
4.62 175.76 1
4.63 0.0 1
4.64 0.0 1
4.65 0.0 1
4.66 0.0 1
4.67 0.0 1
4.68 0.0 1
4.69 0.0 1
4.7 0.0 1
4.71 0.0 1
4.72 0.0 1
4.73 0.0 1
4.74 0.0 1
4.75 0.0 1
4.76 0.0 1
4.77 0.0 1
4.78 69.18 1
4.79 70.68 1
4.8 68.54 1
4.81 68.32 1
4.82 70.28 1
4.83 68.85 1
4.84 69.29 1
4.85 69.87 1
4.86 69.06 1
4.87 69.29 1
4.88 69.69 1
4.89 68.96 1
4.9 69.8 1
4.91 69.51 1
4.92 68.97 1
4.93 0.0 1
4.94 0.0 1
4.95 0.0 1
4.96 174.69 1
4.97 178.45 1
4.98 182.28 1
4.99 180.92 1
5.0 179.58 1
5.01 180.65 1
5.02 181.48 1
5.03 182.03 1
5.04 182.14 1
5.05 182.31 1
5.06 181.53 1
5.07 179.93 1
5.08 180.28 1
5.09 178.35 1
5.1 179.08 1
5.11 176.91 1
5.12 177.79 1
5.13 176.74 1
5.14 176.04 1
5.15 175.43 1
5.16 174.86 1
5.17 174.37 1
5.18 173.77 1
5.19 172.87 1
5.2 171.08 1
5.21 169.38 1
5.22 167.01 1
5.23 164.77 1
5.24 163.58 1
5.25 161.63 1
5.26 159.91 1
5.27 159.49 1
5.28 160.1 1
5.29 159.49 1
5.3 158.92 1
5.31 158.88 1
5.32 157.86 1
5.33 156.95 1
5.34 156.37 1
5.35 155.69 1
5.36 155.39 1
5.37 154.4 1
5.38 152.99 1
5.39 151.81 1
5.4 151.41 1
5.41 151.15 1
5.42 151.51 1
5.43 151.41 1
5.44 152.42 1
5.45 152.59 1
5.46 153.05 1
5.47 152.66 1
5.48 151.33 1
5.49 151.66 1
5.5 152.25 1
5.51 151.87 1
5.52 151.66 1
5.53 151.17 1
5.54 151.7 1
5.55 150.77 1
5.56 152.12 1
5.57 151.69 1
5.58 152.36 1
5.59 153.16 1
5.6 153.62 1
5.61 153.73 1
5.62 153.58 1
5.63 152.24 1
5.64 151.6 1
5.65 150.5 1
5.66 150.72 1
5.67 150.53 1
5.68 150.35 1
5.69 151.72 1
5.7 153.0 1
5.71 154.48 1
5.72 155.56 1
5.73 159.91 1
5.74 163.03 1
5.75 165.4 1
5.76 168.42 1
5.77 168.65 1
5.78 169.94 1
5.79 168.6 1
5.8 166.68 1
5.81 164.75 1
5.82 160.62 1
5.83 157.22 1
5.84 153.24 1
5.85 151.74 1
5.86 150.76 1
5.87 149.76 1
5.88 149.7 1
5.89 150.25 1
5.9 150.22 1
5.91 150.76 1
5.92 150.37 1
5.93 150.7 1
5.94 151.27 1
5.95 152.02 1
5.96 152.33 1
5.97 152.51 1
5.98 152.55 1
5.99 152.47 1
6.0 152.07 1
6.01 151.85 1
6.02 152.52 1
6.03 153.07 1
6.04 153.67 1
6.05 154.31 1
6.06 155.42 1
6.07 154.84 1
6.08 151.78 1
6.09 146.04 1
6.1 0.0 1
6.11 0.0 1
6.12 0.0 1
6.13 0.0 1
6.14 0.0 1
6.15 0.0 1
6.16 0.0 1
6.17 0.0 1
6.18 0.0 1
6.19 0.0 1
6.2 0.0 1
6.21 0.0 1
6.22 0.0 1
6.23 0.0 1
6.24 0.0 1
6.25 0.0 1
6.26 0.0 1
6.27 171.27 1
6.28 177.46 1
6.29 133.83 1
6.3 132.23 1
6.31 132.23 1
6.32 133.03 1
6.33 132.35 1
6.34 131.88 1
6.35 130.28 1
6.36 133.33 1
6.37 131.52 1
6.38 135.26 1
6.39 132.63 1
6.4 135.59 1
6.41 135.67 1
6.42 134.06 1
6.43 137.44 1
6.44 137.63 1
6.45 137.17 1
6.46 136.88 1
6.47 135.49 1
6.48 137.12 1
6.49 136.83 1
6.5 131.2 1
6.51 138.38 1
6.52 136.58 1
6.53 135.07 1
6.54 136.06 1
6.55 137.29 1
6.56 138.46 1
6.57 137.17 1
6.58 136.32 1
6.59 139.34 1
6.6 137.92 1
6.61 135.48 1
6.62 138.46 1
6.63 138.9 1
6.64 136.32 1
6.65 138.21 1
6.66 139.34 1
6.67 137.35 1
6.68 135.41 1
6.69 138.03 1
6.7 136.94 1
6.71 136.32 1
6.72 136.95 1
6.73 137.7 1
6.74 137.0 1
6.75 137.17 1
6.76 136.32 1
6.77 137.09 1
6.78 137.41 1
6.79 136.1 1
6.8 138.9 1
6.81 138.86 1
6.82 136.54 1
6.83 138.68 1
6.84 139.32 1
6.85 137.6 1
6.86 138.02 1
6.87 139.95 1
6.88 136.75 1
6.89 137.37 1
6.9 140.43 1
6.91 137.97 1
6.92 137.17 1
6.93 138.52 1
6.94 137.53 1
6.95 137.17 1
6.96 137.37 1
6.97 137.27 1
6.98 136.32 1
6.99 136.68 1
7.0 137.17 1
7.01 137.0 1
7.02 135.9 1
7.03 134.31 1
7.04 134.66 1
7.05 140.21 1
7.06 133.43 1
7.07 132.39 1
7.08 134.66 1
7.09 138.33 1
7.1 136.69 1
7.11 137.72 1
7.12 144.85 1
7.13 161.8 1
7.14 163.74 1
7.15 158.5 1
7.16 161.04 1
7.17 163.74 1
7.18 163.13 1
7.19 163.75 1
7.2 164.52 1
7.21 164.8 1
7.22 165.39 1
7.23 165.05 1
7.24 164.31 1
7.25 163.05 1
7.26 161.08 1
7.27 159.44 1
7.28 157.23 1
7.29 156.66 1
7.3 155.5 1
7.31 154.74 1
7.32 154.44 1
7.33 153.82 1
7.34 153.86 1
7.35 154.14 1
7.36 154.94 1
7.37 155.61 1
7.38 156.22 1
7.39 156.49 1
7.4 156.66 1
7.41 156.43 1
7.42 156.03 1
7.43 155.67 1
7.44 155.38 1
7.45 155.25 1
7.46 155.36 1
7.47 155.87 1
7.48 155.39 1
7.49 155.94 1
7.5 156.0 1
7.51 155.86 1
7.52 156.41 1
7.53 156.48 1
7.54 156.11 1
7.55 156.67 1
7.56 156.11 1
7.57 157.08 1
7.58 157.66 1
7.59 159.35 1
7.6 162.26 1
7.61 163.72 1
7.62 165.96 1
7.63 167.07 1
7.64 168.93 1
7.65 168.16 1
7.66 166.79 1
7.67 165.58 1
7.68 163.77 1
7.69 161.65 1
7.7 159.65 1
7.71 157.24 1
7.72 157.45 1
7.73 156.39 1
7.74 156.58 1
7.75 156.11 1
7.76 155.05 1
7.77 154.48 1
7.78 153.39 1
7.79 152.67 1
7.8 151.89 1
7.81 151.32 1
7.82 150.26 1
7.83 149.31 1
7.84 147.74 1
7.85 147.41 1
7.86 145.8 1
7.87 145.98 1
7.88 145.29 1
7.89 144.99 1
7.9 144.26 1
7.91 143.36 1
7.92 142.78 1
7.93 141.96 1
7.94 140.88 1
7.95 140.32 1
7.96 139.52 1
7.97 139.16 1
7.98 138.23 1
7.99 137.89 1
8.0 136.8 1
8.01 136.33 1
8.02 135.91 1
8.03 135.78 1
8.04 135.09 1
8.05 136.59 1
8.06 136.9 1
8.07 137.68 1
8.08 138.21 1
8.09 138.88 1
8.1 138.71 1
8.11 138.3 1
8.12 137.9 1
8.13 137.56 1
8.14 137.26 1
8.15 137.52 1
8.16 138.27 1
8.17 138.39 1
8.18 138.77 1
8.19 139.03 1
8.2 139.17 1
8.21 139.4 1
8.22 139.39 1
8.23 139.48 1
8.24 139.02 1
8.25 139.4 1
8.26 139.36 1
8.27 139.2 1
8.28 139.32 1
8.29 139.04 1
8.3 138.92 1
8.31 138.68 1
8.32 138.19 1
8.33 137.64 1
8.34 137.8 1
8.35 137.66 1
8.36 137.75 1
8.37 138.39 1
8.38 138.17 1
8.39 138.02 1
8.4 138.28 1
8.41 138.69 1
8.42 139.41 1
8.43 139.35 1
8.44 139.64 1
8.45 139.87 1
8.46 139.96 1
8.47 139.56 1
8.48 138.59 1
8.49 138.42 1
8.5 137.45 1
8.51 137.54 1
8.52 137.6 1
8.53 137.84 1
8.54 137.73 1
8.55 138.52 1
8.56 138.56 1
8.57 138.76 1
8.58 138.63 1
8.59 139.09 1
8.6 139.31 1
8.61 139.52 1
8.62 139.69 1
8.63 139.36 1
8.64 139.41 1
8.65 138.92 1
8.66 138.18 1
8.67 138.77 1
8.68 138.6 1
8.69 138.12 1
8.7 137.6 1
8.71 138.03 1
8.72 137.18 1
8.73 137.18 1
8.74 136.75 1
8.75 135.49 1
8.76 150.24 1
8.77 142.02 1
8.78 128.7 1
8.79 134.37 1
8.8 145.78 1
8.81 134.66 1
8.82 130.28 1
8.83 128.94 1
8.84 133.95 1
8.85 136.61 1
8.86 138.14 1
8.87 137.85 1
8.88 137.81 1
8.89 138.46 1
8.9 137.55 1
8.91 137.54 1
8.92 137.07 1
8.93 136.64 1
8.94 135.23 1
8.95 135.84 1
8.96 135.06 1
8.97 135.63 1
8.98 135.49 1
8.99 137.17 1
9.0 138.73 1
9.01 139.77 1
9.02 139.35 1
9.03 138.46 1
9.04 135.92 1
9.05 136.56 1
9.06 133.33 1
9.07 133.03 1
9.08 129.52 1
9.09 138.46 1
9.1 69.32 1
9.11 69.24 1
9.12 68.88 1
9.13 69.61 1
9.14 68.8 1
9.15 68.88 1
9.16 69.61 1
9.17 69.16 1
9.18 69.01 1
9.19 70.01 1
9.2 68.84 1
9.21 69.21 1
9.22 70.01 1
9.23 69.32 1
9.24 69.25 1
9.25 69.88 1
9.26 69.18 1
9.27 69.09 1
9.28 70.5 1
9.29 69.18 1
9.3 68.8 1
9.31 70.37 1
9.32 69.51 1
9.33 68.42 1
9.34 70.39 1
9.35 69.07 1
9.36 68.87 1
9.37 69.94 1
9.38 67.8 1
9.39 69.5 1
9.4 69.86 1
9.41 68.54 1
9.42 68.96 1
9.43 70.11 1
9.44 67.97 1
9.45 69.32 1
9.46 70.2 1
9.47 68.71 1
9.48 68.28 1
9.49 69.62 1
9.5 89.06 1
9.51 86.72 1
9.52 85.49 1
9.53 88.9 1
9.54 87.76 1
9.55 86.03 1
9.56 88.88 1
9.57 87.72 1
9.58 84.73 1
9.59 89.36 1
9.6 88.29 1
9.61 84.08 1
9.62 88.71 1
9.63 125.5 1
9.64 104.88 1
9.65 106.58 1
9.66 104.88 1
9.67 103.81 1
9.68 96.39 1
9.69 95.69 1
9.7 94.65 1
9.71 98.98 1
9.72 95.79 1
9.73 96.34 1
9.74 97.33 1
9.75 98.28 1
9.76 98.99 1
9.77 100.39 1
9.78 102.68 1
9.79 105.63 1
9.8 108.74 1
9.81 109.84 1
9.82 110.66 1
9.83 123.71 1
9.84 125.36 1
9.85 130.28 1
9.86 133.03 1
9.87 133.43 1
9.88 137.94 1
9.89 137.12 1
9.9 135.76 1
9.91 137.17 1
9.92 135.72 1
9.93 134.78 1
9.94 134.22 1
9.95 133.52 1
9.96 133.79 1
9.97 133.59 1
9.98 134.12 1
9.99 133.33 1
10.0 132.44 1
10.01 128.62 1
10.02 126.53 1
10.03 123.31 1
10.04 119.7 1
10.05 113.51 1
10.06 109.56 1
10.07 105.66 1
10.08 103.89 1
10.09 101.97 1
10.1 102.61 1
10.11 104.38 1
10.12 102.68 1
10.13 104.3 1
10.14 106.12 1
10.15 108.22 1
10.16 112.07 1
10.17 115.0 1
10.18 123.01 1
10.19 124.42 1
10.2 127.28 1
10.21 137.18 1
10.22 134.21 1
10.23 137.48 1
10.24 137.6 1
10.25 139.69 1
10.26 140.25 1
10.27 140.86 1
10.28 141.29 1
10.29 140.18 1
10.3 138.68 1
10.31 140.67 1
10.32 138.96 1
10.33 137.17 1
10.34 139.37 1
10.35 140.01 1
10.36 139.82 1
10.37 140.35 1
10.38 140.98 1
10.39 141.52 1
10.4 142.09 1
10.41 141.95 1
10.42 141.12 1
10.43 141.49 1
10.44 140.7 1
10.45 139.85 1
10.46 139.32 1
10.47 137.77 1
10.48 136.75 1
10.49 137.27 1
10.5 135.9 1
10.51 133.7 1
10.52 133.29 1
10.53 133.32 1
10.54 135.43 1
10.55 135.64 1
10.56 138.38 1
10.57 140.72 1
10.58 142.42 1
10.59 144.58 1
10.6 149.59 1
10.61 159.07 1
10.62 150.22 1
10.63 149.53 1
10.64 150.15 1
10.65 150.15 1
10.66 150.57 1
10.67 151.0 1
10.68 151.72 1
10.69 152.39 1
10.7 152.61 1
10.71 152.32 1
10.72 152.85 1
10.73 153.22 1
10.74 153.59 1
10.75 153.64 1
10.76 153.86 1
10.77 153.79 1
10.78 153.4 1
10.79 154.38 1
10.8 154.49 1
10.81 154.62 1
10.82 154.78 1
10.83 154.09 1
10.84 153.81 1
10.85 152.88 1
10.86 152.71 1
10.87 153.04 1
10.88 153.42 1
10.89 154.2 1
10.9 154.18 1
10.91 154.87 1
10.92 154.12 1
10.93 154.25 1
10.94 154.82 1
10.95 153.76 1
10.96 153.32 1
10.97 153.22 1
10.98 153.06 1
10.99 153.53 1
11.0 153.74 1
11.01 154.08 1
11.02 154.37 1
11.03 154.49 1
11.04 154.58 1
11.05 155.48 1
11.06 155.22 1
11.07 155.98 1
11.08 156.03 1
11.09 156.24 1
11.1 156.66 1
11.11 157.08 1
11.12 157.37 1
11.13 157.22 1
11.14 157.36 1
11.15 156.78 1
11.16 157.08 1
11.17 157.11 1
11.18 156.71 1
11.19 156.12 1
11.2 156.12 1
11.21 156.34 1
11.22 156.11 1
11.23 156.36 1
11.24 156.91 1
11.25 157.01 1
11.26 156.83 1
11.27 156.55 1
11.28 155.56 1
11.29 155.78 1
11.3 155.38 1
11.31 155.99 1
11.32 157.0 1
11.33 157.22 1
11.34 157.79 1
11.35 158.36 1
11.36 158.35 1
11.37 157.75 1
11.38 156.72 1
11.39 156.63 1
11.4 156.12 1
11.41 157.08 1
11.42 158.92 1
11.43 160.82 1
11.44 163.12 1
11.45 166.15 1
11.46 169.29 1
11.47 172.25 1
11.48 174.18 1
11.49 173.88 1
11.5 171.51 1
11.51 168.04 1
11.52 163.77 1
11.53 158.42 1
11.54 156.83 1
11.55 153.41 1
11.56 152.91 1
11.57 152.36 1
11.58 152.33 1
11.59 152.57 1
11.6 153.47 1
11.61 154.12 1
11.62 154.77 1
11.63 154.68 1
11.64 154.0 1
11.65 153.63 1
11.66 153.41 1
11.67 153.49 1
11.68 153.06 1
11.69 153.22 1
11.7 153.72 1
11.71 154.32 1
11.72 154.76 1
11.73 154.92 1
11.74 155.56 1
11.75 155.96 1
11.76 155.88 1
11.77 155.61 1
11.78 155.17 1
11.79 154.51 1
11.8 154.08 1
11.81 154.75 1
11.82 153.43 1
11.83 150.78 1
11.84 154.65 1
11.85 153.58 1
11.86 155.2 1
11.87 154.16 1
11.88 150.01 1
11.89 148.87 1
11.9 142.5 1
11.91 138.4 1
11.92 137.0 1
11.93 132.44 1
11.94 131.9 1
11.95 132.68 1
11.96 133.14 1
11.97 137.04 1
11.98 143.86 1
11.99 132.63 1
12.0 138.18 1
12.01 137.77 1
12.02 136.44 1
12.03 137.9 1
12.04 138.98 1
12.05 137.11 1
12.06 137.19 1
12.07 138.67 1
12.08 137.19 1
12.09 137.26 1
12.1 137.83 1
12.11 137.35 1
12.12 137.77 1
12.13 137.61 1
12.14 137.17 1
12.15 138.12 1
12.16 137.74 1
12.17 137.15 1
12.18 138.64 1
12.19 138.53 1
12.2 135.75 1
12.21 137.94 1
12.22 69.66 1
12.23 68.43 1
12.24 69.79 1
12.25 68.85 1
12.26 68.85 1
12.27 69.39 1
12.28 68.76 1
12.29 69.52 1
12.3 69.3 1
12.31 68.85 1
12.32 69.57 1
12.33 69.61 1
12.34 68.76 1
12.35 69.71 1
12.36 69.23 1
12.37 69.21 1
12.38 69.44 1
12.39 91.4 1
12.4 197.31 1
12.41 175.28 1
12.42 170.98 1
12.43 169.43 1
12.44 166.04 1
12.45 164.16 1
12.46 162.14 1
12.47 160.11 1
12.48 157.08 1
12.49 155.32 1
12.5 154.04 1
12.51 153.03 1
12.52 153.03 1
12.53 152.85 1
12.54 153.6 1
12.55 154.0 1
12.56 155.24 1
12.57 156.29 1
12.58 158.03 1
12.59 160.26 1
12.6 163.35 1
12.61 165.6 1
12.62 169.59 1
12.63 168.63 1
12.64 168.71 1
12.65 167.05 1
12.66 165.4 1
12.67 162.5 1
12.68 159.59 1
12.69 156.24 1
12.7 153.44 1
12.71 151.23 1
12.72 151.33 1
12.73 151.39 1
12.74 152.47 1
12.75 153.08 1
12.76 155.11 1
12.77 157.52 1
12.78 159.81 1
12.79 161.62 1
12.8 162.28 1
12.81 162.49 1
12.82 162.19 1
12.83 161.13 1
12.84 157.66 1
12.85 155.19 1
12.86 152.45 1
12.87 150.93 1
12.88 150.99 1
12.89 150.43 1
12.9 151.55 1
12.91 151.09 1
12.92 150.18 1
12.93 149.75 1
12.94 147.87 1
12.95 145.22 1
12.96 139.82 1
12.97 136.97 1
12.98 136.32 1
12.99 138.96 1
13.0 143.49 1
13.01 149.74 1
13.02 157.79 1
13.03 164.63 1
13.04 172.34 1
13.05 180.76 1
13.06 179.5 1
13.07 180.84 1
13.08 182.85 1
13.09 182.42 1
13.1 183.99 1
13.11 183.04 1
13.12 183.67 1
13.13 184.46 1
13.14 184.49 1
13.15 184.77 1
13.16 185.57 1
13.17 184.99 1
13.18 184.27 1
13.19 183.52 1
13.2 183.07 1
13.21 182.49 1
13.22 181.75 1
13.23 179.75 1
13.24 178.01 1
13.25 175.92 1
13.26 173.7 1
13.27 169.7 1
13.28 168.38 1
13.29 170.6 1
13.3 178.66 1
13.31 181.97 1
13.32 193.05 1
13.33 197.31 1
13.34 202.73 1
13.35 206.52 1
13.36 208.64 1
13.37 210.79 1
13.38 211.45 1
13.39 212.24 1
13.4 213.63 1
13.41 214.59 1
13.42 214.2 1
13.43 213.96 1
13.44 213.28 1
13.45 213.21 1
13.46 212.55 1
13.47 211.15 1
13.48 210.5 1
13.49 209.43 1
13.5 208.91 1
13.51 207.53 1
13.52 206.56 1
13.53 206.27 1
13.54 203.7 1
13.55 203.64 1
13.56 203.7 1
13.57 203.32 1
13.58 204.12 1
13.59 203.7 1
13.6 204.42 1
13.61 204.64 1
13.62 203.71 1
13.63 162.39 1
13.64 195.57 1
13.65 191.32 1
13.66 196.88 1
13.67 200.97 1
13.68 203.82 1
13.69 203.52 1
13.7 207.33 1
13.71 205.29 1
13.72 205.6 1
13.73 207.54 1
13.74 207.87 1
13.75 207.29 1
13.76 207.49 1
13.77 207.53 1
13.78 207.31 1
13.79 206.57 1
13.8 206.57 1
13.81 206.57 1
13.82 207.55 1
13.83 210.08 1
13.84 212.67 1
13.85 215.67 1
13.86 224.75 1
13.87 224.35 1
13.88 235.21 1
13.89 253.09 1
13.9 263.03 1
13.91 271.99 1
13.92 275.06 1
13.93 277.96 1
13.94 280.69 1
13.95 283.06 1
13.96 283.5 1
13.97 283.49 1
13.98 280.71 1
13.99 276.1 1
14.0 273.36 1
14.01 268.08 1
14.02 261.74 1
14.03 255.48 1
14.04 248.53 1
14.05 244.31 1
14.06 237.62 1
14.07 233.02 1
14.08 229.13 1
14.09 225.61 1
