0.01 0.0 1
0.02 0.0 1
0.03 284.04 1
0.04 275.11 1
0.05 274.76 1
0.06 271.65 1
0.07 272.46 1
0.08 273.97 1
0.09 274.64 1
0.1 274.94 1
0.11 274.36 1
0.12 273.46 1
0.13 272.44 1
0.14 273.05 1
0.15 273.2 1
0.16 274.76 1
0.17 274.73 1
0.18 274.26 1
0.19 273.06 1
0.2 271.23 1
0.21 267.21 1
0.22 260.24 1
0.23 260.19 1
0.24 254.15 1
0.25 247.35 1
0.26 244.32 1
0.27 236.79 1
0.28 232.63 1
0.29 229.74 1
0.3 226.69 1
0.31 224.59 1
0.32 225.58 1
0.33 224.68 1
0.34 225.6 1
0.35 227.91 1
0.36 230.23 1
0.37 231.51 1
0.38 233.97 1
0.39 236.47 1
0.4 240.7 1
0.41 244.13 1
0.42 248.6 1
0.43 251.88 1
0.44 255.67 1
0.45 260.05 1
0.46 261.74 1
0.47 264.87 1
0.48 265.8 1
0.49 268.51 1
0.5 269.98 1
0.51 270.61 1
0.52 269.89 1
0.53 271.99 1
0.54 272.05 1
0.55 274.07 1
0.56 273.7 1
0.57 272.73 1
0.58 274.79 1
0.59 274.19 1
0.6 273.68 1
0.61 276.19 1
0.62 275.46 1
0.63 274.8 1
0.64 275.59 1
0.65 274.55 1
0.66 274.86 1
0.67 275.02 1
0.68 275.31 1
0.69 276.38 1
0.7 278.01 1
0.71 278.16 1
0.72 278.65 1
0.73 279.05 1
0.74 278.79 1
0.75 277.02 1
0.76 277.06 1
0.77 277.29 1
0.78 275.56 1
0.79 276.47 1
0.8 276.31 1
0.81 275.95 1
0.82 277.5 1
0.83 277.99 1
0.84 278.13 1
0.85 278.97 1
0.86 278.37 1
0.87 277.91 1
0.88 276.52 1
0.89 275.87 1
0.9 275.61 1
0.91 275.49 1
0.92 276.18 1
0.93 276.48 1
0.94 277.41 1
0.95 279.0 1
0.96 279.29 1
0.97 279.64 1
0.98 278.98 1
0.99 278.35 1
1.0 278.42 1
1.01 279.02 1
1.02 279.4 1
1.03 279.27 1
1.04 278.62 1
1.05 277.76 1
1.06 277.67 1
1.07 277.46 1
1.08 277.34 1
1.09 278.42 1
1.1 278.59 1
1.11 277.98 1
1.12 277.34 1
1.13 277.76 1
1.14 278.61 1
1.15 278.44 1
1.16 278.67 1
1.17 278.66 1
1.18 278.67 1
1.19 277.63 1
1.2 277.0 1
1.21 276.64 1
1.22 276.57 1
1.23 277.28 1
1.24 278.02 1
1.25 278.55 1
1.26 278.7 1
1.27 278.51 1
1.28 277.47 1
1.29 277.06 1
1.3 276.97 1
1.31 278.42 1
1.32 279.07 1
1.33 278.86 1
1.34 278.65 1
1.35 278.7 1
1.36 279.14 1
1.37 279.82 1
1.38 279.48 1
1.39 278.95 1
1.4 278.51 1
1.41 278.18 1
1.42 279.35 1
1.43 279.79 1
1.44 280.53 1
1.45 279.79 1
1.46 279.34 1
1.47 279.64 1
1.48 280.41 1
1.49 281.34 1
1.5 281.84 1
1.51 282.32 1
1.52 282.23 1
1.53 281.21 1
1.54 277.36 1
1.55 268.08 1
1.56 274.78 1
1.57 271.39 1
1.58 0.0 1
1.59 0.0 1
1.6 0.0 1
1.61 0.0 1
1.62 0.0 1
1.63 0.0 1
1.64 0.0 1
1.65 69.18 1
1.66 69.51 1
1.67 69.27 1
1.68 69.08 1
1.69 69.71 1
1.7 69.07 1
1.71 69.29 1
1.72 69.82 1
1.73 69.04 1
1.74 68.53 1
1.75 69.38 1
1.76 68.54 1
1.77 69.32 1
1.78 66.87 1
1.79 68.85 1
1.8 73.94 1
1.81 68.86 1
1.82 69.01 1
1.83 68.56 1
1.84 69.31 1
1.85 68.65 1
1.86 69.32 1
1.87 69.28 1
1.88 69.27 1
1.89 69.28 1
1.9 69.32 1
1.91 69.26 1
1.92 69.5 1
1.93 69.39 1
1.94 69.32 1
1.95 69.61 1
1.96 69.29 1
1.97 68.35 1
1.98 69.71 1
1.99 69.6 1
2.0 69.24 1
2.01 69.28 1
2.02 69.25 1
2.03 69.31 1
2.04 69.16 1
2.05 69.24 1
2.06 69.4 1
2.07 69.0 1
2.08 69.28 1
2.09 69.34 1
2.1 69.14 1
2.11 69.21 1
2.12 69.23 1
2.13 69.24 1
2.14 69.5 1
2.15 69.28 1
2.16 69.29 1
2.17 69.16 1
2.18 69.4 1
2.19 69.18 1
2.2 69.21 1
2.21 69.4 1
2.22 69.0 1
2.23 69.23 1
2.24 69.29 1
2.25 69.17 1
2.26 69.23 1
2.27 69.29 1
2.28 69.07 1
2.29 69.46 1
2.3 69.15 1
2.31 69.07 1
2.32 69.38 1
2.33 69.23 1
2.34 69.18 1
2.35 69.39 1
2.36 69.25 1
2.37 69.42 1
2.38 69.32 1
2.39 69.29 1
2.4 69.39 1
2.41 69.17 1
2.42 69.46 1
2.43 69.28 1
2.44 69.26 1
2.45 69.07 1
2.46 69.36 1
2.47 69.08 1
2.48 69.07 1
2.49 69.39 1
2.5 69.33 1
2.51 69.31 1
2.52 69.28 1
2.53 69.38 1
2.54 0.0 1
2.55 263.29 1
2.56 246.33 1
2.57 240.54 1
2.58 252.81 1
2.59 254.17 1
2.6 255.64 1
2.61 259.33 1
2.62 278.23 1
2.63 278.72 1
2.64 277.1 1
2.65 276.88 1
2.66 278.89 1
2.67 280.97 1
2.68 282.36 1
2.69 282.3 1
2.7 281.76 1
2.71 281.46 1
2.72 281.3 1
2.73 282.3 1
2.74 282.23 1
2.75 282.67 1
2.76 282.6 1
2.77 282.04 1
2.78 280.48 1
2.79 277.59 1
2.8 274.39 1
2.81 270.34 1
2.82 260.24 1
2.83 254.23 1
2.84 245.14 1
2.85 234.0 1
2.86 227.91 1
2.87 222.39 1
2.88 221.09 1
2.89 220.4 1
2.9 220.74 1
2.91 222.27 1
2.92 225.58 1
2.93 232.11 1
2.94 236.47 1
2.95 253.02 1
2.96 257.25 1
2.97 274.72 1
2.98 291.1 1
2.99 296.99 1
3.0 312.71 1
3.01 338.4 1
3.02 345.92 1
3.03 353.18 1
3.04 343.27 1
3.05 338.59 1
3.06 323.66 1
3.07 313.88 1
3.08 303.52 1
3.09 296.97 1
3.1 291.16 1
3.11 286.44 1
3.12 285.16 1
3.13 283.93 1
3.14 283.53 1
3.15 282.81 1
3.16 282.19 1
3.17 281.77 1
3.18 281.55 1
3.19 280.74 1
3.2 280.08 1
3.21 280.07 1
3.22 280.04 1
3.23 280.54 1
3.24 279.87 1
3.25 278.79 1
3.26 276.17 1
3.27 272.26 1
3.28 268.41 1
3.29 260.19 1
3.3 252.08 1
3.31 239.65 1
3.32 230.34 1
3.33 225.47 1
3.34 220.78 1
3.35 217.54 1
3.36 218.52 1
3.37 220.37 1
3.38 222.48 1
3.39 225.6 1
3.4 230.07 1
3.41 232.75 1
3.42 239.49 1
3.43 247.47 1
3.44 254.2 1
3.45 261.07 1
3.46 263.29 1
3.47 263.29 1
3.48 260.19 1
3.49 254.21 1
3.5 249.39 1
3.51 240.94 1
3.52 231.16 1
3.53 220.9 1
3.54 213.31 1
3.55 209.22 1
3.56 207.95 1
3.57 207.06 1
3.58 207.56 1
3.59 210.49 1
3.6 211.59 1
3.61 213.55 1
3.62 211.86 1
3.63 213.67 1
3.64 211.31 1
3.65 213.38 1
3.66 211.15 1
3.67 212.36 1
3.68 212.45 1
3.69 209.51 1
3.7 209.83 1
3.71 208.03 1
3.72 206.56 1
3.73 206.56 1
3.74 207.53 1
3.75 207.53 1
3.76 208.01 1
3.77 197.32 1
3.78 209.14 1
3.79 200.03 1
3.8 202.76 1
3.81 211.29 1
3.82 211.51 1
3.83 201.83 1
3.84 171.56 1
3.85 163.62 1
3.86 201.04 1
3.87 175.9 1
3.88 168.65 1
3.89 194.06 1
3.9 176.32 1
3.91 171.95 1
3.92 193.35 1
3.93 179.35 1
3.94 169.95 1
3.95 185.7 1
3.96 182.14 1
3.97 187.26 1
3.98 184.14 1
3.99 192.41 1
4.0 189.73 1
4.01 189.33 1
4.02 188.06 1
4.03 188.35 1
4.04 187.57 1
4.05 185.69 1
4.06 188.4 1
4.07 188.06 1
4.08 188.73 1
4.09 188.06 1
4.1 188.06 1
4.11 186.48 1
4.12 184.91 1
4.13 183.42 1
4.14 182.62 1
4.15 182.61 1
4.16 182.07 1
4.17 181.15 1
4.18 180.62 1
4.19 180.7 1
4.2 182.42 1
4.21 184.54 1
4.22 185.68 1
4.23 186.32 1
4.24 185.69 1
4.25 185.69 1
4.26 184.09 1
4.27 181.79 1
4.28 179.93 1
4.29 178.66 1
4.3 179.07 1
4.31 179.43 1
4.32 180.13 1
4.33 181.14 1
4.34 183.51 1
4.35 185.86 1
4.36 187.27 1
4.37 189.31 1
4.38 190.57 1
4.39 190.93 1
4.4 189.51 1
4.41 187.02 1
4.42 184.91 1
4.43 184.22 1
4.44 185.02 1
4.45 186.13 1
4.46 187.45 1
4.47 187.94 1
4.48 187.97 1
4.49 186.99 1
4.5 184.87 1
4.51 182.97 1
4.52 181.16 1
4.53 181.31 1
4.54 183.61 1
4.55 184.91 1
4.56 184.15 1
4.57 176.17 1
4.58 176.79 1
4.59 176.74 1
4.6 170.6 1
4.61 173.97 1
4.62 168.34 1
4.63 176.06 1
4.64 175.36 1
4.65 169.96 1
4.66 0.0 1
4.67 0.0 1
4.68 0.0 1
4.69 0.0 1
4.7 0.0 1
4.71 184.9 1
4.72 177.46 1
4.73 178.35 1
4.74 175.67 1
4.75 175.96 1
4.76 176.41 1
4.77 176.8 1
4.78 177.89 1
4.79 179.02 1
4.8 179.82 1
4.81 180.81 1
4.82 181.76 1
4.83 182.44 1
4.84 182.7 1
4.85 182.93 1
4.86 183.35 1
4.87 184.07 1
4.88 184.91 1
4.89 186.02 1
4.9 186.48 1
4.91 186.47 1
4.92 186.47 1
4.93 186.66 1
4.94 185.71 1
4.95 185.69 1
4.96 184.15 1
4.97 183.69 1
4.98 182.63 1
4.99 182.12 1
5.0 180.96 1
5.01 179.71 1
5.02 177.93 1
5.03 176.74 1
5.04 175.28 1
5.05 173.28 1
5.06 172.11 1
5.07 170.84 1
5.08 168.97 1
5.09 166.3 1
5.1 164.49 1
5.11 163.35 1
5.12 162.04 1
5.13 160.6 1
5.14 159.49 1
5.15 156.68 1
5.16 156.55 1
5.17 156.5 1
5.18 156.44 1
5.19 156.48 1
5.2 156.52 1
5.21 156.64 1
5.22 156.47 1
5.23 156.27 1
5.24 153.94 1
5.25 153.7 1
5.26 152.71 1
5.27 151.81 1
5.28 152.33 1
5.29 151.29 1
5.3 152.86 1
5.31 152.61 1
5.32 153.38 1
5.33 153.6 1
5.34 153.69 1
5.35 154.08 1
5.36 153.85 1
5.37 153.74 1
5.38 153.54 1
5.39 152.87 1
5.4 153.37 1
5.41 153.6 1
5.42 153.65 1
5.43 154.21 1
5.44 154.21 1
5.45 154.34 1
5.46 154.53 1
5.47 153.93 1
5.48 154.39 1
5.49 154.43 1
5.5 154.4 1
5.51 153.99 1
5.52 152.87 1
5.53 153.34 1
5.54 153.56 1
5.55 153.29 1
5.56 153.86 1
5.57 154.0 1
5.58 154.35 1
5.59 154.29 1
5.6 153.5 1
5.61 153.9 1
5.62 155.08 1
5.63 157.57 1
5.64 159.75 1
5.65 161.53 1
5.66 162.63 1
5.67 164.46 1
5.68 164.96 1
5.69 164.23 1
5.7 162.3 1
5.71 158.92 1
5.72 156.67 1
5.73 155.04 1
5.74 153.06 1
5.75 153.52 1
5.76 152.64 1
5.77 152.89 1
5.78 152.86 1
5.79 152.39 1
5.8 153.38 1
5.81 152.1 1
5.82 152.29 1
5.83 152.85 1
5.84 152.67 1
5.85 153.27 1
5.86 153.4 1
5.87 154.27 1
5.88 155.46 1
5.89 155.56 1
5.9 156.34 1
5.91 156.61 1
5.92 155.57 1
5.93 155.78 1
5.94 155.17 1
5.95 154.26 1
5.96 153.66 1
5.97 153.36 1
5.98 153.45 1
5.99 153.7 1
6.0 152.88 1
6.01 155.5 1
6.02 157.07 1
6.03 158.92 1
6.04 159.49 1
6.05 159.27 1
6.06 154.47 1
6.07 69.22 1
6.08 69.3 1
6.09 69.04 1
6.1 69.35 1
6.11 69.05 1
6.12 69.18 1
6.13 69.42 1
6.14 69.35 1
6.15 68.94 1
6.16 68.86 1
6.17 69.07 1
6.18 69.15 1
6.19 69.29 1
6.2 69.36 1
6.21 68.94 1
6.22 69.28 1
6.23 69.63 1
6.24 69.04 1
6.25 69.34 1
6.26 69.72 1
6.27 69.21 1
6.28 69.26 1
6.29 77.98 1
6.3 71.43 1
6.31 71.79 1
6.32 70.79 1
6.33 69.82 1
6.34 70.28 1
6.35 69.83 1
6.36 69.61 1
6.37 69.93 1
6.38 69.99 1
6.39 69.72 1
6.4 70.27 1
6.41 69.94 1
6.42 69.94 1
6.43 69.77 1
6.44 69.39 1
6.45 69.71 1
6.46 69.61 1
6.47 69.72 1
6.48 70.1 1
6.49 69.83 1
6.5 69.69 1
6.51 69.74 1
6.52 69.64 1
6.53 69.38 1
6.54 69.38 1
6.55 69.18 1
6.56 69.12 1
6.57 69.38 1
6.58 69.23 1
6.59 69.34 1
6.6 69.55 1
6.61 69.39 1
6.62 69.39 1
6.63 69.5 1
6.64 69.23 1
6.65 68.98 1
6.66 68.92 1
6.67 68.9 1
6.68 69.16 1
6.69 69.15 1
6.7 69.3 1
6.71 69.61 1
6.72 69.8 1
6.73 69.94 1
6.74 70.06 1
6.75 70.14 1
6.76 70.08 1
6.77 70.04 1
6.78 140.37 1
6.79 139.39 1
6.8 139.78 1
6.81 138.76 1
6.82 138.22 1
6.83 138.26 1
6.84 138.42 1
6.85 137.6 1
6.86 137.29 1
6.87 138.03 1
6.88 138.22 1
6.89 138.03 1
6.9 139.33 1
6.91 139.69 1
6.92 139.88 1
6.93 140.77 1
6.94 138.9 1
6.95 139.81 1
6.96 140.22 1
6.97 138.46 1
6.98 138.03 1
6.99 141.12 1
7.0 139.45 1
7.01 137.6 1
7.02 140.67 1
7.03 138.54 1
7.04 135.9 1
7.05 138.52 1
7.06 138.72 1
7.07 135.49 1
7.08 136.74 1
7.09 137.35 1
7.1 137.17 1
7.11 135.07 1
7.12 135.64 1
7.13 141.71 1
7.14 140.78 1
7.15 135.24 1
7.16 140.95 1
7.17 134.95 1
7.18 134.66 1
7.19 139.22 1
7.2 136.33 1
7.21 138.2 1
7.22 146.28 1
7.23 166.27 1
7.24 159.74 1
7.25 162.96 1
7.26 165.47 1
7.27 165.29 1
7.28 166.89 1
7.29 167.27 1
7.3 167.26 1
7.31 167.0 1
7.32 165.95 1
7.33 164.96 1
7.34 163.51 1
7.35 162.53 1
7.36 161.15 1
7.37 158.39 1
7.38 160.03 1
7.39 159.48 1
7.4 159.09 1
7.41 158.92 1
7.42 158.35 1
7.43 157.94 1
7.44 156.12 1
7.45 156.35 1
7.46 155.42 1
7.47 155.43 1
7.48 155.36 1
7.49 155.51 1
7.5 155.1 1
7.51 154.85 1
7.52 154.49 1
7.53 154.23 1
7.54 154.75 1
7.55 154.72 1
7.56 155.32 1
7.57 155.49 1
7.58 154.87 1
7.59 154.69 1
7.6 154.96 1
7.61 154.32 1
7.62 153.84 1
7.63 154.34 1
7.64 154.89 1
7.65 155.46 1
7.66 156.01 1
7.67 156.62 1
7.68 156.68 1
7.69 157.8 1
7.7 159.49 1
7.71 160.94 1
7.72 161.45 1
7.73 162.07 1
7.74 162.42 1
7.75 161.02 1
7.76 160.66 1
7.77 159.5 1
7.78 159.01 1
7.79 157.78 1
7.8 157.63 1
7.81 156.97 1
7.82 156.6 1
7.83 156.35 1
7.84 155.83 1
7.85 155.47 1
7.86 154.43 1
7.87 154.46 1
7.88 153.64 1
7.89 153.85 1
7.9 153.69 1
7.91 152.88 1
7.92 152.56 1
7.93 151.66 1
7.94 151.31 1
7.95 150.56 1
7.96 150.85 1
7.97 150.05 1
7.98 149.99 1
7.99 148.74 1
8.0 148.74 1
8.01 148.24 1
8.02 147.75 1
8.03 147.61 1
8.04 146.29 1
8.05 146.19 1
8.06 146.29 1
8.07 145.79 1
8.08 145.31 1
8.09 144.73 1
8.1 144.47 1
8.11 143.96 1
8.12 142.96 1
8.13 142.1 1
8.14 141.76 1
8.15 141.75 1
8.16 141.68 1
8.17 141.21 1
8.18 141.47 1
8.19 140.56 1
8.2 140.38 1
8.21 139.9 1
8.22 139.56 1
8.23 138.04 1
8.24 139.24 1
8.25 139.95 1
8.26 140.23 1
8.27 141.44 1
8.28 142.29 1
8.29 142.6 1
8.3 142.59 1
8.31 142.24 1
8.32 141.87 1
8.33 141.12 1
8.34 140.55 1
8.35 140.21 1
8.36 137.62 1
8.37 135.51 1
8.38 138.89 1
8.39 136.75 1
8.4 136.33 1
8.41 137.62 1
8.42 137.17 1
8.43 138.46 1
8.44 138.89 1
8.45 139.34 1
8.46 138.88 1
8.47 138.75 1
8.48 138.31 1
8.49 137.6 1
8.5 138.55 1
8.51 138.19 1
8.52 138.47 1
8.53 138.84 1
8.54 138.59 1
8.55 136.33 1
8.56 138.4 1
8.57 139.18 1
8.58 136.76 1
8.59 139.09 1
8.6 140.22 1
8.61 138.98 1
8.62 138.81 1
8.63 139.77 1
8.64 138.51 1
8.65 138.47 1
8.66 139.69 1
8.67 140.22 1
8.68 140.93 1
8.69 139.8 1
8.7 141.3 1
8.71 142.02 1
8.72 142.14 1
8.73 142.15 1
8.74 141.67 1
8.75 141.47 1
8.76 141.57 1
8.77 141.63 1
8.78 142.02 1
8.79 141.39 1
8.8 142.01 1
8.81 140.23 1
8.82 139.87 1
8.83 141.1 1
8.84 139.35 1
8.85 138.48 1
8.86 139.76 1
8.87 139.78 1
8.88 137.62 1
8.89 139.24 1
8.9 139.12 1
8.91 137.62 1
8.92 138.53 1
8.93 139.22 1
8.94 136.76 1
8.95 135.5 1
8.96 144.81 1
8.97 69.32 1
8.98 69.44 1
8.99 69.33 1
9.0 68.43 1
9.01 68.86 1
9.02 65.77 1
9.03 68.69 1
9.04 68.98 1
9.05 69.74 1
9.06 70.39 1
9.07 70.18 1
9.08 70.11 1
9.09 70.12 1
9.1 69.95 1
9.11 69.94 1
9.12 70.31 1
9.13 70.95 1
9.14 70.28 1
9.15 70.06 1
9.16 69.59 1
9.17 69.11 1
9.18 68.73 1
9.19 68.21 1
9.2 67.78 1
9.21 67.58 1
9.22 68.21 1
9.23 69.73 1
9.24 70.39 1
9.25 69.29 1
9.26 69.07 1
9.27 69.39 1
9.28 69.18 1
9.29 69.24 1
9.3 69.54 1
9.31 69.17 1
9.32 69.29 1
9.33 69.71 1
9.34 68.9 1
9.35 69.29 1
9.36 69.64 1
9.37 68.94 1
9.38 69.34 1
9.39 69.5 1
9.4 69.27 1
9.41 69.59 1
9.42 69.18 1
9.43 69.5 1
9.44 69.52 1
9.45 69.39 1
9.46 69.23 1
9.47 69.07 1
9.48 69.18 1
9.49 69.01 1
9.5 69.24 1
9.51 69.5 1
9.52 68.94 1
9.53 69.83 1
9.54 69.28 1
9.55 69.02 1
9.56 69.21 1
9.57 69.83 1
9.58 69.2 1
9.59 69.61 1
9.6 69.66 1
9.61 69.44 1
9.62 69.5 1
9.63 69.18 1
9.64 69.2 1
9.65 69.83 1
9.66 68.99 1
9.67 68.28 1
9.68 69.99 1
9.69 68.92 1
9.7 70.39 1
9.71 69.05 1
9.72 69.21 1
9.73 69.7 1
9.74 69.02 1
9.75 69.39 1
9.76 69.82 1
9.77 68.96 1
9.78 68.87 1
9.79 69.56 1
9.8 68.99 1
9.81 69.19 1
9.82 69.98 1
9.83 69.29 1
9.84 69.55 1
9.85 69.14 1
9.86 69.16 1
9.87 69.79 1
9.88 69.15 1
9.89 69.18 1
9.9 69.38 1
9.91 64.72 1
9.92 55.94 1
9.93 65.09 1
9.94 136.32 1
9.95 131.98 1
9.96 123.85 1
9.97 120.25 1
9.98 117.72 1
9.99 117.69 1
10.0 116.23 1
10.01 115.65 1
10.02 114.26 1
10.03 112.73 1
10.04 111.57 1
10.05 110.88 1
10.06 110.75 1
10.07 108.68 1
10.08 108.63 1
10.09 112.64 1
10.1 115.14 1
10.11 116.52 1
10.12 121.99 1
10.13 126.1 1
10.14 137.6 1
10.15 134.14 1
10.16 139.08 1
10.17 140.05 1
10.18 143.01 1
10.19 143.41 1
10.2 143.49 1
10.21 142.32 1
10.22 140.77 1
10.23 139.0 1
10.24 137.17 1
10.25 137.17 1
10.26 136.32 1
10.27 135.81 1
10.28 133.69 1
10.29 130.57 1
10.3 128.76 1
10.31 124.4 1
10.32 121.26 1
10.33 117.76 1
10.34 115.17 1
10.35 114.69 1
10.36 112.93 1
10.37 111.02 1
10.38 109.27 1
10.39 109.29 1
10.4 109.36 1
10.41 109.46 1
10.42 109.81 1
10.43 111.62 1
10.44 112.94 1
10.45 113.94 1
10.46 117.44 1
10.47 123.72 1
10.48 127.23 1
10.49 132.63 1
10.5 132.63 1
10.51 138.08 1
10.52 138.03 1
10.53 140.19 1
10.54 141.15 1
10.55 141.33 1
10.56 140.44 1
10.57 140.56 1
10.58 138.67 1
10.59 137.91 1
10.6 136.93 1
10.61 136.32 1
10.62 135.56 1
10.63 135.48 1
10.64 136.17 1
10.65 135.9 1
10.66 136.61 1
10.67 135.9 1
10.68 137.06 1
10.69 137.7 1
10.7 138.03 1
10.71 138.9 1
10.72 139.28 1
10.73 138.82 1
10.74 138.76 1
10.75 138.32 1
10.76 138.5 1
10.77 138.21 1
10.78 137.87 1
10.79 137.54 1
10.8 137.68 1
10.81 136.75 1
10.82 136.0 1
10.83 135.73 1
10.84 134.52 1
10.85 132.76 1
10.86 133.24 1
10.87 135.65 1
10.88 136.75 1
10.89 139.19 1
10.9 144.82 1
10.91 149.24 1
10.92 152.64 1
10.93 156.11 1
10.94 154.38 1
10.95 154.36 1
10.96 153.71 1
10.97 154.14 1
10.98 154.18 1
10.99 154.52 1
11.0 154.51 1
11.01 154.87 1
11.02 154.45 1
11.03 154.33 1
11.04 154.11 1
11.05 153.95 1
11.06 154.38 1
11.07 154.95 1
11.08 155.47 1
11.09 155.51 1
11.1 155.61 1
11.11 155.18 1
11.12 154.81 1
11.13 154.83 1
11.14 154.98 1
11.15 155.33 1
11.16 155.99 1
11.17 157.03 1
11.18 158.09 1
11.19 157.98 1
11.2 157.54 1
11.21 156.62 1
11.22 156.62 1
11.23 156.45 1
11.24 156.52 1
11.25 156.88 1
11.26 157.22 1
11.27 157.49 1
11.28 157.22 1
11.29 157.14 1
11.3 157.06 1
11.31 156.66 1
11.32 156.61 1
11.33 157.0 1
11.34 157.23 1
11.35 157.22 1
11.36 157.27 1
11.37 157.67 1
11.38 157.59 1
11.39 157.9 1
11.4 157.78 1
11.41 158.14 1
11.42 157.74 1
11.43 157.94 1
11.44 157.22 1
11.45 157.24 1
11.46 156.57 1
11.47 156.32 1
11.48 156.31 1
11.49 157.22 1
11.5 157.55 1
11.51 157.68 1
11.52 157.21 1
11.53 156.66 1
11.54 156.89 1
11.55 156.5 1
11.56 156.1 1
11.57 156.15 1
11.58 156.75 1
11.59 157.04 1
11.6 157.17 1
11.61 157.22 1
11.62 157.2 1
11.63 157.22 1
11.64 156.83 1
11.65 156.41 1
11.66 156.41 1
11.67 155.98 1
11.68 155.96 1
11.69 155.02 1
11.7 155.57 1
11.71 155.46 1
11.72 155.56 1
11.73 155.28 1
11.74 156.16 1
11.75 156.81 1
11.76 158.55 1
11.77 159.5 1
11.78 162.47 1
11.79 164.86 1
11.8 167.67 1
11.81 169.95 1
11.82 171.08 1
11.83 170.6 1
11.84 168.65 1
11.85 166.96 1
11.86 165.34 1
11.87 163.03 1
11.88 160.81 1
11.89 159.08 1
11.9 158.09 1
11.91 157.91 1
11.92 157.44 1
11.93 157.17 1
11.94 157.22 1
11.95 157.2 1
11.96 157.33 1
11.97 156.85 1
11.98 156.74 1
11.99 156.75 1
12.0 156.25 1
12.01 156.18 1
12.02 155.33 1
12.03 155.13 1
12.04 155.47 1
12.05 155.79 1
12.06 155.22 1
12.07 155.5 1
12.08 156.18 1
12.09 156.59 1
12.1 157.0 1
12.11 157.91 1
12.12 158.35 1
12.13 158.86 1
12.14 158.35 1
12.15 159.49 1
12.16 158.35 1
12.17 159.17 1
12.18 161.37 1
12.19 160.06 1
12.2 155.48 1
12.21 155.26 1
12.22 151.02 1
12.23 153.32 1
12.24 147.3 1
12.25 145.99 1
12.26 139.56 1
12.27 136.37 1
12.28 135.52 1
12.29 135.05 1
12.3 138.37 1
12.31 149.44 1
12.32 134.16 1
12.33 136.07 1
12.34 138.62 1
12.35 138.07 1
12.36 139.16 1
12.37 140.77 1
12.38 140.23 1
12.39 139.91 1
12.4 140.92 1
12.41 140.27 1
12.42 138.12 1
12.43 139.6 1
12.44 140.32 1
12.45 138.49 1
12.46 138.18 1
12.47 140.18 1
12.48 138.4 1
12.49 138.06 1
12.5 139.26 1
12.51 138.62 1
12.52 136.86 1
12.53 137.47 1
12.54 135.94 1
12.55 132.95 1
12.56 126.91 1
12.57 140.84 1
12.58 131.06 1
12.59 133.84 1
12.6 142.03 1
12.61 139.4 1
12.62 174.73 1
12.63 175.96 1
12.64 171.93 1
12.65 166.73 1
12.66 172.61 1
12.67 175.46 1
12.68 169.84 1
12.69 172.88 1
12.7 175.59 1
12.71 172.61 1
12.72 175.08 1
12.73 204.64 1
12.74 193.9 1
12.75 180.82 1
12.76 175.69 1
12.77 171.0 1
12.78 167.11 1
12.79 163.12 1
12.8 161.13 1
12.81 158.35 1
12.82 157.01 1
12.83 157.14 1
12.84 156.66 1
12.85 156.91 1
12.86 157.03 1
12.87 157.67 1
12.88 158.35 1
12.89 159.75 1
12.9 161.25 1
12.91 163.05 1
12.92 165.06 1
12.93 166.8 1
12.94 168.91 1
12.95 170.09 1
12.96 169.84 1
12.97 170.04 1
12.98 168.66 1
12.99 167.01 1
13.0 165.69 1
13.01 162.89 1
13.02 160.84 1
13.03 157.82 1
13.04 155.19 1
13.05 154.11 1
13.06 152.27 1
13.07 153.56 1
13.08 154.94 1
13.09 157.22 1
13.1 159.93 1
13.11 162.57 1
13.12 165.87 1
13.13 169.8 1
13.14 169.79 1
13.15 169.29 1
13.16 167.99 1
13.17 166.33 1
13.18 163.97 1
13.19 161.72 1
13.2 158.5 1
13.21 155.5 1
13.22 154.9 1
13.23 153.46 1
13.24 153.72 1
13.25 154.49 1
13.26 154.55 1
13.27 154.26 1
13.28 153.33 1
13.29 152.67 1
13.3 151.62 1
13.31 150.35 1
13.32 149.57 1
13.33 147.88 1
13.34 147.23 1
13.35 148.46 1
13.36 154.28 1
13.37 158.35 1
13.38 163.56 1
13.39 170.6 1
13.4 182.47 1
13.41 189.91 1
13.42 193.78 1
13.43 196.81 1
13.44 197.95 1
13.45 198.74 1
13.46 198.34 1
13.47 197.22 1
13.48 196.36 1
13.49 196.34 1
13.5 196.37 1
13.51 195.07 1
13.52 193.72 1
13.53 192.37 1
13.54 190.78 1
13.55 189.41 1
13.56 187.45 1
13.57 185.65 1
13.58 183.18 1
13.59 182.13 1
13.6 180.16 1
13.61 177.55 1
13.62 174.85 1
13.63 173.35 1
13.64 171.93 1
13.65 173.97 1
13.66 178.18 1
13.67 188.84 1
13.68 190.62 1
13.69 198.2 1
13.7 199.2 1
13.71 208.05 1
13.72 209.25 1
13.73 210.95 1
13.74 212.07 1
13.75 213.22 1
13.76 214.06 1
13.77 214.15 1
13.78 214.46 1
13.79 213.52 1
13.8 213.5 1
13.81 213.56 1
13.82 212.35 1
13.83 211.26 1
13.84 211.06 1
13.85 211.14 1
13.86 211.79 1
13.87 211.02 1
13.88 210.91 1
13.89 211.21 1
13.9 210.5 1
13.91 212.32 1
13.92 211.93 1
13.93 212.53 1
13.94 212.14 1
13.95 210.96 1
13.96 211.57 1
13.97 210.67 1
13.98 210.45 1
13.99 209.5 1
14.0 208.91 1
14.01 209.5 1
14.02 208.52 1
14.03 207.1 1
14.04 206.56 1
14.05 174.67 1
14.06 196.44 1
14.07 197.61 1
14.08 199.98 1
14.09 199.4 1
14.1 197.54 1
14.11 209.83 1
14.12 210.68 1
14.13 210.26 1
14.14 210.49 1
14.15 212.26 1
14.16 213.5 1
14.17 213.82 1
14.18 214.27 1
14.19 214.56 1
14.2 214.59 1
14.21 213.56 1
14.22 213.59 1
14.23 212.69 1
14.24 212.09 1
14.25 211.36 1
14.26 210.77 1
14.27 210.49 1
14.28 210.14 1
14.29 210.39 1
14.3 209.92 1
14.31 209.78 1
14.32 209.94 1
14.33 209.08 1
14.34 209.18 1
14.35 209.5 1
14.36 211.12 1
14.37 213.15 1
14.38 216.31 1
14.39 221.79 1
14.4 224.65 1
14.41 226.76 1
14.42 233.29 1
14.43 235.23 1
14.44 240.95 1
14.45 242.4 1
14.46 241.33 1
