0.01 0.0 1
0.02 0.0 1
0.03 0.0 1
0.04 0.0 1
0.05 0.0 1
0.06 0.0 1
0.07 0.0 1
0.08 0.0 1
0.09 221.06 1
0.1 222.68 1
0.11 214.6 1
0.12 205.81 1
0.13 205.55 1
0.14 205.4 1
0.15 204.09 1
0.16 203.71 1
0.17 203.52 1
0.18 203.76 1
0.19 204.04 1
0.2 204.76 1
0.21 205.22 1
0.22 205.6 1
0.23 206.56 1
0.24 207.22 1
0.25 207.2 1
0.26 206.57 1
0.27 206.56 1
0.28 206.96 1
0.29 206.57 1
0.3 206.57 1
0.31 207.42 1
0.32 206.57 1
0.33 206.38 1
0.34 205.6 1
0.35 205.6 1
0.36 204.66 1
0.37 204.66 1
0.38 204.66 1
0.39 204.64 1
0.4 203.36 1
0.41 201.2 1
0.42 198.37 1
0.43 194.45 1
0.44 188.97 1
0.45 181.39 1
0.46 173.97 1
0.47 170.78 1
0.48 169.45 1
0.49 169.29 1
0.5 170.96 1
0.51 172.92 1
0.52 176.05 1
0.53 180.34 1
0.54 182.74 1
0.55 184.82 1
0.56 186.61 1
0.57 187.92 1
0.58 188.93 1
0.59 188.27 1
0.6 187.03 1
0.61 184.27 1
0.62 182.68 1
0.63 181.14 1
0.64 179.63 1
0.65 178.95 1
0.66 178.37 1
0.67 178.84 1
0.68 179.3 1
0.69 180.2 1
0.7 181.74 1
0.71 183.57 1
0.72 184.91 1
0.73 186.48 1
0.74 188.47 1
0.75 189.97 1
0.76 190.25 1
0.77 189.68 1
0.78 189.48 1
0.79 187.63 1
0.8 186.4 1
0.81 184.14 1
0.82 182.92 1
0.83 181.38 1
0.84 180.69 1
0.85 179.31 1
0.86 178.64 1
0.87 178.35 1
0.88 178.23 1
0.89 178.36 1
0.9 178.69 1
0.91 179.46 1
0.92 179.62 1
0.93 181.06 1
0.94 182.67 1
0.95 184.85 1
0.96 186.87 1
0.97 187.28 1
0.98 189.29 1
0.99 190.39 1
1.0 191.15 1
1.01 191.43 1
1.02 191.19 1
1.03 189.34 1
1.04 187.87 1
1.05 185.97 1
1.06 183.77 1
1.07 181.58 1
1.08 179.6 1
1.09 178.32 1
1.1 177.44 1
1.11 175.36 1
1.12 175.58 1
1.13 175.36 1
1.14 176.03 1
1.15 176.47 1
1.16 171.3 1
1.17 168.66 1
1.18 169.29 1
1.19 172.61 1
1.2 173.29 1
1.21 176.71 1
1.22 179.09 1
1.23 181.04 1
1.24 184.57 1
1.25 187.08 1
1.26 190.49 1
1.27 193.0 1
1.28 196.43 1
1.29 201.06 1
1.3 195.53 1
1.31 195.56 1
1.32 194.89 1
1.33 192.99 1
1.34 187.48 1
1.35 184.38 1
1.36 180.67 1
1.37 178.72 1
1.38 177.0 1
1.39 176.71 1
1.4 176.64 1
1.41 178.17 1
1.42 179.45 1
1.43 181.09 1
1.44 183.4 1
1.45 185.7 1
1.46 188.87 1
1.47 190.69 1
1.48 191.95 1
1.49 192.11 1
1.5 190.96 1
1.51 189.41 1
1.52 186.47 1
1.53 184.01 1
1.54 181.39 1
1.55 179.43 1
1.56 177.62 1
1.57 176.74 1
1.58 176.3 1
1.59 176.74 1
1.6 177.16 1
1.61 178.1 1
1.62 180.7 1
1.63 184.1 1
1.64 190.32 1
1.65 195.17 1
1.66 202.77 1
1.67 212.2 1
1.68 219.95 1
1.69 227.19 1
1.7 231.51 1
1.71 236.49 1
1.72 239.26 1
1.73 241.11 1
1.74 240.78 1
1.75 239.67 1
1.76 238.35 1
1.77 237.2 1
1.78 236.87 1
1.79 237.5 1
1.8 238.7 1
1.81 240.51 1
1.82 242.37 1
1.83 243.11 1
1.84 243.63 1
1.85 241.9 1
1.86 238.78 1
1.87 235.21 1
1.88 231.52 1
1.89 229.09 1
1.9 227.54 1
1.91 224.96 1
1.92 222.55 1
1.93 220.38 1
1.94 218.84 1
1.95 216.82 1
1.96 215.64 1
1.97 214.59 1
1.98 213.09 1
1.99 211.74 1
2.0 210.12 1
2.01 208.51 1
2.02 207.32 1
2.03 204.65 1
2.04 204.55 1
2.05 203.19 1
2.06 202.46 1
2.07 202.19 1
2.08 201.77 1
2.09 201.57 1
2.1 201.64 1
2.11 201.53 1
2.12 201.36 1
2.13 201.23 1
2.14 201.44 1
2.15 202.26 1
2.16 202.74 1
2.17 202.86 1
2.18 203.69 1
2.19 204.47 1
2.2 205.2 1
2.21 205.73 1
2.22 205.41 1
2.23 204.98 1
2.24 205.24 1
2.25 205.16 1
2.26 205.45 1
2.27 205.84 1
2.28 205.4 1
2.29 204.64 1
2.3 204.03 1
2.31 203.51 1
2.32 203.7 1
2.33 203.7 1
2.34 204.13 1
2.35 203.7 1
2.36 204.23 1
2.37 204.36 1
2.38 203.7 1
2.39 203.71 1
2.4 204.64 1
2.41 205.6 1
2.42 205.6 1
2.43 206.57 1
2.44 207.54 1
2.45 209.36 1
2.46 209.42 1
2.47 208.53 1
2.48 209.52 1
2.49 207.54 1
2.5 206.56 1
2.51 204.77 1
2.52 201.43 1
2.53 202.51 1
2.54 201.38 1
2.55 203.1 1
2.56 204.54 1
2.57 209.1 1
2.58 212.77 1
2.59 215.72 1
2.6 218.87 1
2.61 219.9 1
2.62 227.97 1
2.63 236.46 1
2.64 238.91 1
2.65 249.69 1
2.66 258.65 1
2.67 252.3 1
2.68 252.71 1
2.69 253.33 1
2.7 249.21 1
2.71 247.41 1
2.72 247.78 1
2.73 246.28 1
2.74 247.26 1
2.75 244.1 1
2.76 241.27 1
2.77 240.86 1
2.78 237.44 1
2.79 234.32 1
2.8 232.18 1
2.81 228.66 1
2.82 225.26 1
2.83 221.37 1
2.84 218.36 1
2.85 213.32 1
2.86 207.98 1
2.87 204.27 1
2.88 200.72 1
2.89 197.71 1
2.9 194.29 1
2.91 192.82 1
2.92 191.57 1
2.93 188.62 1
2.94 189.03 1
2.95 186.17 1
2.96 186.1 1
2.97 182.49 1
2.98 181.35 1
2.99 179.87 1
3.0 180.84 1
3.01 180.81 1
3.02 183.07 1
3.03 182.0 1
3.04 183.09 1
3.05 181.48 1
3.06 181.8 1
3.07 179.68 1
3.08 181.86 1
3.09 180.29 1
3.1 181.15 1
3.11 179.89 1
3.12 179.98 1
3.13 183.18 1
3.14 187.37 1
3.15 188.42 1
3.16 192.43 1
3.17 198.23 1
3.18 199.4 1
3.19 204.09 1
3.2 205.94 1
3.21 205.29 1
3.22 208.53 1
3.23 205.6 1
3.24 204.86 1
3.25 206.46 1
3.26 205.34 1
3.27 203.7 1
3.28 206.93 1
3.29 206.71 1
3.3 206.65 1
3.31 208.51 1
3.32 209.29 1
3.33 205.89 1
3.34 204.25 1
3.35 201.42 1
3.36 206.44 1
3.37 191.32 1
3.38 181.35 1
3.39 184.47 1
3.4 0.0 1
3.41 0.0 1
3.42 0.0 1
3.43 0.0 1
3.44 0.0 1
3.45 0.0 1
3.46 0.0 1
3.47 0.0 1
3.48 0.0 1
3.49 0.0 1
3.5 240.31 1
3.51 214.03 1
3.52 203.48 1
3.53 203.22 1
3.54 202.76 1
3.55 203.76 1
3.56 202.76 1
3.57 204.31 1
3.58 203.62 1
3.59 203.62 1
3.6 203.09 1
3.61 203.48 1
3.62 203.87 1
3.63 203.24 1
3.64 203.28 1
3.65 203.45 1
3.66 203.41 1
3.67 202.76 1
3.68 202.42 1
3.69 201.5 1
3.7 200.72 1
3.71 199.45 1
3.72 198.59 1
3.73 196.49 1
3.74 194.92 1
3.75 193.52 1
3.76 192.15 1
3.77 190.84 1
3.78 189.2 1
3.79 188.3 1
3.8 186.85 1
3.81 184.25 1
3.82 182.25 1
3.83 179.21 1
3.84 176.96 1
3.85 175.01 1
3.86 173.9 1
3.87 173.62 1
3.88 170.61 1
3.89 170.57 1
3.9 167.89 1
3.91 166.81 1
3.92 164.87 1
3.93 163.83 1
3.94 163.66 1
3.95 162.7 1
3.96 162.0 1
3.97 161.18 1
3.98 159.68 1
3.99 157.78 1
4.0 156.78 1
4.01 155.7 1
4.02 155.21 1
4.03 154.58 1
4.04 154.44 1
4.05 154.22 1
4.06 154.39 1
4.07 154.55 1
4.08 153.88 1
4.09 154.06 1
4.1 153.03 1
4.11 153.29 1
4.12 153.43 1
4.13 153.73 1
4.14 154.19 1
4.15 154.99 1
4.16 156.41 1
4.17 156.28 1
4.18 156.51 1
4.19 155.74 1
4.2 156.0 1
4.21 155.77 1
4.22 155.73 1
4.23 155.32 1
4.24 155.49 1
4.25 155.36 1
4.26 155.69 1
4.27 155.4 1
4.28 154.84 1
4.29 153.9 1
4.3 153.02 1
4.31 153.53 1
4.32 153.91 1
4.33 154.24 1
4.34 154.38 1
4.35 154.45 1
4.36 154.13 1
4.37 153.77 1
4.38 152.84 1
4.39 152.39 1
4.4 152.7 1
4.41 152.69 1
4.42 153.45 1
4.43 153.88 1
4.44 154.95 1
4.45 155.48 1
4.46 155.21 1
4.47 154.83 1
4.48 154.64 1
4.49 153.7 1
4.5 153.6 1
4.51 152.4 1
4.52 151.78 1
4.53 151.54 1
4.54 149.97 1
4.55 150.51 1
4.56 149.97 1
4.57 149.54 1
4.58 150.21 1
4.59 150.57 1
4.6 151.4 1
4.61 153.15 1
4.62 153.62 1
4.63 156.11 1
4.64 157.55 1
4.65 160.07 1
4.66 161.74 1
4.67 162.71 1
4.68 163.82 1
4.69 163.66 1
4.7 161.54 1
4.71 160.08 1
4.72 160.21 1
4.73 156.66 1
4.74 154.88 1
4.75 151.76 1
4.76 150.36 1
4.77 149.34 1
4.78 148.24 1
4.79 148.73 1
4.8 149.74 1
4.81 151.28 1
4.82 151.81 1
4.83 154.88 1
4.84 156.78 1
4.85 157.0 1
4.86 155.27 1
4.87 154.91 1
4.88 154.88 1
4.89 154.44 1
4.9 154.38 1
4.91 154.66 1
4.92 154.39 1
4.93 154.33 1
4.94 153.54 1
4.95 152.26 1
4.96 147.25 1
4.97 68.94 1
4.98 68.77 1
4.99 69.4 1
5.0 68.97 1
5.01 69.32 1
5.02 69.24 1
5.03 69.13 1
5.04 69.32 1
5.05 69.4 1
5.06 69.1 1
5.07 69.62 1
5.08 69.4 1
5.09 0.0 1
5.1 0.0 1
5.11 0.0 1
5.12 0.0 1
5.13 0.0 1
5.14 0.0 1
5.15 0.0 1
5.16 0.0 1
5.17 0.0 1
5.18 0.0 1
5.19 0.0 1
5.2 69.15 1
5.21 69.15 1
5.22 69.43 1
5.23 69.16 1
5.24 69.26 1
5.25 69.6 1
5.26 69.04 1
5.27 69.37 1
5.28 69.24 1
5.29 69.16 1
5.3 69.44 1
5.31 69.17 1
5.32 69.27 1
5.33 69.26 1
5.34 69.23 1
5.35 69.4 1
5.36 68.75 1
5.37 112.59 1
5.38 105.12 1
5.39 101.96 1
5.4 100.81 1
5.41 101.49 1
5.42 99.85 1
5.43 99.42 1
5.44 99.45 1
5.45 100.58 1
5.46 101.05 1
5.47 102.67 1
5.48 104.44 1
5.49 106.43 1
5.5 110.13 1
5.51 111.89 1
5.52 113.82 1
5.53 117.13 1
5.54 123.03 1
5.55 126.57 1
5.56 131.83 1
5.57 134.9 1
5.58 137.86 1
5.59 138.87 1
5.6 138.73 1
5.61 137.97 1
5.62 136.59 1
5.63 133.03 1
5.64 129.53 1
5.65 127.67 1
5.66 126.55 1
5.67 126.37 1
5.68 126.2 1
5.69 124.31 1
5.7 122.76 1
5.71 121.01 1
5.72 118.64 1
5.73 115.7 1
5.74 113.59 1
5.75 111.75 1
5.76 109.49 1
5.77 109.31 1
5.78 108.23 1
5.79 109.39 1
5.8 109.51 1
5.81 110.01 1
5.82 109.84 1
5.83 109.67 1
5.84 110.65 1
5.85 110.95 1
5.86 113.52 1
5.87 116.43 1
5.88 119.63 1
5.89 122.81 1
5.9 125.44 1
5.91 129.9 1
5.92 133.49 1
5.93 134.67 1
5.94 137.18 1
5.95 139.32 1
5.96 139.11 1
5.97 139.34 1
5.98 140.38 1
5.99 139.42 1
6.0 138.03 1
6.01 138.44 1
6.02 138.02 1
6.03 135.5 1
6.04 136.34 1
6.05 137.03 1
6.06 135.92 1
6.07 136.33 1
6.08 136.55 1
6.09 135.9 1
6.1 135.8 1
6.11 135.49 1
6.12 136.75 1
6.13 138.03 1
6.14 137.19 1
6.15 134.67 1
6.16 134.87 1
6.17 133.04 1
6.18 134.47 1
6.19 132.24 1
6.2 137.77 1
6.21 137.6 1
6.22 138.9 1
6.23 140.67 1
6.24 141.21 1
6.25 142.86 1
6.26 144.73 1
6.27 146.33 1
6.28 147.68 1
6.29 148.9 1
6.3 150.33 1
6.31 150.75 1
6.32 152.25 1
6.33 153.63 1
6.34 154.39 1
6.35 156.19 1
6.36 156.99 1
6.37 157.37 1
6.38 158.1 1
6.39 157.22 1
6.4 157.92 1
6.41 157.14 1
6.42 158.43 1
6.43 157.53 1
6.44 157.41 1
6.45 157.38 1
6.46 157.44 1
6.47 156.94 1
6.48 157.22 1
6.49 157.18 1
6.5 157.22 1
6.51 157.48 1
6.52 157.78 1
6.53 158.63 1
6.54 158.03 1
6.55 157.06 1
6.56 156.22 1
6.57 155.56 1
6.58 155.7 1
6.59 154.91 1
6.6 155.75 1
6.61 155.01 1
6.62 155.79 1
6.63 155.29 1
6.64 155.53 1
6.65 154.58 1
6.66 155.13 1
6.67 154.63 1
6.68 154.83 1
6.69 154.97 1
6.7 155.54 1
6.71 155.59 1
6.72 155.93 1
6.73 156.32 1
6.74 156.22 1
6.75 156.97 1
6.76 157.08 1
6.77 157.7 1
6.78 157.1 1
6.79 157.35 1
6.8 157.02 1
6.81 156.63 1
6.82 157.0 1
6.83 156.15 1
6.84 156.97 1
6.85 155.47 1
6.86 156.14 1
6.87 155.43 1
6.88 155.71 1
6.89 155.89 1
6.9 156.88 1
6.91 156.82 1
6.92 157.53 1
6.93 157.1 1
6.94 157.57 1
6.95 158.35 1
6.96 159.79 1
6.97 160.58 1
6.98 161.55 1
6.99 162.58 1
7.0 163.24 1
7.01 164.05 1
7.02 163.9 1
7.03 163.46 1
7.04 162.7 1
7.05 161.91 1
7.06 159.98 1
7.07 158.84 1
7.08 157.54 1
7.09 156.72 1
7.1 156.69 1
7.11 156.93 1
7.12 157.08 1
7.13 157.77 1
7.14 158.59 1
7.15 158.79 1
7.16 159.52 1
7.17 159.67 1
7.18 160.45 1
7.19 160.79 1
7.2 160.58 1
7.21 161.31 1
7.22 161.73 1
7.23 161.44 1
7.24 161.92 1
7.25 162.69 1
7.26 160.68 1
7.27 159.99 1
7.28 159.03 1
7.29 157.78 1
7.3 157.74 1
7.31 156.11 1
7.32 157.29 1
7.33 155.19 1
7.34 155.56 1
7.35 155.89 1
7.36 156.82 1
7.37 157.22 1
7.38 158.26 1
7.39 158.2 1
7.4 156.66 1
7.41 154.43 1
7.42 148.24 1
7.43 138.89 1
7.44 127.57 1
7.45 141.11 1
7.46 136.69 1
7.47 140.67 1
7.48 136.75 1
7.49 134.66 1
7.5 127.14 1
7.51 128.06 1
7.52 127.64 1
7.53 125.23 1
7.54 126.06 1
7.55 125.88 1
7.56 127.64 1
7.57 130.71 1
7.58 133.08 1
7.59 134.57 1
7.6 135.66 1
7.61 135.73 1
7.62 135.01 1
7.63 134.46 1
7.64 133.76 1
7.65 133.83 1
7.66 134.25 1
7.67 134.65 1
7.68 134.4 1
7.69 134.25 1
7.7 135.21 1
7.71 135.19 1
7.72 135.81 1
7.73 135.72 1
7.74 136.28 1
7.75 136.69 1
7.76 137.27 1
7.77 137.17 1
7.78 137.85 1
7.79 138.08 1
7.8 137.6 1
7.81 137.87 1
7.82 138.24 1
7.83 137.6 1
7.84 138.8 1
7.85 138.4 1
7.86 136.76 1
7.87 137.58 1
7.88 137.33 1
7.89 135.92 1
7.9 136.94 1
7.91 137.14 1
7.92 136.33 1
7.93 137.48 1
7.94 137.17 1
7.95 137.64 1
7.96 137.41 1
7.97 135.49 1
7.98 136.94 1
7.99 138.45 1
8.0 136.76 1
8.01 137.18 1
8.02 139.33 1
8.03 138.54 1
8.04 137.18 1
8.05 139.77 1
8.06 138.53 1
8.07 136.33 1
8.08 138.48 1
8.09 138.04 1
8.1 136.33 1
8.11 137.77 1
8.12 138.46 1
8.13 137.18 1
8.14 137.89 1
8.15 137.27 1
8.16 136.97 1
8.17 138.02 1
8.18 137.61 1
8.19 137.73 1
8.2 138.46 1
8.21 135.5 1
8.22 137.93 1
8.23 139.33 1
8.24 137.61 1
8.25 138.04 1
8.26 139.77 1
8.27 138.47 1
8.28 138.04 1
8.29 139.34 1
8.3 138.9 1
8.31 138.47 1
8.32 139.54 1
8.33 139.77 1
8.34 138.03 1
8.35 137.83 1
8.36 137.6 1
8.37 136.91 1
8.38 135.91 1
8.39 137.03 1
8.4 136.75 1
8.41 136.75 1
8.42 137.3 1
8.43 136.33 1
8.44 137.23 1
8.45 136.75 1
8.46 136.75 1
8.47 137.63 1
8.48 137.79 1
8.49 136.33 1
8.5 138.46 1
8.51 138.49 1
8.52 137.61 1
8.53 139.34 1
8.54 140.22 1
8.55 139.87 1
8.56 140.97 1
8.57 140.93 1
8.58 141.69 1
8.59 141.44 1
8.6 140.33 1
8.61 139.5 1
8.62 137.6 1
8.63 134.66 1
8.64 131.38 1
8.65 119.36 1
8.66 114.62 1
8.67 112.88 1
8.68 109.28 1
8.69 103.92 1
8.7 99.21 1
8.71 95.13 1
8.72 101.3 1
8.73 94.53 1
8.74 69.45 1
8.75 68.53 1
8.76 69.39 1
8.77 69.22 1
8.78 69.07 1
8.79 69.27 1
8.8 69.05 1
8.81 69.25 1
8.82 69.72 1
8.83 68.97 1
8.84 69.57 1
8.85 62.88 1
8.86 125.12 1
8.87 126.9 1
8.88 126.2 1
8.89 125.55 1
8.9 123.44 1
8.91 120.99 1
8.92 119.83 1
8.93 118.04 1
8.94 116.83 1
8.95 115.58 1
8.96 113.22 1
8.97 111.7 1
8.98 111.21 1
8.99 109.75 1
9.0 110.38 1
9.01 110.46 1
9.02 111.02 1
9.03 112.08 1
9.04 113.23 1
9.05 114.54 1
9.06 116.34 1
9.07 117.66 1
9.08 118.38 1
9.09 119.04 1
9.1 120.97 1
9.11 122.28 1
9.12 120.67 1
9.13 122.35 1
9.14 120.99 1
9.15 121.22 1
9.16 119.48 1
9.17 118.3 1
9.18 117.13 1
9.19 114.94 1
9.2 114.18 1
9.21 111.17 1
9.22 109.29 1
9.23 108.48 1
9.24 107.68 1
9.25 106.15 1
9.26 105.62 1
9.27 105.26 1
9.28 104.33 1
9.29 103.97 1
9.3 104.62 1
9.31 104.63 1
9.32 103.87 1
9.33 103.88 1
9.34 104.18 1
9.35 104.01 1
9.36 104.53 1
9.37 104.2 1
9.38 104.37 1
9.39 103.77 1
9.4 103.58 1
9.41 103.88 1
9.42 103.7 1
9.43 102.45 1
9.44 101.73 1
9.45 100.81 1
9.46 99.58 1
9.47 98.86 1
9.48 99.44 1
9.49 105.08 1
9.5 107.97 1
9.51 114.1 1
9.52 119.68 1
9.53 127.65 1
9.54 138.03 1
9.55 139.34 1
9.56 141.2 1
9.57 141.63 1
9.58 140.01 1
9.59 136.75 1
9.6 132.23 1
9.61 127.77 1
9.62 121.33 1
9.63 118.7 1
9.64 113.23 1
9.65 111.78 1
9.66 111.2 1
9.67 110.24 1
9.68 110.21 1
9.69 108.84 1
9.7 108.96 1
9.71 110.41 1
9.72 111.5 1
9.73 112.36 1
9.74 116.61 1
9.75 118.72 1
9.76 123.4 1
9.77 126.01 1
9.78 132.5 1
9.79 134.15 1
9.8 135.9 1
9.81 135.9 1
9.82 136.5 1
9.83 135.91 1
9.84 136.7 1
9.85 136.31 1
9.86 134.67 1
9.87 135.79 1
9.88 135.0 1
9.89 134.16 1
9.9 132.72 1
9.91 133.06 1
9.92 133.29 1
9.93 134.3 1
9.94 134.7 1
9.95 135.48 1
9.96 135.66 1
9.97 136.25 1
9.98 135.5 1
9.99 135.91 1
10.0 135.49 1
10.01 134.67 1
10.02 135.79 1
10.03 134.66 1
10.04 136.09 1
10.05 134.66 1
10.06 135.9 1
10.07 134.66 1
10.08 135.9 1
10.09 134.66 1
10.1 134.66 1
10.11 138.18 1
10.12 143.08 1
10.13 145.79 1
10.14 151.29 1
10.15 154.53 1
10.16 156.55 1
10.17 158.82 1
10.18 159.26 1
10.19 157.78 1
10.2 158.11 1
10.21 158.0 1
10.22 158.35 1
10.23 158.54 1
10.24 157.23 1
10.25 157.79 1
10.26 156.74 1
10.27 158.64 1
10.28 156.66 1
10.29 155.91 1
10.3 155.82 1
10.31 157.06 1
10.32 158.21 1
10.33 154.79 1
10.34 158.16 1
10.35 156.66 1
10.36 156.11 1
10.37 155.56 1
10.38 155.64 1
10.39 155.56 1
10.4 154.4 1
10.41 154.68 1
10.42 154.9 1
10.43 153.93 1
10.44 154.59 1
10.45 153.9 1
10.46 152.06 1
10.47 150.52 1
10.48 146.3 1
10.49 141.12 1
10.5 137.73 1
10.51 140.67 1
10.52 137.17 1
10.53 138.17 1
10.54 141.12 1
10.55 137.6 1
10.56 137.7 1
10.57 138.46 1
10.58 138.9 1
10.59 138.44 1
10.6 178.18 1
10.61 169.51 1
10.62 171.93 1
10.63 174.87 1
10.64 176.46 1
10.65 180.57 1
10.66 180.33 1
10.67 182.31 1
10.68 181.3 1
10.69 185.83 1
10.7 180.23 1
10.71 181.25 1
10.72 178.08 1
10.73 177.8 1
10.74 174.27 1
10.75 169.81 1
10.76 166.72 1
10.77 163.55 1
10.78 161.48 1
10.79 160.29 1
10.8 159.71 1
10.81 160.04 1
10.82 159.18 1
10.83 159.95 1
10.84 159.97 1
10.85 160.29 1
10.86 161.04 1
10.87 161.83 1
10.88 162.01 1
10.89 162.51 1
10.9 163.03 1
10.91 163.15 1
10.92 163.38 1
10.93 163.76 1
10.94 164.23 1
10.95 164.86 1
10.96 164.5 1
10.97 164.89 1
10.98 164.65 1
10.99 164.9 1
11.0 165.01 1
11.01 165.51 1
11.02 166.13 1
11.03 166.86 1
11.04 167.67 1
11.05 169.94 1
11.06 176.02 1
11.07 184.02 1
11.08 197.44 1
11.09 198.93 1
11.1 199.81 1
11.11 205.59 1
11.12 210.48 1
11.13 201.81 1
11.14 190.5 1
11.15 188.41 1
11.16 182.31 1
11.17 170.27 1
11.18 162.41 1
11.19 156.05 1
11.2 152.28 1
11.21 152.41 1
11.22 154.19 1
11.23 148.69 1
11.24 153.2 1
11.25 151.42 1
11.26 151.97 1
11.27 150.29 1
11.28 150.87 1
11.29 151.33 1
11.3 149.07 1
11.31 150.59 1
11.32 149.57 1
11.33 150.87 1
11.34 150.24 1
11.35 151.73 1
11.36 150.18 1
11.37 152.67 1
11.38 151.96 1
11.39 151.33 1
11.4 152.68 1
11.41 151.71 1
11.42 152.38 1
11.43 151.68 1
11.44 153.07 1
11.45 153.75 1
11.46 151.77 1
11.47 154.01 1
11.48 152.73 1
11.49 152.49 1
11.5 152.19 1
11.51 152.72 1
11.52 154.19 1
11.53 152.76 1
11.54 154.54 1
11.55 153.35 1
11.56 153.02 1
11.57 153.34 1
11.58 151.67 1
11.59 154.34 1
11.6 152.53 1
11.61 152.97 1
11.62 153.61 1
11.63 152.22 1
11.64 153.73 1
11.65 153.2 1
11.66 152.72 1
11.67 152.95 1
11.68 153.19 1
11.69 154.43 1
11.7 154.76 1
11.71 153.48 1
11.72 155.03 1
11.73 154.26 1
11.74 154.22 1
11.75 153.76 1
11.76 152.04 1
11.77 154.68 1
11.78 153.51 1
11.79 153.69 1
11.8 155.24 1
11.81 155.56 1
11.82 158.11 1
11.83 160.94 1
11.84 161.87 1
11.85 163.17 1
11.86 165.86 1
11.87 165.92 1
11.88 164.69 1
11.89 163.88 1
11.9 161.35 1
11.91 157.78 1
11.92 157.78 1
11.93 155.25 1
11.94 151.15 1
11.95 148.61 1
11.96 145.35 1
11.97 141.52 1
11.98 142.32 1
11.99 140.39 1
12.0 137.74 1
12.01 138.32 1
12.02 138.03 1
12.03 135.64 1
12.04 136.68 1
12.05 133.43 1
12.06 136.16 1
12.07 69.67 1
12.08 69.0 1
12.09 69.14 1
12.1 69.65 1
12.11 68.75 1
12.12 69.11 1
12.13 69.61 1
12.14 68.75 1
12.15 69.29 1
12.16 69.5 1
12.17 68.1 1
12.18 69.31 1
12.19 69.61 1
12.2 68.61 1
12.21 69.81 1
12.22 68.95 1
12.23 67.9 1
12.24 76.11 1
12.25 86.15 1
12.26 86.72 1
12.27 86.05 1
12.28 86.7 1
12.29 86.72 1
12.3 86.77 1
12.31 85.71 1
12.32 89.0 1
12.33 86.03 1
12.34 86.36 1
12.35 87.23 1
12.36 85.94 1
12.37 86.15 1
12.38 87.17 1
12.39 85.69 1
12.4 86.64 1
12.41 86.89 1
12.42 86.26 1
12.43 86.48 1
12.44 172.49 1
12.45 166.98 1
12.46 165.03 1
12.47 161.54 1
12.48 159.51 1
12.49 158.32 1
12.5 156.11 1
12.51 154.4 1
12.52 151.56 1
12.53 146.6 1
12.54 146.07 1
12.55 146.6 1
12.56 147.76 1
12.57 149.41 1
12.58 149.83 1
12.59 151.84 1
12.6 154.57 1
12.61 155.79 1
12.62 159.8 1
12.63 162.75 1
12.64 165.62 1
12.65 167.46 1
12.66 167.58 1
12.67 167.92 1
12.68 167.6 1
12.69 166.55 1
12.7 164.89 1
12.71 162.78 1
12.72 158.92 1
12.73 154.62 1
12.74 152.88 1
12.75 150.03 1
12.76 148.3 1
12.77 148.33 1
12.78 149.63 1
12.79 151.63 1
12.8 153.58 1
12.81 156.11 1
12.82 157.22 1
12.83 157.81 1
12.84 158.47 1
12.85 158.92 1
12.86 158.66 1
12.87 157.22 1
12.88 155.56 1
12.89 155.44 1
12.9 153.91 1
12.91 152.85 1
12.92 153.73 1
12.93 154.32 1
12.94 153.78 1
12.95 153.33 1
12.96 152.15 1
12.97 150.51 1
12.98 149.34 1
12.99 149.06 1
13.0 148.62 1
13.01 152.05 1
13.02 156.61 1
13.03 162.44 1
13.04 168.92 1
13.05 171.67 1
13.06 175.93 1
13.07 180.67 1
13.08 183.61 1
13.09 185.32 1
13.1 189.86 1
13.11 190.01 1
13.12 185.14 1
13.13 184.56 1
13.14 182.89 1
13.15 182.93 1
13.16 182.84 1
13.17 183.23 1
13.18 182.65 1
13.19 183.08 1
13.2 183.67 1
13.21 185.54 1
13.22 183.35 1
13.23 182.7 1
13.24 183.63 1
13.25 184.46 1
13.26 187.81 1
13.27 187.25 1
13.28 186.89 1
13.29 185.5 1
13.3 180.68 1
13.31 180.44 1
13.32 180.06 1
13.33 179.37 1
13.34 182.57 1
13.35 184.17 1
13.36 188.66 1
13.37 192.8 1
13.38 196.24 1
13.39 200.53 1
13.4 203.49 1
13.41 206.96 1
13.42 207.53 1
13.43 209.84 1
13.44 209.5 1
13.45 209.5 1
13.46 209.5 1
13.47 209.51 1
13.48 209.61 1
13.49 208.7 1
13.5 208.3 1
13.51 207.53 1
13.52 207.59 1
13.53 206.56 1
13.54 207.23 1
13.55 206.56 1
13.56 205.6 1
13.57 204.65 1
13.58 204.64 1
13.59 204.64 1
13.6 205.32 1
13.61 205.02 1
13.62 204.64 1
13.63 205.59 1
13.64 205.26 1
13.65 205.79 1
13.66 206.15 1
13.67 204.64 1
13.68 206.79 1
13.69 206.16 1
13.7 205.35 1
13.71 204.64 1
13.72 203.08 1
13.73 202.1 1
13.74 221.37 1
13.75 184.9 1
13.76 196.44 1
13.77 198.17 1
13.78 199.0 1
13.79 199.79 1
13.8 200.07 1
13.81 200.68 1
13.82 201.3 1
13.83 202.41 1
13.84 203.39 1
13.85 203.7 1
13.86 204.53 1
13.87 204.64 1
13.88 204.64 1
13.89 205.35 1
13.9 205.59 1
13.91 206.48 1
13.92 207.53 1
13.93 209.5 1
13.94 212.91 1
13.95 216.27 1
13.96 221.75 1
13.97 227.11 1
13.98 231.5 1
13.99 235.05 1
14.0 238.55 1
14.01 241.67 1
14.02 240.28 1
14.03 239.21 1
14.04 237.68 1
14.05 236.95 1
14.06 234.94 1
14.07 231.53 1
14.08 230.85 1
14.09 228.31 1
14.1 228.02 1
14.11 227.68 1
14.12 226.75 1
14.13 227.91 1
14.14 230.3 1
14.15 233.69 1
14.16 236.72 1
14.17 240.65 1
14.18 245.83 1
14.19 249.63 1
14.2 251.82 1
14.21 252.12 1
14.22 250.67 1
14.23 248.78 1
14.24 248.6 1
14.25 250.44 1
14.26 245.29 1
14.27 241.2 1
14.28 237.47 1
14.29 222.65 1
14.3 211.54 1
14.31 200.21 1
14.32 194.29 1
14.33 191.25 1
14.34 182.0 1
