0.01 0.0 1
0.02 0.0 1
0.03 233.96 1
0.04 222.32 1
0.05 214.58 1
0.06 212.52 1
0.07 210.01 1
0.08 209.33 1
0.09 208.51 1
0.1 209.18 1
0.11 211.26 1
0.12 213.53 1
0.13 217.59 1
0.14 226.71 1
0.15 226.75 1
0.16 239.4 1
0.17 251.8 1
0.18 257.19 1
0.19 266.61 1
0.2 273.36 1
0.21 278.11 1
0.22 280.11 1
0.23 281.07 1
0.24 280.58 1
0.25 278.6 1
0.26 275.68 1
0.27 274.62 1
0.28 272.31 1
0.29 269.76 1
0.3 266.48 1
0.31 261.82 1
0.32 260.18 1
0.33 252.81 1
0.34 245.7 1
0.35 241.91 1
0.36 236.95 1
0.37 235.05 1
0.38 231.53 1
0.39 231.51 1
0.4 231.28 1
0.41 230.29 1
0.42 230.31 1
0.43 230.32 1
0.44 231.53 1
0.45 233.97 1
0.46 239.02 1
0.47 244.3 1
0.48 245.69 1
0.49 250.57 1
0.5 253.33 1
0.51 257.18 1
0.52 262.5 1
0.53 263.32 1
0.54 264.89 1
0.55 264.89 1
0.56 268.99 1
0.57 268.54 1
0.58 269.73 1
0.59 270.22 1
0.6 272.6 1
0.61 273.26 1
0.62 275.37 1
0.63 276.47 1
0.64 274.96 1
0.65 274.56 1
0.66 275.43 1
0.67 275.72 1
0.68 276.5 1
0.69 277.42 1
0.7 275.42 1
0.71 275.36 1
0.72 276.7 1
0.73 276.36 1
0.74 276.11 1
0.75 277.84 1
0.76 278.03 1
0.77 278.25 1
0.78 278.99 1
0.79 279.17 1
0.8 277.7 1
0.81 276.86 1
0.82 277.2 1
0.83 276.78 1
0.84 277.88 1
0.85 278.3 1
0.86 278.46 1
0.87 276.62 1
0.88 277.54 1
0.89 278.77 1
0.9 276.57 1
0.91 277.38 1
0.92 278.38 1
0.93 278.27 1
0.94 277.31 1
0.95 276.64 1
0.96 276.89 1
0.97 276.67 1
0.98 277.22 1
0.99 277.47 1
1.0 277.28 1
1.01 277.72 1
1.02 277.41 1
1.03 277.36 1
1.04 277.27 1
1.05 277.34 1
1.06 278.48 1
1.07 278.54 1
1.08 278.87 1
1.09 278.78 1
1.1 278.02 1
1.11 278.67 1
1.12 278.65 1
1.13 278.68 1
1.14 278.23 1
1.15 278.75 1
1.16 280.26 1
1.17 280.33 1
1.18 280.71 1
1.19 280.81 1
1.2 280.3 1
1.21 278.74 1
1.22 276.27 1
1.23 269.78 1
1.24 275.61 1
1.25 271.57 1
1.26 264.87 1
1.27 263.19 1
1.28 287.29 1
1.29 281.26 1
1.3 277.84 1
1.31 277.17 1
1.32 277.9 1
1.33 278.91 1
1.34 278.52 1
1.35 279.59 1
1.36 278.59 1
1.37 278.8 1
1.38 278.89 1
1.39 278.1 1
1.4 278.42 1
1.41 277.95 1
1.42 280.48 1
1.43 281.97 1
1.44 282.23 1
1.45 280.78 1
1.46 279.48 1
1.47 277.66 1
1.48 275.79 1
1.49 273.06 1
1.5 269.37 1
1.51 257.26 1
1.52 244.29 1
1.53 227.95 1
1.54 215.8 1
1.55 217.53 1
1.56 225.2 1
1.57 235.2 1
1.58 248.31 1
1.59 255.79 1
1.6 271.35 1
1.61 278.37 1
1.62 280.18 1
1.63 277.08 1
1.64 271.19 1
1.65 264.87 1
1.66 258.66 1
1.67 239.76 1
1.68 233.49 1
1.69 210.0 1
1.7 202.86 1
1.71 200.34 1
1.72 201.83 1
1.73 203.82 1
1.74 205.65 1
1.75 208.51 1
1.76 211.62 1
1.77 213.55 1
1.78 214.6 1
1.79 215.45 1
1.8 215.59 1
1.81 215.89 1
1.82 213.76 1
1.83 207.55 1
1.84 207.54 1
1.85 208.54 1
1.86 214.04 1
1.87 204.65 1
1.88 195.23 1
1.89 211.51 1
1.9 214.6 1
1.91 0.0 1
1.92 0.0 1
1.93 0.0 1
1.94 192.73 1
1.95 179.3 1
1.96 181.47 1
1.97 183.25 1
1.98 182.38 1
1.99 182.94 1
2.0 184.6 1
2.01 185.69 1
2.02 187.04 1
2.03 187.22 1
2.04 187.84 1
2.05 189.56 1
2.06 190.92 1
2.07 192.38 1
2.08 193.27 1
2.09 191.98 1
2.1 190.01 1
2.11 187.25 1
2.12 184.95 1
2.13 181.91 1
2.14 177.9 1
2.15 176.14 1
2.16 176.4 1
2.17 176.89 1
2.18 178.28 1
2.19 180.48 1
2.2 184.19 1
2.21 193.47 1
2.22 190.5 1
2.23 198.28 1
2.24 197.21 1
2.25 190.53 1
2.26 176.02 1
2.27 183.37 1
2.28 0.0 1
2.29 0.0 1
2.3 0.0 1
2.31 0.0 1
2.32 0.0 1
2.33 0.0 1
2.34 0.0 1
2.35 0.0 1
2.36 147.26 1
2.37 146.09 1
2.38 144.67 1
2.39 145.85 1
2.4 148.24 1
2.41 150.29 1
2.42 151.29 1
2.43 153.54 1
2.44 154.88 1
2.45 155.98 1
2.46 157.87 1
2.47 159.9 1
2.48 160.08 1
2.49 161.63 1
2.5 162.42 1
2.51 160.97 1
2.52 160.08 1
2.53 160.21 1
2.54 160.65 1
2.55 159.9 1
2.56 160.08 1
2.57 161.05 1
2.58 161.83 1
2.59 161.02 1
2.6 160.08 1
2.61 159.51 1
2.62 159.48 1
2.63 160.39 1
2.64 162.61 1
2.65 166.26 1
2.66 169.95 1
2.67 175.52 1
2.68 179.63 1
2.69 184.22 1
2.7 183.57 1
2.71 181.39 1
2.72 176.88 1
2.73 171.98 1
2.74 168.4 1
2.75 161.83 1
2.76 155.01 1
2.77 153.25 1
2.78 151.32 1
2.79 150.86 1
2.8 151.92 1
2.81 153.9 1
2.82 159.13 1
2.83 164.86 1
2.84 170.6 1
2.85 177.23 1
2.86 178.42 1
2.87 179.73 1
2.88 178.91 1
2.89 173.89 1
2.9 174.31 1
2.91 173.97 1
2.92 172.17 1
2.93 161.92 1
2.94 166.95 1
2.95 166.14 1
2.96 165.75 1
2.97 168.65 1
2.98 168.66 1
2.99 166.13 1
3.0 167.08 1
3.01 170.97 1
3.02 157.22 1
3.03 144.91 1
3.04 138.86 1
3.05 137.6 1
3.06 138.27 1
3.07 132.95 1
3.08 132.64 1
3.09 68.36 1
3.1 68.72 1
3.11 69.5 1
3.12 69.61 1
3.13 69.57 1
3.14 69.38 1
3.15 69.0 1
3.16 68.74 1
3.17 68.57 1
3.18 68.64 1
3.19 68.81 1
3.2 68.83 1
3.21 69.1 1
3.22 69.31 1
3.23 69.16 1
3.24 69.06 1
3.25 68.84 1
3.26 68.92 1
3.27 69.21 1
3.28 69.25 1
3.29 69.89 1
3.3 70.05 1
3.31 69.94 1
3.32 70.12 1
3.33 69.94 1
3.34 69.26 1
3.35 69.56 1
3.36 69.61 1
3.37 69.12 1
3.38 69.58 1
3.39 69.5 1
3.4 68.94 1
3.41 70.31 1
3.42 69.5 1
3.43 157.03 1
3.44 163.45 1
3.45 161.23 1
3.46 167.17 1
3.47 169.12 1
3.48 170.38 1
3.49 171.19 1
3.5 173.27 1
3.51 172.53 1
3.52 171.27 1
3.53 170.1 1
3.54 166.93 1
3.55 163.62 1
3.56 160.18 1
3.57 158.07 1
3.58 152.91 1
3.59 156.21 1
3.6 156.1 1
3.61 157.11 1
3.62 157.13 1
3.63 157.7 1
3.64 156.68 1
3.65 157.22 1
3.66 156.7 1
3.67 156.15 1
3.68 155.31 1
3.69 154.3 1
3.7 153.61 1
3.71 153.86 1
3.72 153.95 1
3.73 154.62 1
3.74 155.75 1
3.75 155.57 1
3.76 156.6 1
3.77 156.6 1
3.78 155.68 1
3.79 155.03 1
3.8 154.54 1
3.81 155.19 1
3.82 156.65 1
3.83 158.14 1
3.84 159.61 1
3.85 161.53 1
3.86 162.69 1
3.87 163.9 1
3.88 165.14 1
3.89 166.01 1
3.9 166.91 1
3.91 166.91 1
3.92 166.41 1
3.93 164.9 1
3.94 162.92 1
3.95 161.2 1
3.96 159.39 1
3.97 157.07 1
3.98 155.84 1
3.99 153.25 1
4.0 152.48 1
4.01 150.01 1
4.02 148.65 1
4.03 146.72 1
4.04 144.29 1
4.05 142.64 1
4.06 138.58 1
4.07 138.03 1
4.08 138.1 1
4.09 138.2 1
4.1 138.29 1
4.11 138.29 1
4.12 137.89 1
4.13 137.54 1
4.14 136.74 1
4.15 135.73 1
4.16 135.91 1
4.17 135.49 1
4.18 138.46 1
4.19 138.45 1
4.2 138.69 1
4.21 139.77 1
4.22 138.85 1
4.23 136.34 1
4.24 137.99 1
4.25 137.3 1
4.26 135.07 1
4.27 134.66 1
4.28 123.91 1
4.29 142.03 1
4.3 134.25 1
4.31 135.49 1
4.32 133.79 1
4.33 143.42 1
4.34 137.39 1
4.35 138.04 1
4.36 140.66 1
4.37 141.56 1
4.38 143.09 1
4.39 0.0 1
4.4 0.0 1
4.41 0.0 1
4.42 0.0 1
4.43 0.0 1
4.44 0.0 1
4.45 0.0 1
4.46 0.0 1
4.47 0.0 1
4.48 0.0 1
4.49 0.0 1
4.5 0.0 1
4.51 0.0 1
4.52 0.0 1
4.53 0.0 1
4.54 0.0 1
4.55 0.0 1
4.56 0.0 1
4.57 0.0 1
4.58 0.0 1
4.59 0.0 1
4.6 0.0 1
4.61 0.0 1
4.62 0.0 1
4.63 0.0 1
4.64 0.0 1
4.65 0.0 1
4.66 0.0 1
4.67 0.0 1
4.68 0.0 1
4.69 0.0 1
4.7 0.0 1
4.71 0.0 1
4.72 0.0 1
4.73 0.0 1
4.74 0.0 1
4.75 0.0 1
4.76 0.0 1
4.77 0.0 1
4.78 104.27 1
4.79 104.39 1
4.8 95.3 1
4.81 98.11 1
4.82 98.27 1
4.83 99.32 1
4.84 101.97 1
4.85 104.08 1
4.86 105.54 1
4.87 119.6 1
4.88 124.05 1
4.89 137.6 1
4.9 143.6 1
4.91 147.67 1
4.92 149.14 1
4.93 149.06 1
4.94 141.53 1
4.95 133.71 1
4.96 123.01 1
4.97 113.22 1
4.98 107.69 1
4.99 102.05 1
5.0 102.51 1
5.01 103.62 1
5.02 105.16 1
5.03 106.71 1
5.04 109.42 1
5.05 111.72 1
5.06 115.73 1
5.07 120.26 1
5.08 121.86 1
5.09 127.65 1
5.1 135.91 1
5.11 131.06 1
5.12 135.47 1
5.13 135.07 1
5.14 135.97 1
5.15 135.44 1
5.16 133.38 1
5.17 132.23 1
5.18 129.81 1
5.19 129.22 1
5.2 129.94 1
5.21 132.63 1
5.22 135.42 1
5.23 137.17 1
5.24 141.85 1
5.25 152.67 1
5.26 150.25 1
5.27 151.66 1
5.28 153.6 1
5.29 155.26 1
5.3 155.71 1
5.31 155.57 1
5.32 156.62 1
5.33 156.67 1
5.34 157.56 1
5.35 157.65 1
5.36 158.26 1
5.37 158.28 1
5.38 157.79 1
5.39 158.97 1
5.4 159.13 1
5.41 159.95 1
5.42 160.04 1
5.43 159.82 1
5.44 159.41 1
5.45 158.64 1
5.46 158.54 1
5.47 157.98 1
5.48 157.2 1
5.49 156.07 1
5.5 154.9 1
5.51 154.63 1
5.52 153.44 1
5.53 153.23 1
5.54 153.93 1
5.55 155.8 1
5.56 157.78 1
5.57 162.73 1
5.58 167.92 1
5.59 171.93 1
5.6 175.5 1
5.61 180.35 1
5.62 179.8 1
5.63 181.55 1
5.64 178.63 1
5.65 175.62 1
5.66 169.1 1
5.67 162.76 1
5.68 161.05 1
5.69 158.04 1
5.7 156.39 1
5.71 155.51 1
5.72 155.39 1
5.73 155.56 1
5.74 157.68 1
5.75 159.41 1
5.76 160.98 1
5.77 163.41 1
5.78 165.93 1
5.79 168.0 1
5.8 170.99 1
5.81 170.6 1
5.82 167.38 1
5.83 161.03 1
5.84 159.49 1
5.85 156.6 1
5.86 152.27 1
5.87 143.28 1
5.88 139.78 1
5.89 137.36 1
5.9 136.32 1
5.91 136.12 1
5.92 136.75 1
5.93 137.2 1
5.94 137.11 1
5.95 137.33 1
5.96 139.77 1
5.97 141.67 1
5.98 142.36 1
5.99 142.26 1
6.0 141.48 1
6.01 142.06 1
6.02 139.97 1
6.03 135.48 1
6.04 134.25 1
6.05 70.62 1
6.06 69.53 1
6.07 69.5 1
6.08 68.96 1
6.09 69.61 1
6.1 69.18 1
6.11 0.0 1
6.12 0.0 1
6.13 0.0 1
6.14 0.0 1
6.15 0.0 1
6.16 175.54 1
6.17 171.94 1
6.18 166.05 1
6.19 162.32 1
6.2 157.87 1
6.21 154.92 1
6.22 152.82 1
6.23 151.52 1
6.24 152.04 1
6.25 155.55 1
6.26 159.43 1
6.27 164.0 1
6.28 169.29 1
6.29 175.52 1
6.3 178.18 1
6.31 176.66 1
6.32 175.22 1
6.33 172.02 1
6.34 167.85 1
6.35 163.47 1
6.36 159.61 1
6.37 154.83 1
6.38 150.27 1
6.39 146.61 1
6.4 146.96 1
6.41 148.6 1
6.42 154.68 1
6.43 163.33 1
6.44 175.08 1
6.45 188.06 1
6.46 196.43 1
6.47 205.6 1
6.48 209.5 1
6.49 211.51 1
6.5 214.96 1
6.51 214.95 1
6.52 211.84 1
6.53 206.41 1
6.54 198.92 1
6.55 186.94 1
6.56 175.31 1
6.57 165.0 1
6.58 157.01 1
6.59 157.22 1
6.6 160.41 1
6.61 168.27 1
6.62 178.91 1
6.63 183.91 1
6.64 192.63 1
6.65 200.46 1
6.66 206.56 1
6.67 208.51 1
6.68 212.02 1
6.69 213.61 1
6.7 215.04 1
6.71 214.32 1
6.72 203.7 1
6.73 205.57 1
6.74 217.62 1
6.75 213.56 1
6.76 208.51 1
6.77 205.34 1
6.78 202.24 1
6.79 197.06 1
6.8 200.6 1
6.81 206.56 1
6.82 214.62 1
6.83 231.04 1
6.84 249.05 1
6.85 262.66 1
6.86 270.88 1
