0.01 182.14 1
0.02 176.75 1
0.03 205.07 1
0.04 202.56 1
0.05 201.53 1
0.06 200.95 1
0.07 202.05 1
0.08 203.06 1
0.09 204.64 1
0.1 205.6 1
0.11 207.53 1
0.12 210.27 1
0.13 212.34 1
0.14 212.95 1
0.15 212.55 1
0.16 212.81 1
0.17 213.03 1
0.18 211.48 1
0.19 210.51 1
0.2 203.7 1
0.21 213.59 1
0.22 210.21 1
0.23 210.89 1
0.24 211.93 1
0.25 211.24 1
0.26 207.48 1
0.27 207.36 1
0.28 208.52 1
0.29 214.85 1
0.3 224.8 1
0.31 238.89 1
0.32 256.04 1
0.33 264.98 1
0.34 274.79 1
0.35 284.75 1
0.36 286.67 1
0.37 284.25 1
0.38 273.06 1
0.39 249.63 1
0.4 222.2 1
0.41 214.95 1
0.42 0.0 1
0.43 0.0 1
0.44 0.0 1
0.45 0.0 1
0.46 0.0 1
0.47 0.0 1
0.48 0.0 1
0.49 293.02 1
0.5 272.86 1
0.51 268.75 1
0.52 266.63 1
0.53 269.66 1
0.54 269.36 1
0.55 269.87 1
0.56 269.74 1
0.57 269.3 1
0.58 268.86 1
0.59 268.08 1
0.6 266.47 1
0.61 267.44 1
0.62 267.15 1
0.63 266.48 1
0.64 264.89 1
0.65 264.87 1
0.66 269.73 1
0.67 280.56 1
0.68 275.9 1
0.69 254.18 1
0.7 260.17 1
0.71 314.09 1
0.72 308.11 1
0.73 299.96 1
0.74 303.06 1
0.75 306.67 1
0.76 308.63 1
0.77 309.07 1
0.78 309.8 1
0.79 310.27 1
0.8 310.89 1
0.81 310.84 1
0.82 310.36 1
0.83 309.14 1
0.84 308.12 1
0.85 303.1 1
0.86 295.55 1
0.87 279.78 1
0.88 243.01 1
0.89 245.0 1
0.9 222.16 1
0.91 218.87 1
0.92 281.79 1
0.93 309.6 1
0.94 291.59 1
0.95 275.03 1
0.96 268.08 1
0.97 261.31 1
0.98 258.69 1
0.99 260.19 1
1.0 263.3 1
1.01 269.04 1
1.02 274.84 1
1.03 283.25 1
1.04 288.08 1
1.05 296.32 1
1.06 316.07 1
1.07 325.84 1
1.08 336.71 1
1.09 340.65 1
1.1 341.18 1
1.11 336.22 1
1.12 329.17 1
1.13 309.05 1
1.14 306.93 1
1.15 317.76 1
1.16 314.35 1
1.17 306.35 1
1.18 305.62 1
1.19 306.12 1
1.2 307.06 1
1.21 308.83 1
1.22 309.18 1
1.23 310.69 1
1.24 311.89 1
1.25 312.74 1
1.26 314.03 1
1.27 314.92 1
1.28 315.11 1
1.29 315.81 1
1.3 316.97 1
1.31 317.54 1
1.32 316.76 1
1.33 306.1 1
1.34 258.31 1
1.35 291.93 1
1.36 326.39 1
1.37 304.79 1
1.38 290.21 1
1.39 283.35 1
1.4 269.72 1
1.41 260.33 1
1.42 257.4 1
1.43 258.61 1
1.44 262.98 1
1.45 270.68 1
1.46 277.81 1
1.47 286.71 1
1.48 294.87 1
1.49 301.45 1
1.5 308.04 1
1.51 310.05 1
1.52 308.87 1
1.53 303.33 1
1.54 291.09 1
1.55 268.25 1
1.56 245.69 1
1.57 262.06 1
1.58 283.57 1
1.59 332.17 1
1.6 330.11 1
1.61 321.05 1
1.62 315.93 1
1.63 311.04 1
1.64 306.02 1
1.65 303.32 1
1.66 302.36 1
1.67 304.08 1
1.68 304.81 1
1.69 307.98 1
1.7 313.41 1
1.71 322.36 1
1.72 326.78 1
1.73 332.35 1
1.74 335.87 1
1.75 335.11 1
1.76 334.15 1
1.77 328.74 1
1.78 322.48 1
1.79 294.95 1
1.8 318.41 1
1.81 336.63 1
1.82 319.84 1
1.83 305.31 1
1.84 302.14 1
1.85 303.05 1
1.86 304.96 1
1.87 303.25 1
1.88 303.6 1
1.89 303.86 1
1.9 303.52 1
1.91 305.79 1
1.92 308.41 1
1.93 310.49 1
1.94 311.7 1
1.95 312.48 1
1.96 312.42 1
1.97 311.33 1
1.98 300.53 1
1.99 275.41 1
2.0 295.27 1
2.01 302.73 1
2.02 300.15 1
2.03 294.86 1
2.04 286.57 1
2.05 271.8 1
2.06 257.93 1
2.07 257.55 1
2.08 264.86 1
2.09 277.52 1
2.1 286.63 1
2.11 302.33 1
2.12 317.15 1
2.13 329.46 1
2.14 334.6 1
2.15 332.47 1
2.16 322.96 1
2.17 301.03 1
2.18 280.1 1
2.19 292.75 1
2.2 0.0 1
2.21 0.0 1
2.22 0.0 1
2.23 0.0 1
2.24 0.0 1
2.25 305.19 1
2.26 292.78 1
2.27 285.57 1
2.28 282.38 1
2.29 279.58 1
2.3 277.68 1
2.31 277.47 1
2.32 277.73 1
2.33 278.35 1
2.34 278.11 1
2.35 277.41 1
2.36 277.37 1
2.37 277.33 1
2.38 277.41 1
2.39 279.13 1
2.4 280.55 1
2.41 280.77 1
2.42 280.46 1
2.43 268.64 1
2.44 259.3 1
2.45 252.24 1
2.46 253.28 1
2.47 240.32 1
2.48 228.94 1
2.49 219.81 1
2.5 218.41 1
2.51 222.9 1
2.52 230.3 1
2.53 244.01 1
2.54 257.29 1
2.55 269.69 1
2.56 275.16 1
2.57 282.49 1
2.58 285.19 1
2.59 283.76 1
2.6 274.45 1
2.61 233.76 1
2.62 217.86 1
2.63 202.76 1
2.64 181.29 1
2.65 182.28 1
2.66 181.39 1
2.67 183.15 1
2.68 191.32 1
2.69 205.6 1
2.7 204.91 1
2.71 202.99 1
2.72 204.02 1
2.73 204.47 1
2.74 204.64 1
2.75 205.2 1
2.76 203.7 1
2.77 203.7 1
2.78 204.65 1
2.79 205.6 1
2.8 206.56 1
2.81 205.6 1
2.82 205.4 1
2.83 205.7 1
2.84 206.81 1
2.85 207.42 1
2.86 207.23 1
2.87 215.02 1
2.88 205.07 1
2.89 204.65 1
2.9 205.42 1
2.91 205.77 1
2.92 207.01 1
2.93 214.32 1
2.94 224.1 1
2.95 237.42 1
2.96 252.34 1
2.97 263.3 1
2.98 273.53 1
2.99 281.21 1
3.0 281.02 1
3.01 277.98 1
3.02 265.12 1
3.03 0.0 1
3.04 0.0 1
3.05 0.0 1
3.06 0.0 1
3.07 0.0 1
3.08 0.0 1
3.09 0.0 1
3.1 0.0 1
3.11 247.5 1
3.12 240.3 1
3.13 231.66 1
3.14 226.65 1
3.15 218.73 1
3.16 214.6 1
3.17 210.83 1
3.18 211.41 1
3.19 211.94 1
3.2 215.64 1
3.21 219.85 1
3.22 226.23 1
3.23 231.53 1
3.24 244.05 1
3.25 251.81 1
3.26 257.19 1
3.27 264.91 1
3.28 270.01 1
3.29 274.74 1
3.3 276.26 1
3.31 276.5 1
3.32 276.74 1
3.33 274.89 1
3.34 273.07 1
3.35 272.54 1
3.36 272.68 1
3.37 273.86 1
3.38 275.7 1
3.39 277.17 1
3.4 276.72 1
3.41 275.66 1
3.42 276.25 1
3.43 276.57 1
3.44 276.56 1
3.45 273.79 1
3.46 269.7 1
3.47 278.93 1
3.48 283.81 1
3.49 245.67 1
3.5 301.03 1
3.51 282.79 1
3.52 260.18 1
3.53 294.4 1
3.54 305.12 1
3.55 298.68 1
3.56 303.81 1
3.57 309.78 1
3.58 313.43 1
3.59 314.62 1
3.6 312.93 1
3.61 312.42 1
3.62 311.62 1
3.63 311.26 1
3.64 310.89 1
3.65 310.64 1
3.66 310.09 1
3.67 309.93 1
3.68 309.85 1
3.69 310.45 1
3.7 310.49 1
3.71 310.44 1
3.72 312.38 1
3.73 313.06 1
3.74 312.46 1
3.75 312.44 1
3.76 311.88 1
3.77 312.77 1
3.78 314.19 1
3.79 315.29 1
3.8 315.82 1
3.81 316.82 1
3.82 318.03 1
3.83 317.56 1
3.84 316.12 1
3.85 313.64 1
3.86 310.83 1
3.87 278.7 1
3.88 273.7 1
3.89 265.77 1
3.9 249.14 1
3.91 236.78 1
3.92 239.83 1
3.93 240.34 1
3.94 247.74 1
3.95 253.81 1
3.96 285.57 1
3.97 287.15 1
3.98 284.96 1
3.99 279.01 1
4.0 269.41 1
4.01 254.2 1
4.02 235.9 1
4.03 229.43 1
4.04 228.53 1
4.05 232.15 1
4.06 236.33 1
4.07 238.92 1
4.08 241.57 1
4.09 242.37 1
4.1 239.52 1
4.11 236.12 1
4.12 230.73 1
4.13 229.29 1
4.14 227.91 1
4.15 231.93 1
4.16 236.35 1
4.17 240.74 1
4.18 243.55 1
4.19 245.44 1
4.2 248.17 1
4.21 247.81 1
4.22 247.16 1
4.23 246.38 1
4.24 245.72 1
4.25 246.58 1
4.26 247.07 1
4.27 243.8 1
4.28 228.06 1
4.29 196.44 1
4.3 192.16 1
4.31 182.94 1
4.32 187.63 1
4.33 190.81 1
4.34 197.8 1
4.35 186.7 1
4.36 182.81 1
4.37 180.36 1
4.38 180.81 1
4.39 185.44 1
4.4 203.69 1
4.41 209.22 1
4.42 205.31 1
4.43 204.09 1
4.44 204.78 1
4.45 205.03 1
4.46 205.6 1
4.47 208.51 1
4.48 209.97 1
4.49 211.19 1
4.5 210.9 1
4.51 209.68 1
4.52 207.14 1
4.53 203.57 1
4.54 198.49 1
4.55 194.04 1
4.56 168.65 1
4.57 199.1 1
4.58 190.53 1
4.59 165.86 1
4.6 180.37 1
4.61 180.64 1
4.62 181.85 1
4.63 180.55 1
4.64 185.83 1
4.65 185.13 1
4.66 185.99 1
4.67 186.12 1
4.68 186.17 1
4.69 185.72 1
4.7 186.19 1
4.71 187.01 1
4.72 188.03 1
4.73 188.87 1
4.74 188.87 1
4.75 188.06 1
4.76 186.47 1
4.77 184.13 1
4.78 180.82 1
4.79 142.03 1
4.8 168.29 1
4.81 156.73 1
4.82 152.86 1
4.83 145.49 1
4.84 146.27 1
4.85 149.25 1
4.86 150.82 1
4.87 153.7 1
4.88 155.18 1
4.89 155.83 1
4.9 154.94 1
4.91 154.75 1
4.92 152.08 1
4.93 150.93 1
4.94 149.75 1
4.95 150.86 1
4.96 152.64 1
4.97 154.05 1
4.98 157.2 1
4.99 155.01 1
5.0 152.87 1
5.01 156.11 1
5.02 162.42 1
5.03 166.1 1
5.04 173.28 1
5.05 174.65 1
5.06 173.9 1
5.07 171.02 1
5.08 168.02 1
5.09 163.55 1
5.1 158.38 1
5.11 156.56 1
5.12 151.46 1
5.13 150.37 1
5.14 152.49 1
5.15 158.41 1
5.16 173.67 1
5.17 193.34 1
5.18 201.0 1
5.19 210.42 1
5.2 216.24 1
5.21 218.37 1
5.22 216.39 1
5.23 211.5 1
5.24 215.38 1
5.25 194.32 1
5.26 203.7 1
5.27 153.84 1
5.28 155.19 1
5.29 153.52 1
5.3 148.05 1
5.31 145.03 1
5.32 143.7 1
5.33 143.56 1
5.34 145.5 1
5.35 148.3 1
5.36 153.4 1
5.37 158.81 1
5.38 163.15 1
5.39 164.9 1
5.4 165.53 1
5.41 163.03 1
5.42 158.35 1
5.43 148.74 1
5.44 142.95 1
5.45 127.62 1
5.46 142.02 1
5.47 135.78 1
5.48 137.59 1
5.49 143.24 1
5.5 144.87 1
5.51 140.67 1
5.52 137.52 1
5.53 134.05 1
5.54 142.98 1
5.55 137.39 1
5.56 141.57 1
5.57 136.75 1
5.58 0.0 1
5.59 0.0 1
5.6 0.0 1
5.61 0.0 1
5.62 0.0 1
5.63 0.0 1
5.64 0.0 1
5.65 0.0 1
5.66 0.0 1
5.67 0.0 1
5.68 0.0 1
5.69 86.22 1
5.7 84.57 1
5.71 84.73 1
5.72 83.61 1
5.73 86.21 1
5.74 83.45 1
5.75 85.88 1
5.76 85.43 1
5.77 84.73 1
5.78 86.04 1
5.79 85.55 1
5.8 101.59 1
5.81 101.36 1
5.82 100.91 1
5.83 105.37 1
5.84 110.95 1
5.85 114.83 1
5.86 121.33 1
5.87 128.37 1
5.88 136.54 1
5.89 142.35 1
5.9 149.2 1
5.91 155.56 1
5.92 158.93 1
5.93 157.33 1
5.94 143.96 1
5.95 0.0 1
5.96 0.0 1
5.97 0.0 1
5.98 0.0 1
5.99 0.0 1
6.0 0.0 1
6.01 137.6 1
6.02 131.06 1
6.03 132.62 1
6.04 131.83 1
6.05 132.37 1
6.06 135.93 1
6.07 136.55 1
6.08 137.82 1
6.09 140.23 1
6.1 140.54 1
6.11 141.18 1
6.12 140.53 1
6.13 140.03 1
6.14 139.67 1
6.15 139.02 1
6.16 138.46 1
6.17 141.0 1
6.18 135.07 1
6.19 139.16 1
6.2 139.66 1
6.21 139.08 1
6.22 140.67 1
6.23 156.32 1
6.24 157.79 1
6.25 162.44 1
6.26 163.36 1
6.27 162.51 1
6.28 161.55 1
6.29 159.08 1
6.3 157.35 1
6.31 157.17 1
6.32 157.73 1
6.33 157.96 1
6.34 158.82 1
6.35 159.29 1
6.36 157.05 1
6.37 152.86 1
6.38 159.82 1
6.39 155.1 1
6.4 159.82 1
6.41 163.91 1
6.42 161.74 1
6.43 163.43 1
6.44 152.68 1
6.45 150.89 1
6.46 149.74 1
6.47 148.01 1
6.48 150.99 1
6.49 155.85 1
6.5 166.62 1
6.51 184.91 1
6.52 196.05 1
6.53 205.18 1
6.54 213.02 1
6.55 222.0 1
6.56 226.0 1
6.57 222.42 1
6.58 219.56 1
6.59 219.92 1
6.6 184.9 1
6.61 169.7 1
6.62 170.6 1
6.63 197.32 1
6.64 231.52 1
6.65 219.24 1
6.66 218.87 1
6.67 198.2 1
6.68 193.59 1
6.69 196.38 1
6.7 200.42 1
6.71 204.09 1
6.72 206.89 1
6.73 206.57 1
6.74 209.12 1
6.75 211.27 1
6.76 211.87 1
6.77 212.54 1
6.78 213.86 1
6.79 213.07 1
6.8 209.46 1
6.81 209.52 1
6.82 212.12 1
6.83 209.61 1
6.84 209.34 1
6.85 210.9 1
6.86 207.21 1
6.87 202.1 1
6.88 201.04 1
6.89 200.39 1
6.9 200.97 1
6.91 203.53 1
6.92 209.94 1
6.93 220.04 1
6.94 230.3 1
6.95 246.38 1
6.96 264.86 1
6.97 290.52 1
