0.01 0.0 1
0.02 301.11 1
0.03 277.61 1
0.04 274.28 1
0.05 274.76 1
0.06 274.08 1
0.07 274.8 1
0.08 274.76 1
0.09 275.0 1
0.1 274.76 1
0.11 273.83 1
0.12 273.2 1
0.13 272.76 1
0.14 272.2 1
0.15 272.76 1
0.16 271.15 1
0.17 270.24 1
0.18 268.72 1
0.19 266.43 1
0.2 263.3 1
0.21 258.7 1
0.22 255.68 1
0.23 251.43 1
0.24 247.76 1
0.25 243.33 1
0.26 238.36 1
0.27 234.85 1
0.28 232.63 1
0.29 230.88 1
0.3 229.02 1
0.31 227.91 1
0.32 226.75 1
0.33 227.49 1
0.34 227.94 1
0.35 230.3 1
0.36 231.54 1
0.37 234.5 1
0.38 237.99 1
0.39 246.79 1
0.4 250.59 1
0.41 257.18 1
0.42 264.44 1
0.43 268.3 1
0.44 271.58 1
0.45 275.16 1
0.46 276.06 1
0.47 277.56 1
0.48 277.85 1
0.49 277.39 1
0.5 277.91 1
0.51 278.45 1
0.52 278.33 1
0.53 279.2 1
0.54 279.63 1
0.55 279.33 1
0.56 279.1 1
0.57 277.68 1
0.58 276.08 1
0.59 271.67 1
0.6 273.06 1
0.61 254.21 1
0.62 0.0 1
0.63 0.0 1
0.64 0.0 1
0.65 68.96 1
0.66 69.31 1
0.67 69.01 1
0.68 69.2 1
0.69 69.22 1
0.7 69.43 1
0.71 69.22 1
0.72 69.33 1
0.73 69.01 1
0.74 69.29 1
0.75 69.11 1
0.76 69.5 1
0.77 68.53 1
0.78 69.21 1
0.79 69.83 1
0.8 69.36 1
0.81 69.25 1
0.82 69.25 1
0.83 69.22 1
0.84 69.41 1
0.85 69.25 1
0.86 69.16 1
0.87 69.37 1
0.88 69.29 1
0.89 69.12 1
0.9 69.33 1
0.91 69.4 1
0.92 68.54 1
0.93 69.39 1
0.94 69.64 1
0.95 59.56 1
0.96 69.36 1
0.97 69.54 1
0.98 68.32 1
0.99 69.57 1
1.0 69.46 1
1.01 67.69 1
1.02 69.8 1
1.03 69.47 1
1.04 178.12 1
1.05 179.9 1
1.06 178.31 1
1.07 179.34 1
1.08 178.18 1
1.09 180.05 1
1.1 177.97 1
1.11 180.36 1
1.12 181.71 1
1.13 176.73 1
1.14 179.61 1
1.15 176.62 1
1.16 177.1 1
1.17 176.01 1
1.18 176.77 1
1.19 175.8 1
1.2 153.42 1
1.21 177.17 1
1.22 176.39 1
1.23 142.49 1
1.24 179.36 1
1.25 176.98 1
1.26 180.91 1
1.27 177.95 1
1.28 178.1 1
1.29 171.95 1
1.3 178.18 1
1.31 181.31 1
1.32 172.61 1
1.33 177.48 1
1.34 183.59 1
1.35 235.4 1
1.36 211.51 1
1.37 212.5 1
1.38 215.2 1
1.39 216.7 1
1.4 212.29 1
1.41 207.18 1
1.42 204.36 1
1.43 203.58 1
1.44 201.45 1
1.45 201.1 1
1.46 200.72 1
1.47 201.41 1
1.48 203.71 1
1.49 211.52 1
1.5 224.08 1
1.51 238.25 1
1.52 250.05 1
1.53 258.71 1
1.54 267.41 1
1.55 272.48 1
1.56 277.81 1
1.57 278.88 1
1.58 275.28 1
1.59 269.11 1
1.6 254.35 1
1.61 241.71 1
1.62 227.91 1
1.63 215.5 1
1.64 212.92 1
1.65 212.04 1
1.66 215.41 1
1.67 224.5 1
1.68 230.3 1
1.69 242.76 1
1.7 259.42 1
1.71 266.81 1
1.72 272.91 1
1.73 275.79 1
1.74 277.19 1
1.75 276.06 1
1.76 268.3 1
1.77 249.01 1
1.78 233.96 1
1.79 225.21 1
1.8 203.2 1
1.81 197.08 1
1.82 194.96 1
1.83 196.65 1
1.84 198.34 1
1.85 200.85 1
1.86 202.2 1
1.87 202.54 1
1.88 203.33 1
1.89 205.25 1
1.9 206.56 1
1.91 204.65 1
1.92 201.57 1
1.93 197.32 1
1.94 184.14 1
1.95 202.78 1
1.96 206.57 1
1.97 199.1 1
1.98 198.75 1
1.99 184.9 1
2.0 173.99 1
2.01 200.91 1
2.02 184.72 1
2.03 195.47 1
2.04 188.37 1
2.05 186.3 1
2.06 187.73 1
2.07 187.68 1
2.08 186.48 1
2.09 186.61 1
2.1 185.73 1
2.11 185.4 1
2.12 184.21 1
2.13 183.99 1
2.14 184.5 1
2.15 184.85 1
2.16 185.69 1
2.17 186.6 1
2.18 186.31 1
2.19 186.47 1
2.2 186.71 1
2.21 187.26 1
2.22 188.51 1
2.23 188.81 1
2.24 188.71 1
2.25 188.3 1
2.26 187.14 1
2.27 185.62 1
2.28 184.76 1
2.29 184.19 1
2.3 184.91 1
2.31 186.47 1
2.32 188.07 1
2.33 192.47 1
2.34 195.24 1
2.35 194.61 1
2.36 184.16 1
2.37 181.88 1
2.38 184.14 1
2.39 174.65 1
2.4 183.38 1
2.41 0.0 1
2.42 0.0 1
2.43 0.0 1
2.44 0.0 1
2.45 0.0 1
2.46 0.0 1
2.47 0.0 1
2.48 151.31 1
2.49 151.29 1
2.5 151.74 1
2.51 151.14 1
2.52 152.05 1
2.53 152.17 1
2.54 154.07 1
2.55 155.13 1
2.56 156.16 1
2.57 156.67 1
2.58 157.1 1
2.59 156.66 1
2.6 157.07 1
2.61 156.52 1
2.62 156.28 1
2.63 155.96 1
2.64 155.22 1
2.65 154.1 1
2.66 153.25 1
2.67 152.9 1
2.68 153.73 1
2.69 153.59 1
2.7 153.3 1
2.71 152.24 1
2.72 152.56 1
2.73 153.38 1
2.74 154.78 1
2.75 157.48 1
2.76 164.76 1
2.77 170.25 1
2.78 177.04 1
2.79 182.14 1
2.8 187.87 1
2.81 189.73 1
2.82 189.8 1
2.83 186.47 1
2.84 183.32 1
2.85 177.84 1
2.86 171.65 1
2.87 168.55 1
2.88 157.12 1
2.89 152.77 1
2.9 151.87 1
2.91 151.01 1
2.92 152.08 1
2.93 153.8 1
2.94 156.75 1
2.95 162.43 1
2.96 166.95 1
2.97 169.43 1
2.98 172.27 1
2.99 176.05 1
3.0 168.06 1
3.01 165.49 1
3.02 152.09 1
3.03 0.0 1
3.04 0.0 1
3.05 0.0 1
3.06 0.0 1
3.07 0.0 1
3.08 0.0 1
3.09 0.0 1
3.1 0.0 1
3.11 0.0 1
3.12 0.0 1
3.13 0.0 1
3.14 146.76 1
3.15 136.32 1
3.16 135.9 1
3.17 135.35 1
3.18 135.41 1
3.19 138.59 1
3.2 137.02 1
3.21 136.26 1
3.22 138.29 1
3.23 136.75 1
3.24 138.9 1
3.25 139.94 1
3.26 139.78 1
3.27 136.75 1
3.28 139.12 1
3.29 139.38 1
3.3 136.74 1
3.31 137.17 1
3.32 138.3 1
3.33 137.52 1
3.34 137.0 1
3.35 137.41 1
3.36 137.97 1
3.37 137.44 1
3.38 135.9 1
3.39 137.37 1
3.4 138.08 1
3.41 136.32 1
3.42 138.92 1
3.43 141.12 1
3.44 140.98 1
3.45 143.02 1
3.46 142.83 1
3.47 138.9 1
3.48 142.03 1
3.49 133.44 1
3.5 124.75 1
3.51 134.66 1
3.52 138.46 1
3.53 138.03 1
3.54 136.32 1
3.55 157.93 1
3.56 153.03 1
3.57 160.99 1
3.58 164.33 1
3.59 166.36 1
3.6 168.48 1
3.61 168.6 1
3.62 169.82 1
3.63 169.51 1
3.64 170.4 1
3.65 170.61 1
3.66 169.94 1
3.67 168.58 1
3.68 166.32 1
3.69 163.97 1
3.7 161.35 1
3.71 160.08 1
3.72 158.3 1
3.73 157.67 1
3.74 157.2 1
3.75 157.17 1
3.76 156.92 1
3.77 156.64 1
3.78 156.51 1
3.79 156.35 1
3.8 156.44 1
3.81 156.35 1
3.82 155.65 1
3.83 155.02 1
3.84 154.17 1
3.85 153.45 1
3.86 153.27 1
3.87 152.91 1
3.88 153.32 1
3.89 153.75 1
3.9 153.86 1
3.91 154.73 1
3.92 154.62 1
3.93 155.27 1
3.94 154.8 1
3.95 154.06 1
3.96 153.59 1
3.97 153.04 1
3.98 153.37 1
3.99 153.8 1
4.0 153.74 1
4.01 154.76 1
4.02 155.68 1
4.03 156.67 1
4.04 157.24 1
4.05 159.81 1
4.06 162.05 1
4.07 164.32 1
4.08 167.25 1
4.09 168.57 1
4.1 168.66 1
4.11 168.72 1
4.12 167.56 1
4.13 165.76 1
4.14 162.48 1
4.15 160.04 1
4.16 157.79 1
4.17 155.64 1
4.18 154.18 1
4.19 152.46 1
4.2 151.05 1
4.21 149.59 1
4.22 147.57 1
4.23 144.83 1
4.24 143.01 1
4.25 140.67 1
4.26 138.67 1
4.27 138.44 1
4.28 137.27 1
4.29 135.91 1
4.3 136.26 1
4.31 136.31 1
4.32 135.91 1
4.33 137.47 1
4.34 137.18 1
4.35 139.28 1
4.36 139.38 1
4.37 138.91 1
4.38 137.61 1
4.39 135.08 1
4.4 125.03 1
4.41 132.23 1
4.42 130.62 1
4.43 132.63 1
4.44 128.76 1
4.45 133.84 1
4.46 133.67 1
4.47 141.12 1
4.48 136.38 1
4.49 137.14 1
4.5 138.46 1
4.51 137.7 1
4.52 138.4 1
4.53 138.97 1
4.54 139.22 1
4.55 139.28 1
4.56 139.49 1
4.57 139.7 1
4.58 139.55 1
4.59 139.36 1
4.6 139.43 1
4.61 139.17 1
4.62 139.37 1
4.63 138.6 1
4.64 137.83 1
4.65 137.95 1
4.66 138.09 1
4.67 139.32 1
4.68 140.87 1
4.69 141.38 1
4.7 141.24 1
4.71 141.69 1
4.72 140.87 1
4.73 138.98 1
4.74 137.7 1
4.75 135.91 1
4.76 134.66 1
4.77 134.66 1
4.78 133.85 1
4.79 134.25 1
4.8 131.45 1
4.81 167.28 1
4.82 133.11 1
4.83 144.94 1
4.84 144.83 1
4.85 159.59 1
4.86 173.28 1
4.87 178.55 1
4.88 188.7 1
4.89 194.12 1
4.9 198.2 1
4.91 205.42 1
4.92 204.44 1
4.93 205.41 1
4.94 206.24 1
4.95 206.49 1
4.96 206.45 1
4.97 206.27 1
4.98 206.66 1
4.99 205.6 1
5.0 206.56 1
5.01 201.83 1
5.02 206.83 1
5.03 214.05 1
5.04 213.72 1
5.05 211.51 1
5.06 210.32 1
5.07 208.36 1
5.08 205.33 1
5.09 200.47 1
5.1 193.08 1
5.11 185.68 1
5.12 184.03 1
5.13 183.3 1
5.14 181.22 1
5.15 181.46 1
5.16 180.39 1
5.17 181.76 1
5.18 181.51 1
5.19 184.11 1
5.2 183.53 1
5.21 185.51 1
5.22 185.36 1
5.23 186.14 1
5.24 186.99 1
5.25 187.09 1
5.26 184.91 1
5.27 184.14 1
5.28 183.66 1
5.29 181.37 1
5.3 179.37 1
5.31 175.42 1
5.32 170.86 1
5.33 167.12 1
5.34 160.59 1
5.35 155.84 1
5.36 154.31 1
5.37 152.49 1
5.38 153.28 1
5.39 151.93 1
5.4 152.03 1
5.41 153.03 1
5.42 153.02 1
5.43 154.09 1
5.44 154.48 1
5.45 155.82 1
5.46 156.28 1
5.47 155.3 1
5.48 154.8 1
5.49 153.62 1
5.5 153.38 1
5.51 153.17 1
5.52 154.26 1
5.53 154.28 1
5.54 154.01 1
5.55 154.47 1
5.56 154.58 1
5.57 154.93 1
5.58 154.39 1
5.59 153.68 1
5.6 153.59 1
5.61 153.66 1
5.62 153.63 1
5.63 154.11 1
5.64 156.22 1
5.65 161.31 1
5.66 165.25 1
5.67 168.63 1
5.68 171.4 1
5.69 172.24 1
5.7 171.86 1
5.71 170.6 1
5.72 167.41 1
5.73 163.0 1
5.74 158.86 1
5.75 155.63 1
5.76 152.85 1
5.77 152.56 1
5.78 152.14 1
5.79 152.85 1
5.8 153.79 1
5.81 154.99 1
5.82 156.17 1
5.83 157.32 1
5.84 158.75 1
5.85 159.94 1
5.86 160.84 1
5.87 162.21 1
5.88 163.01 1
5.89 159.99 1
5.9 155.23 1
5.91 149.32 1
5.92 154.67 1
5.93 151.21 1
5.94 146.57 1
5.95 144.78 1
5.96 141.19 1
5.97 139.69 1
5.98 145.16 1
5.99 139.54 1
6.0 135.81 1
6.01 136.43 1
6.02 138.04 1
6.03 138.35 1
6.04 138.35 1
6.05 138.65 1
6.06 138.66 1
6.07 138.11 1
6.08 137.4 1
6.09 136.16 1
6.1 134.66 1
6.11 137.17 1
6.12 139.78 1
6.13 140.05 1
6.14 136.75 1
6.15 140.22 1
6.16 141.09 1
6.17 180.69 1
6.18 186.48 1
6.19 183.26 1
6.2 181.48 1
6.21 195.55 1
6.22 177.18 1
6.23 172.6 1
6.24 166.61 1
6.25 158.92 1
6.26 155.18 1
6.27 150.97 1
6.28 147.63 1
6.29 145.08 1
6.3 144.77 1
6.31 146.88 1
6.32 151.08 1
6.33 156.33 1
6.34 161.04 1
6.35 168.94 1
6.36 176.75 1
6.37 175.7 1
6.38 177.5 1
6.39 175.73 1
6.4 173.45 1
6.41 170.22 1
6.42 162.46 1
6.43 159.29 1
6.44 154.77 1
6.45 148.89 1
6.46 146.64 1
6.47 146.44 1
6.48 146.91 1
6.49 147.63 1
6.5 150.52 1
6.51 154.72 1
6.52 161.06 1
6.53 173.25 1
6.54 185.33 1
6.55 195.13 1
6.56 200.46 1
6.57 204.06 1
6.58 207.93 1
6.59 206.56 1
6.6 204.11 1
6.61 201.29 1
6.62 192.88 1
6.63 183.29 1
6.64 175.83 1
6.65 165.35 1
6.66 157.49 1
6.67 155.29 1
6.68 154.24 1
6.69 156.45 1
6.7 163.1 1
6.71 172.46 1
6.72 184.21 1
6.73 193.82 1
6.74 200.22 1
6.75 205.44 1
6.76 207.53 1
6.77 209.87 1
6.78 211.56 1
6.79 211.5 1
6.8 209.2 1
6.81 205.8 1
6.82 173.85 1
6.83 220.76 1
6.84 215.0 1
6.85 211.95 1
6.86 212.03 1
6.87 211.64 1
6.88 209.34 1
6.89 207.34 1
6.9 208.3 1
6.91 212.0 1
6.92 220.82 1
6.93 232.17 1
6.94 244.74 1
6.95 258.31 1
6.96 265.52 1
6.97 276.15 1
6.98 305.19 1
6.99 312.96 1
