0.01 0.0 1
0.02 0.0 1
0.03 0.0 1
0.04 0.0 1
0.05 0.0 1
0.06 0.0 1
0.07 0.0 1
0.08 0.0 1
0.09 0.0 1
0.1 0.0 1
0.11 320.73 1
0.12 304.63 1
0.13 291.1 1
0.14 289.49 1
0.15 285.04 1
0.16 281.03 1
0.17 279.67 1
0.18 279.35 1
0.19 280.03 1
0.2 279.77 1
0.21 279.8 1
0.22 279.33 1
0.23 278.47 1
0.24 277.79 1
0.25 278.0 1
0.26 277.92 1
0.27 277.66 1
0.28 277.37 1
0.29 277.24 1
0.3 276.71 1
0.31 275.36 1
0.32 272.9 1
0.33 274.19 1
0.34 277.79 1
0.35 274.77 1
0.36 258.66 1
0.37 250.88 1
0.38 247.48 1
0.39 244.47 1
0.4 234.8 1
0.41 237.45 1
0.42 239.87 1
0.43 238.6 1
0.44 238.38 1
0.45 233.95 1
0.46 232.89 1
0.47 230.29 1
0.48 229.1 1
0.49 229.23 1
0.5 229.46 1
0.51 229.88 1
0.52 230.68 1
0.53 232.48 1
0.54 233.48 1
0.55 235.53 1
0.56 236.59 1
0.57 238.53 1
0.58 241.27 1
0.59 243.41 1
0.6 245.7 1
0.61 247.45 1
0.62 248.83 1
0.63 250.07 1
0.64 250.09 1
0.65 248.61 1
0.66 247.42 1
0.67 246.75 1
0.68 246.39 1
0.69 246.39 1
0.7 245.66 1
0.71 244.79 1
0.72 243.89 1
0.73 243.3 1
0.74 242.71 1
0.75 241.94 1
0.76 240.83 1
0.77 239.52 1
0.78 237.74 1
0.79 236.53 1
0.8 235.2 1
0.81 234.24 1
0.82 232.74 1
0.83 232.97 1
0.84 231.95 1
0.85 231.17 1
0.86 229.12 1
0.87 230.66 1
0.88 231.4 1
0.89 233.17 1
0.9 235.22 1
0.91 236.91 1
0.92 238.81 1
0.93 241.44 1
0.94 243.43 1
0.95 245.35 1
0.96 246.46 1
0.97 247.59 1
0.98 248.45 1
0.99 249.52 1
1.0 250.6 1
1.01 250.75 1
1.02 250.91 1
1.03 250.54 1
1.04 250.46 1
1.05 250.49 1
1.06 250.13 1
1.07 249.12 1
1.08 247.99 1
1.09 247.06 1
1.1 245.53 1
1.11 243.12 1
1.12 240.9 1
1.13 238.7 1
1.14 235.93 1
1.15 234.15 1
1.16 233.19 1
1.17 233.55 1
1.18 235.07 1
1.19 237.95 1
1.2 240.01 1
1.21 228.64 1
1.22 218.89 1
1.23 202.08 1
1.24 196.83 1
1.25 189.9 1
1.26 192.75 1
1.27 178.18 1
1.28 174.68 1
1.29 188.06 1
1.3 247.06 1
1.31 253.37 1
1.32 279.99 1
1.33 267.84 1
1.34 251.52 1
1.35 248.98 1
1.36 249.09 1
1.37 248.87 1
1.38 248.66 1
1.39 248.61 1
1.4 247.89 1
1.41 247.61 1
1.42 247.47 1
1.43 246.75 1
1.44 246.49 1
1.45 245.77 1
1.46 245.66 1
1.47 244.75 1
1.48 243.39 1
1.49 241.64 1
1.5 240.31 1
1.51 238.19 1
1.52 236.57 1
1.53 234.99 1
1.54 232.45 1
1.55 230.29 1
1.56 228.91 1
1.57 226.46 1
1.58 224.85 1
1.59 222.83 1
1.6 221.97 1
1.61 221.37 1
1.62 220.31 1
1.63 218.4 1
1.64 216.49 1
1.65 214.01 1
1.66 212.13 1
1.67 210.5 1
1.68 211.11 1
1.69 209.51 1
1.7 208.52 1
1.71 209.38 1
1.72 206.57 1
1.73 205.61 1
1.74 204.66 1
1.75 202.77 1
1.76 205.11 1
1.77 205.37 1
1.78 204.65 1
1.79 206.56 1
1.8 206.55 1
1.81 204.64 1
1.82 204.31 1
1.83 203.02 1
1.84 212.92 1
1.85 216.71 1
1.86 215.28 1
1.87 192.16 1
1.88 179.64 1
1.89 184.93 1
1.9 186.01 1
1.91 187.54 1
1.92 184.45 1
1.93 223.3 1
1.94 234.88 1
1.95 239.76 1
1.96 238.94 1
1.97 235.76 1
1.98 233.29 1
1.99 232.66 1
2.0 232.66 1
2.01 231.5 1
2.02 232.19 1
2.03 230.3 1
2.04 231.38 1
2.05 231.5 1
2.06 232.49 1
2.07 232.23 1
2.08 232.13 1
2.09 231.86 1
2.1 231.52 1
2.11 232.26 1
2.12 231.51 1
2.13 231.41 1
2.14 230.3 1
2.15 231.31 1
2.16 231.68 1
2.17 231.5 1
2.18 232.72 1
2.19 232.72 1
2.2 232.72 1
2.21 229.1 1
2.22 232.41 1
2.23 231.5 1
2.24 233.09 1
2.25 232.72 1
2.26 233.59 1
2.27 236.54 1
2.28 236.47 1
2.29 232.72 1
2.3 232.13 1
2.31 231.29 1
2.32 232.25 1
2.33 233.52 1
2.34 234.5 1
2.35 235.32 1
2.36 237.67 1
2.37 239.62 1
2.38 242.99 1
2.39 244.39 1
2.4 244.0 1
2.41 241.66 1
2.42 244.55 1
2.43 244.4 1
2.44 243.72 1
2.45 245.68 1
2.46 245.68 1
2.47 244.13 1
2.48 245.68 1
2.49 245.68 1
2.5 244.15 1
2.51 245.68 1
2.52 244.98 1
2.53 245.12 1
2.54 245.71 1
2.55 245.66 1
2.56 245.99 1
2.57 247.05 1
2.58 246.57 1
2.59 247.46 1
2.6 247.82 1
2.61 246.88 1
2.62 244.91 1
2.63 234.4 1
2.64 222.16 1
2.65 207.13 1
2.66 201.64 1
2.67 191.29 1
2.68 191.32 1
2.69 180.36 1
2.7 191.96 1
2.71 185.4 1
2.72 181.85 1
2.73 179.63 1
2.74 178.92 1
2.75 176.75 1
2.76 200.12 1
2.77 200.15 1
2.78 201.49 1
2.79 200.31 1
2.8 199.5 1
2.81 198.82 1
2.82 200.05 1
2.83 200.18 1
2.84 200.33 1
2.85 200.07 1
2.86 199.48 1
2.87 199.6 1
2.88 199.96 1
2.89 201.0 1
2.9 201.5 1
2.91 203.22 1
2.92 203.7 1
2.93 205.07 1
2.94 205.46 1
2.95 205.5 1
2.96 206.32 1
2.97 206.02 1
2.98 206.22 1
2.99 206.45 1
3.0 205.6 1
3.01 205.13 1
3.02 204.65 1
3.03 204.65 1
3.04 206.56 1
3.05 205.61 1
3.06 206.56 1
3.07 207.54 1
3.08 204.65 1
3.09 198.38 1
3.1 187.26 1
3.11 194.35 1
3.12 189.68 1
3.13 183.41 1
3.14 167.63 1
3.15 168.06 1
3.16 163.57 1
3.17 174.53 1
3.18 173.28 1
3.19 176.96 1
3.2 181.19 1
3.21 179.17 1
3.22 178.71 1
3.23 180.64 1
3.24 181.72 1
3.25 181.05 1
3.26 181.54 1
3.27 182.43 1
3.28 182.59 1
3.29 183.73 1
3.3 182.96 1
3.31 182.76 1
3.32 184.02 1
3.33 184.62 1
3.34 184.14 1
3.35 185.57 1
3.36 186.29 1
3.37 184.92 1
3.38 185.69 1
3.39 185.84 1
3.4 184.92 1
3.41 184.93 1
3.42 186.47 1
3.43 187.04 1
3.44 186.79 1
3.45 185.69 1
3.46 186.42 1
3.47 186.8 1
3.48 186.47 1
3.49 185.7 1
3.5 187.28 1
3.51 188.07 1
3.52 186.51 1
3.53 188.07 1
3.54 186.48 1
3.55 164.54 1
3.56 178.2 1
3.57 176.77 1
3.58 169.94 1
3.59 169.29 1
3.6 168.65 1
3.61 179.42 1
3.62 184.03 1
3.63 186.49 1
3.64 184.15 1
3.65 186.47 1
3.66 187.15 1
3.67 184.92 1
3.68 184.92 1
3.69 187.12 1
3.7 186.48 1
3.71 184.15 1
3.72 184.93 1
3.73 187.33 1
3.74 185.7 1
3.75 186.48 1
3.76 187.71 1
3.77 186.49 1
3.78 185.7 1
3.79 184.16 1
3.8 187.27 1
3.81 186.74 1
3.82 184.15 1
3.83 186.32 1
3.84 185.68 1
3.85 184.91 1
3.86 182.62 1
3.87 181.86 1
3.88 182.13 1
3.89 181.25 1
3.9 179.19 1
3.91 178.19 1
3.92 176.59 1
3.93 175.97 1
3.94 174.88 1
3.95 173.73 1
3.96 172.29 1
3.97 171.16 1
3.98 169.67 1
3.99 168.86 1
4.0 167.17 1
4.01 165.87 1
4.02 164.43 1
4.03 163.15 1
4.04 162.42 1
4.05 161.81 1
4.06 155.6 1
4.07 157.77 1
4.08 157.01 1
4.09 155.57 1
4.1 155.72 1
4.11 155.55 1
4.12 152.36 1
4.13 153.97 1
4.14 153.44 1
4.15 153.24 1
4.16 154.45 1
4.17 151.83 1
4.18 153.39 1
4.19 152.29 1
4.2 152.36 1
4.21 152.85 1
4.22 146.76 1
4.23 152.86 1
4.24 71.77 1
4.25 69.75 1
4.26 70.25 1
4.27 69.92 1
4.28 68.82 1
4.29 69.8 1
4.3 168.04 1
4.31 175.34 1
4.32 157.51 1
4.33 157.11 1
4.34 158.92 1
4.35 158.35 1
4.36 155.42 1
4.37 155.31 1
4.38 154.79 1
4.39 155.38 1
4.4 155.54 1
4.41 156.5 1
4.42 155.58 1
4.43 156.86 1
4.44 156.62 1
4.45 156.4 1
4.46 155.94 1
4.47 156.13 1
4.48 156.25 1
4.49 156.78 1
4.5 156.95 1
4.51 157.18 1
4.52 156.85 1
4.53 156.39 1
4.54 155.87 1
4.55 155.68 1
4.56 155.22 1
4.57 155.29 1
4.58 155.84 1
4.59 156.46 1
4.6 157.68 1
4.61 158.58 1
4.62 158.65 1
4.63 156.7 1
4.64 157.24 1
4.65 157.53 1
4.66 156.85 1
4.67 156.06 1
4.68 155.59 1
4.69 154.97 1
4.7 154.85 1
4.71 154.95 1
4.72 155.25 1
4.73 155.29 1
4.74 155.54 1
4.75 155.23 1
4.76 155.32 1
4.77 155.21 1
4.78 155.43 1
4.79 155.56 1
4.8 156.67 1
4.81 157.96 1
4.82 159.69 1
4.83 161.44 1
4.84 163.37 1
4.85 165.2 1
4.86 166.76 1
4.87 166.73 1
4.88 168.0 1
4.89 168.03 1
4.9 167.95 1
4.91 165.8 1
4.92 163.39 1
4.93 160.71 1
4.94 152.86 1
4.95 155.56 1
4.96 151.82 1
4.97 145.3 1
4.98 137.6 1
4.99 145.08 1
5.0 143.54 1
5.01 145.66 1
5.02 148.3 1
5.03 152.8 1
5.04 152.74 1
5.05 153.78 1
5.06 152.85 1
5.07 151.27 1
5.08 151.35 1
5.09 151.24 1
5.1 152.23 1
5.11 151.85 1
5.12 151.81 1
5.13 152.06 1
5.14 152.65 1
5.15 153.03 1
5.16 152.98 1
5.17 152.93 1
5.18 152.67 1
5.19 152.36 1
5.2 152.33 1
5.21 152.19 1
5.22 152.68 1
5.23 152.27 1
5.24 153.67 1
5.25 154.64 1
5.26 155.79 1
5.27 156.66 1
5.28 158.3 1
5.29 156.41 1
5.3 147.74 1
5.31 0.0 1
5.32 0.0 1
5.33 0.0 1
5.34 0.0 1
5.35 0.0 1
5.36 0.0 1
5.37 0.0 1
5.38 0.0 1
5.39 0.0 1
5.4 0.0 1
5.41 0.0 1
5.42 0.0 1
5.43 0.0 1
5.44 0.0 1
5.45 125.82 1
5.46 128.01 1
5.47 127.13 1
5.48 128.21 1
5.49 129.56 1
5.5 131.83 1
5.51 132.18 1
5.52 133.06 1
5.53 133.05 1
5.54 133.63 1
5.55 134.65 1
5.56 135.91 1
5.57 137.93 1
5.58 138.78 1
5.59 139.59 1
5.6 139.68 1
5.61 139.47 1
5.62 139.69 1
5.63 139.43 1
5.64 139.33 1
5.65 139.18 1
5.66 138.85 1
5.67 139.2 1
5.68 139.1 1
5.69 139.27 1
5.7 139.25 1
5.71 139.65 1
5.72 140.39 1
5.73 141.61 1
5.74 142.44 1
5.75 142.72 1
5.76 143.83 1
5.77 144.09 1
5.78 144.23 1
5.79 142.95 1
5.8 150.43 1
5.81 148.52 1
5.82 142.01 1
5.83 140.66 1
5.84 137.77 1
5.85 139.07 1
5.86 140.04 1
5.87 136.75 1
5.88 134.66 1
5.89 136.09 1
5.9 136.74 1
5.91 136.75 1
5.92 138.33 1
5.93 138.06 1
5.94 138.03 1
5.95 138.03 1
5.96 138.25 1
5.97 138.27 1
5.98 138.53 1
5.99 138.9 1
6.0 140.73 1
6.01 139.82 1
6.02 140.18 1
6.03 140.67 1
6.04 140.0 1
6.05 140.25 1
6.06 140.22 1
6.07 139.9 1
6.08 140.4 1
6.09 140.13 1
6.1 139.2 1
6.11 138.53 1
6.12 138.18 1
6.13 138.66 1
6.14 139.06 1
6.15 138.17 1
6.16 137.17 1
6.17 68.62 1
6.18 68.89 1
6.19 68.76 1
6.2 69.4 1
6.21 69.4 1
6.22 69.12 1
6.23 69.15 1
6.24 69.1 1
6.25 69.41 1
6.26 69.72 1
6.27 69.13 1
6.28 69.6 1
6.29 0.0 1
6.3 0.0 1
6.31 154.49 1
6.32 161.39 1
6.33 163.31 1
6.34 166.72 1
6.35 167.77 1
6.36 172.32 1
6.37 174.24 1
6.38 174.62 1
6.39 174.88 1
6.4 174.41 1
6.41 173.17 1
6.42 171.79 1
6.43 169.3 1
6.44 168.05 1
6.45 165.78 1
6.46 165.33 1
6.47 164.03 1
6.48 163.62 1
6.49 163.06 1
6.5 162.43 1
6.51 161.7 1
6.52 160.82 1
6.53 160.27 1
6.54 157.79 1
6.55 157.23 1
6.56 157.22 1
6.57 157.22 1
6.58 157.22 1
6.59 157.22 1
6.6 156.12 1
6.61 156.11 1
6.62 156.11 1
6.63 155.56 1
6.64 156.11 1
6.65 156.51 1
6.66 156.12 1
6.67 156.67 1
6.68 157.23 1
6.69 157.79 1
6.7 157.79 1
6.71 157.79 1
6.72 159.5 1
6.73 162.56 1
6.74 164.24 1
6.75 166.03 1
6.76 168.72 1
6.77 169.19 1
6.78 169.29 1
6.79 168.68 1
6.8 165.8 1
6.81 163.5 1
6.82 161.03 1
6.83 157.09 1
6.84 154.81 1
6.85 150.19 1
6.86 146.76 1
6.87 141.32 1
6.88 141.0 1
6.89 138.91 1
6.9 136.34 1
6.91 135.08 1
6.92 68.85 1
6.93 69.29 1
6.94 68.97 1
6.95 69.36 1
6.96 69.35 1
6.97 69.36 1
6.98 69.39 1
6.99 0.0 1
7.0 0.0 1
7.01 0.0 1
7.02 0.0 1
7.03 0.0 1
7.04 0.0 1
7.05 0.0 1
7.06 0.0 1
7.07 0.0 1
7.08 0.0 1
7.09 0.0 1
7.1 0.0 1
7.11 0.0 1
7.12 0.0 1
7.13 0.0 1
7.14 0.0 1
7.15 0.0 1
7.16 0.0 1
7.17 0.0 1
7.18 0.0 1
7.19 0.0 1
7.2 0.0 1
7.21 0.0 1
7.22 0.0 1
7.23 0.0 1
7.24 69.7 1
7.25 68.89 1
7.26 69.94 1
7.27 69.49 1
7.28 69.04 1
7.29 70.17 1
7.3 69.59 1
7.31 69.17 1
7.32 69.5 1
7.33 69.24 1
7.34 69.45 1
7.35 69.62 1
7.36 69.15 1
7.37 69.29 1
7.38 69.47 1
7.39 68.77 1
7.4 0.0 1
7.41 0.0 1
7.42 0.0 1
7.43 0.0 1
7.44 0.0 1
7.45 174.65 1
7.46 162.06 1
7.47 148.24 1
7.48 136.77 1
7.49 136.28 1
7.5 138.01 1
7.51 134.91 1
7.52 135.02 1
7.53 135.08 1
7.54 137.58 1
7.55 138.98 1
7.56 140.11 1
7.57 141.26 1
7.58 143.18 1
7.59 144.83 1
7.6 145.27 1
7.61 144.39 1
7.62 145.76 1
7.63 140.68 1
7.64 141.32 1
7.65 136.32 1
7.66 139.77 1
7.67 128.38 1
7.68 118.14 1
7.69 119.68 1
7.7 117.88 1
7.71 116.06 1
7.72 113.26 1
7.73 109.84 1
7.74 109.37 1
7.75 102.03 1
7.76 105.37 1
7.77 106.39 1
7.78 106.15 1
7.79 107.59 1
7.8 109.29 1
7.81 110.94 1
7.82 112.65 1
7.83 116.64 1
7.84 117.13 1
7.85 121.34 1
7.86 124.9 1
7.87 133.95 1
7.88 126.92 1
7.89 132.6 1
7.9 131.07 1
7.91 132.44 1
7.92 131.07 1
7.93 131.81 1
7.94 129.54 1
7.95 130.25 1
7.96 128.12 1
7.97 124.41 1
7.98 129.14 1
7.99 123.04 1
8.0 123.04 1
8.01 118.42 1
8.02 117.47 1
8.03 117.75 1
8.04 116.43 1
8.05 116.18 1
8.06 114.86 1
8.07 114.29 1
8.08 113.52 1
8.09 113.23 1
8.1 112.84 1
8.11 112.51 1
8.12 112.83 1
8.13 113.91 1
8.14 112.94 1
8.15 113.9 1
8.16 115.86 1
8.17 117.14 1
8.18 118.71 1
8.19 119.36 1
8.2 120.68 1
8.21 126.14 1
8.22 124.38 1
8.23 125.08 1
8.24 124.91 1
8.25 125.03 1
8.26 123.45 1
8.27 122.36 1
8.28 120.35 1
8.29 119.77 1
8.3 118.34 1
8.31 117.83 1
8.32 116.88 1
8.33 116.5 1
8.34 116.31 1
8.35 115.9 1
8.36 115.94 1
8.37 115.36 1
8.38 115.4 1
8.39 115.21 1
8.4 115.08 1
8.41 115.25 1
8.42 115.81 1
8.43 117.77 1
8.44 117.86 1
8.45 120.68 1
8.46 122.33 1
8.47 126.44 1
8.48 128.83 1
8.49 130.38 1
8.5 132.07 1
8.51 128.76 1
8.52 113.33 1
8.53 114.1 1
8.54 112.14 1
8.55 112.05 1
8.56 92.9 1
8.57 69.2 1
8.58 69.41 1
8.59 69.29 1
8.6 69.42 1
8.61 69.38 1
8.62 69.12 1
8.63 69.37 1
8.64 69.07 1
8.65 66.77 1
8.66 116.15 1
8.67 115.22 1
8.68 104.17 1
8.69 98.99 1
8.7 97.25 1
8.71 99.66 1
8.72 98.56 1
8.73 98.56 1
8.74 99.99 1
8.75 99.44 1
8.76 100.78 1
8.77 100.57 1
8.78 101.5 1
8.79 100.57 1
8.8 101.58 1
8.81 101.27 1
8.82 101.36 1
8.83 102.36 1
8.84 101.97 1
8.85 101.9 1
8.86 101.04 1
8.87 103.39 1
8.88 101.99 1
8.89 102.92 1
8.9 104.3 1
8.91 102.28 1
8.92 105.07 1
8.93 105.85 1
8.94 104.41 1
8.95 106.65 1
8.96 106.83 1
8.97 106.66 1
8.98 106.14 1
8.99 98.77 1
9.0 105.38 1
9.01 104.88 1
9.02 101.26 1
9.03 100.34 1
9.04 99.58 1
9.05 99.34 1
9.06 99.52 1
9.07 102.68 1
9.08 100.76 1
9.09 101.27 1
9.1 101.26 1
9.11 100.43 1
9.12 100.63 1
9.13 100.1 1
9.14 100.54 1
9.15 101.15 1
9.16 101.51 1
9.17 102.82 1
9.18 104.43 1
9.19 106.64 1
9.2 109.6 1
9.21 112.05 1
9.22 114.7 1
9.23 119.99 1
9.24 131.44 1
9.25 136.4 1
9.26 137.18 1
9.27 137.61 1
9.28 142.21 1
9.29 142.03 1
9.3 142.65 1
9.31 141.8 1
9.32 140.8 1
9.33 140.28 1
9.34 137.18 1
9.35 138.01 1
9.36 134.24 1
9.37 133.02 1
9.38 129.95 1
9.39 126.91 1
9.4 125.11 1
9.41 117.75 1
9.42 115.49 1
9.43 112.93 1
9.44 110.41 1
9.45 108.75 1
9.46 106.14 1
9.47 102.2 1
9.48 105.13 1
9.49 107.58 1
9.5 106.88 1
9.51 107.22 1
9.52 110.94 1
9.53 112.93 1
9.54 117.03 1
9.55 123.01 1
9.56 121.65 1
9.57 129.51 1
9.58 131.79 1
9.59 134.25 1
9.6 134.66 1
9.61 141.57 1
9.62 138.82 1
9.63 136.33 1
9.64 140.21 1
9.65 138.02 1
9.66 134.66 1
9.67 135.04 1
9.68 134.12 1
9.69 133.42 1
9.7 131.45 1
9.71 130.28 1
9.72 128.4 1
9.73 128.33 1
9.74 123.37 1
9.75 120.67 1
9.76 119.56 1
9.77 116.6 1
9.78 113.51 1
9.79 109.02 1
9.8 107.69 1
9.81 105.74 1
9.82 104.43 1
9.83 102.01 1
9.84 98.97 1
9.85 101.73 1
9.86 93.22 1
9.87 69.25 1
9.88 69.23 1
9.89 69.5 1
9.9 69.15 1
9.91 69.4 1
9.92 68.85 1
9.93 69.95 1
9.94 69.03 1
9.95 69.15 1
9.96 69.38 1
9.97 66.38 1
9.98 70.06 1
9.99 143.41 1
10.0 142.02 1
10.01 140.25 1
10.02 139.96 1
10.03 139.77 1
10.04 140.19 1
10.05 139.59 1
10.06 139.78 1
10.07 141.08 1
10.08 139.73 1
10.09 141.09 1
10.1 139.38 1
10.11 137.2 1
10.12 137.6 1
10.13 137.73 1
10.14 138.42 1
10.15 138.05 1
10.16 139.17 1
10.17 139.9 1
10.18 140.26 1
10.19 141.1 1
10.2 140.12 1
10.21 139.72 1
10.22 139.18 1
10.23 139.66 1
10.24 140.13 1
10.25 140.0 1
10.26 138.5 1
10.27 139.39 1
10.28 138.56 1
10.29 136.36 1
10.3 136.35 1
10.31 69.39 1
10.32 69.32 1
10.33 68.32 1
10.34 69.29 1
10.35 69.43 1
10.36 167.08 1
10.37 153.93 1
10.38 163.37 1
10.39 169.36 1
10.4 172.07 1
10.41 173.1 1
10.42 170.39 1
10.43 167.53 1
10.44 163.01 1
10.45 159.5 1
10.46 158.4 1
10.47 156.8 1
10.48 157.01 1
10.49 157.05 1
10.5 156.95 1
10.51 157.22 1
10.52 157.79 1
10.53 160.66 1
10.54 152.33 1
10.55 156.53 1
10.56 180.37 1
10.57 175.38 1
10.58 167.99 1
10.59 180.38 1
10.6 178.2 1
10.61 174.67 1
10.62 168.64 1
10.63 176.69 1
10.64 176.78 1
10.65 170.81 1
10.66 178.92 1
10.67 177.5 1
10.68 168.63 1
10.69 170.59 1
10.7 169.28 1
10.71 170.59 1
10.72 177.48 1
10.73 171.41 1
10.74 178.33 1
10.75 176.75 1
10.76 169.27 1
10.77 179.63 1
10.78 167.94 1
10.79 167.98 1
10.8 176.76 1
10.81 167.4 1
10.82 176.79 1
10.83 179.64 1
10.84 168.11 1
10.85 176.81 1
10.86 178.93 1
10.87 167.66 1
10.88 180.41 1
10.89 181.01 1
10.9 0.0 1
10.91 0.0 1
10.92 0.0 1
10.93 0.0 1
10.94 0.0 1
10.95 0.0 1
10.96 0.0 1
10.97 0.0 1
10.98 0.0 1
10.99 0.0 1
11.0 0.0 1
11.01 151.91 1
11.02 142.03 1
11.03 138.9 1
11.04 138.03 1
11.05 137.89 1
11.06 137.75 1
11.07 137.77 1
11.08 138.05 1
11.09 138.2 1
11.1 138.43 1
11.11 138.64 1
11.12 139.57 1
11.13 140.35 1
11.14 140.7 1
11.15 140.84 1
11.16 140.75 1
11.17 139.72 1
11.18 140.07 1
11.19 139.49 1
11.2 139.47 1
11.21 139.36 1
11.22 138.03 1
11.23 137.6 1
11.24 136.75 1
11.25 137.6 1
11.26 136.33 1
11.27 138.04 1
11.28 133.03 1
11.29 140.08 1
11.3 139.78 1
11.31 145.55 1
11.32 162.43 1
11.33 162.43 1
11.34 168.74 1
11.35 168.98 1
11.36 167.41 1
11.37 164.83 1
11.38 161.11 1
11.39 158.05 1
11.4 153.71 1
11.41 150.82 1
11.42 149.85 1
11.43 150.93 1
11.44 153.87 1
11.45 157.52 1
11.46 162.27 1
11.47 166.79 1
11.48 170.68 1
11.49 172.6 1
11.5 173.48 1
11.51 173.71 1
11.52 172.57 1
11.53 170.25 1
11.54 166.55 1
11.55 162.52 1
11.56 157.82 1
11.57 154.21 1
11.58 151.63 1
11.59 150.25 1
11.6 151.02 1
11.61 148.31 1
11.62 146.03 1
11.63 142.03 1
11.64 146.54 1
11.65 144.83 1
11.66 143.36 1
11.67 139.77 1
11.68 143.89 1
11.69 147.74 1
11.7 156.2 1
11.71 169.83 1
11.72 171.93 1
11.73 180.22 1
11.74 186.74 1
11.75 184.13 1
11.76 187.68 1
11.77 188.06 1
11.78 189.41 1
11.79 189.48 1
11.8 189.42 1
11.81 188.84 1
11.82 188.12 1
11.83 187.07 1
11.84 186.03 1
11.85 185.16 1
11.86 184.73 1
11.87 183.72 1
11.88 183.04 1
11.89 183.01 1
11.9 183.2 1
11.91 184.2 1
11.92 186.03 1
11.93 188.06 1
11.94 189.62 1
11.95 191.01 1
11.96 191.56 1
11.97 191.45 1
11.98 190.34 1
11.99 188.07 1
12.0 186.36 1
12.01 183.87 1
12.02 183.14 1
12.03 184.59 1
12.04 184.92 1
12.05 184.91 1
12.06 184.15 1
12.07 184.93 1
12.08 151.28 1
12.09 178.19 1
12.1 171.46 1
12.11 175.74 1
12.12 178.1 1
12.13 182.26 1
12.14 184.42 1
12.15 185.19 1
12.16 183.86 1
12.17 184.12 1
12.18 184.91 1
12.19 186.18 1
12.2 186.77 1
12.21 186.96 1
12.22 186.82 1
12.23 186.68 1
12.24 185.97 1
12.25 184.92 1
12.26 184.46 1
12.27 184.01 1
12.28 183.7 1
12.29 183.55 1
12.3 183.14 1
12.31 181.66 1
12.32 181.32 1
12.33 180.65 1
12.34 180.18 1
12.35 178.44 1
12.36 176.33 1
12.37 174.02 1
12.38 171.95 1
12.39 168.46 1
12.4 164.11 1
12.41 162.25 1
12.42 160.69 1
12.43 158.67 1
12.44 156.67 1
12.45 156.46 1
12.46 155.48 1
12.47 154.77 1
12.48 155.0 1
12.49 155.05 1
12.5 154.27 1
12.51 154.11 1
12.52 153.25 1
12.53 153.2 1
12.54 152.49 1
12.55 150.16 1
12.56 153.93 1
12.57 153.4 1
12.58 136.33 1
12.59 153.39 1
12.6 144.99 1
12.61 152.22 1
12.62 155.56 1
12.63 157.78 1
12.64 158.2 1
12.65 157.7 1
12.66 156.75 1
12.67 156.54 1
12.68 155.1 1
12.69 153.93 1
12.7 153.37 1
12.71 153.12 1
12.72 154.41 1
12.73 156.27 1
12.74 158.07 1
12.75 159.94 1
12.76 161.15 1
12.77 162.56 1
12.78 163.36 1
12.79 163.05 1
12.8 161.47 1
12.81 159.84 1
12.82 157.22 1
12.83 153.85 1
12.84 151.5 1
12.85 150.01 1
12.86 148.86 1
12.87 148.75 1
12.88 149.3 1
12.89 149.74 1
12.9 151.28 1
12.91 150.91 1
12.92 150.17 1
12.93 144.36 1
12.94 149.46 1
12.95 147.44 1
12.96 134.66 1
12.97 140.67 1
12.98 149.71 1
12.99 146.5 1
13.0 158.63 1
13.01 163.67 1
13.02 171.93 1
13.03 177.67 1
13.04 183.01 1
13.05 181.69 1
13.06 184.24 1
13.07 186.69 1
13.08 187.7 1
13.09 188.4 1
13.1 188.42 1
13.11 188.17 1
13.12 187.61 1
13.13 187.26 1
13.14 184.92 1
13.15 184.14 1
13.16 183.75 1
13.17 182.91 1
13.18 181.5 1
13.19 181.67 1
13.2 181.9 1
13.21 182.15 1
13.22 184.08 1
13.23 185.57 1
13.24 186.7 1
13.25 186.82 1
13.26 185.7 1
13.27 184.91 1
13.28 183.56 1
13.29 181.93 1
13.3 180.75 1
13.31 180.8 1
13.32 180.19 1
13.33 179.82 1
13.34 178.39 1
13.35 175.61 1
13.36 180.49 1
13.37 178.98 1
13.38 173.99 1
13.39 180.63 1
13.4 174.01 1
13.41 176.53 1
13.42 185.16 1
13.43 175.24 1
13.44 0.0 1
13.45 0.0 1
13.46 0.0 1
13.47 208.53 1
13.48 203.26 1
13.49 201.91 1
13.5 202.47 1
13.51 202.16 1
13.52 203.03 1
13.53 202.25 1
13.54 201.78 1
13.55 200.96 1
13.56 200.82 1
13.57 200.35 1
13.58 200.34 1
13.59 200.51 1
13.6 200.96 1
13.61 201.47 1
13.62 201.95 1
13.63 202.26 1
13.64 202.78 1
13.65 202.7 1
13.66 203.31 1
13.67 203.56 1
13.68 204.65 1
13.69 204.66 1
13.7 205.61 1
13.71 206.56 1
13.72 206.57 1
13.73 206.57 1
13.74 206.58 1
13.75 206.58 1
13.76 206.59 1
13.77 206.58 1
13.78 206.57 1
13.79 207.56 1
13.8 207.57 1
13.81 207.57 1
13.82 204.65 1
13.83 207.53 1
13.84 208.51 1
13.85 208.04 1
13.86 208.07 1
13.87 211.51 1
13.88 207.66 1
13.89 210.55 1
13.9 210.05 1
13.91 209.39 1
13.92 207.54 1
13.93 207.53 1
13.94 207.17 1
13.95 206.14 1
13.96 205.82 1
13.97 207.23 1
13.98 209.59 1
13.99 214.4 1
14.0 220.52 1
14.01 227.71 1
14.02 233.95 1
14.03 247.02 1
14.04 252.98 1
14.05 271.73 1
14.06 266.48 1
14.07 272.69 1
14.08 276.99 1
14.09 279.41 1
14.1 281.5 1
14.11 281.05 1
14.12 280.06 1
14.13 278.45 1
14.14 278.65 1
14.15 279.37 1
14.16 279.67 1
14.17 279.84 1
14.18 278.64 1
14.19 275.81 1
14.2 271.5 1
14.21 267.21 1
14.22 261.29 1
14.23 254.18 1
14.24 246.4 1
14.25 239.9 1
14.26 230.98 1
14.27 226.34 1
14.28 220.35 1
