0.01 310.5 1
0.02 278.52 1
0.03 273.78 1
0.04 272.58 1
0.05 271.38 1
0.06 272.41 1
0.07 273.53 1
0.08 274.32 1
0.09 274.19 1
0.1 273.38 1
0.11 273.05 1
0.12 272.48 1
0.13 272.41 1
0.14 273.61 1
0.15 274.21 1
0.16 274.81 1
0.17 274.79 1
0.18 275.01 1
0.19 274.76 1
0.2 273.53 1
0.21 272.34 1
0.22 270.57 1
0.23 268.35 1
0.24 263.31 1
0.25 260.21 1
0.26 257.16 1
0.27 253.97 1
0.28 251.46 1
0.29 249.6 1
0.3 247.33 1
0.31 245.76 1
0.32 244.43 1
0.33 243.31 1
0.34 242.01 1
0.35 241.61 1
0.36 239.93 1
0.37 239.41 1
0.38 239.12 1
0.39 239.02 1
0.4 238.66 1
0.41 237.91 1
0.42 236.15 1
0.43 236.05 1
0.44 236.57 1
0.45 237.78 1
0.46 239.28 1
0.47 239.95 1
0.48 242.46 1
0.49 245.66 1
0.5 248.0 1
0.51 251.0 1
0.52 254.19 1
0.53 257.17 1
0.54 261.73 1
0.55 265.99 1
0.56 267.49 1
0.57 269.45 1
0.58 269.7 1
0.59 270.22 1
0.6 269.89 1
0.61 270.76 1
0.62 271.84 1
0.63 272.24 1
0.64 273.06 1
0.65 272.69 1
0.66 272.83 1
0.67 272.66 1
0.68 273.2 1
0.69 274.69 1
0.7 276.2 1
0.71 277.37 1
0.72 278.96 1
0.73 279.28 1
0.74 278.54 1
0.75 278.2 1
0.76 278.09 1
0.77 277.61 1
0.78 277.52 1
0.79 277.32 1
0.8 276.68 1
0.81 276.9 1
0.82 277.72 1
0.83 277.07 1
0.84 277.3 1
0.85 277.22 1
0.86 276.95 1
0.87 275.83 1
0.88 276.78 1
0.89 278.0 1
0.9 278.23 1
0.91 278.87 1
0.92 280.02 1
0.93 280.11 1
0.94 279.45 1
0.95 279.12 1
0.96 278.41 1
0.97 277.3 1
0.98 275.87 1
0.99 275.37 1
1.0 275.32 1
1.01 276.6 1
1.02 277.6 1
1.03 277.34 1
1.04 276.49 1
1.05 277.01 1
1.06 277.73 1
1.07 277.37 1
1.08 278.74 1
1.09 278.96 1
1.1 278.89 1
1.11 278.54 1
1.12 277.97 1
1.13 277.54 1
1.14 277.15 1
1.15 277.88 1
1.16 278.05 1
1.17 278.16 1
1.18 278.51 1
1.19 278.78 1
1.2 278.88 1
1.21 278.41 1
1.22 278.45 1
1.23 278.43 1
1.24 277.76 1
1.25 277.59 1
1.26 277.98 1
1.27 278.15 1
1.28 278.12 1
1.29 278.8 1
1.3 278.71 1
1.31 279.28 1
1.32 279.63 1
1.33 279.43 1
1.34 279.27 1
1.35 278.95 1
1.36 278.72 1
1.37 277.94 1
1.38 277.79 1
1.39 276.95 1
1.4 276.49 1
1.41 276.51 1
1.42 275.45 1
1.43 275.02 1
1.44 276.49 1
1.45 277.4 1
1.46 278.31 1
1.47 278.96 1
1.48 278.51 1
1.49 278.08 1
1.5 277.48 1
1.51 275.81 1
1.52 275.11 1
1.53 275.25 1
1.54 275.81 1
1.55 276.16 1
1.56 276.92 1
1.57 277.01 1
1.58 277.12 1
1.59 276.49 1
1.6 276.49 1
1.61 275.3 1
1.62 274.46 1
1.63 274.85 1
1.64 275.35 1
1.65 275.26 1
1.66 275.98 1
1.67 275.49 1
1.68 276.48 1
1.69 276.11 1
1.7 277.27 1
1.71 278.32 1
1.72 278.77 1
1.73 279.28 1
1.74 279.99 1
1.75 279.6 1
1.76 278.35 1
1.77 266.47 1
1.78 271.52 1
1.79 124.71 1
1.8 68.53 1
1.81 69.04 1
1.82 68.64 1
1.83 69.66 1
1.84 69.31 1
1.85 69.07 1
1.86 69.5 1
1.87 69.66 1
1.88 70.03 1
1.89 68.89 1
1.9 69.39 1
1.91 69.76 1
1.92 69.31 1
1.93 69.05 1
1.94 69.99 1
1.95 69.15 1
1.96 69.32 1
1.97 69.79 1
1.98 69.02 1
1.99 69.39 1
2.0 69.66 1
2.01 68.83 1
2.02 69.64 1
2.03 69.65 1
2.04 68.87 1
2.05 69.52 1
2.06 69.55 1
2.07 68.96 1
2.08 69.64 1
2.09 69.47 1
2.1 69.03 1
2.11 69.6 1
2.12 69.07 1
2.13 180.77 1
2.14 176.69 1
2.15 179.77 1
2.16 179.71 1
2.17 180.37 1
2.18 178.18 1
2.19 178.08 1
2.2 180.38 1
2.21 178.89 1
2.22 181.11 1
2.23 180.07 1
2.24 178.86 1
2.25 178.23 1
2.26 182.62 1
2.27 178.21 1
2.28 178.2 1
2.29 183.37 1
2.3 177.47 1
2.31 166.09 1
2.32 182.18 1
2.33 178.2 1
2.34 171.93 1
2.35 180.59 1
2.36 179.41 1
2.37 172.6 1
2.38 178.91 1
2.39 174.66 1
2.4 169.1 1
2.41 171.26 1
2.42 172.18 1
2.43 171.12 1
2.44 174.66 1
2.45 176.05 1
2.46 170.04 1
2.47 169.95 1
2.48 176.76 1
2.49 0.0 1
2.5 0.0 1
2.51 0.0 1
2.52 0.0 1
2.53 0.0 1
2.54 0.0 1
2.55 0.0 1
2.56 0.0 1
2.57 313.87 1
2.58 308.69 1
2.59 287.84 1
2.6 283.44 1
2.61 278.52 1
2.62 276.47 1
2.63 275.16 1
2.64 276.49 1
2.65 277.73 1
2.66 277.86 1
2.67 277.89 1
2.68 277.45 1
2.69 277.77 1
2.7 277.67 1
2.71 277.75 1
2.72 278.02 1
2.73 278.32 1
2.74 277.65 1
2.75 278.23 1
2.76 278.27 1
2.77 278.52 1
2.78 278.57 1
2.79 278.13 1
2.8 278.73 1
2.81 279.0 1
2.82 279.41 1
2.83 279.35 1
2.84 279.52 1
2.85 278.92 1
2.86 278.66 1
2.87 278.39 1
2.88 278.21 1
2.89 278.44 1
2.9 278.95 1
2.91 278.15 1
2.92 277.5 1
2.93 275.81 1
2.94 272.46 1
2.95 264.9 1
2.96 276.49 1
2.97 263.34 1
2.98 264.89 1
2.99 279.99 1
3.0 263.05 1
3.01 246.99 1
3.02 278.22 1
3.03 274.93 1
3.04 277.44 1
3.05 277.64 1
3.06 277.66 1
3.07 277.08 1
3.08 275.94 1
3.09 275.0 1
3.1 274.38 1
3.11 273.56 1
3.12 273.88 1
3.13 274.02 1
3.14 273.91 1
3.15 274.38 1
3.16 274.38 1
3.17 274.31 1
3.18 274.25 1
3.19 275.25 1
3.2 277.21 1
3.21 279.06 1
3.22 279.79 1
3.23 280.95 1
3.24 281.3 1
3.25 281.49 1
3.26 281.0 1
3.27 279.33 1
3.28 278.13 1
3.29 276.39 1
3.3 274.6 1
3.31 273.77 1
3.32 272.69 1
3.33 273.69 1
3.34 275.83 1
3.35 278.14 1
3.36 280.34 1
3.37 282.8 1
3.38 284.75 1
3.39 254.18 1
3.4 265.17 1
3.41 268.47 1
3.42 272.73 1
3.43 277.97 1
3.44 279.65 1
3.45 285.29 1
3.46 299.11 1
3.47 318.3 1
3.48 316.38 1
3.49 318.17 1
3.5 317.29 1
3.51 317.71 1
3.52 317.3 1
3.53 317.25 1
3.54 317.39 1
3.55 315.6 1
3.56 314.31 1
3.57 312.27 1
3.58 308.67 1
3.59 304.38 1
3.6 299.51 1
3.61 294.88 1
3.62 287.98 1
3.63 282.04 1
3.64 274.66 1
3.65 268.02 1
3.66 258.53 1
3.67 252.44 1
3.68 247.64 1
3.69 243.92 1
3.7 240.89 1
3.71 239.61 1
3.72 238.23 1
3.73 237.64 1
3.74 237.85 1
3.75 234.85 1
3.76 224.36 1
3.77 207.02 1
3.78 189.69 1
3.79 0.0 1
3.8 0.0 1
3.81 0.0 1
3.82 0.0 1
3.83 0.0 1
3.84 0.0 1
3.85 0.0 1
3.86 0.0 1
3.87 0.0 1
3.88 315.88 1
3.89 301.04 1
3.9 285.98 1
3.91 282.02 1
3.92 280.25 1
3.93 277.38 1
3.94 275.33 1
3.95 276.98 1
3.96 276.46 1
3.97 276.48 1
3.98 275.99 1
3.99 276.01 1
4.0 276.49 1
4.01 277.01 1
4.02 276.59 1
4.03 278.6 1
4.04 276.49 1
4.05 278.22 1
4.06 278.23 1
4.07 281.52 1
4.08 281.22 1
4.09 281.49 1
4.1 281.47 1
4.11 283.7 1
4.12 282.87 1
4.13 281.39 1
4.14 279.69 1
4.15 278.24 1
4.16 276.49 1
4.17 276.48 1
4.18 276.48 1
4.19 278.85 1
4.2 278.93 1
4.21 277.97 1
4.22 274.63 1
4.23 271.34 1
4.24 271.37 1
4.25 255.87 1
4.26 269.75 1
4.27 278.23 1
4.28 261.74 1
4.29 274.05 1
4.3 281.79 1
4.31 296.68 1
4.32 285.43 1
4.33 278.45 1
4.34 275.46 1
4.35 276.04 1
4.36 277.02 1
4.37 277.09 1
4.38 276.83 1
4.39 276.43 1
4.4 276.48 1
4.41 275.73 1
4.42 275.65 1
4.43 275.58 1
4.44 275.21 1
4.45 274.82 1
4.46 274.94 1
4.47 273.76 1
4.48 272.15 1
4.49 271.35 1
4.5 268.78 1
4.51 266.5 1
4.52 261.83 1
4.53 261.76 1
4.54 260.2 1
4.55 257.17 1
4.56 253.88 1
4.57 247.73 1
4.58 243.39 1
4.59 238.02 1
4.6 236.4 1
4.61 231.54 1
4.62 229.91 1
4.63 225.58 1
4.64 220.67 1
4.65 218.2 1
4.66 216.77 1
4.67 212.54 1
4.68 212.23 1
4.69 207.22 1
4.7 215.79 1
4.71 201.01 1
4.72 200.12 1
4.73 191.83 1
4.74 192.15 1
4.75 192.35 1
4.76 197.88 1
4.77 200.24 1
4.78 203.7 1
4.79 202.76 1
4.8 205.59 1
4.81 210.49 1
4.82 207.61 1
4.83 205.91 1
4.84 205.33 1
4.85 204.3 1
4.86 202.61 1
4.87 201.96 1
4.88 201.83 1
4.89 205.07 1
4.9 206.6 1
4.91 207.47 1
4.92 209.14 1
4.93 209.33 1
4.94 207.53 1
4.95 210.5 1
4.96 212.8 1
4.97 212.56 1
4.98 213.53 1
4.99 213.44 1
5.0 213.44 1
5.01 212.39 1
5.02 209.32 1
5.03 206.84 1
5.04 207.66 1
5.05 207.04 1
5.06 206.55 1
5.07 209.14 1
5.08 209.1 1
5.09 206.19 1
5.1 206.33 1
5.11 201.83 1
5.12 199.1 1
5.13 202.24 1
5.14 202.76 1
5.15 208.54 1
5.16 217.43 1
5.17 219.0 1
5.18 219.26 1
5.19 222.13 1
5.2 233.94 1
5.21 245.99 1
5.22 246.24 1
5.23 249.13 1
5.24 250.99 1
5.25 252.06 1
5.26 252.09 1
5.27 251.63 1
5.28 250.16 1
5.29 248.25 1
5.3 246.9 1
5.31 244.87 1
5.32 242.87 1
5.33 240.69 1
5.34 238.33 1
5.35 236.27 1
5.36 233.73 1
5.37 229.13 1
5.38 226.08 1
5.39 221.81 1
5.4 215.64 1
5.41 211.51 1
5.42 202.77 1
5.43 200.05 1
5.44 194.69 1
5.45 188.89 1
5.46 187.28 1
5.47 186.47 1
5.48 184.9 1
5.49 185.24 1
5.5 184.92 1
5.51 187.25 1
5.52 186.48 1
5.53 184.91 1
5.54 183.04 1
5.55 169.94 1
5.56 170.51 1
5.57 176.49 1
5.58 170.17 1
5.59 168.61 1
5.6 177.48 1
5.61 183.38 1
5.62 0.0 1
5.63 0.0 1
5.64 0.0 1
5.65 0.0 1
5.66 0.0 1
5.67 221.04 1
5.68 217.2 1
5.69 211.68 1
5.7 209.88 1
5.71 208.53 1
5.72 209.99 1
5.73 210.77 1
5.74 211.28 1
5.75 211.59 1
5.76 211.07 1
5.77 211.04 1
5.78 209.51 1
5.79 208.9 1
5.8 207.53 1
5.81 207.33 1
5.82 206.56 1
5.83 206.57 1
5.84 207.43 1
5.85 208.34 1
5.86 209.28 1
5.87 210.78 1
5.88 211.46 1
5.89 211.71 1
5.9 211.84 1
5.91 212.24 1
5.92 210.82 1
5.93 208.52 1
5.94 207.54 1
5.95 207.36 1
5.96 205.61 1
5.97 208.0 1
5.98 208.26 1
5.99 207.54 1
6.0 208.52 1
6.01 203.7 1
6.02 212.54 1
6.03 194.7 1
6.04 195.63 1
6.05 194.9 1
6.06 194.7 1
6.07 190.5 1
6.08 199.42 1
6.09 208.47 1
6.1 214.29 1
6.11 214.59 1
6.12 213.33 1
6.13 212.93 1
6.14 211.52 1
6.15 213.56 1
6.16 213.26 1
6.17 213.37 1
6.18 212.56 1
6.19 209.51 1
6.2 210.9 1
6.21 210.35 1
6.22 209.78 1
6.23 207.54 1
6.24 208.35 1
6.25 207.91 1
6.26 206.28 1
6.27 205.76 1
6.28 205.2 1
6.29 202.76 1
6.3 203.1 1
6.31 199.1 1
6.32 199.1 1
6.33 195.24 1
6.34 194.27 1
6.35 188.87 1
6.36 188.19 1
6.37 185.25 1
6.38 180.59 1
6.39 174.25 1
6.4 172.61 1
6.41 168.92 1
6.42 165.16 1
6.43 159.7 1
6.44 160.4 1
6.45 159.25 1
6.46 154.98 1
6.47 157.62 1
6.48 157.1 1
6.49 154.56 1
6.5 155.79 1
6.51 155.68 1
6.52 153.41 1
6.53 155.25 1
6.54 154.46 1
6.55 154.23 1
6.56 154.14 1
6.57 150.93 1
6.58 153.97 1
6.59 151.83 1
6.6 154.44 1
6.61 157.08 1
6.62 156.7 1
6.63 161.83 1
6.64 157.78 1
6.65 167.02 1
6.66 166.48 1
6.67 172.12 1
6.68 184.93 1
6.69 197.11 1
6.7 187.8 1
6.71 184.71 1
6.72 182.92 1
6.73 179.6 1
6.74 175.92 1
6.75 173.33 1
6.76 172.42 1
6.77 172.7 1
6.78 172.6 1
6.79 172.64 1
6.8 172.5 1
6.81 171.46 1
6.82 170.65 1
6.83 169.75 1
6.84 168.16 1
6.85 166.38 1
6.86 164.55 1
6.87 163.2 1
6.88 165.57 1
6.89 171.21 1
6.9 181.86 1
6.91 189.28 1
6.92 198.27 1
6.93 207.54 1
6.94 219.89 1
6.95 228.56 1
6.96 242.33 1
6.97 235.2 1
6.98 228.06 1
6.99 221.05 1
7.0 169.04 1
7.01 170.6 1
7.02 166.73 1
7.03 160.66 1
7.04 146.76 1
7.05 131.06 1
7.06 134.66 1
7.07 140.3 1
7.08 143.41 1
7.09 145.31 1
7.1 147.48 1
7.11 147.74 1
7.12 149.8 1
7.13 149.75 1
7.14 151.15 1
7.15 150.83 1
7.16 152.29 1
7.17 153.08 1
7.18 153.54 1
7.19 154.59 1
7.2 154.36 1
7.21 154.66 1
7.22 155.15 1
7.23 154.87 1
7.24 155.46 1
7.25 156.22 1
7.26 155.72 1
7.27 155.98 1
7.28 154.99 1
7.29 155.29 1
7.3 155.71 1
7.31 155.16 1
7.32 154.95 1
7.33 154.54 1
7.34 153.39 1
7.35 154.26 1
7.36 154.45 1
7.37 154.42 1
7.38 157.94 1
7.39 158.35 1
7.4 158.36 1
7.41 160.49 1
7.42 160.17 1
7.43 147.94 1
7.44 160.07 1
7.45 162.06 1
7.46 145.78 1
7.47 157.76 1
7.48 160.66 1
7.49 158.35 1
7.5 159.59 1
7.51 160.66 1
7.52 158.86 1
7.53 158.56 1
7.54 158.46 1
7.55 158.7 1
7.56 157.62 1
7.57 157.32 1
7.58 157.33 1
7.59 156.37 1
7.6 156.11 1
7.61 157.11 1
7.62 156.81 1
7.63 156.9 1
7.64 158.22 1
7.65 157.46 1
7.66 157.22 1
7.67 158.52 1
7.68 158.32 1
7.69 157.02 1
7.7 157.96 1
7.71 157.53 1
7.72 156.66 1
7.73 156.78 1
7.74 156.33 1
7.75 154.7 1
7.76 154.36 1
7.77 153.5 1
7.78 153.63 1
7.79 154.59 1
7.8 153.8 1
7.81 154.28 1
7.82 153.94 1
7.83 153.22 1
7.84 154.01 1
7.85 153.44 1
7.86 154.84 1
7.87 156.77 1
7.88 151.29 1
7.89 146.54 1
7.9 169.81 1
7.91 159.01 1
7.92 145.71 1
7.93 166.4 1
7.94 169.71 1
7.95 177.1 1
7.96 183.37 1
7.97 180.22 1
7.98 180.52 1
7.99 179.93 1
8.0 178.1 1
8.01 175.08 1
8.02 171.48 1
8.03 168.06 1
8.04 162.52 1
8.05 160.76 1
8.06 159.94 1
8.07 160.07 1
8.08 157.83 1
8.09 159.78 1
8.1 159.41 1
8.11 159.42 1
8.12 159.14 1
8.13 158.8 1
8.14 159.49 1
8.15 161.07 1
8.16 163.51 1
8.17 167.0 1
8.18 171.88 1
8.19 177.08 1
8.2 183.61 1
8.21 198.19 1
8.22 203.7 1
8.23 211.12 1
8.24 212.19 1
8.25 213.18 1
8.26 211.87 1
8.27 209.14 1
8.28 204.23 1
8.29 185.39 1
8.3 177.42 1
8.31 166.78 1
8.32 71.53 1
8.33 71.65 1
8.34 71.23 1
8.35 73.1 1
8.36 71.24 1
8.37 72.52 1
8.38 145.19 1
8.39 147.74 1
8.4 147.25 1
8.41 147.54 1
8.42 147.25 1
8.43 148.01 1
8.44 148.22 1
8.45 148.98 1
8.46 149.45 1
8.47 150.48 1
8.48 151.24 1
8.49 151.96 1
8.5 151.78 1
8.51 152.68 1
8.52 152.22 1
8.53 153.19 1
8.54 154.24 1
8.55 154.4 1
8.56 154.95 1
8.57 154.81 1
8.58 154.11 1
8.59 153.84 1
8.6 152.45 1
8.61 153.09 1
8.62 152.66 1
8.63 152.93 1
8.64 154.04 1
8.65 154.03 1
8.66 154.52 1
8.67 155.7 1
8.68 156.11 1
8.69 159.81 1
8.7 163.24 1
8.71 166.75 1
8.72 159.43 1
8.73 143.42 1
8.74 0.0 1
8.75 0.0 1
8.76 0.0 1
8.77 0.0 1
8.78 0.0 1
8.79 0.0 1
8.8 0.0 1
8.81 0.0 1
8.82 0.0 1
8.83 0.0 1
8.84 0.0 1
8.85 0.0 1
8.86 0.0 1
8.87 0.0 1
8.88 0.0 1
8.89 0.0 1
8.9 0.0 1
8.91 199.77 1
8.92 159.49 1
8.93 158.71 1
8.94 160.23 1
8.95 159.96 1
8.96 159.28 1
8.97 160.28 1
8.98 160.53 1
8.99 159.5 1
9.0 158.31 1
9.01 156.66 1
9.02 155.84 1
9.03 153.87 1
9.04 152.77 1
9.05 152.04 1
9.06 151.42 1
9.07 152.86 1
9.08 152.18 1
9.09 152.57 1
9.1 152.56 1
9.11 153.36 1
9.12 153.65 1
9.13 153.84 1
9.14 155.4 1
9.15 155.56 1
9.16 156.11 1
9.17 156.43 1
9.18 155.84 1
9.19 156.16 1
9.2 155.77 1
9.21 156.07 1
9.22 156.66 1
9.23 157.22 1
9.24 158.35 1
9.25 160.37 1
9.26 161.19 1
9.27 164.24 1
9.28 166.0 1
9.29 167.82 1
9.3 167.78 1
9.31 166.94 1
9.32 164.93 1
9.33 162.01 1
9.34 157.52 1
9.35 154.29 1
9.36 148.13 1
9.37 145.31 1
9.38 140.09 1
9.39 140.21 1
9.4 137.61 1
9.41 136.33 1
9.42 140.21 1
9.43 141.57 1
9.44 143.65 1
9.45 144.33 1
9.46 145.18 1
9.47 144.36 1
9.48 69.4 1
9.49 69.21 1
9.5 69.17 1
9.51 69.4 1
9.52 69.31 1
9.53 69.11 1
9.54 69.41 1
9.55 69.27 1
9.56 68.99 1
9.57 69.52 1
9.58 69.0 1
9.59 69.24 1
9.6 69.61 1
9.61 69.11 1
9.62 69.07 1
9.63 69.5 1
9.64 68.99 1
9.65 68.97 1
9.66 69.46 1
9.67 69.08 1
9.68 68.94 1
9.69 69.13 1
9.7 69.39 1
9.71 69.22 1
9.72 69.37 1
9.73 69.52 1
9.74 69.24 1
9.75 69.01 1
9.76 69.29 1
9.77 69.3 1
9.78 69.33 1
9.79 69.35 1
9.8 69.16 1
9.81 69.27 1
9.82 69.34 1
9.83 69.21 1
9.84 69.26 1
9.85 69.22 1
9.86 69.31 1
9.87 69.33 1
9.88 69.35 1
9.89 68.93 1
9.9 68.84 1
9.91 101.26 1
9.92 103.64 1
9.93 103.4 1
9.94 102.68 1
9.95 100.13 1
9.96 99.84 1
9.97 98.69 1
9.98 99.4 1
9.99 97.89 1
10.0 100.62 1
10.01 102.21 1
10.02 105.94 1
10.03 112.93 1
10.04 112.94 1
10.05 113.51 1
10.06 117.87 1
10.07 121.0 1
10.08 133.04 1
10.09 130.69 1
10.1 133.55 1
10.11 135.91 1
10.12 141.12 1
10.13 139.12 1
10.14 140.58 1
10.15 140.49 1
10.16 139.91 1
10.17 140.67 1
10.18 137.17 1
10.19 137.32 1
10.2 134.76 1
10.21 130.66 1
10.22 126.2 1
10.23 123.69 1
10.24 119.68 1
10.25 115.29 1
10.26 112.7 1
10.27 106.14 1
10.28 101.08 1
10.29 91.59 1
10.3 0.0 1
10.31 0.0 1
10.32 0.0 1
10.33 0.0 1
10.34 0.0 1
10.35 0.0 1
10.36 0.0 1
10.37 0.0 1
10.38 0.0 1
10.39 0.0 1
10.4 0.0 1
10.41 148.72 1
10.42 140.67 1
10.43 136.94 1
10.44 137.81 1
10.45 135.78 1
10.46 136.21 1
10.47 136.74 1
10.48 136.87 1
10.49 136.32 1
10.5 136.62 1
10.51 136.68 1
10.52 136.31 1
10.53 136.75 1
10.54 136.33 1
10.55 138.45 1
10.56 137.47 1
10.57 137.18 1
10.58 137.58 1
10.59 138.18 1
10.6 138.03 1
10.61 138.12 1
10.62 137.75 1
10.63 137.6 1
10.64 138.13 1
10.65 138.27 1
10.66 138.42 1
10.67 138.85 1
10.68 139.68 1
10.69 140.4 1
10.7 141.15 1
10.71 141.66 1
10.72 141.69 1
10.73 141.31 1
10.74 138.92 1
10.75 137.64 1
10.76 139.85 1
10.77 135.49 1
10.78 131.45 1
10.79 138.92 1
10.8 140.22 1
10.81 134.5 1
10.82 135.9 1
10.83 147.45 1
10.84 152.33 1
10.85 156.59 1
10.86 157.95 1
10.87 155.01 1
10.88 154.78 1
10.89 153.69 1
10.9 154.28 1
10.91 154.01 1
10.92 153.81 1
10.93 153.59 1
10.94 153.13 1
10.95 152.44 1
10.96 152.56 1
10.97 152.27 1
10.98 153.11 1
10.99 152.91 1
11.0 153.17 1
11.01 152.86 1
11.02 152.99 1
11.03 153.77 1
11.04 153.65 1
11.05 154.42 1
11.06 155.01 1
11.07 154.94 1
11.08 154.68 1
11.09 154.68 1
11.1 153.63 1
11.11 153.83 1
11.12 153.33 1
11.13 153.62 1
11.14 153.96 1
11.15 153.58 1
11.16 152.9 1
11.17 146.67 1
11.18 148.53 1
11.19 137.6 1
11.2 143.88 1
11.21 145.29 1
11.22 147.96 1
11.23 138.03 1
11.24 142.95 1
11.25 158.35 1
11.26 157.79 1
11.27 154.94 1
11.28 158.92 1
11.29 157.31 1
11.3 154.46 1
11.31 153.46 1
11.32 153.05 1
11.33 153.54 1
11.34 153.98 1
11.35 154.33 1
11.36 154.85 1
11.37 155.47 1
11.38 155.77 1
11.39 155.84 1
11.4 156.01 1
11.41 156.29 1
11.42 155.94 1
11.43 156.07 1
11.44 156.15 1
11.45 156.64 1
11.46 156.11 1
11.47 156.91 1
11.48 156.43 1
11.49 156.69 1
11.5 156.11 1
11.51 155.9 1
11.52 154.86 1
11.53 154.92 1
11.54 153.47 1
11.55 153.51 1
11.56 154.67 1
11.57 157.23 1
11.58 160.04 1
11.59 161.87 1
11.6 164.51 1
11.61 166.05 1
11.62 167.66 1
11.63 171.27 1
11.64 172.85 1
11.65 169.29 1
11.66 161.49 1
11.67 165.71 1
11.68 164.42 1
11.69 163.97 1
11.7 170.6 1
11.71 149.31 1
11.72 143.88 1
11.73 149.33 1
11.74 153.2 1
11.75 153.47 1
11.76 155.02 1
11.77 154.81 1
11.78 153.64 1
11.79 153.25 1
11.8 153.06 1
11.81 153.36 1
11.82 153.55 1
11.83 154.22 1
11.84 155.53 1
11.85 156.25 1
11.86 156.68 1
11.87 156.35 1
11.88 156.07 1
11.89 155.62 1
11.9 155.28 1
11.91 154.92 1
11.92 154.15 1
11.93 153.83 1
11.94 154.17 1
11.95 155.06 1
11.96 156.26 1
11.97 157.39 1
11.98 159.43 1
11.99 161.4 1
12.0 160.68 1
12.01 158.36 1
12.02 149.7 1
12.03 143.88 1
12.04 0.0 1
12.05 0.0 1
12.06 0.0 1
12.07 0.0 1
12.08 0.0 1
12.09 0.0 1
12.1 0.0 1
12.11 0.0 1
12.12 0.0 1
12.13 0.0 1
12.14 0.0 1
12.15 0.0 1
12.16 0.0 1
12.17 139.77 1
12.18 135.89 1
12.19 132.91 1
12.2 132.24 1
12.21 132.46 1
12.22 133.6 1
12.23 133.6 1
12.24 134.08 1
12.25 134.17 1
12.26 134.12 1
12.27 134.34 1
12.28 134.84 1
12.29 135.52 1
12.3 135.48 1
12.31 137.0 1
12.32 137.07 1
12.33 137.27 1
12.34 137.85 1
12.35 137.18 1
12.36 138.39 1
12.37 138.25 1
12.38 139.47 1
12.39 139.47 1
12.4 139.91 1
12.41 139.67 1
12.42 139.44 1
12.43 139.72 1
12.44 139.35 1
12.45 139.8 1
12.46 139.68 1
12.47 139.39 1
12.48 139.06 1
12.49 138.04 1
12.5 137.18 1
12.51 138.47 1
12.52 137.18 1
12.53 153.73 1
12.54 152.57 1
12.55 152.33 1
12.56 140.22 1
12.57 140.67 1
12.58 149.53 1
12.59 159.41 1
12.6 167.79 1
12.61 166.22 1
12.62 165.73 1
12.63 163.28 1
12.64 160.93 1
12.65 158.53 1
12.66 157.15 1
12.67 154.85 1
12.68 154.13 1
12.69 153.74 1
12.7 153.92 1
12.71 155.1 1
12.72 156.67 1
12.73 159.54 1
12.74 162.36 1
12.75 164.43 1
12.76 165.79 1
12.77 167.23 1
12.78 167.4 1
12.79 166.67 1
12.8 165.74 1
12.81 164.02 1
12.82 161.42 1
12.83 158.34 1
12.84 155.02 1
12.85 155.24 1
12.86 154.44 1
12.87 154.93 1
12.88 154.83 1
12.89 154.44 1
12.9 154.51 1
12.91 151.98 1
12.92 147.14 1
12.93 144.88 1
12.94 150.9 1
12.95 150.88 1
12.96 157.13 1
12.97 165.01 1
12.98 166.12 1
12.99 172.41 1
13.0 176.36 1
13.01 181.21 1
13.02 184.13 1
13.03 183.93 1
13.04 184.9 1
13.05 184.31 1
13.06 182.91 1
13.07 184.87 1
13.08 182.94 1
13.09 182.12 1
13.1 180.93 1
13.11 179.07 1
13.12 178.47 1
13.13 177.79 1
13.14 178.37 1
13.15 178.79 1
13.16 181.09 1
13.17 183.1 1
13.18 186.43 1
13.19 188.07 1
13.2 190.42 1
13.21 191.85 1
13.22 192.31 1
13.23 191.35 1
13.24 189.93 1
13.25 186.48 1
13.26 183.8 1
13.27 181.01 1
13.28 181.35 1
13.29 181.77 1
13.3 183.56 1
13.31 186.5 1
13.32 186.48 1
13.33 187.26 1
13.34 187.26 1
13.35 184.09 1
13.36 180.39 1
13.37 181.87 1
13.38 188.6 1
13.39 188.06 1
13.4 176.7 1
13.41 0.0 1
13.42 0.0 1
13.43 0.0 1
13.44 0.0 1
13.45 0.0 1
13.46 0.0 1
13.47 0.0 1
13.48 273.94 1
13.49 226.58 1
13.5 215.48 1
13.51 213.41 1
13.52 212.36 1
13.53 212.41 1
13.54 213.11 1
13.55 214.14 1
13.56 214.1 1
13.57 214.6 1
13.58 214.83 1
13.59 215.35 1
13.6 215.38 1
13.61 215.32 1
13.62 214.64 1
13.63 214.13 1
13.64 213.52 1
13.65 212.99 1
13.66 211.74 1
13.67 210.25 1
13.68 209.23 1
13.69 208.51 1
13.7 208.43 1
13.71 208.52 1
13.72 208.42 1
13.73 208.52 1
13.74 209.49 1
13.75 208.52 1
13.76 207.55 1
13.77 208.52 1
13.78 210.08 1
13.79 208.1 1
13.8 205.6 1
13.81 202.74 1
13.82 202.76 1
13.83 203.7 1
13.84 205.51 1
13.85 204.95 1
13.86 204.6 1
13.87 205.36 1
13.88 206.28 1
13.89 207.53 1
13.9 208.56 1
13.91 207.54 1
13.92 207.53 1
13.93 207.86 1
13.94 207.19 1
13.95 204.65 1
13.96 207.65 1
13.97 207.42 1
13.98 206.57 1
13.99 207.71 1
14.0 208.68 1
14.01 208.52 1
14.02 215.02 1
14.03 221.4 1
14.04 229.09 1
14.05 241.81 1
14.06 250.11 1
14.07 261.49 1
14.08 269.15 1
14.09 277.29 1
14.1 283.09 1
14.11 287.28 1
14.12 287.56 1
14.13 286.86 1
14.14 286.25 1
14.15 282.61 1
14.16 276.94 1
14.17 268.91 1
14.18 260.19 1
14.19 251.18 1
14.2 236.41 1
14.21 228.08 1
14.22 218.98 1
14.23 211.51 1
14.24 212.36 1
14.25 0.0 1
14.26 0.0 1
14.27 0.0 1
