0.01 188.07 1
0.02 0.0 1
0.03 0.0 1
0.04 0.0 1
0.05 0.0 1
0.06 0.0 1
0.07 0.0 1
0.08 0.0 1
0.09 0.0 1
0.1 0.0 1
0.11 0.0 1
0.12 0.0 1
0.13 309.39 1
0.14 274.56 1
0.15 271.37 1
0.16 271.74 1
0.17 271.62 1
0.18 270.25 1
0.19 271.66 1
0.2 272.18 1
0.21 272.93 1
0.22 273.06 1
0.23 273.06 1
0.24 272.23 1
0.25 273.06 1
0.26 272.95 1
0.27 275.4 1
0.28 275.68 1
0.29 275.06 1
0.3 273.12 1
0.31 273.23 1
0.32 273.17 1
0.33 273.05 1
0.34 273.05 1
0.35 273.06 1
0.36 274.76 1
0.37 277.3 1
0.38 277.76 1
0.39 277.73 1
0.4 276.4 1
0.41 277.26 1
0.42 278.06 1
0.43 279.43 1
0.44 279.97 1
0.45 280.25 1
0.46 280.55 1
0.47 279.72 1
0.48 278.96 1
0.49 278.37 1
0.5 278.06 1
0.51 277.38 1
0.52 276.89 1
0.53 277.27 1
0.54 276.58 1
0.55 275.32 1
0.56 274.2 1
0.57 271.76 1
0.58 269.6 1
0.59 271.94 1
0.6 274.66 1
0.61 268.08 1
0.62 252.72 1
0.63 283.6 1
0.64 279.3 1
0.65 278.15 1
0.66 285.67 1
0.67 298.51 1
0.68 296.14 1
0.69 298.59 1
0.7 303.98 1
0.71 307.08 1
0.72 307.04 1
0.73 307.75 1
0.74 306.79 1
0.75 306.57 1
0.76 307.42 1
0.77 307.32 1
0.78 308.84 1
0.79 309.97 1
0.8 310.86 1
0.81 312.03 1
0.82 312.11 1
0.83 312.65 1
0.84 311.98 1
0.85 309.99 1
0.86 310.16 1
0.87 309.97 1
0.88 310.06 1
0.89 310.71 1
0.9 310.55 1
0.91 311.14 1
0.92 310.09 1
0.93 310.84 1
0.94 310.95 1
0.95 311.37 1
0.96 311.01 1
0.97 312.61 1
0.98 313.54 1
0.99 313.55 1
1.0 313.74 1
1.01 313.96 1
1.02 313.13 1
1.03 311.73 1
1.04 310.0 1
1.05 305.2 1
1.06 301.89 1
1.07 284.05 1
1.08 285.44 1
1.09 0.0 1
1.1 0.0 1
1.11 0.0 1
1.12 296.64 1
1.13 325.21 1
1.14 325.63 1
1.15 323.06 1
1.16 319.74 1
1.17 316.37 1
1.18 312.6 1
1.19 308.7 1
1.2 305.46 1
1.21 301.02 1
1.22 299.01 1
1.23 302.4 1
1.24 304.98 1
1.25 307.32 1
1.26 311.52 1
1.27 315.89 1
1.28 320.76 1
1.29 323.25 1
1.3 325.05 1
1.31 327.81 1
1.32 327.9 1
1.33 327.82 1
1.34 327.38 1
1.35 324.83 1
1.36 319.74 1
1.37 316.16 1
1.38 313.88 1
1.39 312.01 1
1.4 309.99 1
1.41 309.14 1
1.42 309.22 1
1.43 310.55 1
1.44 312.74 1
1.45 315.3 1
1.46 319.5 1
1.47 322.62 1
1.48 323.45 1
1.49 304.97 1
1.5 309.65 1
1.51 304.75 1
1.52 310.41 1
1.53 343.4 1
1.54 331.74 1
1.55 331.08 1
1.56 326.59 1
1.57 323.39 1
1.58 318.98 1
1.59 314.21 1
1.6 309.22 1
1.61 305.18 1
1.62 301.9 1
1.63 303.16 1
1.64 305.23 1
1.65 308.87 1
1.66 312.4 1
1.67 314.8 1
1.68 316.98 1
1.69 320.88 1
1.7 324.9 1
1.71 328.24 1
1.72 329.71 1
1.73 330.85 1
1.74 330.87 1
1.75 328.85 1
1.76 326.19 1
1.77 323.06 1
1.78 319.74 1
1.79 317.15 1
1.8 311.27 1
1.81 306.72 1
1.82 302.14 1
1.83 294.99 1
1.84 291.34 1
1.85 282.68 1
1.86 271.71 1
1.87 271.36 1
1.88 260.85 1
1.89 257.27 1
1.9 251.6 1
1.91 247.82 1
1.92 249.64 1
1.93 231.51 1
1.94 230.29 1
1.95 227.1 1
1.96 225.27 1
1.97 223.49 1
1.98 220.8 1
1.99 213.96 1
2.0 201.7 1
2.01 185.35 1
2.02 0.0 1
2.03 0.0 1
2.04 0.0 1
2.05 0.0 1
2.06 0.0 1
2.07 0.0 1
2.08 0.0 1
2.09 0.0 1
2.1 0.0 1
2.11 291.09 1
2.12 290.54 1
2.13 283.96 1
2.14 283.07 1
2.15 279.88 1
2.16 278.22 1
2.17 276.92 1
2.18 278.52 1
2.19 280.23 1
2.2 280.84 1
2.21 282.35 1
2.22 282.23 1
2.23 281.57 1
2.24 281.43 1
2.25 280.35 1
2.26 281.16 1
2.27 279.68 1
2.28 279.02 1
2.29 278.0 1
2.3 277.55 1
2.31 278.23 1
2.32 278.88 1
2.33 279.43 1
2.34 279.01 1
2.35 278.09 1
2.36 276.81 1
2.37 274.1 1
2.38 274.16 1
2.39 284.57 1
2.4 283.96 1
2.41 274.84 1
2.42 277.19 1
2.43 277.0 1
2.44 271.78 1
2.45 290.19 1
2.46 304.17 1
2.47 313.32 1
2.48 317.99 1
2.49 320.03 1
2.5 318.87 1
2.51 320.6 1
2.52 321.57 1
2.53 320.27 1
2.54 319.84 1
2.55 318.67 1
2.56 318.39 1
2.57 318.86 1
2.58 319.34 1
2.59 319.69 1
2.6 318.98 1
2.61 317.86 1
2.62 317.77 1
2.63 317.39 1
2.64 315.38 1
2.65 311.12 1
2.66 308.41 1
2.67 302.7 1
2.68 294.4 1
2.69 296.32 1
2.7 298.99 1
2.71 302.96 1
2.72 303.96 1
2.73 305.94 1
2.74 305.55 1
2.75 306.77 1
2.76 303.09 1
2.77 278.7 1
2.78 281.79 1
2.79 275.54 1
2.8 288.26 1
2.81 302.24 1
2.82 320.72 1
2.83 315.62 1
2.84 314.81 1
2.85 314.88 1
2.86 310.9 1
2.87 307.14 1
2.88 306.52 1
2.89 306.03 1
2.9 306.21 1
2.91 306.26 1
2.92 305.1 1
2.93 303.14 1
2.94 303.12 1
2.95 301.06 1
2.96 295.03 1
2.97 294.98 1
2.98 293.04 1
2.99 290.39 1
3.0 287.32 1
3.01 284.72 1
3.02 278.61 1
3.03 276.32 1
3.04 274.74 1
3.05 269.35 1
3.06 263.32 1
3.07 258.7 1
3.08 255.67 1
3.09 251.09 1
3.1 245.77 1
3.11 241.63 1
3.12 235.23 1
3.13 228.05 1
3.14 229.1 1
3.15 226.75 1
3.16 224.43 1
3.17 220.34 1
3.18 218.71 1
3.19 216.6 1
3.2 218.09 1
3.21 216.09 1
3.22 212.75 1
3.23 211.77 1
3.24 209.53 1
3.25 203.7 1
3.26 200.56 1
3.27 199.41 1
3.28 202.77 1
3.29 197.23 1
3.3 198.76 1
3.31 195.89 1
3.32 196.24 1
3.33 197.45 1
3.34 203.32 1
3.35 202.0 1
3.36 201.2 1
3.37 201.65 1
3.38 202.22 1
3.39 202.6 1
3.4 202.76 1
3.41 204.19 1
3.42 206.04 1
3.43 209.12 1
3.44 214.42 1
3.45 220.47 1
3.46 226.68 1
3.47 239.86 1
3.48 253.83 1
3.49 262.47 1
3.5 270.91 1
3.51 278.73 1
3.52 284.59 1
3.53 287.81 1
3.54 288.87 1
3.55 288.04 1
3.56 285.68 1
3.57 282.49 1
3.58 279.25 1
3.59 276.99 1
3.6 275.21 1
3.61 272.68 1
3.62 268.86 1
3.63 268.24 1
3.64 258.65 1
3.65 199.12 1
3.66 243.43 1
3.67 231.06 1
3.68 226.54 1
3.69 226.85 1
3.7 223.71 1
3.71 225.57 1
3.72 215.26 1
3.73 194.04 1
3.74 0.0 1
3.75 0.0 1
3.76 0.0 1
3.77 0.0 1
3.78 0.0 1
3.79 0.0 1
3.8 285.46 1
3.81 276.48 1
3.82 270.46 1
3.83 274.76 1
3.84 265.83 1
3.85 260.15 1
3.86 258.69 1
3.87 258.72 1
3.88 261.39 1
3.89 258.74 1
3.9 260.23 1
3.91 261.72 1
3.92 255.66 1
3.93 251.21 1
3.94 0.0 1
3.95 0.0 1
3.96 0.0 1
3.97 68.91 1
3.98 69.39 1
3.99 69.24 1
4.0 69.12 1
4.01 69.39 1
4.02 69.28 1
4.03 69.18 1
4.04 69.21 1
4.05 69.07 1
4.06 69.08 1
4.07 69.29 1
4.08 69.29 1
4.09 69.17 1
4.1 69.17 1
4.11 69.29 1
4.12 69.1 1
4.13 69.17 1
4.14 69.19 1
4.15 69.21 1
4.16 69.09 1
4.17 69.28 1
4.18 69.48 1
4.19 69.16 1
4.2 69.3 1
4.21 69.44 1
4.22 69.22 1
4.23 69.23 1
4.24 71.33 1
4.25 112.87 1
4.26 232.88 1
4.27 259.58 1
4.28 261.76 1
4.29 263.95 1
4.3 289.14 1
4.31 285.06 1
4.32 284.89 1
4.33 279.95 1
4.34 279.67 1
4.35 279.07 1
4.36 279.64 1
4.37 279.99 1
4.38 282.0 1
4.39 285.22 1
4.4 285.67 1
4.41 285.92 1
4.42 284.88 1
4.43 281.44 1
4.44 279.34 1
4.45 276.48 1
4.46 272.38 1
4.47 268.29 1
4.48 263.25 1
4.49 258.7 1
4.5 255.67 1
4.51 252.15 1
4.52 247.23 1
4.53 242.36 1
4.54 237.16 1
4.55 229.13 1
4.56 227.91 1
4.57 223.74 1
4.58 218.95 1
4.59 217.0 1
4.6 213.55 1
4.61 206.6 1
4.62 206.56 1
4.63 203.09 1
4.64 200.16 1
4.65 197.49 1
4.66 195.01 1
4.67 192.99 1
4.68 192.17 1
4.69 188.07 1
4.7 187.26 1
4.71 186.36 1
4.72 185.67 1
4.73 184.21 1
4.74 181.12 1
4.75 180.01 1
4.76 178.58 1
4.77 179.02 1
4.78 179.89 1
4.79 177.63 1
4.8 176.99 1
4.81 179.64 1
4.82 173.35 1
4.83 168.65 1
4.84 185.57 1
4.85 166.63 1
4.86 170.6 1
4.87 185.94 1
4.88 164.92 1
4.89 169.94 1
4.9 233.26 1
4.91 220.15 1
4.92 213.56 1
4.93 209.38 1
4.94 208.32 1
4.95 207.51 1
4.96 208.19 1
4.97 208.51 1
4.98 208.2 1
4.99 208.93 1
5.0 208.52 1
5.01 208.51 1
5.02 208.52 1
5.03 208.12 1
5.04 207.54 1
5.05 207.54 1
5.06 208.86 1
5.07 207.54 1
5.08 207.54 1
5.09 208.25 1
5.1 206.57 1
5.11 206.39 1
5.12 206.57 1
5.13 207.53 1
5.14 205.61 1
5.15 206.56 1
5.16 205.52 1
5.17 203.78 1
5.18 204.65 1
5.19 206.59 1
5.2 204.65 1
5.21 203.7 1
5.22 202.78 1
5.23 200.92 1
5.24 200.77 1
5.25 201.98 1
5.26 202.67 1
5.27 201.34 1
5.28 205.31 1
5.29 207.48 1
5.3 207.54 1
5.31 203.52 1
5.32 203.12 1
5.33 203.4 1
5.34 203.58 1
5.35 203.38 1
5.36 202.71 1
5.37 202.59 1
5.38 203.31 1
5.39 206.6 1
5.4 209.65 1
5.41 214.49 1
5.42 220.03 1
5.43 225.5 1
5.44 230.29 1
5.45 237.63 1
5.46 243.69 1
5.47 249.07 1
5.48 252.14 1
5.49 254.18 1
5.5 253.7 1
5.51 251.98 1
5.52 247.84 1
5.53 244.79 1
5.54 241.62 1
5.55 234.96 1
5.56 231.2 1
5.57 227.91 1
5.58 227.91 1
5.59 228.29 1
5.6 231.76 1
5.61 234.99 1
5.62 240.72 1
5.63 249.04 1
5.64 254.2 1
5.65 260.68 1
5.66 265.03 1
5.67 264.87 1
5.68 260.19 1
5.69 271.35 1
5.7 267.4 1
5.71 263.75 1
5.72 261.72 1
5.73 255.71 1
5.74 251.78 1
5.75 244.33 1
5.76 236.9 1
5.77 231.5 1
5.78 230.62 1
5.79 227.94 1
5.8 234.17 1
5.81 237.29 1
5.82 241.91 1
5.83 245.6 1
5.84 249.47 1
5.85 252.97 1
5.86 254.95 1
5.87 256.62 1
5.88 257.52 1
5.89 257.59 1
5.9 254.22 1
5.91 252.75 1
5.92 249.73 1
5.93 247.02 1
5.94 242.53 1
5.95 239.23 1
5.96 235.2 1
5.97 231.81 1
5.98 227.94 1
5.99 223.34 1
6.0 217.29 1
6.01 212.96 1
6.02 208.68 1
6.03 203.64 1
6.04 198.96 1
6.05 197.32 1
6.06 183.14 1
6.07 180.36 1
6.08 172.88 1
6.09 175.34 1
6.1 175.39 1
6.11 171.93 1
6.12 167.68 1
6.13 164.26 1
6.14 161.37 1
6.15 160.65 1
6.16 157.22 1
6.17 157.01 1
6.18 156.04 1
6.19 153.62 1
6.2 150.25 1
6.21 148.65 1
6.22 145.61 1
6.23 141.92 1
6.24 140.2 1
6.25 144.03 1
6.26 140.24 1
6.27 139.17 1
6.28 153.72 1
6.29 157.53 1
6.3 163.63 1
6.31 175.48 1
6.32 177.77 1
6.33 183.92 1
6.34 185.92 1
6.35 189.68 1
6.36 190.75 1
6.37 191.65 1
6.38 191.61 1
6.39 190.45 1
6.4 189.87 1
6.41 188.77 1
6.42 185.69 1
6.43 185.69 1
6.44 186.76 1
6.45 186.47 1
6.46 184.91 1
6.47 187.27 1
6.48 188.87 1
6.49 190.4 1
6.5 190.94 1
6.51 192.27 1
6.52 191.25 1
6.53 187.84 1
6.54 187.21 1
6.55 185.06 1
6.56 179.52 1
6.57 184.14 1
6.58 165.48 1
6.59 179.34 1
6.6 167.52 1
6.61 158.03 1
6.62 69.39 1
6.63 69.42 1
6.64 69.07 1
6.65 69.18 1
6.66 0.0 1
6.67 0.0 1
6.68 219.27 1
6.69 208.35 1
6.7 206.33 1
6.71 205.6 1
6.72 207.48 1
6.73 209.27 1
6.74 209.64 1
6.75 210.37 1
6.76 210.9 1
6.77 211.77 1
6.78 212.25 1
6.79 213.08 1
6.8 212.95 1
6.81 213.1 1
6.82 213.24 1
6.83 212.96 1
6.84 212.9 1
6.85 212.08 1
6.86 211.87 1
6.87 211.0 1
6.88 211.49 1
6.89 211.0 1
6.9 209.65 1
6.91 210.4 1
6.92 209.48 1
6.93 209.22 1
6.94 208.51 1
6.95 209.33 1
6.96 207.54 1
6.97 207.54 1
6.98 209.62 1
6.99 202.77 1
7.0 197.06 1
7.01 162.87 1
7.02 167.99 1
7.03 181.21 1
7.04 209.86 1
7.05 181.85 1
7.06 224.96 1
7.07 222.14 1
7.08 219.95 1
7.09 217.77 1
7.1 214.43 1
7.11 215.21 1
7.12 214.97 1
7.13 214.63 1
7.14 214.64 1
7.15 214.85 1
7.16 214.6 1
7.17 212.86 1
7.18 211.76 1
7.19 210.37 1
7.2 209.66 1
7.21 209.25 1
7.22 206.56 1
7.23 204.19 1
7.24 199.91 1
7.25 196.74 1
7.26 191.8 1
7.27 187.07 1
7.28 183.05 1
7.29 177.69 1
7.3 170.03 1
7.31 168.64 1
7.32 163.71 1
7.33 156.81 1
7.34 150.24 1
7.35 145.32 1
7.36 143.27 1
7.37 144.77 1
7.38 136.81 1
7.39 133.84 1
7.4 133.48 1
7.41 132.1 1
7.42 128.4 1
7.43 128.39 1
7.44 131.04 1
7.45 130.89 1
7.46 134.36 1
7.47 134.66 1
7.48 134.67 1
7.49 129.52 1
7.5 133.44 1
7.51 126.54 1
7.52 138.46 1
7.53 133.23 1
7.54 142.95 1
7.55 148.94 1
7.56 148.74 1
7.57 150.77 1
7.58 151.79 1
7.59 152.66 1
7.6 152.86 1
7.61 153.11 1
7.62 154.18 1
7.63 153.93 1
7.64 154.1 1
7.65 153.64 1
7.66 152.78 1
7.67 153.5 1
7.68 153.67 1
7.69 156.61 1
7.7 159.17 1
7.71 159.5 1
7.72 161.69 1
7.73 161.7 1
7.74 161.41 1
7.75 159.37 1
7.76 156.34 1
7.77 154.23 1
7.78 148.62 1
7.79 147.13 1
7.8 146.16 1
7.81 147.69 1
7.82 149.83 1
7.83 152.17 1
7.84 155.06 1
7.85 154.71 1
7.86 157.67 1
7.87 152.98 1
7.88 157.22 1
7.89 151.75 1
7.9 148.23 1
7.91 150.77 1
7.92 158.32 1
7.93 167.39 1
7.94 172.6 1
7.95 174.09 1
7.96 176.39 1
7.97 181.23 1
7.98 184.58 1
7.99 185.01 1
8.0 185.68 1
8.01 187.59 1
8.02 186.57 1
8.03 186.43 1
8.04 185.47 1
8.05 183.92 1
8.06 183.17 1
8.07 182.33 1
8.08 182.9 1
8.09 183.46 1
8.1 183.71 1
8.11 185.0 1
8.12 185.46 1
8.13 184.13 1
8.14 185.85 1
8.15 185.83 1
8.16 184.77 1
8.17 185.49 1
8.18 186.25 1
8.19 185.51 1
8.2 186.13 1
8.21 185.45 1
8.22 184.91 1
8.23 185.52 1
8.24 185.69 1
8.25 185.69 1
8.26 186.47 1
8.27 185.69 1
8.28 185.69 1
8.29 186.63 1
8.3 178.2 1
8.31 188.77 1
8.32 186.55 1
8.33 187.02 1
8.34 183.14 1
8.35 185.99 1
8.36 188.28 1
8.37 184.55 1
8.38 186.47 1
8.39 188.06 1
8.4 187.61 1
8.41 188.06 1
8.42 188.06 1
8.43 188.4 1
8.44 187.26 1
8.45 187.45 1
8.46 187.71 1
8.47 186.47 1
8.48 187.18 1
8.49 186.06 1
8.5 184.63 1
8.51 182.27 1
8.52 177.47 1
8.53 172.61 1
8.54 170.6 1
8.55 149.73 1
8.56 120.32 1
8.57 118.44 1
8.58 118.45 1
8.59 121.31 1
8.6 141.57 1
8.61 153.06 1
8.62 170.6 1
8.63 175.35 1
8.64 177.81 1
8.65 188.08 1
8.66 197.16 1
8.67 197.81 1
8.68 195.41 1
8.69 184.17 1
8.7 176.32 1
8.71 190.11 1
8.72 194.25 1
8.73 0.0 1
8.74 0.0 1
8.75 0.0 1
8.76 0.0 1
8.77 0.0 1
8.78 0.0 1
8.79 0.0 1
8.8 148.22 1
8.81 155.57 1
8.82 147.24 1
8.83 149.16 1
8.84 149.73 1
8.85 149.57 1
8.86 148.87 1
8.87 148.21 1
8.88 145.8 1
8.89 142.7 1
8.9 142.91 1
8.91 69.4 1
8.92 69.72 1
8.93 69.33 1
8.94 69.14 1
8.95 69.39 1
8.96 69.5 1
8.97 69.13 1
8.98 69.31 1
8.99 69.24 1
9.0 69.19 1
9.01 69.18 1
9.02 69.71 1
9.03 69.39 1
9.04 69.36 1
9.05 69.61 1
9.06 69.19 1
9.07 69.05 1
9.08 68.88 1
9.09 70.04 1
9.1 69.61 1
9.11 69.61 1
9.12 69.29 1
9.13 69.51 1
9.14 69.4 1
9.15 69.33 1
9.16 69.38 1
9.17 68.69 1
9.18 69.14 1
9.19 69.45 1
9.2 68.91 1
9.21 69.24 1
9.22 69.37 1
9.23 69.25 1
9.24 89.71 1
9.25 176.55 1
9.26 171.86 1
9.27 160.66 1
9.28 165.52 1
9.29 151.31 1
9.3 147.64 1
9.31 150.62 1
9.32 149.42 1
9.33 149.59 1
9.34 147.25 1
9.35 147.93 1
9.36 148.53 1
9.37 148.69 1
9.38 150.33 1
9.39 149.54 1
9.4 148.88 1
9.41 150.4 1
9.42 150.92 1
9.43 153.97 1
9.44 158.39 1
9.45 160.98 1
9.46 162.22 1
9.47 163.65 1
9.48 162.69 1
9.49 160.01 1
9.5 157.16 1
9.51 155.57 1
9.52 153.16 1
9.53 152.36 1
9.54 150.89 1
9.55 150.51 1
9.56 153.31 1
9.57 152.93 1
9.58 153.9 1
9.59 150.77 1
9.6 161.02 1
9.61 160.07 1
9.62 162.6 1
9.63 162.36 1
9.64 163.62 1
9.65 173.96 1
9.66 156.66 1
9.67 155.56 1
9.68 153.82 1
9.69 153.31 1
9.7 152.09 1
9.71 150.8 1
9.72 151.67 1
9.73 151.57 1
9.74 152.05 1
9.75 153.41 1
9.76 155.27 1
9.77 156.66 1
9.78 161.94 1
9.79 165.73 1
9.8 175.34 1
9.81 182.45 1
9.82 187.27 1
9.83 195.2 1
9.84 199.68 1
9.85 202.15 1
9.86 204.62 1
9.87 204.64 1
9.88 204.18 1
9.89 202.99 1
9.9 200.03 1
9.91 196.92 1
9.92 193.74 1
9.93 190.5 1
9.94 185.72 1
9.95 179.88 1
9.96 169.96 1
9.97 164.25 1
9.98 160.15 1
9.99 158.3 1
10.0 156.12 1
10.01 156.11 1
10.02 155.57 1
10.03 157.79 1
10.04 157.22 1
10.05 157.15 1
10.06 161.23 1
10.07 158.93 1
10.08 154.84 1
10.09 170.02 1
10.1 0.0 1
10.11 0.0 1
10.12 225.57 1
10.13 218.85 1
10.14 214.75 1
10.15 213.72 1
10.16 214.62 1
10.17 216.26 1
10.18 217.53 1
10.19 218.63 1
10.2 219.07 1
10.21 219.66 1
10.22 219.53 1
10.23 218.84 1
10.24 217.82 1
10.25 216.7 1
10.26 213.56 1
10.27 208.55 1
10.28 208.52 1
10.29 207.37 1
10.3 203.95 1
10.31 202.4 1
10.32 202.4 1
10.33 205.06 1
10.34 204.65 1
10.35 204.65 1
10.36 206.56 1
10.37 205.62 1
10.38 208.51 1
10.39 209.51 1
10.4 211.19 1
10.41 209.51 1
10.42 209.51 1
10.43 211.29 1
10.44 210.96 1
10.45 208.53 1
10.46 209.46 1
10.47 212.07 1
10.48 209.5 1
10.49 207.89 1
10.5 208.03 1
10.51 208.26 1
10.52 208.57 1
10.53 209.08 1
10.54 211.18 1
10.55 210.83 1
10.56 209.99 1
10.57 209.51 1
10.58 210.5 1
10.59 211.44 1
10.6 211.85 1
10.61 212.29 1
10.62 214.16 1
10.63 217.03 1
10.64 220.99 1
10.65 224.43 1
10.66 234.52 1
10.67 243.18 1
10.68 249.87 1
10.69 256.66 1
10.7 253.54 1
10.71 266.21 1
10.72 270.12 1
10.73 272.72 1
10.74 273.58 1
10.75 273.9 1
10.76 273.06 1
10.77 270.32 1
10.78 267.45 1
10.79 263.32 1
10.8 258.67 1
10.81 254.25 1
10.82 252.53 1
10.83 247.82 1
10.84 241.12 1
10.85 234.5 1
10.86 223.59 1
10.87 217.42 1
10.88 215.64 1
10.89 214.49 1
10.9 210.16 1
10.91 196.44 1
10.92 188.11 1
10.93 0.0 1
10.94 0.0 1
10.95 0.0 1
10.96 0.0 1
10.97 0.0 1
10.98 0.0 1
10.99 0.0 1
11.0 0.0 1
11.01 296.98 1
11.02 302.05 1
11.03 280.2 1
11.04 278.55 1
11.05 276.05 1
11.06 273.06 1
11.07 271.54 1
11.08 271.81 1
11.09 271.96 1
11.1 273.08 1
11.11 273.92 1
11.12 274.0 1
11.13 273.96 1
11.14 273.76 1
11.15 274.75 1
11.16 274.38 1
11.17 274.97 1
11.18 276.62 1
11.19 277.67 1
11.2 279.15 1
11.21 279.02 1
11.22 280.37 1
11.23 278.16 1
11.24 276.56 1
11.25 277.11 1
11.26 277.55 1
11.27 277.88 1
11.28 278.26 1
11.29 277.95 1
11.3 276.6 1
11.31 275.77 1
11.32 276.49 1
11.33 276.68 1
11.34 277.3 1
11.35 279.52 1
11.36 280.44 1
11.37 279.51 1
11.38 279.45 1
11.39 278.21 1
11.4 273.74 1
11.41 272.54 1
11.42 283.87 1
11.43 281.76 1
11.44 263.3 1
11.45 283.58 1
11.46 279.99 1
11.47 258.66 1
11.48 306.91 1
11.49 285.53 1
11.5 283.06 1
11.51 304.44 1
11.52 306.28 1
11.53 307.23 1
11.54 308.4 1
11.55 306.66 1
11.56 305.58 1
11.57 304.99 1
11.58 305.19 1
11.59 309.27 1
11.6 310.45 1
11.61 311.4 1
11.62 310.93 1
11.63 312.62 1
11.64 312.3 1
11.65 311.36 1
11.66 310.93 1
11.67 310.4 1
11.68 310.31 1
11.69 308.48 1
11.7 310.23 1
11.71 309.37 1
11.72 308.21 1
11.73 308.06 1
11.74 307.98 1
11.75 308.1 1
11.76 307.9 1
11.77 307.43 1
11.78 307.61 1
11.79 308.61 1
11.8 308.7 1
11.81 307.61 1
11.82 306.79 1
11.83 306.67 1
11.84 307.35 1
11.85 307.21 1
11.86 307.63 1
11.87 306.79 1
11.88 307.56 1
11.89 306.17 1
11.9 304.35 1
11.91 296.2 1
11.92 277.04 1
11.93 0.0 1
11.94 0.0 1
11.95 0.0 1
11.96 0.0 1
11.97 0.0 1
11.98 0.0 1
11.99 343.19 1
12.0 352.23 1
12.01 345.83 1
12.02 350.62 1
12.03 353.12 1
12.04 353.22 1
12.05 352.75 1
12.06 351.1 1
12.07 348.13 1
12.08 343.79 1
12.09 340.43 1
12.1 337.72 1
12.11 333.26 1
12.12 331.21 1
12.13 328.3 1
12.14 325.12 1
12.15 322.42 1
12.16 320.72 1
12.17 319.34 1
12.18 319.4 1
12.19 318.86 1
12.2 318.4 1
12.21 316.69 1
12.22 317.48 1
12.23 319.7 1
12.24 322.7 1
12.25 331.28 1
12.26 338.2 1
12.27 345.95 1
12.28 366.8 1
12.29 381.5 1
12.3 406.86 1
12.31 413.95 1
12.32 418.05 1
12.33 428.51 1
12.34 419.56 1
12.35 375.34 1
12.36 307.92 1
12.37 283.6 1
12.38 338.49 1
12.39 325.49 1
12.4 303.09 1
12.41 309.47 1
12.42 301.6 1
12.43 303.91 1
12.44 306.45 1
12.45 307.92 1
12.46 307.24 1
12.47 306.81 1
12.48 308.14 1
12.49 308.17 1
12.5 309.47 1
12.51 308.91 1
12.52 308.43 1
12.53 312.47 1
12.54 311.36 1
12.55 311.82 1
12.56 313.57 1
12.57 314.62 1
12.58 312.97 1
12.59 313.1 1
12.6 313.55 1
12.61 312.89 1
12.62 313.15 1
12.63 313.5 1
12.64 312.1 1
12.65 312.32 1
12.66 313.76 1
12.67 314.15 1
12.68 315.83 1
12.69 316.08 1
12.7 314.99 1
12.71 317.05 1
12.72 317.9 1
12.73 316.19 1
12.74 316.94 1
12.75 317.5 1
12.76 317.63 1
12.77 315.79 1
12.78 314.69 1
12.79 311.98 1
12.8 291.09 1
12.81 276.8 1
12.82 300.68 1
12.83 309.38 1
12.84 304.37 1
12.85 309.02 1
12.86 313.63 1
12.87 316.55 1
12.88 317.15 1
12.89 315.94 1
12.9 316.0 1
12.91 315.75 1
12.92 314.98 1
12.93 314.19 1
12.94 312.19 1
12.95 308.87 1
12.96 305.19 1
12.97 302.1 1
12.98 298.83 1
12.99 295.5 1
13.0 291.39 1
13.01 288.66 1
13.02 285.64 1
13.03 282.07 1
13.04 279.7 1
13.05 280.51 1
13.06 283.92 1
13.07 290.98 1
13.08 299.09 1
13.09 307.9 1
13.1 320.0 1
13.11 329.99 1
13.12 336.86 1
13.13 344.91 1
13.14 341.85 1
13.15 338.94 1
13.16 326.22 1
13.17 312.36 1
13.18 275.1 1
13.19 305.19 1
13.2 325.39 1
13.21 0.0 1
13.22 0.0 1
13.23 0.0 1
13.24 0.0 1
13.25 0.0 1
13.26 0.0 1
13.27 324.0 1
13.28 301.07 1
13.29 279.99 1
13.3 275.69 1
13.31 274.26 1
13.32 273.34 1
13.33 271.37 1
13.34 271.38 1
13.35 273.73 1
13.36 276.34 1
13.37 276.94 1
13.38 279.22 1
13.39 282.72 1
13.4 285.47 1
13.41 285.07 1
13.42 279.77 1
13.43 268.09 1
13.44 269.87 1
13.45 282.25 1
13.46 278.25 1
13.47 279.42 1
13.48 289.86 1
13.49 279.94 1
13.5 273.06 1
13.51 291.09 1
13.52 0.0 1
13.53 0.0 1
13.54 0.0 1
13.55 0.0 1
13.56 0.0 1
13.57 0.0 1
13.58 0.0 1
13.59 0.0 1
13.6 0.0 1
13.61 0.0 1
13.62 0.0 1
13.63 69.5 1
13.64 69.3 1
13.65 68.94 1
13.66 68.95 1
13.67 69.15 1
13.68 69.26 1
13.69 69.83 1
13.7 69.38 1
13.71 69.55 1
13.72 69.59 1
13.73 69.03 1
13.74 69.39 1
13.75 0.0 1
13.76 0.0 1
13.77 0.0 1
13.78 0.0 1
13.79 0.0 1
13.8 0.0 1
13.81 0.0 1
13.82 319.24 1
13.83 302.03 1
13.84 293.47 1
13.85 284.77 1
13.86 276.49 1
13.87 274.94 1
13.88 276.48 1
13.89 275.56 1
13.9 274.76 1
13.91 273.06 1
13.92 270.67 1
13.93 271.37 1
13.94 271.38 1
13.95 274.74 1
13.96 275.05 1
13.97 276.48 1
13.98 276.61 1
13.99 276.55 1
14.0 276.48 1
14.01 276.48 1
14.02 278.2 1
14.03 277.58 1
14.04 278.22 1
14.05 277.96 1
14.06 277.73 1
14.07 277.75 1
14.08 277.59 1
14.09 275.42 1
14.1 274.87 1
14.11 279.52 1
14.12 279.52 1
14.13 270.97 1
14.14 261.72 1
14.15 257.76 1
14.16 258.65 1
14.17 261.39 1
14.18 261.48 1
14.19 261.33 1
14.2 275.23 1
14.21 276.24 1
14.22 273.55 1
14.23 271.84 1
14.24 270.04 1
14.25 271.07 1
14.26 271.8 1
14.27 270.14 1
14.28 271.81 1
14.29 273.04 1
14.3 276.47 1
14.31 277.6 1
14.32 273.67 1
14.33 278.2 1
14.34 278.47 1
14.35 274.88 1
14.36 271.94 1
14.37 271.9 1
14.38 271.07 1
14.39 269.77 1
14.4 270.37 1
14.41 271.36 1
14.42 272.15 1
14.43 272.62 1
14.44 254.45 1
14.45 260.18 1
14.46 253.43 1
14.47 248.32 1
14.48 244.7 1
14.49 240.75 1
14.5 238.62 1
14.51 237.58 1
14.52 236.33 1
14.53 234.81 1
14.54 235.59 1
14.55 221.92 1
