0.01 0.0 1
0.02 0.0 1
0.03 282.06 1
0.04 278.2 1
0.05 271.76 1
0.06 271.7 1
0.07 273.19 1
0.08 273.79 1
0.09 274.76 1
0.1 275.14 1
0.11 275.27 1
0.12 276.48 1
0.13 276.82 1
0.14 273.46 1
0.15 275.65 1
0.16 276.54 1
0.17 276.48 1
0.18 277.13 1
0.19 275.65 1
0.2 273.24 1
0.21 273.5 1
0.22 268.32 1
0.23 261.74 1
0.24 263.31 1
0.25 258.67 1
0.26 254.19 1
0.27 249.27 1
0.28 244.42 1
0.29 239.63 1
0.3 235.87 1
0.31 233.42 1
0.32 232.17 1
0.33 230.31 1
0.34 229.13 1
0.35 230.32 1
0.36 227.95 1
0.37 229.11 1
0.38 229.1 1
0.39 227.94 1
0.4 229.11 1
0.41 230.31 1
0.42 232.73 1
0.43 235.21 1
0.44 240.43 1
0.45 244.12 1
0.46 249.41 1
0.47 253.58 1
0.48 257.19 1
0.49 261.75 1
0.5 267.26 1
0.51 269.72 1
0.52 273.15 1
0.53 271.49 1
0.54 273.92 1
0.55 275.06 1
0.56 274.35 1
0.57 274.54 1
0.58 277.41 1
0.59 278.98 1
0.6 281.24 1
0.61 284.46 1
0.62 284.85 1
0.63 284.65 1
0.64 282.48 1
0.65 280.79 1
0.66 279.98 1
0.67 279.44 1
0.68 280.16 1
0.69 280.19 1
0.7 281.55 1
0.71 279.86 1
0.72 278.47 1
0.73 278.05 1
0.74 277.23 1
0.75 276.65 1
0.76 276.53 1
0.77 276.14 1
0.78 275.78 1
0.79 274.8 1
0.8 275.63 1
0.81 275.04 1
0.82 275.82 1
0.83 276.27 1
0.84 275.23 1
0.85 276.41 1
0.86 277.72 1
0.87 275.88 1
0.88 274.92 1
0.89 275.95 1
0.9 274.51 1
0.91 274.12 1
0.92 274.98 1
0.93 275.86 1
0.94 276.37 1
0.95 276.38 1
0.96 275.62 1
0.97 275.74 1
0.98 276.07 1
0.99 275.66 1
1.0 276.05 1
1.01 275.69 1
1.02 273.83 1
1.03 274.63 1
1.04 275.0 1
1.05 274.58 1
1.06 275.61 1
1.07 277.12 1
1.08 277.18 1
1.09 276.92 1
1.1 277.63 1
1.11 277.61 1
1.12 276.82 1
1.13 277.49 1
1.14 277.95 1
1.15 277.01 1
1.16 277.06 1
1.17 276.94 1
1.18 275.94 1
1.19 275.95 1
1.2 276.27 1
1.21 276.31 1
1.22 277.09 1
1.23 277.45 1
1.24 277.49 1
1.25 278.15 1
1.26 278.59 1
1.27 279.44 1
1.28 278.82 1
1.29 278.7 1
1.3 278.67 1
1.31 277.56 1
1.32 277.32 1
1.33 277.44 1
1.34 276.62 1
1.35 276.83 1
1.36 278.44 1
1.37 278.19 1
1.38 278.17 1
1.39 279.68 1
1.4 280.05 1
1.41 280.75 1
1.42 280.87 1
1.43 279.41 1
1.44 278.53 1
1.45 277.73 1
1.46 276.6 1
1.47 275.48 1
1.48 275.71 1
1.49 275.64 1
1.5 276.38 1
1.51 277.2 1
1.52 276.48 1
1.53 275.47 1
1.54 274.53 1
1.55 273.49 1
1.56 273.94 1
1.57 275.26 1
1.58 276.13 1
1.59 276.61 1
1.6 276.45 1
1.61 275.5 1
1.62 276.02 1
1.63 277.5 1
1.64 276.75 1
1.65 277.29 1
1.66 277.26 1
1.67 276.08 1
1.68 275.84 1
1.69 275.54 1
1.7 274.26 1
1.71 274.14 1
1.72 275.16 1
1.73 275.14 1
1.74 275.49 1
1.75 276.57 1
1.76 274.78 1
1.77 275.23 1
1.78 275.62 1
1.79 275.08 1
1.8 275.67 1
1.81 275.88 1
1.82 275.85 1
1.83 274.74 1
1.84 274.78 1
1.85 273.89 1
1.86 273.69 1
1.87 273.4 1
1.88 273.72 1
1.89 273.53 1
1.9 273.1 1
1.91 273.84 1
1.92 273.88 1
1.93 274.22 1
1.94 274.83 1
1.95 275.65 1
1.96 275.26 1
1.97 274.68 1
1.98 273.86 1
1.99 274.01 1
2.0 274.38 1
2.01 274.76 1
2.02 276.46 1
2.03 275.11 1
2.04 275.08 1
2.05 275.56 1
2.06 276.47 1
2.07 275.14 1
2.08 275.51 1
2.09 275.98 1
2.1 276.47 1
2.11 275.97 1
2.12 276.68 1
2.13 276.07 1
2.14 276.49 1
2.15 276.41 1
2.16 277.28 1
2.17 277.75 1
2.18 278.08 1
2.19 277.48 1
2.2 277.07 1
2.21 276.44 1
2.22 275.97 1
2.23 276.48 1
2.24 275.99 1
2.25 275.78 1
2.26 275.2 1
2.27 274.75 1
2.28 272.67 1
2.29 270.83 1
2.3 266.48 1
2.31 261.74 1
2.32 257.16 1
2.33 244.7 1
2.34 231.98 1
2.35 212.53 1
2.36 224.44 1
2.37 202.28 1
2.38 208.01 1
2.39 206.37 1
2.4 207.96 1
2.41 215.41 1
2.42 219.82 1
2.43 219.87 1
2.44 224.79 1
2.45 245.83 1
2.46 264.22 1
2.47 269.71 1
2.48 269.88 1
2.49 271.98 1
2.5 274.76 1
2.51 275.74 1
2.52 275.93 1
2.53 275.04 1
2.54 274.16 1
2.55 273.39 1
2.56 274.74 1
2.57 273.99 1
2.58 274.76 1
2.59 274.75 1
2.6 273.69 1
2.61 273.15 1
2.62 271.78 1
2.63 268.12 1
2.64 261.82 1
2.65 257.21 1
2.66 254.15 1
2.67 247.01 1
2.68 240.54 1
2.69 233.23 1
2.7 227.95 1
2.71 225.86 1
2.72 224.19 1
2.73 224.75 1
2.74 226.22 1
2.75 231.51 1
2.76 237.74 1
2.77 251.91 1
2.78 265.96 1
2.79 279.17 1
2.8 293.05 1
2.81 318.87 1
2.82 327.96 1
2.83 341.79 1
2.84 344.76 1
2.85 340.54 1
2.86 336.25 1
2.87 330.29 1
2.88 318.23 1
2.89 303.83 1
2.9 279.06 1
2.91 271.36 1
2.92 267.27 1
2.93 267.67 1
2.94 268.38 1
2.95 270.56 1
2.96 270.42 1
2.97 270.46 1
2.98 271.38 1
2.99 272.98 1
3.0 274.48 1
3.01 274.96 1
3.02 276.51 1
3.03 276.99 1
3.04 276.74 1
3.05 275.26 1
3.06 275.11 1
3.07 274.02 1
3.08 272.19 1
3.09 269.56 1
3.1 260.24 1
3.11 255.71 1
3.12 251.79 1
3.13 242.97 1
3.14 237.3 1
3.15 233.26 1
3.16 229.11 1
3.17 228.71 1
3.18 228.48 1
3.19 229.11 1
3.2 229.11 1
3.21 229.11 1
3.22 231.33 1
3.23 233.7 1
3.24 235.71 1
3.25 238.79 1
3.26 241.67 1
3.27 243.18 1
3.28 248.27 1
3.29 251.84 1
3.3 253.62 1
3.31 254.16 1
3.32 251.77 1
3.33 247.96 1
3.34 242.13 1
3.35 233.72 1
3.36 222.93 1
3.37 214.86 1
3.38 200.5 1
3.39 198.97 1
3.4 197.71 1
3.41 199.99 1
3.42 199.97 1
3.43 204.85 1
3.44 206.3 1
3.45 203.62 1
3.46 206.64 1
3.47 208.88 1
3.48 209.16 1
3.49 210.08 1
3.5 212.01 1
3.51 215.84 1
3.52 215.43 1
3.53 209.51 1
3.54 207.67 1
3.55 208.3 1
3.56 206.56 1
3.57 206.56 1
3.58 206.56 1
3.59 205.4 1
3.6 205.59 1
3.61 205.43 1
3.62 206.56 1
3.63 209.5 1
3.64 210.59 1
3.65 205.6 1
3.66 204.64 1
3.67 85.32 1
3.68 69.12 1
3.69 69.5 1
3.7 68.43 1
3.71 68.72 1
3.72 69.69 1
3.73 68.53 1
3.74 69.12 1
3.75 69.59 1
3.76 69.05 1
3.77 69.43 1
3.78 69.39 1
3.79 69.15 1
3.8 70.28 1
3.81 69.42 1
3.82 69.06 1
3.83 70.07 1
3.84 163.63 1
3.85 185.02 1
3.86 178.46 1
3.87 179.0 1
3.88 179.17 1
3.89 178.92 1
3.9 178.31 1
3.91 179.78 1
3.92 179.01 1
3.93 180.37 1
3.94 179.16 1
3.95 177.86 1
3.96 177.01 1
3.97 177.62 1
3.98 178.9 1
3.99 180.78 1
4.0 184.74 1
4.01 185.38 1
4.02 185.69 1
4.03 187.26 1
4.04 188.06 1
4.05 187.26 1
4.06 188.06 1
4.07 190.42 1
4.08 192.35 1
4.09 192.04 1
4.1 192.15 1
4.11 188.06 1
4.12 187.19 1
4.13 181.09 1
4.14 183.77 1
4.15 183.45 1
4.16 185.13 1
4.17 186.33 1
4.18 187.74 1
4.19 186.47 1
4.2 185.82 1
4.21 186.07 1
4.22 184.37 1
4.23 185.41 1
4.24 187.63 1
4.25 188.87 1
4.26 191.47 1
4.27 190.31 1
4.28 187.64 1
4.29 182.82 1
4.3 201.85 1
4.31 184.14 1
4.32 180.59 1
4.33 179.34 1
4.34 183.38 1
4.35 177.11 1
4.36 167.17 1
4.37 170.59 1
4.38 178.91 1
4.39 173.97 1
4.4 185.04 1
4.41 179.44 1
4.42 174.66 1
4.43 184.14 1
4.44 180.35 1
4.45 169.95 1
4.46 181.61 1
4.47 180.37 1
4.48 164.23 1
4.49 178.62 1
4.5 176.74 1
4.51 166.71 1
4.52 179.84 1
4.53 177.51 1
4.54 169.47 1
4.55 179.0 1
4.56 174.13 1
4.57 170.63 1
4.58 183.87 1
4.59 160.67 1
4.6 174.63 1
4.61 176.04 1
4.62 173.94 1
4.63 175.33 1
4.64 176.07 1
4.65 178.17 1
4.66 177.3 1
4.67 176.81 1
4.68 180.37 1
4.69 178.1 1
4.7 180.15 1
4.71 181.66 1
4.72 180.37 1
4.73 169.29 1
4.74 181.75 1
4.75 196.43 1
4.76 184.69 1
4.77 177.51 1
4.78 177.09 1
4.79 181.99 1
4.8 181.44 1
4.81 180.97 1
4.82 182.19 1
4.83 181.66 1
4.84 184.44 1
4.85 186.48 1
4.86 187.37 1
4.87 187.7 1
4.88 187.26 1
4.89 187.34 1
4.9 186.55 1
4.91 186.68 1
4.92 185.71 1
4.93 187.15 1
4.94 187.39 1
4.95 185.71 1
4.96 186.83 1
4.97 186.2 1
4.98 185.17 1
4.99 182.56 1
5.0 182.62 1
5.01 180.83 1
5.02 179.18 1
5.03 177.79 1
5.04 176.6 1
5.05 174.92 1
5.06 174.18 1
5.07 172.21 1
5.08 169.47 1
5.09 166.97 1
5.1 164.54 1
5.11 163.58 1
5.12 162.43 1
5.13 159.18 1
5.14 155.56 1
5.15 154.38 1
5.16 152.55 1
5.17 151.92 1
5.18 151.19 1
5.19 150.85 1
5.2 151.03 1
5.21 151.11 1
5.22 151.13 1
5.23 150.26 1
5.24 150.52 1
5.25 147.75 1
5.26 150.26 1
5.27 147.75 1
5.28 149.74 1
5.29 149.73 1
5.3 150.02 1
5.31 150.39 1
5.32 150.65 1
5.33 150.92 1
5.34 151.47 1
5.35 152.0 1
5.36 152.29 1
5.37 152.04 1
5.38 152.11 1
5.39 152.58 1
5.4 152.49 1
5.41 152.32 1
5.42 152.17 1
5.43 152.69 1
5.44 152.53 1
5.45 152.39 1
5.46 152.65 1
5.47 152.74 1
5.48 153.21 1
5.49 154.22 1
5.5 153.82 1
5.51 154.34 1
5.52 154.53 1
5.53 154.92 1
5.54 155.67 1
5.55 157.15 1
5.56 158.9 1
5.57 159.56 1
5.58 162.68 1
5.59 164.58 1
5.6 166.2 1
5.61 167.01 1
5.62 167.5 1
5.63 166.01 1
5.64 164.61 1
5.65 162.55 1
5.66 160.08 1
5.67 157.22 1
5.68 154.47 1
5.69 154.58 1
5.7 154.5 1
5.71 154.74 1
5.72 154.72 1
5.73 154.8 1
5.74 154.27 1
5.75 154.28 1
5.76 152.71 1
5.77 151.88 1
5.78 151.47 1
5.79 151.15 1
5.8 150.81 1
5.81 151.1 1
5.82 151.28 1
5.83 151.12 1
5.84 151.19 1
5.85 151.32 1
5.86 151.65 1
5.87 152.35 1
5.88 152.46 1
5.89 152.86 1
5.9 152.81 1
5.91 153.4 1
5.92 153.96 1
5.93 154.5 1
5.94 155.89 1
5.95 156.61 1
5.96 156.69 1
5.97 155.19 1
5.98 144.36 1
5.99 146.76 1
6.0 69.18 1
6.01 69.27 1
6.02 69.16 1
6.03 69.61 1
6.04 69.29 1
6.05 69.12 1
6.06 69.39 1
6.07 69.31 1
6.08 69.17 1
6.09 69.47 1
6.1 69.24 1
6.11 69.07 1
6.12 69.41 1
6.13 69.1 1
6.14 69.07 1
6.15 69.33 1
6.16 60.77 1
6.17 76.76 1
6.18 70.62 1
6.19 69.32 1
6.2 69.8 1
6.21 69.35 1
6.22 68.59 1
6.23 68.76 1
6.24 68.93 1
6.25 68.9 1
6.26 69.02 1
6.27 69.02 1
6.28 68.32 1
6.29 69.26 1
6.3 69.39 1
6.31 69.58 1
6.32 69.56 1
6.33 69.75 1
6.34 69.83 1
6.35 69.88 1
6.36 69.84 1
6.37 69.78 1
6.38 69.56 1
6.39 69.39 1
6.4 69.62 1
6.41 69.61 1
6.42 69.4 1
6.43 69.91 1
6.44 69.5 1
6.45 69.58 1
6.46 69.55 1
6.47 69.49 1
6.48 69.38 1
6.49 69.5 1
6.5 69.35 1
6.51 69.49 1
6.52 69.8 1
6.53 69.72 1
6.54 69.72 1
6.55 69.9 1
6.56 69.25 1
6.57 69.57 1
6.58 69.37 1
6.59 69.31 1
6.6 69.89 1
6.61 69.72 1
6.62 69.81 1
6.63 69.91 1
6.64 69.73 1
6.65 69.77 1
6.66 69.83 1
6.67 69.79 1
6.68 69.87 1
6.69 69.97 1
6.7 69.83 1
6.71 69.92 1
6.72 70.22 1
6.73 70.4 1
6.74 70.38 1
6.75 70.58 1
6.76 70.25 1
6.77 70.28 1
6.78 70.64 1
6.79 70.7 1
6.8 70.59 1
6.81 70.39 1
6.82 70.7 1
6.83 70.61 1
6.84 70.15 1
6.85 70.05 1
6.86 69.5 1
6.87 69.12 1
6.88 69.15 1
6.89 69.07 1
6.9 69.09 1
6.91 69.29 1
6.92 69.36 1
6.93 69.46 1
6.94 69.09 1
6.95 68.02 1
6.96 67.07 1
6.97 68.73 1
6.98 68.52 1
6.99 68.74 1
7.0 68.43 1
7.01 68.81 1
7.02 72.38 1
7.03 156.14 1
7.04 156.91 1
7.05 161.83 1
7.06 162.43 1
7.07 163.64 1
7.08 164.51 1
7.09 164.82 1
7.1 164.77 1
7.11 164.48 1
7.12 163.92 1
7.13 163.48 1
7.14 163.1 1
7.15 161.81 1
7.16 160.66 1
7.17 159.36 1
7.18 158.35 1
7.19 157.22 1
7.2 155.57 1
7.21 155.3 1
7.22 154.01 1
7.23 153.58 1
7.24 153.31 1
7.25 153.13 1
7.26 153.92 1
7.27 154.05 1
7.28 154.28 1
7.29 154.07 1
7.3 153.65 1
7.31 153.27 1
7.32 153.22 1
7.33 153.51 1
7.34 154.27 1
7.35 154.37 1
7.36 154.31 1
7.37 153.87 1
7.38 153.47 1
7.39 153.12 1
7.4 152.95 1
7.41 153.39 1
7.42 153.46 1
7.43 154.29 1
7.44 154.78 1
7.45 156.62 1
7.46 159.31 1
7.47 160.87 1
7.48 161.29 1
7.49 163.02 1
7.5 163.69 1
7.51 164.1 1
7.52 164.85 1
7.53 163.34 1
7.54 162.72 1
7.55 163.02 1
7.56 161.23 1
7.57 158.94 1
7.58 159.5 1
7.59 158.71 1
7.6 157.6 1
7.61 155.57 1
7.62 155.3 1
7.63 155.15 1
7.64 154.67 1
7.65 153.87 1
7.66 154.03 1
7.67 153.06 1
7.68 152.61 1
7.69 151.51 1
7.7 151.8 1
7.71 149.67 1
7.72 149.57 1
7.73 147.74 1
7.74 146.28 1
7.75 147.49 1
7.76 146.59 1
7.77 145.31 1
7.78 145.69 1
7.79 144.36 1
7.8 144.05 1
7.81 143.28 1
7.82 143.39 1
7.83 142.79 1
7.84 142.72 1
7.85 141.74 1
7.86 141.96 1
7.87 141.06 1
7.88 140.56 1
7.89 139.68 1
7.9 139.17 1
7.91 138.21 1
7.92 137.84 1
7.93 136.99 1
7.94 135.91 1
7.95 135.9 1
7.96 135.96 1
7.97 135.9 1
7.98 135.07 1
7.99 135.08 1
8.0 135.49 1
8.01 136.72 1
8.02 137.09 1
8.03 136.75 1
8.04 137.28 1
8.05 137.56 1
8.06 137.36 1
8.07 137.17 1
8.08 136.33 1
8.09 137.36 1
8.1 137.46 1
8.11 136.75 1
8.12 138.35 1
8.13 138.31 1
8.14 138.62 1
8.15 139.12 1
8.16 138.99 1
8.17 139.32 1
8.18 139.64 1
8.19 139.75 1
8.2 140.22 1
8.21 140.05 1
8.22 140.06 1
8.23 140.16 1
8.24 140.57 1
8.25 141.0 1
8.26 140.96 1
8.27 140.65 1
8.28 140.88 1
8.29 140.06 1
8.3 139.93 1
8.31 139.83 1
8.32 139.3 1
8.33 139.15 1
8.34 138.97 1
8.35 138.64 1
8.36 138.92 1
8.37 139.24 1
8.38 139.19 1
8.39 138.9 1
8.4 138.75 1
8.41 138.95 1
8.42 138.82 1
8.43 138.03 1
8.44 138.41 1
8.45 138.3 1
8.46 137.91 1
8.47 137.78 1
8.48 137.97 1
8.49 137.17 1
8.5 138.13 1
8.51 138.52 1
8.52 138.46 1
8.53 138.73 1
8.54 138.99 1
8.55 138.03 1
8.56 138.35 1
8.57 138.01 1
8.58 136.75 1
8.59 137.6 1
8.6 138.03 1
8.61 135.5 1
8.62 135.51 1
8.63 138.88 1
8.64 136.76 1
8.65 137.18 1
8.66 137.88 1
8.67 138.89 1
8.68 135.91 1
8.69 134.66 1
8.7 118.07 1
8.71 142.0 1
8.72 129.14 1
8.73 131.44 1
8.74 123.94 1
8.75 131.83 1
8.76 136.33 1
8.77 138.2 1
8.78 140.67 1
8.79 144.83 1
8.8 144.17 1
8.81 142.93 1
8.82 142.75 1
8.83 143.56 1
8.84 143.1 1
8.85 143.49 1
8.86 143.0 1
8.87 143.31 1
8.88 140.62 1
8.89 135.91 1
8.9 134.21 1
8.91 69.18 1
8.92 69.35 1
8.93 69.38 1
8.94 69.5 1
8.95 68.96 1
8.96 69.21 1
8.97 69.33 1
8.98 69.3 1
8.99 69.12 1
9.0 69.54 1
9.01 69.21 1
9.02 69.21 1
9.03 69.4 1
9.04 69.22 1
9.05 69.22 1
9.06 69.19 1
9.07 61.63 1
9.08 69.18 1
9.09 68.95 1
9.1 69.07 1
9.11 69.25 1
9.12 69.31 1
9.13 69.26 1
9.14 69.34 1
9.15 69.27 1
9.16 69.21 1
9.17 69.33 1
9.18 69.23 1
9.19 69.25 1
9.2 69.36 1
9.21 69.25 1
9.22 69.27 1
9.23 69.24 1
9.24 69.4 1
9.25 69.36 1
9.26 69.17 1
9.27 69.56 1
9.28 69.12 1
9.29 69.22 1
9.3 69.11 1
9.31 69.17 1
9.32 69.38 1
9.33 69.15 1
9.34 69.27 1
9.35 69.41 1
9.36 69.34 1
9.37 69.29 1
9.38 69.29 1
9.39 69.02 1
9.4 69.49 1
9.41 69.26 1
9.42 69.0 1
9.43 69.33 1
9.44 69.04 1
9.45 69.04 1
9.46 69.3 1
9.47 69.39 1
9.48 69.26 1
9.49 69.36 1
9.5 69.24 1
9.51 69.07 1
9.52 69.27 1
9.53 69.21 1
9.54 69.34 1
9.55 69.25 1
9.56 69.3 1
9.57 69.24 1
9.58 69.36 1
9.59 69.32 1
9.6 69.56 1
9.61 67.9 1
9.62 131.45 1
9.63 123.57 1
9.64 116.79 1
9.65 118.76 1
9.66 119.74 1
9.67 115.5 1
9.68 114.13 1
9.69 112.65 1
9.7 111.78 1
9.71 110.39 1
9.72 108.75 1
9.73 106.91 1
9.74 108.28 1
9.75 108.2 1
9.76 108.62 1
9.77 107.96 1
9.78 112.24 1
9.79 112.93 1
9.8 116.08 1
9.81 121.32 1
9.82 130.67 1
9.83 132.19 1
9.84 135.51 1
9.85 140.18 1
9.86 142.21 1
9.87 144.18 1
9.88 146.22 1
9.89 145.78 1
9.9 146.58 1
9.91 144.49 1
9.92 144.61 1
9.93 141.72 1
9.94 140.31 1
9.95 139.43 1
9.96 136.56 1
9.97 134.66 1
9.98 134.47 1
9.99 127.9 1
10.0 123.32 1
10.01 118.23 1
10.02 114.96 1
10.03 110.16 1
10.04 108.94 1
10.05 107.01 1
10.06 106.11 1
10.07 105.73 1
10.08 106.28 1
10.09 106.58 1
10.1 107.59 1
10.11 109.24 1
10.12 111.82 1
10.13 113.99 1
10.14 117.82 1
10.15 126.29 1
10.16 126.91 1
10.17 133.39 1
10.18 133.85 1
10.19 138.96 1
10.2 137.17 1
10.21 138.2 1
10.22 139.81 1
10.23 137.52 1
10.24 135.48 1
10.25 135.55 1
10.26 135.13 1
10.27 135.2 1
10.28 134.66 1
10.29 134.66 1
10.3 136.01 1
10.31 135.9 1
10.32 136.4 1
10.33 136.26 1
10.34 136.23 1
10.35 136.58 1
10.36 135.48 1
10.37 135.49 1
10.38 135.81 1
10.39 134.42 1
10.4 134.38 1
10.41 132.37 1
10.42 134.11 1
10.43 132.23 1
10.44 134.12 1
10.45 132.49 1
10.46 132.79 1
10.47 133.53 1
10.48 134.78 1
10.49 138.04 1
10.5 137.88 1
10.51 143.34 1
10.52 145.94 1
10.53 150.69 1
10.54 151.97 1
10.55 154.73 1
10.56 156.85 1
10.57 157.2 1
10.58 160.47 1
10.59 159.5 1
10.6 158.3 1
10.61 158.6 1
10.62 157.42 1
10.63 156.84 1
10.64 156.11 1
10.65 156.57 1
10.66 157.26 1
10.67 158.41 1
10.68 159.69 1
10.69 159.85 1
10.7 159.87 1
10.71 159.69 1
10.72 159.35 1
10.73 157.84 1
10.74 156.92 1
10.75 156.15 1
10.76 155.79 1
10.77 155.2 1
10.78 155.0 1
10.79 154.53 1
10.8 153.95 1
10.81 154.06 1
10.82 153.78 1
10.83 154.15 1
10.84 154.06 1
10.85 155.04 1
10.86 154.15 1
10.87 153.76 1
10.88 153.54 1
10.89 153.06 1
10.9 152.93 1
10.91 153.27 1
10.92 153.14 1
10.93 153.62 1
10.94 153.81 1
10.95 154.35 1
10.96 155.02 1
10.97 155.87 1
10.98 156.49 1
10.99 156.81 1
11.0 156.11 1
11.01 155.87 1
11.02 154.62 1
11.03 154.3 1
11.04 153.04 1
11.05 153.29 1
11.06 153.02 1
11.07 153.45 1
11.08 153.84 1
11.09 153.88 1
11.1 154.03 1
11.11 153.43 1
11.12 153.64 1
11.13 153.3 1
11.14 153.28 1
11.15 153.62 1
11.16 153.9 1
11.17 154.13 1
11.18 153.69 1
11.19 153.91 1
11.2 153.79 1
11.21 153.99 1
11.22 154.68 1
11.23 154.62 1
11.24 154.16 1
11.25 154.27 1
11.26 153.61 1
11.27 153.82 1
11.28 153.94 1
11.29 153.87 1
11.3 154.33 1
11.31 155.05 1
11.32 155.0 1
11.33 154.78 1
11.34 155.02 1
11.35 155.37 1
11.36 155.48 1
11.37 156.37 1
11.38 156.66 1
11.39 157.79 1
11.4 159.67 1
11.41 162.64 1
11.42 165.0 1
11.43 167.53 1
11.44 170.8 1
11.45 171.16 1
11.46 170.6 1
11.47 169.84 1
11.48 166.67 1
11.49 164.2 1
11.5 160.07 1
11.51 157.77 1
11.52 155.03 1
11.53 154.84 1
11.54 154.96 1
11.55 155.12 1
11.56 155.78 1
11.57 155.76 1
11.58 156.45 1
11.59 156.61 1
11.6 156.67 1
11.61 156.72 1
11.62 156.18 1
11.63 155.42 1
11.64 155.01 1
11.65 154.28 1
11.66 154.2 1
11.67 153.84 1
11.68 154.14 1
11.69 154.72 1
11.7 155.75 1
11.71 156.66 1
11.72 158.0 1
11.73 157.78 1
11.74 158.5 1
11.75 156.66 1
11.76 157.43 1
11.77 154.71 1
11.78 153.39 1
11.79 149.46 1
11.8 148.24 1
11.81 144.02 1
11.82 143.19 1
11.83 136.72 1
11.84 132.23 1
11.85 136.29 1
11.86 138.01 1
11.87 135.11 1
11.88 136.05 1
11.89 137.92 1
11.9 136.96 1
11.91 132.41 1
11.92 144.83 1
11.93 134.23 1
11.94 133.98 1
11.95 133.57 1
11.96 135.31 1
11.97 137.9 1
11.98 132.98 1
11.99 136.58 1
12.0 136.29 1
12.01 136.78 1
12.02 137.35 1
12.03 133.78 1
12.04 137.56 1
12.05 138.9 1
12.06 135.25 1
12.07 138.1 1
12.08 140.71 1
12.09 137.86 1
12.1 138.12 1
12.11 140.88 1
12.12 139.58 1
12.13 139.05 1
12.14 141.96 1
12.15 141.17 1
12.16 138.59 1
12.17 137.91 1
12.18 140.67 1
12.19 69.59 1
12.2 69.39 1
12.21 69.47 1
12.22 69.03 1
12.23 69.21 1
12.24 69.26 1
12.25 69.27 1
12.26 69.45 1
12.27 69.33 1
12.28 69.1 1
12.29 69.24 1
12.3 69.09 1
12.31 69.38 1
12.32 69.29 1
12.33 69.52 1
12.34 69.18 1
12.35 69.39 1
12.36 69.5 1
12.37 69.61 1
12.38 68.63 1
12.39 150.66 1
12.4 176.75 1
12.41 169.95 1
12.42 166.44 1
12.43 161.67 1
12.44 158.35 1
12.45 154.34 1
12.46 151.06 1
12.47 149.05 1
12.48 148.74 1
12.49 149.45 1
12.5 151.69 1
12.51 152.7 1
12.52 154.34 1
12.53 156.64 1
12.54 161.07 1
12.55 164.54 1
12.56 165.34 1
12.57 171.3 1
12.58 169.21 1
12.59 168.64 1
12.6 166.51 1
12.61 165.19 1
12.62 161.9 1
12.63 159.38 1
12.64 156.11 1
12.65 154.26 1
12.66 152.75 1
12.67 151.42 1
12.68 151.75 1
12.69 152.09 1
12.7 152.19 1
12.71 154.5 1
12.72 156.66 1
12.73 159.43 1
12.74 161.85 1
12.75 162.59 1
12.76 162.72 1
12.77 163.04 1
12.78 162.49 1
12.79 160.23 1
12.8 158.23 1
12.81 154.74 1
12.82 152.56 1
12.83 150.96 1
12.84 150.59 1
12.85 150.54 1
12.86 150.77 1
12.87 151.47 1
12.88 152.92 1
12.89 152.88 1
12.9 152.85 1
12.91 151.98 1
12.92 149.61 1
12.93 146.51 1
12.94 144.03 1
12.95 141.97 1
12.96 144.2 1
12.97 147.69 1
12.98 151.63 1
12.99 160.01 1
13.0 166.22 1
13.01 176.31 1
13.02 178.48 1
13.03 183.8 1
13.04 187.9 1
13.05 188.07 1
13.06 189.68 1
13.07 191.27 1
13.08 191.23 1
13.09 190.51 1
13.1 189.65 1
13.11 188.03 1
13.12 185.85 1
13.13 185.19 1
13.14 183.52 1
13.15 181.72 1
13.16 180.27 1
13.17 178.93 1
13.18 178.06 1
13.19 177.48 1
13.2 177.63 1
13.21 177.52 1
13.22 176.36 1
13.23 176.21 1
13.24 174.25 1
13.25 170.6 1
13.26 167.43 1
13.27 167.83 1
13.28 172.49 1
13.29 179.79 1
13.3 185.69 1
13.31 191.35 1
13.32 196.43 1
13.33 197.31 1
13.34 200.14 1
13.35 202.3 1
13.36 204.59 1
13.37 205.11 1
13.38 205.6 1
13.39 205.6 1
13.4 205.9 1
13.41 205.35 1
13.42 203.71 1
13.43 204.31 1
13.44 203.94 1
13.45 204.71 1
13.46 204.64 1
13.47 204.65 1
13.48 205.6 1
13.49 206.56 1
13.5 206.56 1
13.51 207.53 1
13.52 207.54 1
13.53 208.13 1
13.54 208.51 1
13.55 209.39 1
13.56 209.21 1
13.57 207.54 1
13.58 207.69 1
13.59 204.65 1
13.6 200.2 1
13.61 202.77 1
13.62 200.92 1
13.63 207.53 1
13.64 200.0 1
13.65 204.91 1
13.66 206.31 1
13.67 210.86 1
13.68 210.19 1
13.69 208.91 1
13.7 209.81 1
13.71 210.62 1
13.72 210.61 1
13.73 209.96 1
13.74 209.93 1
13.75 209.78 1
13.76 209.73 1
13.77 209.62 1
13.78 208.87 1
13.79 208.16 1
13.8 207.53 1
13.81 208.32 1
13.82 210.5 1
13.83 214.52 1
13.84 220.72 1
13.85 229.11 1
13.86 232.75 1
13.87 250.81 1
13.88 258.68 1
13.89 269.03 1
13.9 274.1 1
13.91 277.35 1
13.92 280.43 1
13.93 281.55 1
13.94 277.96 1
13.95 277.0 1
13.96 273.71 1
13.97 269.23 1
13.98 261.75 1
13.99 258.66 1
14.0 252.58 1
14.01 244.29 1
14.02 232.73 1
14.03 219.92 1
14.04 217.15 1
14.05 214.22 1
14.06 209.51 1
14.07 208.53 1
14.08 0.0 1
14.09 0.0 1
14.1 0.0 1
