0.01 203.12 1
0.02 200.3 1
0.03 209.5 1
0.04 214.71 1
0.05 217.46 1
0.06 212.53 1
0.07 211.51 1
0.08 214.07 1
0.09 214.08 1
0.1 216.68 1
0.11 214.0 1
0.12 214.72 1
0.13 215.43 1
0.14 215.97 1
0.15 216.7 1
0.16 214.25 1
0.17 214.12 1
0.18 213.22 1
0.19 214.6 1
0.2 213.72 1
0.21 212.85 1
0.22 212.01 1
0.23 211.03 1
0.24 211.03 1
0.25 210.1 1
0.26 208.37 1
0.27 208.51 1
0.28 208.79 1
0.29 204.65 1
0.3 208.04 1
0.31 208.91 1
0.32 207.54 1
0.33 209.4 1
0.34 211.36 1
0.35 211.86 1
0.36 214.99 1
0.37 217.78 1
0.38 225.58 1
0.39 231.5 1
0.4 244.3 1
0.41 251.03 1
0.42 257.26 1
0.43 263.33 1
0.44 274.74 1
0.45 279.41 1
0.46 281.25 1
0.47 281.1 1
0.48 279.04 1
0.49 276.23 1
0.5 273.06 1
0.51 268.91 1
0.52 264.48 1
0.53 259.61 1
0.54 253.31 1
0.55 246.26 1
0.56 241.99 1
0.57 237.88 1
0.58 232.58 1
0.59 231.31 1
0.6 229.07 1
0.61 229.04 1
0.62 229.67 1
0.63 232.01 1
0.64 233.81 1
0.65 239.18 1
0.66 244.4 1
0.67 251.38 1
0.68 258.35 1
0.69 264.29 1
0.7 267.45 1
0.71 273.06 1
0.72 275.67 1
0.73 276.88 1
0.74 279.08 1
0.75 279.66 1
0.76 279.62 1
0.77 280.43 1
0.78 280.46 1
0.79 280.61 1
0.8 281.42 1
0.81 281.58 1
0.82 281.24 1
0.83 282.56 1
0.84 282.39 1
0.85 282.57 1
0.86 282.5 1
0.87 282.37 1
0.88 282.27 1
0.89 282.63 1
0.9 281.96 1
0.91 281.76 1
0.92 280.15 1
0.93 277.08 1
0.94 275.04 1
0.95 272.93 1
0.96 269.79 1
0.97 267.8 1
0.98 264.76 1
0.99 255.72 1
1.0 255.7 1
1.01 268.02 1
1.02 272.33 1
1.03 281.56 1
1.04 294.82 1
1.05 302.01 1
1.06 309.68 1
1.07 313.91 1
1.08 317.84 1
1.09 317.66 1
1.1 317.44 1
1.11 315.69 1
1.12 314.43 1
1.13 313.59 1
1.14 312.22 1
1.15 311.56 1
1.16 311.08 1
1.17 310.94 1
1.18 311.65 1
1.19 311.73 1
1.2 311.3 1
1.21 311.63 1
1.22 312.24 1
1.23 312.23 1
1.24 312.79 1
1.25 311.91 1
1.26 311.59 1
1.27 312.28 1
1.28 311.98 1
1.29 311.98 1
1.3 312.34 1
1.31 312.63 1
1.32 313.04 1
1.33 314.4 1
1.34 314.74 1
1.35 314.68 1
1.36 314.86 1
1.37 314.36 1
1.38 314.43 1
1.39 313.85 1
1.4 312.69 1
1.41 312.36 1
1.42 312.31 1
1.43 312.64 1
1.44 312.31 1
1.45 312.2 1
1.46 311.65 1
1.47 310.9 1
1.48 310.34 1
1.49 310.73 1
1.5 310.85 1
1.51 311.75 1
1.52 312.33 1
1.53 312.25 1
1.54 312.68 1
1.55 312.52 1
1.56 312.28 1
1.57 311.96 1
1.58 311.24 1
1.59 310.15 1
1.6 310.04 1
1.61 309.46 1
1.62 310.12 1
1.63 310.86 1
1.64 311.23 1
1.65 311.49 1
1.66 311.63 1
1.67 311.43 1
1.68 311.61 1
1.69 312.1 1
1.7 311.26 1
1.71 311.33 1
1.72 311.66 1
1.73 312.3 1
1.74 312.73 1
1.75 313.03 1
1.76 313.3 1
1.77 313.53 1
1.78 313.3 1
1.79 313.19 1
1.8 313.23 1
1.81 313.53 1
1.82 313.43 1
1.83 313.16 1
1.84 312.97 1
1.85 312.48 1
1.86 312.31 1
1.87 312.38 1
1.88 311.78 1
1.89 310.76 1
1.9 311.17 1
1.91 311.42 1
1.92 311.9 1
1.93 311.11 1
1.94 311.28 1
1.95 310.93 1
1.96 310.02 1
1.97 311.19 1
1.98 311.77 1
1.99 312.58 1
2.0 312.99 1
2.01 312.37 1
2.02 311.63 1
2.03 310.5 1
2.04 310.23 1
2.05 309.31 1
2.06 308.69 1
2.07 308.61 1
2.08 308.79 1
2.09 309.04 1
2.1 309.73 1
2.11 310.08 1
2.12 310.16 1
2.13 310.94 1
2.14 311.99 1
2.15 312.49 1
2.16 312.99 1
2.17 313.81 1
2.18 314.65 1
2.19 314.55 1
2.2 314.55 1
2.21 316.12 1
2.22 320.18 1
2.23 323.45 1
2.24 328.19 1
2.25 332.03 1
2.26 335.13 1
2.27 337.17 1
2.28 335.82 1
2.29 329.82 1
2.3 325.65 1
2.31 320.85 1
2.32 313.91 1
2.33 309.33 1
2.34 305.3 1
2.35 302.51 1
2.36 302.88 1
2.37 303.98 1
2.38 306.86 1
2.39 309.1 1
2.4 310.06 1
2.41 310.88 1
2.42 310.48 1
2.43 309.32 1
2.44 308.2 1
2.45 308.3 1
2.46 308.72 1
2.47 309.86 1
2.48 310.45 1
2.49 312.09 1
2.5 313.18 1
2.51 312.83 1
2.52 313.06 1
2.53 313.73 1
2.54 314.77 1
2.55 310.34 1
2.56 287.3 1
2.57 301.06 1
2.58 0.0 1
2.59 0.0 1
2.6 0.0 1
2.61 0.0 1
2.62 0.0 1
2.63 0.0 1
2.64 0.0 1
2.65 0.0 1
2.66 0.0 1
2.67 0.0 1
2.68 0.0 1
2.69 0.0 1
2.7 0.0 1
2.71 0.0 1
2.72 0.0 1
2.73 0.0 1
2.74 0.0 1
2.75 0.0 1
2.76 0.0 1
2.77 0.0 1
2.78 0.0 1
2.79 0.0 1
2.8 0.0 1
2.81 0.0 1
2.82 0.0 1
2.83 0.0 1
2.84 0.0 1
2.85 0.0 1
2.86 0.0 1
2.87 0.0 1
2.88 0.0 1
2.89 283.66 1
2.9 270.89 1
2.91 271.86 1
2.92 274.11 1
2.93 276.46 1
2.94 277.43 1
2.95 277.66 1
2.96 272.68 1
2.97 263.29 1
2.98 254.2 1
2.99 248.61 1
3.0 254.59 1
3.01 256.65 1
3.02 255.67 1
3.03 266.87 1
3.04 274.77 1
3.05 283.23 1
3.06 281.94 1
3.07 277.34 1
3.08 276.48 1
3.09 278.0 1
3.1 279.05 1
3.11 278.64 1
3.12 277.92 1
3.13 278.21 1
3.14 276.47 1
3.15 274.76 1
3.16 274.77 1
3.17 276.44 1
3.18 274.76 1
3.19 274.89 1
3.2 274.72 1
3.21 274.71 1
3.22 273.03 1
3.23 271.8 1
3.24 270.7 1
3.25 270.01 1
3.26 269.72 1
3.27 271.35 1
3.28 272.99 1
3.29 273.03 1
3.3 274.7 1
3.31 274.69 1
3.32 274.7 1
3.33 274.71 1
3.34 273.05 1
3.35 274.7 1
3.36 273.04 1
3.37 273.05 1
3.38 273.06 1
3.39 273.1 1
3.4 274.72 1
3.41 274.74 1
3.42 274.87 1
3.43 276.47 1
3.44 278.18 1
3.45 277.0 1
3.46 276.99 1
3.47 278.18 1
3.48 276.79 1
3.49 276.49 1
3.5 276.45 1
3.51 274.75 1
3.52 273.04 1
3.53 271.63 1
3.54 271.09 1
3.55 277.74 1
3.56 285.13 1
3.57 294.99 1
3.58 307.56 1
3.59 324.15 1
3.6 333.31 1
3.61 337.09 1
3.62 337.51 1
3.63 337.46 1
3.64 333.02 1
3.65 328.08 1
3.66 319.62 1
3.67 304.45 1
3.68 293.52 1
3.69 282.38 1
3.7 269.75 1
3.71 257.77 1
3.72 247.08 1
3.73 241.21 1
3.74 235.95 1
3.75 231.5 1
3.76 227.92 1
3.77 227.38 1
3.78 226.67 1
3.79 227.83 1
3.8 229.1 1
3.81 231.5 1
3.82 233.96 1
3.83 236.74 1
3.84 239.37 1
3.85 243.58 1
3.86 246.27 1
3.87 252.42 1
3.88 259.34 1
3.89 264.79 1
3.9 269.22 1
3.91 273.91 1
3.92 275.87 1
3.93 275.86 1
3.94 274.76 1
3.95 273.06 1
3.96 270.02 1
3.97 267.38 1
3.98 261.78 1
3.99 261.72 1
4.0 257.18 1
4.01 255.66 1
4.02 251.73 1
4.03 249.25 1
4.04 247.47 1
4.05 242.86 1
4.06 240.31 1
4.07 238.37 1
4.08 235.87 1
4.09 233.76 1
4.1 233.53 1
4.11 232.72 1
4.12 230.31 1
4.13 229.1 1
4.14 227.93 1
4.15 227.92 1
4.16 226.75 1
4.17 225.59 1
4.18 226.02 1
4.19 225.6 1
4.2 226.68 1
4.21 227.92 1
4.22 227.94 1
4.23 229.11 1
4.24 229.14 1
4.25 233.91 1
4.26 236.36 1
4.27 240.42 1
4.28 244.84 1
4.29 247.92 1
4.3 252.06 1
4.31 254.94 1
4.32 255.7 1
4.33 258.7 1
4.34 261.75 1
4.35 263.3 1
4.36 265.78 1
4.37 267.23 1
4.38 267.76 1
4.39 268.45 1
4.4 268.99 1
4.41 269.77 1
4.42 271.03 1
4.43 271.8 1
4.44 271.93 1
4.45 271.93 1
4.46 271.43 1
4.47 270.53 1
4.48 270.02 1
4.49 270.35 1
4.5 270.22 1
4.51 270.77 1
4.52 271.23 1
4.53 272.55 1
4.54 272.85 1
4.55 272.8 1
4.56 273.48 1
4.57 274.28 1
4.58 273.98 1
4.59 273.8 1
4.6 273.94 1
4.61 273.59 1
4.62 273.67 1
4.63 273.65 1
4.64 274.16 1
4.65 273.98 1
4.66 273.36 1
4.67 273.13 1
4.68 273.33 1
4.69 273.93 1
4.7 274.17 1
4.71 275.0 1
4.72 275.68 1
4.73 275.48 1
4.74 275.06 1
4.75 274.76 1
4.76 274.38 1
4.77 274.64 1
4.78 275.23 1
4.79 274.93 1
4.8 274.7 1
4.81 274.84 1
4.82 275.53 1
4.83 275.29 1
4.84 276.22 1
4.85 276.29 1
4.86 275.71 1
4.87 275.71 1
4.88 274.93 1
4.89 275.56 1
4.9 274.99 1
4.91 276.49 1
4.92 277.13 1
4.93 277.84 1
4.94 280.06 1
4.95 281.28 1
4.96 280.62 1
4.97 280.13 1
4.98 279.92 1
4.99 280.04 1
5.0 278.59 1
5.01 277.76 1
5.02 275.63 1
5.03 272.27 1
5.04 266.49 1
5.05 258.73 1
5.06 254.21 1
5.07 242.28 1
5.08 229.13 1
5.09 219.33 1
5.1 214.37 1
5.11 214.57 1
5.12 214.38 1
5.13 206.41 1
5.14 214.58 1
5.15 211.49 1
5.16 0.0 1
5.17 0.0 1
5.18 0.0 1
5.19 0.0 1
5.2 0.0 1
5.21 0.0 1
5.22 0.0 1
5.23 0.0 1
5.24 0.0 1
5.25 0.0 1
5.26 292.08 1
5.27 296.98 1
5.28 279.6 1
5.29 265.3 1
5.3 260.96 1
5.31 257.18 1
5.32 254.84 1
5.33 250.21 1
5.34 246.4 1
5.35 242.01 1
5.36 239.49 1
5.37 234.84 1
5.38 230.3 1
5.39 231.5 1
5.4 231.51 1
5.41 231.51 1
5.42 230.3 1
5.43 230.31 1
5.44 231.51 1
5.45 232.74 1
5.46 235.21 1
5.47 240.29 1
5.48 242.9 1
5.49 244.69 1
5.5 246.75 1
5.51 248.27 1
5.52 249.16 1
5.53 249.15 1
5.54 248.6 1
5.55 247.44 1
5.56 245.4 1
5.57 244.31 1
5.58 242.37 1
5.59 240.66 1
5.6 238.44 1
5.61 236.85 1
5.62 232.74 1
5.63 231.52 1
5.64 230.3 1
5.65 229.09 1
5.66 227.58 1
5.67 226.49 1
5.68 224.34 1
5.69 222.1 1
5.7 219.72 1
5.71 218.53 1
5.72 218.34 1
5.73 217.48 1
5.74 215.65 1
5.75 211.52 1
5.76 210.94 1
5.77 211.24 1
5.78 210.62 1
5.79 209.23 1
5.8 208.27 1
5.81 207.71 1
5.82 206.57 1
5.83 206.57 1
5.84 206.57 1
5.85 207.53 1
5.86 207.54 1
5.87 206.56 1
5.88 205.61 1
5.89 204.65 1
5.9 204.42 1
5.91 203.5 1
5.92 202.77 1
5.93 203.18 1
5.94 203.23 1
5.95 203.66 1
5.96 203.7 1
5.97 204.64 1
5.98 204.64 1
5.99 204.64 1
6.0 204.65 1
6.01 206.58 1
6.02 212.81 1
6.03 219.21 1
6.04 232.48 1
6.05 242.88 1
6.06 257.15 1
6.07 265.13 1
6.08 270.59 1
6.09 275.3 1
6.1 278.97 1
6.11 279.93 1
6.12 279.56 1
6.13 277.08 1
6.14 273.05 1
6.15 257.22 1
6.16 256.71 1
6.17 250.02 1
6.18 243.47 1
6.19 238.27 1
6.2 229.11 1
6.21 224.67 1
6.22 221.16 1
6.23 218.39 1
6.24 217.67 1
6.25 217.56 1
6.26 220.09 1
6.27 222.51 1
6.28 225.34 1
6.29 237.97 1
6.3 239.03 1
6.31 244.48 1
6.32 253.07 1
6.33 255.68 1
6.34 260.24 1
6.35 266.72 1
6.36 270.61 1
6.37 271.41 1
6.38 272.58 1
6.39 272.6 1
6.4 273.05 1
6.41 272.99 1
6.42 274.07 1
6.43 275.25 1
6.44 275.5 1
6.45 276.92 1
6.46 277.18 1
6.47 277.22 1
6.48 275.73 1
6.49 274.52 1
6.5 273.81 1
6.51 272.83 1
6.52 273.13 1
6.53 272.35 1
6.54 272.5 1
6.55 271.89 1
6.56 269.7 1
6.57 263.3 1
6.58 264.78 1
6.59 281.51 1
6.6 280.04 1
6.61 283.87 1
6.62 289.01 1
6.63 291.1 1
6.64 295.07 1
6.65 297.88 1
6.66 302.28 1
6.67 306.52 1
6.68 306.91 1
6.69 305.98 1
6.7 303.67 1
6.71 301.78 1
6.72 298.99 1
6.73 297.5 1
6.74 295.01 1
6.75 298.99 1
6.76 300.85 1
6.77 302.53 1
6.78 303.1 1
6.79 303.09 1
6.8 302.93 1
6.81 303.25 1
6.82 303.26 1
6.83 302.85 1
6.84 301.05 1
6.85 303.39 1
6.86 305.25 1
6.87 306.07 1
6.88 304.94 1
6.89 303.1 1
6.9 304.77 1
6.91 306.01 1
6.92 308.97 1
6.93 309.81 1
6.94 310.41 1
6.95 313.18 1
6.96 312.26 1
6.97 299.01 1
6.98 307.26 1
6.99 311.98 1
7.0 156.57 1
7.01 158.36 1
7.02 157.92 1
7.03 69.32 1
7.04 69.26 1
7.05 69.27 1
7.06 69.21 1
7.07 69.31 1
7.08 69.3 1
7.09 0.0 1
7.1 0.0 1
7.11 340.59 1
7.12 288.52 1
7.13 285.75 1
7.14 282.19 1
7.15 274.76 1
7.16 272.27 1
7.17 273.16 1
7.18 271.38 1
7.19 271.32 1
7.2 271.38 1
7.21 270.56 1
7.22 270.29 1
7.23 269.06 1
7.24 269.7 1
7.25 270.09 1
7.26 271.0 1
7.27 273.03 1
7.28 271.95 1
7.29 273.06 1
7.3 274.01 1
7.31 274.75 1
7.32 274.67 1
7.33 274.99 1
7.34 274.76 1
7.35 274.62 1
7.36 273.89 1
7.37 273.44 1
7.38 273.06 1
7.39 273.63 1
7.4 273.9 1
7.41 274.16 1
7.42 274.76 1
7.43 275.04 1
7.44 275.33 1
7.45 275.32 1
7.46 275.85 1
7.47 276.06 1
7.48 276.08 1
7.49 275.52 1
7.5 274.94 1
7.51 274.19 1
7.52 273.07 1
7.53 271.84 1
7.54 270.41 1
7.55 268.78 1
7.56 261.76 1
7.57 264.87 1
7.58 272.69 1
7.59 264.88 1
7.6 262.78 1
7.61 257.21 1
7.62 248.45 1
7.63 246.19 1
7.64 237.26 1
7.65 235.0 1
7.66 233.85 1
7.67 231.72 1
7.68 229.09 1
7.69 227.32 1
7.7 225.24 1
7.71 224.42 1
7.72 224.44 1
7.73 223.77 1
7.74 223.78 1
7.75 224.14 1
7.76 225.13 1
7.77 226.47 1
7.78 227.81 1
7.79 227.92 1
7.8 230.29 1
7.81 231.51 1
7.82 233.52 1
7.83 234.93 1
7.84 236.46 1
7.85 237.56 1
7.86 239.02 1
7.87 238.93 1
7.88 240.31 1
7.89 239.03 1
7.9 238.37 1
7.91 237.47 1
7.92 236.24 1
7.93 235.51 1
7.94 234.83 1
7.95 233.82 1
7.96 232.56 1
7.97 230.3 1
7.98 230.29 1
7.99 229.1 1
8.0 229.09 1
8.01 227.92 1
8.02 226.74 1
8.03 226.01 1
8.04 225.58 1
8.05 225.53 1
8.06 225.29 1
8.07 226.34 1
8.08 226.75 1
8.09 229.09 1
8.1 230.32 1
8.11 236.05 1
8.12 239.69 1
8.13 245.63 1
8.14 244.3 1
8.15 243.25 1
8.16 243.02 1
8.17 242.96 1
8.18 240.85 1
8.19 240.31 1
8.2 237.81 1
8.21 236.85 1
8.22 236.19 1
8.23 233.97 1
8.24 234.62 1
8.25 232.73 1
8.26 230.31 1
8.27 230.3 1
8.28 230.29 1
8.29 229.11 1
8.3 229.1 1
8.31 229.09 1
8.32 229.09 1
8.33 229.05 1
8.34 229.1 1
8.35 230.29 1
8.36 232.72 1
8.37 236.04 1
8.38 239.56 1
8.39 242.43 1
8.4 241.32 1
8.41 239.68 1
8.42 255.55 1
8.43 251.15 1
8.44 248.29 1
8.45 239.82 1
8.46 220.31 1
8.47 216.71 1
8.48 0.0 1
8.49 0.0 1
8.5 0.0 1
8.51 0.0 1
8.52 0.0 1
8.53 0.0 1
8.54 0.0 1
8.55 0.0 1
8.56 0.0 1
8.57 0.0 1
8.58 0.0 1
8.59 0.0 1
8.6 230.29 1
8.61 217.61 1
8.62 215.08 1
8.63 212.08 1
8.64 208.51 1
8.65 208.91 1
8.66 210.66 1
8.67 208.55 1
8.68 209.15 1
8.69 210.21 1
8.7 209.74 1
8.71 210.05 1
8.72 210.74 1
8.73 211.24 1
8.74 207.12 1
8.75 210.76 1
8.76 210.44 1
8.77 210.6 1
8.78 211.1 1
8.79 210.28 1
8.8 211.87 1
8.81 212.21 1
8.82 211.3 1
8.83 210.33 1
8.84 210.07 1
8.85 212.59 1
8.86 213.3 1
8.87 213.34 1
8.88 212.44 1
8.89 212.39 1
8.9 211.73 1
8.91 213.22 1
8.92 212.21 1
8.93 209.37 1
8.94 209.41 1
8.95 210.77 1
8.96 208.69 1
8.97 207.61 1
8.98 207.94 1
8.99 203.53 1
9.0 202.37 1
9.01 198.96 1
9.02 200.02 1
9.03 207.58 1
9.04 211.86 1
9.05 216.71 1
9.06 220.49 1
9.07 229.09 1
9.08 231.5 1
9.09 231.36 1
9.1 231.73 1
9.11 232.2 1
9.12 229.72 1
9.13 233.15 1
9.14 235.56 1
9.15 233.96 1
9.16 233.43 1
9.17 233.53 1
9.18 232.72 1
9.19 233.26 1
9.2 232.45 1
9.21 230.97 1
9.22 234.31 1
9.23 238.14 1
9.24 236.74 1
9.25 235.11 1
9.26 232.5 1
9.27 233.34 1
9.28 236.82 1
9.29 239.75 1
9.3 250.77 1
9.31 265.79 1
9.32 278.27 1
9.33 298.43 1
9.34 313.97 1
9.35 319.83 1
9.36 318.38 1
9.37 313.48 1
9.38 301.54 1
9.39 292.27 1
9.4 273.93 1
9.41 234.49 1
9.42 220.79 1
9.43 212.58 1
9.44 213.55 1
9.45 217.87 1
9.46 223.86 1
9.47 227.92 1
9.48 230.3 1
9.49 237.53 1
9.5 244.36 1
9.51 245.79 1
9.52 246.47 1
9.53 245.73 1
9.54 242.3 1
9.55 238.38 1
9.56 234.73 1
9.57 231.7 1
9.58 227.92 1
9.59 226.74 1
9.6 228.31 1
9.61 229.83 1
9.62 232.29 1
9.63 235.69 1
9.64 238.56 1
9.65 242.54 1
9.66 241.88 1
9.67 244.05 1
9.68 243.65 1
9.69 243.44 1
9.7 244.63 1
9.71 244.43 1
9.72 244.22 1
9.73 244.12 1
9.74 237.51 1
9.75 226.83 1
9.76 213.28 1
9.77 208.53 1
9.78 190.49 1
9.79 206.56 1
9.8 240.32 1
9.81 190.49 1
9.82 184.05 1
9.83 187.26 1
9.84 184.36 1
9.85 182.48 1
9.86 176.07 1
9.87 184.09 1
9.88 184.91 1
9.89 180.04 1
9.9 280.0 1
9.91 222.15 1
9.92 211.82 1
9.93 207.83 1
9.94 204.64 1
9.95 206.56 1
9.96 204.64 1
9.97 205.4 1
9.98 205.16 1
9.99 204.31 1
10.0 204.46 1
10.01 203.47 1
10.02 203.46 1
10.03 202.46 1
10.04 201.76 1
10.05 200.98 1
10.06 200.28 1
10.07 199.51 1
10.08 199.24 1
10.09 199.51 1
10.1 201.14 1
10.11 202.76 1
10.12 204.26 1
10.13 204.65 1
10.14 205.6 1
10.15 205.61 1
10.16 205.62 1
10.17 206.56 1
10.18 205.61 1
10.19 204.67 1
10.2 204.66 1
10.21 205.33 1
10.22 205.99 1
10.23 206.58 1
10.24 208.53 1
10.25 210.5 1
10.26 211.46 1
10.27 211.02 1
10.28 207.57 1
10.29 205.61 1
10.3 203.62 1
10.31 198.07 1
10.32 192.04 1
10.33 186.43 1
10.34 181.49 1
10.35 180.77 1
10.36 180.9 1
10.37 180.87 1
10.38 181.21 1
10.39 180.5 1
10.4 178.55 1
10.41 176.75 1
10.42 177.32 1
10.43 179.73 1
10.44 183.01 1
10.45 184.18 1
10.46 185.57 1
10.47 181.85 1
10.48 184.87 1
10.49 183.36 1
10.5 184.1 1
10.51 182.54 1
10.52 0.0 1
10.53 0.0 1
10.54 0.0 1
10.55 0.0 1
10.56 0.0 1
10.57 0.0 1
10.58 0.0 1
10.59 0.0 1
10.6 0.0 1
10.61 0.0 1
10.62 0.0 1
10.63 0.0 1
10.64 0.0 1
10.65 0.0 1
10.66 0.0 1
10.67 0.0 1
10.68 0.0 1
10.69 0.0 1
10.7 0.0 1
10.71 0.0 1
10.72 0.0 1
10.73 0.0 1
10.74 0.0 1
10.75 0.0 1
10.76 0.0 1
10.77 0.0 1
10.78 0.0 1
10.79 0.0 1
10.8 0.0 1
10.81 0.0 1
10.82 0.0 1
10.83 0.0 1
10.84 0.0 1
10.85 217.43 1
10.86 188.89 1
10.87 188.07 1
10.88 190.49 1
10.89 188.87 1
10.9 187.99 1
10.91 184.14 1
10.92 172.6 1
10.93 174.69 1
10.94 176.74 1
10.95 175.65 1
10.96 171.26 1
10.97 175.65 1
10.98 173.28 1
10.99 175.36 1
11.0 176.05 1
11.01 164.29 1
11.02 166.1 1
11.03 178.19 1
11.04 183.15 1
11.05 184.96 1
11.06 181.5 1
11.07 180.61 1
11.08 180.95 1
11.09 180.77 1
11.1 181.47 1
11.11 182.69 1
11.12 183.5 1
11.13 184.74 1
11.14 184.75 1
11.15 184.82 1
11.16 184.77 1
11.17 184.94 1
11.18 184.7 1
11.19 184.15 1
11.2 184.41 1
11.21 185.03 1
11.22 184.42 1
11.23 184.54 1
11.24 183.88 1
11.25 183.07 1
11.26 181.27 1
11.27 179.36 1
11.28 177.93 1
11.29 175.64 1
11.3 174.65 1
11.31 170.14 1
11.32 168.8 1
11.33 169.25 1
11.34 165.66 1
11.35 163.03 1
11.36 160.65 1
11.37 160.31 1
11.38 158.36 1
11.39 159.19 1
11.4 158.48 1
11.41 157.22 1
11.42 155.66 1
11.43 154.27 1
11.44 151.91 1
11.45 150.5 1
11.46 149.21 1
11.47 148.67 1
11.48 148.52 1
11.49 149.18 1
11.5 149.61 1
11.51 149.2 1
11.52 149.65 1
11.53 150.88 1
11.54 150.72 1
11.55 149.89 1
11.56 150.7 1
11.57 151.17 1
11.58 151.59 1
11.59 152.08 1
11.6 151.45 1
11.61 153.07 1
11.62 153.71 1
11.63 153.22 1
11.64 154.18 1
11.65 153.06 1
11.66 152.95 1
11.67 152.14 1
11.68 151.27 1
11.69 150.65 1
11.7 150.56 1
11.71 149.53 1
11.72 149.11 1
11.73 150.3 1
11.74 151.37 1
11.75 153.21 1
11.76 157.16 1
11.77 162.47 1
11.78 163.65 1
11.79 166.77 1
11.8 169.95 1
11.81 171.93 1
11.82 172.6 1
11.83 170.33 1
11.84 166.98 1
11.85 164.01 1
11.86 162.17 1
11.87 154.68 1
11.88 151.58 1
11.89 151.8 1
11.9 151.23 1
11.91 152.41 1
11.92 152.79 1
11.93 153.55 1
11.94 153.42 1
11.95 153.62 1
11.96 154.29 1
11.97 153.66 1
11.98 153.94 1
11.99 153.95 1
12.0 154.11 1
12.01 155.09 1
12.02 154.83 1
12.03 155.37 1
12.04 155.8 1
12.05 155.56 1
12.06 156.06 1
12.07 156.52 1
12.08 155.2 1
12.09 155.23 1
12.1 154.18 1
12.11 153.42 1
12.12 154.03 1
12.13 153.59 1
12.14 155.48 1
12.15 157.69 1
12.16 157.79 1
12.17 160.66 1
12.18 163.96 1
12.19 166.2 1
12.2 166.83 1
12.21 166.31 1
12.22 164.25 1
12.23 160.76 1
12.24 154.65 1
12.25 145.65 1
12.26 147.67 1
12.27 134.01 1
12.28 133.05 1
12.29 129.28 1
12.3 133.13 1
12.31 138.9 1
12.32 133.84 1
12.33 134.62 1
12.34 133.84 1
12.35 137.17 1
12.36 136.02 1
12.37 134.66 1
12.38 138.05 1
12.39 139.85 1
12.4 139.79 1
12.41 141.76 1
12.42 143.41 1
12.43 141.73 1
12.44 142.03 1
12.45 140.38 1
12.46 139.08 1
12.47 139.12 1
12.48 138.83 1
12.49 136.74 1
12.5 137.06 1
12.51 136.2 1
12.52 133.14 1
12.53 129.9 1
12.54 127.27 1
12.55 126.97 1
12.56 121.66 1
12.57 115.6 1
12.58 0.0 1
12.59 0.0 1
12.6 0.0 1
12.61 0.0 1
12.62 0.0 1
12.63 0.0 1
12.64 0.0 1
12.65 0.0 1
12.66 0.0 1
12.67 0.0 1
12.68 0.0 1
12.69 0.0 1
12.7 0.0 1
12.71 212.53 1
12.72 177.46 1
12.73 169.96 1
12.74 166.82 1
12.75 165.51 1
12.76 162.97 1
12.77 157.16 1
12.78 154.41 1
12.79 151.85 1
12.8 151.42 1
12.81 150.72 1
12.82 151.34 1
12.83 152.14 1
12.84 153.0 1
12.85 154.37 1
12.86 155.69 1
12.87 156.32 1
12.88 158.28 1
12.89 160.25 1
12.9 163.24 1
12.91 165.45 1
12.92 167.96 1
12.93 167.93 1
12.94 171.22 1
12.95 168.78 1
12.96 164.67 1
12.97 162.48 1
12.98 160.41 1
12.99 157.81 1
13.0 155.52 1
13.01 153.14 1
13.02 150.41 1
13.03 148.99 1
13.04 148.43 1
13.05 149.05 1
13.06 150.31 1
13.07 152.42 1
13.08 155.85 1
13.09 158.79 1
13.1 163.33 1
13.11 165.21 1
13.12 168.43 1
13.13 169.22 1
13.14 169.26 1
13.15 166.47 1
13.16 163.32 1
13.17 158.35 1
13.18 154.05 1
13.19 147.4 1
13.2 142.33 1
13.21 140.33 1
13.22 139.08 1
13.23 140.37 1
13.24 142.24 1
13.25 142.44 1
13.26 144.49 1
13.27 145.79 1
13.28 149.39 1
13.29 153.99 1
13.3 159.14 1
13.31 165.27 1
13.32 169.94 1
13.33 176.72 1
13.34 181.08 1
13.35 184.98 1
13.36 187.9 1
13.37 189.93 1
13.38 190.8 1
13.39 191.55 1
13.4 191.61 1
13.41 190.16 1
13.42 189.52 1
13.43 187.81 1
13.44 185.69 1
13.45 184.7 1
13.46 183.93 1
13.47 181.89 1
13.48 180.34 1
13.49 180.11 1
13.5 180.73 1
13.51 182.44 1
13.52 184.43 1
13.53 185.69 1
13.54 186.48 1
13.55 187.45 1
13.56 184.14 1
13.57 182.61 1
13.58 178.91 1
13.59 181.86 1
13.6 190.5 1
13.61 186.78 1
13.62 187.26 1
13.63 193.53 1
13.64 198.2 1
13.65 201.26 1
13.66 201.88 1
13.67 203.48 1
13.68 205.31 1
13.69 205.6 1
13.7 206.83 1
13.71 207.4 1
13.72 207.3 1
13.73 207.08 1
13.74 207.05 1
13.75 206.56 1
13.76 206.49 1
13.77 207.8 1
13.78 209.19 1
13.79 208.52 1
13.8 209.2 1
13.81 209.21 1
13.82 207.54 1
13.83 207.53 1
13.84 207.53 1
13.85 206.56 1
13.86 206.56 1
13.87 207.41 1
13.88 206.56 1
13.89 205.6 1
13.9 204.65 1
13.91 204.61 1
13.92 203.85 1
13.93 203.7 1
13.94 203.47 1
13.95 203.7 1
13.96 204.35 1
13.97 204.65 1
13.98 204.65 1
13.99 205.6 1
14.0 206.45 1
14.01 206.56 1
14.02 206.56 1
14.03 206.56 1
14.04 206.56 1
14.05 206.49 1
14.06 206.55 1
14.07 205.75 1
14.08 204.64 1
14.09 204.64 1
14.1 203.6 1
14.11 203.77 1
14.12 204.04 1
14.13 204.57 1
14.14 204.2 1
14.15 203.75 1
14.16 204.23 1
14.17 203.7 1
14.18 204.64 1
14.19 205.6 1
14.2 207.53 1
14.21 209.89 1
14.22 211.23 1
14.23 213.24 1
14.24 219.28 1
14.25 226.7 1
14.26 230.3 1
14.27 236.76 1
14.28 240.76 1
14.29 246.28 1
14.3 249.51 1
14.31 250.77 1
14.32 251.07 1
14.33 249.68 1
14.34 248.18 1
14.35 244.26 1
14.36 241.11 1
14.37 237.22 1
14.38 232.73 1
14.39 230.76 1
14.4 227.91 1
14.41 227.92 1
14.42 230.3 1
14.43 233.96 1
14.44 241.63 1
14.45 247.27 1
14.46 253.43 1
14.47 257.15 1
14.48 260.16 1
14.49 260.18 1
14.5 260.19 1
14.51 269.72 1
14.52 257.19 1
14.53 256.26 1
14.54 254.22 1
14.55 240.87 1
14.56 222.17 1
14.57 209.4 1
14.58 213.03 1
14.59 196.85 1
14.6 205.79 1
14.61 199.48 1
14.62 191.59 1
14.63 191.18 1
