0.01 260.22 1
0.02 263.93 1
0.03 263.29 1
0.04 260.25 1
0.05 255.78 1
0.06 253.06 1
0.07 247.61 1
0.08 245.52 1
0.09 241.65 1
0.1 240.09 1
0.11 238.57 1
0.12 236.48 1
0.13 239.62 1
0.14 240.81 1
0.15 243.89 1
0.16 245.64 1
0.17 248.65 1
0.18 253.08 1
0.19 256.83 1
0.2 259.2 1
0.21 260.94 1
0.22 262.64 1
0.23 262.77 1
0.24 262.45 1
0.25 261.29 1
0.26 258.39 1
0.27 254.33 1
0.28 252.0 1
0.29 246.05 1
0.3 242.94 1
0.31 237.73 1
0.32 233.94 1
0.33 232.72 1
0.34 232.39 1
0.35 232.63 1
0.36 233.57 1
0.37 235.2 1
0.38 238.49 1
0.39 237.97 1
0.4 238.76 1
0.41 239.62 1
0.42 232.72 1
0.43 235.63 1
0.44 232.29 1
0.45 238.93 1
0.46 249.59 1
0.47 274.76 1
0.48 272.09 1
0.49 277.13 1
0.5 285.03 1
0.51 296.29 1
0.52 314.8 1
0.53 317.71 1
0.54 318.01 1
0.55 319.1 1
0.56 319.55 1
0.57 320.55 1
0.58 319.67 1
0.59 319.51 1
0.6 318.49 1
0.61 317.94 1
0.62 316.18 1
0.63 314.67 1
0.64 313.16 1
0.65 313.01 1
0.66 312.43 1
0.67 313.24 1
0.68 316.41 1
0.69 321.08 1
0.7 325.07 1
0.71 326.96 1
0.72 329.49 1
0.73 331.05 1
0.74 333.61 1
0.75 334.53 1
0.76 334.18 1
0.77 332.74 1
0.78 331.09 1
0.79 330.67 1
0.8 329.78 1
0.81 329.58 1
0.82 326.86 1
0.83 325.1 1
0.84 322.2 1
0.85 319.61 1
0.86 316.37 1
0.87 313.05 1
0.88 311.23 1
0.89 307.48 1
0.9 304.04 1
0.91 299.67 1
0.92 291.03 1
0.93 284.72 1
0.94 276.04 1
0.95 269.64 1
0.96 262.46 1
0.97 254.58 1
0.98 244.54 1
0.99 239.26 1
1.0 233.81 1
1.01 227.94 1
1.02 228.21 1
1.03 227.61 1
1.04 227.96 1
1.05 228.24 1
1.06 228.65 1
1.07 227.0 1
1.08 225.59 1
1.09 220.04 1
1.1 201.13 1
1.11 174.26 1
1.12 0.0 1
1.13 0.0 1
1.14 0.0 1
1.15 0.0 1
1.16 0.0 1
1.17 0.0 1
1.18 0.0 1
1.19 0.0 1
1.2 0.0 1
1.21 0.0 1
1.22 302.95 1
1.23 281.13 1
1.24 276.48 1
1.25 271.38 1
1.26 271.36 1
1.27 269.72 1
1.28 271.38 1
1.29 270.63 1
1.3 269.97 1
1.31 269.65 1
1.32 270.19 1
1.33 271.38 1
1.34 272.09 1
1.35 273.3 1
1.36 274.77 1
1.37 276.47 1
1.38 275.02 1
1.39 274.76 1
1.4 275.01 1
1.41 278.22 1
1.42 278.09 1
1.43 278.55 1
1.44 278.8 1
1.45 276.53 1
1.46 274.76 1
1.47 274.77 1
1.48 275.02 1
1.49 274.97 1
1.5 274.77 1
1.51 272.37 1
1.52 268.11 1
1.53 254.2 1
1.54 254.25 1
1.55 271.34 1
1.56 274.76 1
1.57 269.31 1
1.58 287.05 1
1.59 289.17 1
1.6 287.2 1
1.61 282.06 1
1.62 280.0 1
1.63 276.48 1
1.64 275.93 1
1.65 277.32 1
1.66 277.97 1
1.67 277.25 1
1.68 276.96 1
1.69 276.62 1
1.7 275.85 1
1.71 276.46 1
1.72 276.48 1
1.73 274.74 1
1.74 275.7 1
1.75 273.74 1
1.76 274.74 1
1.77 271.94 1
1.78 268.3 1
1.79 266.5 1
1.8 261.75 1
1.81 258.73 1
1.82 255.71 1
1.83 254.2 1
1.84 250.25 1
1.85 246.99 1
1.86 242.95 1
1.87 238.37 1
1.88 232.77 1
1.89 229.16 1
1.9 227.62 1
1.91 225.83 1
1.92 221.99 1
1.93 217.4 1
1.94 214.6 1
1.95 208.56 1
1.96 209.13 1
1.97 209.29 1
1.98 204.65 1
1.99 202.92 1
2.0 182.62 1
2.01 206.56 1
2.02 195.91 1
2.03 196.3 1
2.04 197.04 1
2.05 196.52 1
2.06 198.57 1
2.07 198.63 1
2.08 198.78 1
2.09 199.45 1
2.1 199.6 1
2.11 200.34 1
2.12 199.92 1
2.13 199.87 1
2.14 199.98 1
2.15 200.98 1
2.16 201.95 1
2.17 203.49 1
2.18 204.64 1
2.19 206.56 1
2.2 209.75 1
2.21 213.58 1
2.22 218.86 1
2.23 226.05 1
2.24 231.5 1
2.25 239.15 1
2.26 244.56 1
2.27 248.48 1
2.28 251.99 1
2.29 253.43 1
2.3 253.85 1
2.31 252.31 1
2.32 248.85 1
2.33 245.26 1
2.34 240.13 1
2.35 235.91 1
2.36 233.5 1
2.37 232.32 1
2.38 231.48 1
2.39 232.59 1
2.4 234.66 1
2.41 237.22 1
2.42 234.44 1
2.43 242.97 1
2.44 243.62 1
2.45 245.5 1
2.46 248.61 1
2.47 257.14 1
2.48 260.07 1
2.49 255.65 1
2.5 260.18 1
2.51 253.4 1
2.52 251.21 1
2.53 249.38 1
2.54 246.05 1
2.55 240.96 1
2.56 239.02 1
2.57 230.33 1
2.58 230.97 1
2.59 229.94 1
2.6 231.5 1
2.61 231.52 1
2.62 236.64 1
2.63 239.01 1
2.64 242.95 1
2.65 245.45 1
2.66 248.35 1
2.67 250.77 1
2.68 252.05 1
2.69 251.57 1
2.7 251.87 1
2.71 250.24 1
2.72 247.62 1
2.73 245.64 1
2.74 240.31 1
2.75 236.91 1
2.76 226.76 1
2.77 223.01 1
2.78 214.59 1
2.79 205.6 1
2.8 197.46 1
2.81 188.87 1
2.82 181.6 1
2.83 176.85 1
2.84 172.62 1
2.85 171.27 1
2.86 171.27 1
2.87 173.62 1
2.88 168.02 1
2.89 167.37 1
2.9 169.29 1
2.91 166.08 1
2.92 167.34 1
2.93 167.97 1
2.94 167.33 1
2.95 166.7 1
2.96 164.22 1
2.97 166.07 1
2.98 165.45 1
2.99 162.41 1
3.0 212.66 1
3.01 210.05 1
3.02 205.07 1
3.03 205.71 1
3.04 205.6 1
3.05 206.56 1
3.06 207.37 1
3.07 207.25 1
3.08 208.32 1
3.09 208.51 1
3.1 208.51 1
3.11 208.51 1
3.12 209.5 1
3.13 209.5 1
3.14 210.16 1
3.15 210.09 1
3.16 211.39 1
3.17 211.79 1
3.18 212.14 1
3.19 212.09 1
3.2 212.2 1
3.21 212.6 1
3.22 212.52 1
3.23 212.21 1
3.24 211.91 1
3.25 211.06 1
3.26 210.39 1
3.27 209.66 1
3.28 206.59 1
3.29 202.77 1
3.3 205.72 1
3.31 202.78 1
3.32 204.65 1
3.33 195.57 1
3.34 194.7 1
3.35 204.82 1
3.36 206.56 1
3.37 208.51 1
3.38 208.14 1
3.39 206.56 1
3.4 211.51 1
3.41 211.45 1
3.42 210.53 1
3.43 209.5 1
3.44 209.75 1
3.45 211.28 1
3.46 209.51 1
3.47 207.54 1
3.48 215.64 1
3.49 212.48 1
3.5 211.46 1
3.51 211.59 1
3.52 210.5 1
3.53 213.55 1
3.54 208.52 1
3.55 203.7 1
3.56 211.5 1
3.57 212.52 1
3.58 209.51 1
3.59 211.57 1
3.6 211.21 1
3.61 212.1 1
3.62 211.51 1
3.63 204.65 1
3.64 210.12 1
3.65 210.63 1
3.66 208.51 1
3.67 209.04 1
3.68 208.67 1
3.69 208.22 1
3.7 207.45 1
3.71 208.07 1
3.72 208.11 1
3.73 207.66 1
3.74 207.74 1
3.75 206.57 1
3.76 207.37 1
3.77 208.34 1
3.78 209.08 1
3.79 209.18 1
3.8 209.15 1
3.81 207.54 1
3.82 209.04 1
3.83 207.98 1
3.84 206.28 1
3.85 206.49 1
3.86 206.39 1
3.87 208.12 1
3.88 211.51 1
3.89 217.19 1
3.9 224.2 1
3.91 231.5 1
3.92 254.18 1
3.93 249.5 1
3.94 276.48 1
3.95 261.72 1
3.96 282.67 1
3.97 279.31 1
3.98 288.95 1
3.99 290.84 1
4.0 296.94 1
4.01 312.46 1
4.02 311.91 1
4.03 296.98 1
4.04 288.63 1
4.05 270.66 1
4.06 255.67 1
4.07 248.12 1
4.08 239.54 1
4.09 230.3 1
4.1 225.58 1
4.11 223.97 1
4.12 222.67 1
4.13 223.37 1
4.14 225.3 1
4.15 228.77 1
4.16 231.5 1
4.17 237.27 1
4.18 243.13 1
4.19 247.6 1
4.2 252.01 1
4.21 255.67 1
4.22 257.16 1
4.23 260.84 1
4.24 258.74 1
4.25 257.23 1
4.26 257.16 1
4.27 255.56 1
4.28 252.31 1
4.29 250.37 1
4.3 248.31 1
4.31 245.2 1
4.32 241.57 1
4.33 239.29 1
4.34 234.71 1
4.35 231.53 1
4.36 226.74 1
4.37 224.1 1
4.38 221.27 1
4.39 216.01 1
4.4 213.82 1
4.41 209.51 1
4.42 205.6 1
4.43 204.04 1
4.44 197.25 1
4.45 194.7 1
4.46 190.93 1
4.47 188.76 1
4.48 182.74 1
4.49 181.26 1
4.5 178.26 1
4.51 175.99 1
4.52 173.97 1
4.53 171.26 1
4.54 159.81 1
4.55 165.35 1
4.56 168.83 1
4.57 170.32 1
4.58 175.35 1
4.59 168.61 1
4.6 170.98 1
4.61 0.0 1
4.62 0.0 1
4.63 0.0 1
4.64 0.0 1
4.65 0.0 1
4.66 226.71 1
4.67 213.06 1
4.68 206.04 1
4.69 205.19 1
4.7 204.37 1
4.71 203.19 1
4.72 204.15 1
4.73 204.64 1
4.74 206.32 1
4.75 207.54 1
4.76 209.5 1
4.77 208.91 1
4.78 205.6 1
4.79 197.29 1
4.8 196.89 1
4.81 206.56 1
4.82 208.28 1
4.83 205.6 1
4.84 200.93 1
4.85 0.0 1
4.86 0.0 1
4.87 0.0 1
4.88 0.0 1
4.89 0.0 1
4.9 0.0 1
4.91 0.0 1
4.92 0.0 1
4.93 0.0 1
4.94 0.0 1
4.95 0.0 1
4.96 0.0 1
4.97 0.0 1
4.98 0.0 1
4.99 0.0 1
5.0 0.0 1
5.01 0.0 1
5.02 0.0 1
5.03 0.0 1
5.04 0.0 1
5.05 0.0 1
5.06 0.0 1
5.07 0.0 1
5.08 0.0 1
5.09 0.0 1
5.1 0.0 1
5.11 0.0 1
5.12 0.0 1
5.13 203.11 1
5.14 218.33 1
5.15 224.66 1
5.16 210.94 1
5.17 205.96 1
5.18 202.76 1
5.19 176.42 1
5.2 182.1 1
5.21 198.49 1
5.22 202.76 1
5.23 207.55 1
5.24 213.07 1
5.25 213.5 1
5.26 211.81 1
5.27 211.51 1
5.28 211.05 1
5.29 211.13 1
5.3 211.72 1
5.31 212.6 1
5.32 212.28 1
5.33 211.58 1
5.34 210.57 1
5.35 210.53 1
5.36 210.77 1
5.37 209.24 1
5.38 209.6 1
5.39 209.02 1
5.4 207.87 1
5.41 206.09 1
5.42 204.43 1
5.43 201.54 1
5.44 200.44 1
5.45 198.2 1
5.46 195.54 1
5.47 189.57 1
5.48 185.4 1
5.49 180.44 1
5.5 174.75 1
5.51 171.24 1
5.52 166.43 1
5.53 161.83 1
5.54 157.04 1
5.55 154.06 1
5.56 153.06 1
5.57 151.95 1
5.58 150.25 1
5.59 151.81 1
5.6 153.36 1
5.61 155.19 1
5.62 158.35 1
5.63 159.76 1
5.64 158.35 1
5.65 154.84 1
5.66 155.56 1
5.67 158.26 1
5.68 159.51 1
5.69 159.4 1
5.7 159.32 1
5.71 163.03 1
5.72 167.91 1
5.73 184.29 1
5.74 188.08 1
5.75 185.86 1
5.76 183.57 1
5.77 180.46 1
5.78 176.56 1
5.79 171.42 1
5.8 167.75 1
5.81 163.28 1
5.82 162.43 1
5.83 161.38 1
5.84 161.1 1
5.85 159.34 1
5.86 158.85 1
5.87 157.87 1
5.88 158.24 1
5.89 159.23 1
5.9 162.43 1
5.91 169.29 1
5.92 184.13 1
5.93 197.23 1
5.94 215.54 1
5.95 219.85 1
5.96 224.19 1
5.97 224.98 1
5.98 233.79 1
5.99 225.59 1
6.0 202.76 1
6.01 207.17 1
6.02 189.68 1
6.03 169.94 1
6.04 157.22 1
6.05 156.15 1
6.06 150.25 1
6.07 149.98 1
6.08 151.51 1
6.09 151.36 1
6.1 151.89 1
6.11 151.46 1
6.12 152.07 1
6.13 152.12 1
6.14 152.6 1
6.15 153.21 1
6.16 153.0 1
6.17 153.15 1
6.18 153.6 1
6.19 153.48 1
6.2 153.14 1
6.21 151.65 1
6.22 152.16 1
6.23 150.39 1
6.24 152.98 1
6.25 157.14 1
6.26 163.64 1
6.27 168.64 1
6.28 176.05 1
6.29 173.29 1
6.3 173.6 1
6.31 164.11 1
6.32 155.56 1
6.33 0.0 1
6.34 0.0 1
6.35 0.0 1
6.36 0.0 1
6.37 0.0 1
6.38 0.0 1
6.39 0.0 1
6.4 0.0 1
6.41 0.0 1
6.42 0.0 1
6.43 0.0 1
6.44 144.51 1
6.45 141.11 1
6.46 136.75 1
6.47 135.72 1
6.48 134.71 1
6.49 134.46 1
6.5 135.53 1
6.51 135.49 1
6.52 136.31 1
6.53 136.1 1
6.54 136.33 1
6.55 136.28 1
6.56 135.7 1
6.57 135.98 1
6.58 134.66 1
6.59 135.01 1
6.6 135.07 1
6.61 135.08 1
6.62 135.62 1
6.63 135.08 1
6.64 135.49 1
6.65 135.08 1
6.66 135.5 1
6.67 134.66 1
6.68 134.53 1
6.69 134.0 1
6.7 133.04 1
6.71 133.55 1
6.72 130.68 1
6.73 156.67 1
6.74 142.95 1
6.75 133.84 1
6.76 123.36 1
6.77 125.82 1
6.78 117.57 1
6.79 122.67 1
6.8 144.81 1
6.81 138.75 1
6.82 140.98 1
6.83 140.01 1
6.84 140.25 1
6.85 140.08 1
6.86 138.03 1
6.87 138.94 1
6.88 138.81 1
6.89 138.03 1
6.9 138.6 1
6.91 138.46 1
6.92 138.03 1
6.93 137.6 1
6.94 138.89 1
6.95 137.56 1
6.96 137.17 1
6.97 137.6 1
6.98 137.84 1
6.99 136.33 1
7.0 137.69 1
7.01 137.69 1
7.02 138.25 1
7.03 138.55 1
7.04 138.66 1
7.05 138.77 1
7.06 138.43 1
7.07 137.63 1
7.08 135.92 1
7.09 136.16 1
7.1 136.75 1
7.11 144.36 1
7.12 153.39 1
7.13 170.6 1
7.14 175.08 1
7.15 180.35 1
7.16 192.44 1
7.17 204.88 1
7.18 209.22 1
7.19 213.99 1
7.2 220.96 1
7.21 218.13 1
7.22 217.54 1
7.23 214.08 1
7.24 209.39 1
7.25 202.33 1
7.26 193.71 1
7.27 182.07 1
7.28 171.84 1
7.29 164.83 1
7.3 157.37 1
7.31 153.0 1
7.32 152.56 1
7.33 153.84 1
7.34 154.81 1
7.35 156.13 1
7.36 160.07 1
7.37 162.63 1
7.38 166.52 1
7.39 168.7 1
7.4 172.61 1
7.41 173.97 1
7.42 175.87 1
7.43 178.29 1
7.44 178.88 1
7.45 177.35 1
7.46 175.25 1
7.47 172.39 1
7.48 169.83 1
7.49 165.72 1
7.5 161.22 1
7.51 158.81 1
7.52 154.91 1
7.53 151.92 1
7.54 146.15 1
7.55 143.22 1
7.56 136.7 1
7.57 132.82 1
7.58 129.53 1
7.59 125.26 1
7.6 122.84 1
7.61 119.35 1
7.62 118.16 1
7.63 116.72 1
7.64 113.42 1
7.65 112.92 1
7.66 110.2 1
7.67 109.01 1
7.68 107.7 1
7.69 108.48 1
7.7 109.0 1
7.71 110.17 1
7.72 110.57 1
7.73 111.51 1
7.74 114.91 1
7.75 116.52 1
7.76 118.4 1
7.77 120.65 1
7.78 122.08 1
7.79 124.81 1
7.8 127.61 1
7.81 127.11 1
7.82 128.02 1
7.83 128.38 1
7.84 127.65 1
7.85 126.07 1
7.86 125.37 1
7.87 122.17 1
7.88 119.04 1
7.89 116.89 1
7.9 115.95 1
7.91 113.91 1
7.92 111.99 1
7.93 110.67 1
7.94 109.29 1
7.95 104.22 1
7.96 91.28 1
7.97 0.0 1
7.98 0.0 1
7.99 0.0 1
8.0 0.0 1
8.01 0.0 1
8.02 0.0 1
8.03 0.0 1
8.04 0.0 1
8.05 0.0 1
8.06 0.0 1
8.07 0.0 1
8.08 0.0 1
8.09 156.76 1
8.1 155.17 1
8.11 149.75 1
8.12 144.36 1
8.13 143.7 1
8.14 141.42 1
8.15 141.11 1
8.16 138.75 1
8.17 138.03 1
8.18 139.76 1
8.19 139.99 1
8.2 140.61 1
8.21 141.22 1
8.22 141.55 1
8.23 140.77 1
8.24 139.76 1
8.25 138.72 1
8.26 138.14 1
8.27 136.75 1
8.28 137.26 1
8.29 137.49 1
8.3 136.75 1
8.31 137.1 1
8.32 137.09 1
8.33 135.92 1
8.34 137.83 1
8.35 138.04 1
8.36 144.33 1
8.37 68.88 1
8.38 68.62 1
8.39 69.15 1
8.4 68.63 1
8.41 69.25 1
8.42 69.21 1
8.43 69.32 1
8.44 69.07 1
8.45 70.46 1
8.46 152.02 1
8.47 143.68 1
8.48 140.67 1
8.49 141.72 1
8.5 137.55 1
8.51 138.14 1
8.52 137.59 1
8.53 137.77 1
8.54 137.61 1
8.55 138.29 1
8.56 139.36 1
8.57 139.35 1
8.58 138.52 1
8.59 137.76 1
8.6 136.77 1
8.61 135.91 1
8.62 135.1 1
8.63 133.31 1
8.64 132.11 1
8.65 131.04 1
8.66 129.13 1
8.67 127.58 1
8.68 125.32 1
8.69 123.01 1
8.7 120.1 1
8.71 117.93 1
8.72 115.9 1
8.73 112.96 1
8.74 112.08 1
8.75 109.92 1
8.76 107.97 1
8.77 106.92 1
8.78 105.18 1
8.79 104.63 1
8.8 96.39 1
8.81 100.74 1
8.82 93.91 1
8.83 69.65 1
8.84 69.45 1
8.85 70.84 1
8.86 69.29 1
8.87 69.1 1
8.88 69.94 1
8.89 69.29 1
8.9 69.8 1
8.91 68.75 1
8.92 66.77 1
8.93 68.39 1
8.94 66.77 1
8.95 67.38 1
8.96 62.69 1
8.97 68.14 1
8.98 66.77 1
8.99 67.18 1
9.0 64.69 1
9.01 68.0 1
9.02 65.58 1
9.03 67.97 1
9.04 68.08 1
9.05 106.71 1
9.06 106.15 1
9.07 110.82 1
9.08 114.71 1
9.09 134.5 1
9.1 133.85 1
9.11 145.3 1
9.12 145.78 1
9.13 156.09 1
9.14 155.63 1
9.15 154.65 1
9.16 151.79 1
9.17 144.92 1
9.18 142.95 1
9.19 135.49 1
9.2 130.68 1
9.21 120.0 1
9.22 119.36 1
9.23 116.05 1
9.24 112.67 1
9.25 72.59 1
9.26 68.96 1
9.27 69.76 1
9.28 69.4 1
9.29 69.08 1
9.3 69.18 1
9.31 69.24 1
9.32 69.4 1
9.33 69.25 1
9.34 69.3 1
9.35 69.28 1
9.36 71.24 1
9.37 72.0 1
9.38 156.99 1
9.39 153.76 1
9.4 150.25 1
9.41 145.73 1
9.42 143.39 1
9.43 142.21 1
9.44 140.67 1
9.45 140.67 1
9.46 139.54 1
9.47 139.98 1
9.48 140.66 1
9.49 140.31 1
9.5 139.72 1
9.51 139.76 1
9.52 138.17 1
9.53 137.6 1
9.54 137.83 1
9.55 137.59 1
9.56 138.03 1
9.57 140.32 1
9.58 141.09 1
9.59 142.63 1
9.6 143.64 1
9.61 142.85 1
9.62 141.83 1
9.63 141.0 1
9.64 140.4 1
9.65 141.01 1
9.66 142.14 1
9.67 145.31 1
9.68 144.85 1
9.69 144.37 1
9.7 143.9 1
9.71 143.14 1
9.72 140.26 1
9.73 157.2 1
9.74 141.57 1
9.75 137.6 1
9.76 132.24 1
9.77 138.03 1
9.78 135.41 1
9.79 145.54 1
9.8 153.99 1
9.81 157.37 1
9.82 160.49 1
9.83 159.67 1
9.84 158.35 1
9.85 157.98 1
9.86 157.39 1
9.87 157.27 1
9.88 157.73 1
9.89 157.63 1
9.9 156.19 1
9.91 153.92 1
9.92 145.32 1
9.93 0.0 1
9.94 0.0 1
9.95 0.0 1
9.96 0.0 1
9.97 0.0 1
9.98 0.0 1
9.99 0.0 1
10.0 0.0 1
10.01 0.0 1
10.02 0.0 1
10.03 0.0 1
10.04 0.0 1
10.05 0.0 1
10.06 0.0 1
10.07 0.0 1
10.08 0.0 1
10.09 0.0 1
10.1 0.0 1
10.11 0.0 1
10.12 0.0 1
10.13 0.0 1
10.14 0.0 1
10.15 0.0 1
10.16 69.32 1
10.17 69.22 1
10.18 69.67 1
10.19 69.07 1
10.2 68.83 1
10.21 69.61 1
10.22 69.22 1
10.23 0.0 1
10.24 0.0 1
10.25 189.73 1
10.26 177.11 1
10.27 178.18 1
10.28 180.98 1
10.29 169.38 1
10.3 161.65 1
10.31 159.16 1
10.32 158.9 1
10.33 159.73 1
10.34 159.45 1
10.35 159.5 1
10.36 159.88 1
10.37 160.9 1
10.38 164.34 1
10.39 166.78 1
10.4 166.29 1
10.41 163.1 1
10.42 160.54 1
10.43 149.76 1
10.44 143.3 1
10.45 113.82 1
10.46 117.0 1
10.47 110.94 1
10.48 107.47 1
10.49 111.58 1
10.5 129.51 1
10.51 151.29 1
10.52 161.39 1
10.53 169.29 1
10.54 184.33 1
10.55 210.02 1
10.56 213.97 1
10.57 213.01 1
10.58 211.5 1
10.59 192.99 1
10.6 178.91 1
10.61 162.52 1
10.62 0.0 1
10.63 0.0 1
10.64 0.0 1
10.65 0.0 1
10.66 0.0 1
10.67 0.0 1
10.68 0.0 1
10.69 0.0 1
10.7 0.0 1
10.71 151.31 1
10.72 150.25 1
10.73 142.87 1
10.74 141.51 1
10.75 140.46 1
10.76 140.67 1
10.77 142.46 1
10.78 143.51 1
10.79 143.83 1
10.8 144.82 1
10.81 145.64 1
10.82 144.38 1
10.83 144.46 1
10.84 143.61 1
10.85 143.04 1
10.86 141.57 1
10.87 140.72 1
10.88 140.47 1
10.89 140.65 1
10.9 141.44 1
10.91 143.02 1
10.92 143.77 1
10.93 144.83 1
10.94 145.31 1
10.95 144.79 1
10.96 143.7 1
10.97 142.24 1
10.98 140.89 1
10.99 139.41 1
11.0 138.91 1
11.01 138.47 1
11.02 137.6 1
11.03 135.49 1
11.04 135.08 1
11.05 134.66 1
11.06 157.4 1
11.07 136.75 1
11.08 137.79 1
11.09 142.94 1
11.1 138.89 1
11.11 161.27 1
11.12 168.33 1
11.13 177.62 1
11.14 178.13 1
11.15 177.66 1
11.16 177.68 1
11.17 176.43 1
11.18 174.23 1
11.19 171.03 1
11.2 167.24 1
11.21 162.7 1
11.22 160.16 1
11.23 157.68 1
11.24 154.49 1
11.25 154.54 1
11.26 153.48 1
11.27 152.91 1
11.28 152.79 1
11.29 153.71 1
11.3 155.21 1
11.31 156.3 1
11.32 156.98 1
11.33 157.52 1
11.34 157.39 1
11.35 157.21 1
11.36 155.92 1
11.37 156.68 1
11.38 160.08 1
11.39 166.1 1
11.4 170.67 1
11.41 176.03 1
11.42 179.64 1
11.43 184.92 1
11.44 190.6 1
11.45 188.15 1
11.46 172.6 1
11.47 0.0 1
11.48 0.0 1
11.49 0.0 1
11.5 0.0 1
11.51 0.0 1
11.52 0.0 1
11.53 0.0 1
11.54 0.0 1
11.55 0.0 1
11.56 0.0 1
11.57 0.0 1
11.58 0.0 1
11.59 150.76 1
11.6 139.74 1
11.61 133.42 1
11.62 133.18 1
11.63 133.72 1
11.64 133.7 1
11.65 133.7 1
11.66 133.45 1
11.67 133.94 1
11.68 134.35 1
11.69 135.41 1
11.7 135.49 1
11.71 136.11 1
11.72 136.33 1
11.73 136.34 1
11.74 137.13 1
11.75 136.94 1
11.76 137.18 1
11.77 137.89 1
11.78 138.2 1
11.79 138.87 1
11.8 139.01 1
11.81 139.5 1
11.82 138.85 1
11.83 138.36 1
11.84 138.01 1
11.85 137.6 1
11.86 137.19 1
11.87 137.95 1
11.88 135.92 1
11.89 135.92 1
11.9 136.34 1
11.91 134.66 1
11.92 160.2 1
11.93 140.67 1
11.94 149.74 1
11.95 146.76 1
11.96 135.49 1
11.97 166.1 1
11.98 165.48 1
11.99 172.64 1
12.0 175.79 1
12.01 177.08 1
12.02 174.37 1
12.03 171.29 1
12.04 167.21 1
12.05 161.83 1
12.06 156.17 1
12.07 153.66 1
12.08 150.98 1
12.09 150.25 1
12.1 149.75 1
12.11 149.9 1
12.12 152.26 1
12.13 155.28 1
12.14 161.73 1
12.15 165.6 1
12.16 171.43 1
12.17 175.9 1
12.18 178.09 1
12.19 179.22 1
12.2 178.42 1
12.21 174.37 1
12.22 169.44 1
12.23 165.15 1
12.24 154.62 1
12.25 147.94 1
12.26 143.88 1
12.27 144.26 1
12.28 147.69 1
12.29 151.07 1
12.3 161.96 1
12.31 170.01 1
12.32 180.18 1
12.33 191.32 1
12.34 193.41 1
12.35 204.05 1
12.36 200.97 1
12.37 203.36 1
12.38 202.46 1
12.39 199.76 1
12.4 194.46 1
12.41 207.51 1
12.42 182.42 1
12.43 177.12 1
12.44 168.5 1
12.45 162.23 1
12.46 157.24 1
12.47 151.02 1
12.48 148.14 1
12.49 147.67 1
12.5 148.36 1
12.51 151.2 1
12.52 156.66 1
12.53 165.58 1
12.54 175.23 1
12.55 184.14 1
12.56 190.59 1
12.57 195.4 1
12.58 201.46 1
12.59 205.6 1
12.6 207.54 1
12.61 210.92 1
12.62 211.52 1
12.63 211.29 1
12.64 211.62 1
12.65 210.21 1
12.66 206.89 1
12.67 201.96 1
12.68 192.55 1
12.69 187.2 1
12.7 179.63 1
12.71 168.76 1
12.72 162.6 1
12.73 160.89 1
12.74 158.35 1
12.75 156.66 1
12.76 155.56 1
12.77 157.78 1
12.78 156.6 1
12.79 157.36 1
12.8 166.98 1
12.81 167.46 1
12.82 167.87 1
12.83 171.6 1
12.84 172.13 1
12.85 160.27 1
12.86 161.68 1
12.87 164.22 1
12.88 210.5 1
12.89 199.96 1
12.9 203.35 1
12.91 204.64 1
12.92 205.6 1
12.93 207.53 1
12.94 210.49 1
12.95 211.11 1
12.96 211.79 1
12.97 211.31 1
12.98 211.74 1
12.99 211.94 1
13.0 211.88 1
13.01 212.65 1
13.02 213.52 1
13.03 215.22 1
13.04 215.19 1
13.05 214.28 1
13.06 212.52 1
13.07 210.79 1
13.08 207.54 1
13.09 206.56 1
13.1 204.52 1
13.11 202.52 1
13.12 202.75 1
13.13 203.7 1
13.14 205.6 1
13.15 206.57 1
13.16 207.54 1
13.17 205.6 1
13.18 210.91 1
13.19 205.13 1
13.2 206.56 1
13.21 205.0 1
13.22 201.81 1
13.23 206.06 1
13.24 205.87 1
13.25 202.01 1
13.26 207.58 1
13.27 205.38 1
13.28 205.78 1
13.29 205.96 1
13.3 205.88 1
13.31 207.21 1
13.32 208.01 1
13.33 208.94 1
13.34 209.63 1
13.35 210.53 1
13.36 212.98 1
13.37 216.32 1
13.38 222.75 1
13.39 229.09 1
13.4 236.47 1
13.41 250.02 1
13.42 256.74 1
13.43 265.3 1
13.44 270.17 1
13.45 274.0 1
13.46 276.85 1
13.47 277.66 1
13.48 277.83 1
13.49 278.08 1
13.5 275.8 1
13.51 275.34 1
13.52 272.54 1
13.53 270.35 1
13.54 267.44 1
13.55 264.93 1
13.56 263.38 1
13.57 260.14 1
13.58 254.2 1
13.59 246.62 1
13.6 238.07 1
13.61 229.61 1
13.62 223.68 1
13.63 216.41 1
13.64 213.54 1
