0.01 283.16 1
0.02 300.39 1
0.03 297.21 1
0.04 291.37 1
0.05 284.95 1
0.06 276.26 1
0.07 266.36 1
0.08 250.85 1
0.09 236.48 1
0.1 231.01 1
0.11 229.89 1
0.12 233.49 1
0.13 243.7 1
0.14 254.18 1
0.15 268.04 1
0.16 277.5 1
0.17 289.18 1
0.18 304.81 1
0.19 316.62 1
0.2 315.8 1
0.21 326.39 1
0.22 346.26 1
0.23 350.41 1
0.24 349.73 1
0.25 349.97 1
0.26 344.12 1
0.27 339.35 1
0.28 331.59 1
0.29 318.66 1
0.3 303.42 1
0.31 298.99 1
0.32 299.77 1
0.33 301.66 1
0.34 308.8 1
0.35 315.29 1
0.36 321.65 1
0.37 328.08 1
0.38 331.98 1
0.39 334.49 1
0.4 334.5 1
0.41 334.12 1
0.42 332.77 1
0.43 329.89 1
0.44 325.12 1
0.45 318.91 1
0.46 311.66 1
0.47 305.19 1
0.48 296.09 1
0.49 285.76 1
0.5 266.1 1
0.51 248.16 1
0.52 236.8 1
0.53 231.65 1
0.54 228.78 1
0.55 227.99 1
0.56 226.98 1
0.57 231.33 1
0.58 232.31 1
0.59 225.58 1
0.6 220.76 1
0.61 210.5 1
0.62 0.0 1
0.63 0.0 1
0.64 0.0 1
0.65 0.0 1
0.66 0.0 1
0.67 0.0 1
0.68 301.03 1
0.69 276.64 1
0.7 273.06 1
0.71 271.32 1
0.72 268.08 1
0.73 270.35 1
0.74 273.04 1
0.75 274.75 1
0.76 276.48 1
0.77 276.56 1
0.78 275.93 1
0.79 275.65 1
0.8 272.87 1
0.81 261.76 1
0.82 217.83 1
0.83 249.88 1
0.84 244.33 1
0.85 227.65 1
0.86 239.19 1
0.87 191.28 1
0.88 186.47 1
0.89 210.29 1
0.9 203.19 1
0.91 200.73 1
0.92 197.91 1
0.93 195.98 1
0.94 194.56 1
0.95 195.14 1
0.96 195.84 1
0.97 197.34 1
0.98 200.35 1
0.99 202.63 1
1.0 203.17 1
1.01 203.08 1
1.02 202.44 1
1.03 202.88 1
1.04 198.15 1
1.05 206.56 1
1.06 202.04 1
1.07 201.83 1
1.08 198.95 1
1.09 198.95 1
1.1 198.33 1
1.11 198.73 1
1.12 198.7 1
1.13 201.98 1
1.14 205.61 1
1.15 210.51 1
1.16 222.8 1
1.17 232.61 1
1.18 249.92 1
1.19 258.6 1
1.2 268.08 1
1.21 268.19 1
1.22 271.38 1
1.23 247.97 1
1.24 219.79 1
1.25 217.63 1
1.26 199.82 1
1.27 183.48 1
1.28 179.41 1
1.29 180.2 1
1.3 174.29 1
1.31 178.04 1
1.32 179.63 1
1.33 181.66 1
1.34 182.53 1
1.35 184.68 1
1.36 185.23 1
1.37 185.52 1
1.38 186.69 1
1.39 186.17 1
1.4 184.91 1
1.41 184.14 1
1.42 182.49 1
1.43 172.61 1
1.44 176.76 1
1.45 160.07 1
1.46 0.0 1
1.47 0.0 1
1.48 0.0 1
1.49 0.0 1
1.5 0.0 1
1.51 0.0 1
1.52 219.93 1
1.53 210.28 1
1.54 207.93 1
1.55 207.45 1
1.56 207.44 1
1.57 208.27 1
1.58 209.43 1
1.59 209.51 1
1.6 210.5 1
1.61 209.51 1
1.62 209.52 1
1.63 210.4 1
1.64 209.51 1
1.65 207.54 1
1.66 206.32 1
1.67 206.56 1
1.68 205.6 1
1.69 206.85 1
1.7 209.24 1
1.71 203.83 1
1.72 208.51 1
1.73 208.03 1
1.74 204.65 1
1.75 205.38 1
1.76 207.47 1
1.77 210.24 1
1.78 215.6 1
1.79 222.81 1
1.8 230.29 1
1.81 242.78 1
1.82 254.19 1
1.83 285.43 1
1.84 277.77 1
1.85 281.37 1
1.86 288.5 1
1.87 284.26 1
1.88 280.8 1
1.89 286.22 1
1.9 282.39 1
1.91 261.61 1
1.92 250.7 1
1.93 240.98 1
1.94 236.5 1
1.95 231.83 1
1.96 226.71 1
1.97 227.61 1
1.98 228.78 1
1.99 233.93 1
2.0 240.18 1
2.01 244.28 1
2.02 250.43 1
2.03 258.65 1
2.04 266.01 1
2.05 271.53 1
2.06 273.69 1
2.07 275.13 1
2.08 274.76 1
2.09 271.66 1
2.1 267.4 1
2.11 258.71 1
2.12 256.61 1
2.13 248.73 1
2.14 241.44 1
2.15 230.31 1
2.16 223.14 1
2.17 215.93 1
2.18 207.59 1
2.19 198.19 1
2.2 188.07 1
2.21 183.0 1
2.22 181.98 1
2.23 184.15 1
2.24 184.25 1
2.25 185.69 1
2.26 187.27 1
2.27 187.27 1
2.28 186.94 1
2.29 171.93 1
2.3 180.46 1
2.31 180.35 1
2.32 178.33 1
2.33 170.61 1
2.34 173.33 1
2.35 220.78 1
2.36 215.74 1
2.37 214.59 1
2.38 210.23 1
2.39 210.01 1
2.4 210.61 1
2.41 211.24 1
2.42 211.42 1
2.43 211.43 1
2.44 211.47 1
2.45 211.51 1
2.46 211.47 1
2.47 209.53 1
2.48 209.14 1
2.49 205.29 1
2.5 199.64 1
2.51 179.63 1
2.52 171.05 1
2.53 176.36 1
2.54 155.55 1
2.55 152.86 1
2.56 148.73 1
2.57 147.78 1
2.58 147.46 1
2.59 147.74 1
2.6 149.6 1
2.61 151.23 1
2.62 155.52 1
2.63 158.04 1
2.64 160.0 1
2.65 160.63 1
2.66 161.95 1
2.67 162.84 1
2.68 162.68 1
2.69 162.54 1
2.7 159.49 1
2.71 149.24 1
2.72 158.35 1
2.73 157.05 1
2.74 162.9 1
2.75 166.32 1
2.76 167.13 1
2.77 165.45 1
2.78 161.46 1
2.79 156.68 1
2.8 152.43 1
2.81 149.74 1
2.82 145.8 1
2.83 151.18 1
2.84 160.07 1
2.85 178.33 1
2.86 191.66 1
2.87 200.18 1
2.88 205.62 1
2.89 211.52 1
2.9 213.3 1
2.91 214.54 1
2.92 219.83 1
2.93 189.78 1
2.94 191.32 1
2.95 187.37 1
2.96 180.61 1
2.97 170.6 1
2.98 158.26 1
2.99 146.27 1
3.0 146.04 1
3.01 147.91 1
3.02 150.34 1
3.03 155.97 1
3.04 161.33 1
3.05 165.96 1
3.06 170.6 1
3.07 173.52 1
3.08 175.74 1
3.09 176.93 1
3.1 174.48 1
3.11 175.97 1
3.12 0.0 1
3.13 0.0 1
3.14 0.0 1
3.15 0.0 1
3.16 0.0 1
3.17 135.22 1
3.18 134.65 1
3.19 133.43 1
3.2 132.9 1
3.21 133.35 1
3.22 134.1 1
3.23 135.06 1
3.24 136.43 1
3.25 137.91 1
3.26 138.49 1
3.27 138.79 1
3.28 139.51 1
3.29 138.48 1
3.3 137.61 1
3.31 137.18 1
3.32 134.68 1
3.33 151.0 1
3.34 152.33 1
3.35 123.7 1
3.36 138.64 1
3.37 134.66 1
3.38 134.1 1
3.39 136.45 1
3.4 136.76 1
3.41 138.08 1
3.42 140.8 1
3.43 144.98 1
3.44 155.58 1
3.45 165.98 1
3.46 178.03 1
3.47 183.41 1
3.48 199.04 1
3.49 203.7 1
3.5 210.51 1
3.51 217.2 1
3.52 222.8 1
3.53 220.33 1
3.54 217.54 1
3.55 214.55 1
3.56 206.04 1
3.57 194.7 1
3.58 177.03 1
3.59 166.82 1
3.6 164.86 1
3.61 147.74 1
3.62 144.71 1
3.63 147.25 1
3.64 151.37 1
3.65 157.35 1
3.66 166.1 1
3.67 172.37 1
3.68 179.64 1
3.69 184.52 1
3.7 188.97 1
3.71 191.33 1
3.72 191.22 1
3.73 189.67 1
3.74 185.26 1
3.75 179.86 1
3.76 173.29 1
3.77 169.35 1
3.78 157.44 1
3.79 151.29 1
3.8 146.42 1
3.81 141.76 1
3.82 136.4 1
3.83 133.84 1
3.84 127.28 1
3.85 125.81 1
3.86 123.35 1
3.87 119.69 1
3.88 119.68 1
3.89 119.3 1
3.9 118.71 1
3.91 116.82 1
3.92 113.53 1
3.93 111.09 1
3.94 115.6 1
3.95 0.0 1
3.96 0.0 1
3.97 0.0 1
3.98 0.0 1
3.99 0.0 1
4.0 145.63 1
4.01 143.33 1
4.02 140.58 1
4.03 136.58 1
4.04 135.91 1
4.05 135.13 1
4.06 134.75 1
4.07 136.48 1
4.08 138.46 1
4.09 139.51 1
4.1 140.26 1
4.11 140.81 1
4.12 136.49 1
4.13 69.5 1
4.14 69.18 1
4.15 68.78 1
4.16 69.71 1
4.17 69.04 1
4.18 69.2 1
4.19 69.5 1
4.2 69.36 1
4.21 70.55 1
4.22 90.28 1
4.23 106.28 1
4.24 107.17 1
4.25 109.02 1
4.26 101.58 1
4.27 100.13 1
4.28 100.64 1
4.29 97.9 1
4.3 97.68 1
4.31 91.79 1
4.32 91.78 1
4.33 68.92 1
4.34 69.02 1
4.35 68.85 1
4.36 69.48 1
4.37 69.5 1
4.38 68.85 1
4.39 69.52 1
4.4 69.37 1
4.41 68.96 1
4.42 69.39 1
4.43 69.18 1
4.44 68.96 1
4.45 69.76 1
4.46 68.72 1
4.47 69.62 1
4.48 0.0 1
4.49 0.0 1
4.5 0.0 1
4.51 0.0 1
4.52 0.0 1
4.53 0.0 1
4.54 0.0 1
4.55 0.0 1
4.56 0.0 1
4.57 0.0 1
4.58 175.73 1
4.59 178.87 1
4.6 181.59 1
4.61 173.68 1
4.62 175.34 1
4.63 179.63 1
4.64 176.47 1
4.65 174.66 1
4.66 177.36 1
4.67 0.0 1
4.68 0.0 1
4.69 0.0 1
4.7 0.0 1
4.71 0.0 1
4.72 152.5 1
4.73 155.21 1
4.74 153.28 1
4.75 149.37 1
4.76 148.92 1
4.77 149.81 1
4.78 149.74 1
4.79 149.74 1
4.8 149.04 1
4.81 148.45 1
4.82 146.76 1
4.83 145.79 1
4.84 144.11 1
4.85 142.52 1
4.86 140.78 1
4.87 148.23 1
4.88 144.35 1
4.89 138.7 1
4.9 138.89 1
4.91 138.03 1
4.92 146.24 1
4.93 151.15 1
4.94 151.99 1
4.95 153.12 1
4.96 154.29 1
4.97 156.57 1
4.98 156.47 1
4.99 157.37 1
5.0 155.97 1
5.01 156.29 1
5.02 155.78 1
5.03 155.68 1
5.04 157.44 1
5.05 151.88 1
5.06 146.76 1
5.07 150.22 1
5.08 144.41 1
5.09 137.31 1
5.1 115.6 1
5.11 116.89 1
5.12 113.22 1
5.13 115.55 1
5.14 115.6 1
5.15 117.37 1
5.16 127.72 1
5.17 134.64 1
5.18 138.32 1
5.19 146.13 1
5.2 154.08 1
5.21 163.16 1
5.22 164.67 1
5.23 163.03 1
5.24 158.13 1
5.25 155.45 1
5.26 142.03 1
5.27 139.78 1
5.28 0.0 1
5.29 0.0 1
5.3 0.0 1
5.31 0.0 1
5.32 0.0 1
5.33 136.33 1
5.34 139.77 1
5.35 140.76 1
5.36 139.1 1
5.37 140.86 1
5.38 143.81 1
5.39 144.51 1
5.4 145.36 1
5.41 145.68 1
5.42 145.53 1
5.43 144.36 1
5.44 144.36 1
5.45 144.36 1
5.46 144.36 1
5.47 142.21 1
5.48 139.56 1
5.49 164.86 1
5.5 139.15 1
5.51 141.59 1
5.52 144.74 1
5.53 152.86 1
5.54 149.62 1
5.55 150.62 1
5.56 150.69 1
5.57 148.77 1
5.58 148.78 1
5.59 150.62 1
5.6 155.89 1
5.61 162.43 1
5.62 170.46 1
5.63 177.26 1
5.64 179.64 1
5.65 181.99 1
5.66 168.64 1
5.67 168.83 1
5.68 0.0 1
5.69 0.0 1
5.7 0.0 1
5.71 0.0 1
5.72 0.0 1
5.73 0.0 1
5.74 0.0 1
5.75 155.54 1
5.76 142.02 1
5.77 137.27 1
5.78 136.85 1
5.79 135.65 1
5.8 135.43 1
5.81 135.41 1
5.82 135.91 1
5.83 135.91 1
5.84 135.91 1
5.85 135.5 1
5.86 135.5 1
5.87 134.67 1
5.88 134.26 1
5.89 133.2 1
5.9 142.02 1
5.91 135.9 1
5.92 130.28 1
5.93 133.41 1
5.94 152.86 1
5.95 145.28 1
5.96 148.92 1
5.97 149.96 1
5.98 151.01 1
5.99 151.16 1
6.0 152.41 1
6.01 153.01 1
6.02 154.23 1
6.03 154.56 1
6.04 155.0 1
6.05 156.08 1
6.06 158.42 1
6.07 151.98 1
6.08 164.38 1
6.09 166.54 1
6.1 164.77 1
6.11 161.27 1
6.12 157.64 1
6.13 155.01 1
6.14 143.25 1
6.15 141.99 1
6.16 145.05 1
6.17 150.93 1
6.18 164.87 1
6.19 179.63 1
6.2 194.69 1
6.21 203.08 1
6.22 211.29 1
6.23 217.57 1
6.24 221.42 1
6.25 221.14 1
6.26 214.51 1
6.27 200.91 1
6.28 178.9 1
6.29 163.83 1
6.3 166.1 1
6.31 212.55 1
6.32 183.36 1
6.33 176.05 1
6.34 185.79 1
6.35 170.46 1
6.36 175.34 1
6.37 179.7 1
6.38 185.16 1
6.39 191.42 1
6.4 196.36 1
6.41 199.95 1
6.42 204.65 1
6.43 206.56 1
6.44 206.56 1
6.45 211.44 1
6.46 211.47 1
6.47 212.17 1
6.48 212.33 1
6.49 207.78 1
6.5 208.12 1
6.51 211.22 1
6.52 211.03 1
6.53 208.22 1
6.54 208.35 1
6.55 204.34 1
6.56 203.08 1
6.57 204.39 1
6.58 207.86 1
6.59 214.52 1
6.6 225.58 1
6.61 242.23 1
6.62 260.93 1
6.63 276.49 1
6.64 297.7 1
6.65 305.19 1
6.66 306.07 1
6.67 293.51 1
6.68 288.47 1
