0.01 180.68 1
0.02 185.68 1
0.03 190.01 1
0.04 189.42 1
0.05 194.07 1
0.06 197.19 1
0.07 200.97 1
0.08 205.05 1
0.09 207.34 1
0.1 211.24 1
0.11 214.08 1
0.12 213.62 1
0.13 214.46 1
0.14 216.86 1
0.15 217.32 1
0.16 215.77 1
0.17 214.92 1
0.18 213.27 1
0.19 211.42 1
0.2 207.44 1
0.21 207.53 1
0.22 213.86 1
0.23 222.2 1
0.24 231.5 1
0.25 240.67 1
0.26 254.18 1
0.27 265.63 1
0.28 276.48 1
0.29 283.33 1
0.3 286.72 1
0.31 284.47 1
0.32 278.23 1
0.33 258.43 1
0.34 239.57 1
0.35 224.36 1
0.36 218.03 1
0.37 222.92 1
0.38 230.29 1
0.39 241.72 1
0.4 250.16 1
0.41 261.8 1
0.42 267.58 1
0.43 274.87 1
0.44 275.59 1
0.45 271.61 1
0.46 267.42 1
0.47 263.29 1
0.48 263.36 1
0.49 269.48 1
0.5 282.38 1
0.51 301.03 1
0.52 317.35 1
0.53 335.31 1
0.54 344.67 1
0.55 353.72 1
0.56 355.82 1
0.57 362.2 1
0.58 359.11 1
0.59 362.48 1
0.6 334.23 1
0.61 274.75 1
0.62 274.74 1
0.63 263.32 1
0.64 265.76 1
0.65 268.08 1
0.66 268.76 1
0.67 268.46 1
0.68 266.02 1
0.69 255.72 1
0.7 253.36 1
0.71 251.01 1
0.72 249.91 1
0.73 254.29 1
0.74 264.13 1
0.75 278.99 1
0.76 297.31 1
0.77 322.87 1
0.78 336.03 1
0.79 338.15 1
0.8 335.08 1
0.81 326.76 1
0.82 299.8 1
0.83 262.44 1
0.84 228.97 1
0.85 222.34 1
0.86 225.0 1
0.87 227.91 1
0.88 234.23 1
0.89 239.38 1
0.9 244.32 1
0.91 247.93 1
0.92 248.77 1
0.93 248.72 1
0.94 246.01 1
0.95 243.65 1
0.96 244.26 1
0.97 240.29 1
0.98 235.92 1
0.99 229.14 1
1.0 227.96 1
1.01 227.93 1
1.02 226.76 1
1.03 227.93 1
1.04 230.3 1
1.05 230.31 1
1.06 233.34 1
1.07 235.06 1
1.08 237.54 1
1.09 240.32 1
1.1 242.1 1
1.11 244.85 1
1.12 246.8 1
1.13 250.17 1
1.14 250.1 1
1.15 249.77 1
1.16 248.84 1
1.17 249.27 1
1.18 248.32 1
1.19 249.04 1
1.2 247.76 1
1.21 248.06 1
1.22 246.75 1
1.23 246.93 1
1.24 246.09 1
1.25 245.79 1
1.26 244.96 1
1.27 244.31 1
1.28 242.97 1
1.29 241.75 1
1.3 242.94 1
1.31 242.93 1
1.32 237.79 1
1.33 235.55 1
1.34 232.74 1
1.35 232.73 1
1.36 231.52 1
1.37 230.3 1
1.38 230.3 1
1.39 230.29 1
1.4 229.11 1
1.41 229.11 1
1.42 229.12 1
1.43 232.73 1
1.44 236.13 1
1.45 240.31 1
1.46 242.96 1
1.47 244.13 1
1.48 246.27 1
1.49 247.67 1
1.5 249.39 1
1.51 250.75 1
1.52 249.9 1
1.53 250.25 1
1.54 246.97 1
1.55 246.44 1
1.56 244.39 1
1.57 243.02 1
1.58 241.12 1
1.59 241.61 1
1.6 241.6 1
1.61 237.72 1
1.62 236.19 1
1.63 236.08 1
1.64 235.44 1
1.65 232.74 1
1.66 233.95 1
1.67 232.72 1
1.68 230.29 1
1.69 230.9 1
1.7 231.5 1
1.71 229.11 1
1.72 230.3 1
1.73 229.11 1
1.74 233.17 1
1.75 233.96 1
1.76 237.74 1
1.77 239.51 1
1.78 243.04 1
1.79 246.8 1
1.8 248.2 1
1.81 252.43 1
1.82 250.31 1
1.83 251.54 1
1.84 250.21 1
1.85 247.3 1
1.86 245.57 1
1.87 242.97 1
1.88 244.28 1
1.89 239.2 1
1.9 237.88 1
1.91 235.23 1
1.92 234.03 1
1.93 232.72 1
1.94 232.72 1
1.95 233.03 1
1.96 232.62 1
1.97 231.51 1
1.98 234.78 1
1.99 235.2 1
2.0 236.64 1
2.01 238.59 1
2.02 242.96 1
2.03 244.54 1
2.04 248.27 1
2.05 250.9 1
2.06 251.77 1
2.07 253.85 1
2.08 255.06 1
2.09 254.05 1
2.1 251.04 1
2.11 245.36 1
2.12 243.03 1
2.13 238.9 1
2.14 235.7 1
2.15 235.7 1
2.16 232.77 1
2.17 227.85 1
2.18 219.78 1
2.19 219.18 1
2.2 233.07 1
2.21 222.23 1
2.22 235.15 1
2.23 217.78 1
2.24 212.54 1
2.25 217.75 1
2.26 0.0 1
2.27 0.0 1
2.28 0.0 1
2.29 0.0 1
2.3 0.0 1
2.31 0.0 1
2.32 0.0 1
2.33 0.0 1
2.34 0.0 1
2.35 0.0 1
2.36 0.0 1
2.37 0.0 1
2.38 0.0 1
2.39 0.0 1
2.4 0.0 1
2.41 0.0 1
2.42 0.0 1
2.43 0.0 1
2.44 0.0 1
2.45 0.0 1
2.46 0.0 1
2.47 0.0 1
2.48 0.0 1
2.49 0.0 1
2.5 0.0 1
2.51 0.0 1
2.52 0.0 1
2.53 0.0 1
2.54 0.0 1
2.55 0.0 1
2.56 0.0 1
2.57 0.0 1
2.58 525.91 1
2.59 527.58 1
2.6 518.51 1
2.61 528.16 1
2.62 574.74 1
2.63 561.93 1
2.64 554.77 1
2.65 576.55 1
2.66 569.13 1
2.67 541.15 1
2.68 561.06 1
2.69 554.95 1
2.7 269.71 1
2.71 273.18 1
2.72 254.8 1
2.73 250.68 1
2.74 250.67 1
2.75 252.65 1
2.76 275.13 1
2.77 272.66 1
2.78 274.26 1
2.79 273.83 1
2.8 273.54 1
2.81 273.96 1
2.82 273.81 1
2.83 274.51 1
2.84 275.59 1
2.85 276.4 1
2.86 277.26 1
2.87 276.5 1
2.88 275.69 1
2.89 273.7 1
2.9 274.17 1
2.91 272.88 1
2.92 271.88 1
2.93 267.52 1
2.94 262.84 1
2.95 258.0 1
2.96 253.62 1
2.97 248.83 1
2.98 244.09 1
2.99 239.54 1
3.0 236.92 1
3.01 236.54 1
3.02 235.34 1
3.03 236.41 1
3.04 240.5 1
3.05 246.65 1
3.06 261.73 1
3.07 275.17 1
3.08 293.9 1
3.09 303.1 1
3.1 315.99 1
3.11 323.17 1
3.12 327.62 1
3.13 327.23 1
3.14 325.9 1
3.15 320.1 1
3.16 311.92 1
3.17 301.06 1
3.18 286.49 1
3.19 274.8 1
3.2 271.62 1
3.21 269.3 1
3.22 270.92 1
3.23 274.26 1
3.24 275.68 1
3.25 276.67 1
3.26 278.58 1
3.27 280.67 1
3.28 280.74 1
3.29 280.53 1
3.3 280.44 1
3.31 281.65 1
3.32 281.47 1
3.33 279.97 1
3.34 278.9 1
3.35 275.85 1
3.36 273.53 1
3.37 269.11 1
3.38 264.82 1
3.39 258.06 1
3.4 250.64 1
3.41 245.84 1
3.42 239.02 1
3.43 235.02 1
3.44 231.5 1
3.45 230.08 1
3.46 228.55 1
3.47 228.69 1
3.48 227.02 1
3.49 225.67 1
3.5 223.79 1
3.51 224.14 1
3.52 226.91 1
3.53 232.38 1
3.54 235.21 1
3.55 240.34 1
3.56 244.69 1
3.57 247.7 1
3.58 250.88 1
3.59 253.14 1
3.6 251.28 1
3.61 249.13 1
3.62 245.4 1
3.63 241.16 1
3.64 235.51 1
3.65 226.8 1
3.66 216.78 1
3.67 204.64 1
3.68 200.31 1
3.69 196.79 1
3.7 196.43 1
3.71 189.69 1
3.72 197.54 1
3.73 198.77 1
3.74 200.83 1
3.75 202.76 1
3.76 204.38 1
3.77 207.0 1
3.78 208.73 1
3.79 208.56 1
3.8 208.51 1
3.81 208.52 1
3.82 209.71 1
3.83 209.93 1
3.84 210.43 1
3.85 211.67 1
3.86 213.05 1
3.87 213.99 1
3.88 214.4 1
3.89 214.09 1
3.9 213.86 1
3.91 213.3 1
3.92 213.24 1
3.93 212.75 1
3.94 212.28 1
3.95 212.32 1
3.96 211.69 1
3.97 211.03 1
3.98 210.31 1
3.99 209.96 1
4.0 209.79 1
4.01 209.02 1
4.02 207.23 1
4.03 204.64 1
4.04 200.23 1
4.05 189.7 1
4.06 186.48 1
4.07 181.85 1
4.08 182.51 1
4.09 176.76 1
4.1 171.26 1
4.11 172.6 1
4.12 168.87 1
4.13 169.3 1
4.14 175.13 1
4.15 177.46 1
4.16 181.1 1
4.17 182.05 1
4.18 183.17 1
4.19 183.38 1
4.2 185.06 1
4.21 186.46 1
4.22 186.49 1
4.23 186.93 1
4.24 186.77 1
4.25 185.79 1
4.26 184.14 1
4.27 183.24 1
4.28 182.43 1
4.29 181.59 1
4.3 181.41 1
4.31 182.11 1
4.32 182.25 1
4.33 182.72 1
4.34 183.07 1
4.35 184.46 1
4.36 186.46 1
4.37 188.06 1
4.38 189.68 1
4.39 189.68 1
4.4 188.09 1
4.41 190.47 1
4.42 187.28 1
4.43 186.92 1
4.44 187.09 1
4.45 186.29 1
4.46 185.19 1
4.47 181.87 1
4.48 182.54 1
4.49 181.77 1
4.5 182.56 1
4.51 183.27 1
4.52 185.09 1
4.53 186.94 1
4.54 189.59 1
4.55 190.69 1
4.56 191.88 1
4.57 191.74 1
4.58 189.69 1
4.59 189.95 1
4.6 187.43 1
4.61 183.45 1
4.62 179.74 1
4.63 177.6 1
4.64 177.45 1
4.65 179.16 1
4.66 180.92 1
4.67 183.78 1
4.68 184.17 1
4.69 185.1 1
4.7 185.81 1
4.71 184.85 1
4.72 183.47 1
4.73 182.23 1
4.74 181.71 1
4.75 181.43 1
4.76 181.23 1
4.77 178.25 1
4.78 173.7 1
4.79 174.34 1
4.8 173.62 1
4.81 170.6 1
4.82 169.29 1
4.83 170.42 1
4.84 162.43 1
4.85 169.93 1
4.86 170.55 1
4.87 172.62 1
4.88 175.07 1
4.89 180.57 1
4.9 184.44 1
4.91 184.73 1
4.92 185.56 1
4.93 186.23 1
4.94 185.75 1
4.95 184.91 1
4.96 184.65 1
4.97 183.99 1
4.98 184.16 1
4.99 184.88 1
5.0 185.09 1
5.01 184.16 1
5.02 184.69 1
5.03 183.69 1
5.04 183.11 1
5.05 181.72 1
5.06 180.64 1
5.07 179.14 1
5.08 178.02 1
5.09 177.16 1
5.1 177.06 1
5.11 177.2 1
5.12 177.26 1
5.13 177.45 1
5.14 176.8 1
5.15 175.82 1
5.16 174.73 1
5.17 173.08 1
5.18 171.75 1
5.19 169.88 1
5.2 168.59 1
5.21 166.63 1
5.22 165.11 1
5.23 164.84 1
5.24 164.12 1
5.25 163.63 1
5.26 162.89 1
5.27 162.52 1
5.28 162.97 1
5.29 162.55 1
5.3 162.31 1
5.31 161.52 1
5.32 158.9 1
5.33 156.64 1
5.34 151.98 1
5.35 148.29 1
5.36 148.0 1
5.37 149.89 1
5.38 150.69 1
5.39 152.14 1
5.4 153.02 1
5.41 153.97 1
5.42 155.13 1
5.43 155.92 1
5.44 156.65 1
5.45 155.97 1
5.46 155.42 1
5.47 153.93 1
5.48 153.26 1
5.49 151.95 1
5.5 151.45 1
5.51 151.32 1
5.52 151.33 1
5.53 152.17 1
5.54 152.26 1
5.55 152.49 1
5.56 153.46 1
5.57 153.83 1
5.58 153.98 1
5.59 154.13 1
5.6 154.17 1
5.61 153.91 1
5.62 153.3 1
5.63 153.45 1
5.64 152.66 1
5.65 152.88 1
5.66 152.35 1
5.67 152.09 1
5.68 152.57 1
5.69 152.92 1
5.7 153.44 1
5.71 154.06 1
5.72 154.56 1
5.73 154.89 1
5.74 153.87 1
5.75 153.4 1
5.76 153.21 1
5.77 154.75 1
5.78 156.23 1
5.79 158.93 1
5.8 161.2 1
5.81 162.55 1
5.82 164.18 1
5.83 164.79 1
5.84 165.03 1
5.85 164.13 1
5.86 162.37 1
5.87 159.01 1
5.88 156.6 1
5.89 153.3 1
5.9 151.29 1
5.91 149.24 1
5.92 149.24 1
5.93 149.74 1
5.94 149.47 1
5.95 150.28 1
5.96 151.35 1
5.97 152.76 1
5.98 154.14 1
5.99 155.5 1
6.0 156.97 1
6.01 157.23 1
6.02 157.36 1
6.03 156.68 1
6.04 155.6 1
6.05 155.51 1
6.06 154.72 1
6.07 154.14 1
6.08 153.64 1
6.09 153.47 1
6.1 153.21 1
6.11 153.35 1
6.12 153.54 1
6.13 153.52 1
6.14 154.4 1
6.15 155.5 1
6.16 157.22 1
6.17 155.01 1
6.18 150.26 1
6.19 155.48 1
6.2 155.34 1
6.21 155.27 1
6.22 153.31 1
6.23 150.86 1
6.24 146.7 1
6.25 141.4 1
6.26 137.17 1
6.27 123.7 1
6.28 124.5 1
6.29 121.9 1
6.3 121.99 1
6.31 122.22 1
6.32 124.01 1
6.33 126.9 1
6.34 129.52 1
6.35 129.9 1
6.36 133.03 1
6.37 139.33 1
6.38 140.22 1
6.39 133.79 1
6.4 134.89 1
6.41 133.42 1
6.42 133.23 1
6.43 133.25 1
6.44 134.3 1
6.45 134.2 1
6.46 135.73 1
6.47 136.24 1
6.48 136.6 1
6.49 137.07 1
6.5 136.75 1
6.51 137.44 1
6.52 138.23 1
6.53 138.53 1
6.54 138.98 1
6.55 139.29 1
6.56 139.62 1
6.57 140.0 1
6.58 140.71 1
6.59 139.81 1
6.6 139.33 1
6.61 138.43 1
6.62 137.47 1
6.63 136.75 1
6.64 137.02 1
6.65 136.84 1
6.66 137.18 1
6.67 137.6 1
6.68 138.68 1
6.69 138.72 1
6.7 139.73 1
6.71 141.12 1
6.72 141.44 1
6.73 141.89 1
6.74 141.64 1
6.75 140.97 1
6.76 140.39 1
6.77 139.72 1
6.78 139.17 1
6.79 138.16 1
6.8 136.97 1
6.81 136.32 1
6.82 136.32 1
6.83 137.0 1
6.84 137.38 1
6.85 137.9 1
6.86 139.11 1
6.87 139.35 1
6.88 139.82 1
6.89 140.73 1
6.9 139.51 1
6.91 139.11 1
6.92 138.83 1
6.93 137.79 1
6.94 137.17 1
6.95 137.6 1
6.96 136.83 1
6.97 137.14 1
6.98 136.98 1
6.99 136.33 1
7.0 137.31 1
7.01 138.01 1
7.02 137.61 1
7.03 137.61 1
7.04 138.9 1
7.05 138.47 1
7.06 136.34 1
7.07 138.04 1
7.08 133.84 1
7.09 132.63 1
7.1 129.14 1
7.11 132.91 1
7.12 131.86 1
7.13 136.93 1
7.14 124.4 1
7.15 129.52 1
7.16 121.66 1
7.17 121.32 1
7.18 117.44 1
7.19 118.07 1
7.2 123.71 1
7.21 122.33 1
7.22 123.7 1
7.23 140.08 1
7.24 134.66 1
7.25 142.49 1
7.26 149.24 1
7.27 151.65 1
7.28 155.18 1
7.29 159.73 1
7.3 160.15 1
7.31 159.42 1
7.32 162.12 1
7.33 163.44 1
7.34 163.76 1
7.35 162.87 1
7.36 162.48 1
7.37 161.94 1
7.38 161.79 1
7.39 160.87 1
7.4 158.35 1
7.41 159.01 1
7.42 160.24 1
7.43 158.94 1
7.44 157.52 1
7.45 157.64 1
7.46 156.85 1
7.47 155.56 1
7.48 156.49 1
7.49 156.09 1
7.5 154.1 1
7.51 155.18 1
7.52 151.04 1
7.53 151.98 1
7.54 150.79 1
7.55 149.64 1
7.56 151.16 1
7.57 150.21 1
7.58 152.04 1
7.59 152.41 1
7.6 153.0 1
7.61 153.01 1
7.62 153.67 1
7.63 154.11 1
7.64 152.49 1
7.65 153.43 1
7.66 155.06 1
7.67 154.43 1
7.68 156.44 1
7.69 155.5 1
7.7 156.37 1
7.71 158.12 1
7.72 158.75 1
7.73 160.95 1
7.74 163.01 1
7.75 164.95 1
7.76 164.94 1
7.77 164.68 1
7.78 162.89 1
7.79 161.2 1
7.8 160.58 1
7.81 157.78 1
7.82 156.66 1
7.83 157.53 1
7.84 156.27 1
7.85 156.38 1
7.86 155.73 1
7.87 154.87 1
7.88 153.98 1
7.89 154.19 1
7.9 152.56 1
7.91 153.01 1
7.92 152.82 1
7.93 151.76 1
7.94 151.96 1
7.95 149.97 1
7.96 150.71 1
7.97 148.34 1
7.98 149.42 1
7.99 148.06 1
8.0 149.14 1
8.01 147.41 1
8.02 148.41 1
8.03 147.91 1
8.04 149.36 1
8.05 147.49 1
8.06 148.51 1
8.07 147.79 1
8.08 147.68 1
8.09 145.61 1
8.1 145.7 1
8.11 145.05 1
8.12 145.1 1
8.13 144.03 1
8.14 144.3 1
8.15 143.64 1
8.16 142.7 1
8.17 142.99 1
8.18 141.77 1
8.19 141.01 1
8.2 141.07 1
8.21 140.15 1
8.22 140.61 1
8.23 140.4 1
8.24 139.39 1
8.25 140.03 1
8.26 140.1 1
8.27 138.89 1
8.28 139.11 1
8.29 140.64 1
8.3 138.68 1
8.31 139.39 1
8.32 140.04 1
8.33 138.51 1
8.34 138.22 1
8.35 138.41 1
8.36 137.94 1
8.37 137.95 1
8.38 138.15 1
8.39 137.77 1
8.4 137.23 1
8.41 137.37 1
8.42 137.7 1
8.43 136.32 1
8.44 136.19 1
8.45 136.85 1
8.46 136.32 1
8.47 135.9 1
8.48 136.74 1
8.49 136.74 1
8.5 137.34 1
8.51 137.03 1
8.52 137.61 1
8.53 138.22 1
8.54 138.11 1
8.55 138.2 1
8.56 139.32 1
8.57 139.77 1
8.58 139.81 1
8.59 140.51 1
8.6 141.39 1
8.61 140.13 1
8.62 139.87 1
8.63 139.69 1
8.64 137.6 1
8.65 137.94 1
8.66 138.02 1
8.67 138.18 1
8.68 137.48 1
8.69 137.66 1
8.7 137.38 1
8.71 137.14 1
8.72 137.17 1
8.73 137.94 1
8.74 138.23 1
8.75 138.48 1
8.76 139.57 1
8.77 138.76 1
8.78 138.52 1
8.79 139.52 1
8.8 139.36 1
8.81 138.35 1
8.82 139.16 1
8.83 139.37 1
8.84 138.11 1
8.85 138.73 1
8.86 138.82 1
8.87 138.16 1
8.88 138.89 1
8.89 139.76 1
8.9 139.35 1
8.91 139.23 1
8.92 139.74 1
8.93 139.09 1
8.94 138.43 1
8.95 138.38 1
8.96 138.36 1
8.97 138.41 1
8.98 138.22 1
8.99 138.5 1
9.0 138.3 1
9.01 138.37 1
9.02 138.63 1
9.03 138.78 1
9.04 138.98 1
9.05 138.81 1
9.06 139.24 1
9.07 139.07 1
9.08 138.66 1
9.09 138.34 1
9.1 138.94 1
9.11 138.08 1
9.12 137.6 1
9.13 138.06 1
9.14 138.19 1
9.15 137.17 1
9.16 138.02 1
9.17 137.85 1
9.18 136.74 1
9.19 138.36 1
9.2 138.84 1
9.21 138.4 1
9.22 139.92 1
9.23 139.67 1
9.24 138.87 1
9.25 138.56 1
9.26 139.9 1
9.27 138.58 1
9.28 138.17 1
9.29 139.49 1
9.3 139.07 1
9.31 138.41 1
9.32 139.12 1
9.33 140.36 1
9.34 140.18 1
9.35 140.33 1
9.36 140.28 1
9.37 140.16 1
9.38 140.89 1
9.39 140.39 1
9.4 139.54 1
9.41 140.73 1
9.42 139.49 1
9.43 138.72 1
9.44 139.98 1
9.45 139.11 1
9.46 137.6 1
9.47 137.89 1
9.48 137.74 1
9.49 136.49 1
9.5 136.74 1
9.51 136.74 1
9.52 135.9 1
9.53 136.32 1
9.54 135.9 1
9.55 136.66 1
9.56 137.1 1
9.57 136.85 1
9.58 137.78 1
9.59 138.22 1
9.6 137.17 1
9.61 137.95 1
9.62 138.44 1
9.63 137.6 1
9.64 137.69 1
9.65 138.61 1
9.66 137.46 1
9.67 137.85 1
9.68 138.79 1
9.69 139.07 1
9.7 138.82 1
9.71 139.64 1
9.72 139.91 1
9.73 139.17 1
9.74 139.97 1
9.75 140.16 1
9.76 139.55 1
9.77 139.68 1
9.78 139.46 1
9.79 140.42 1
9.8 139.96 1
9.81 140.86 1
9.82 141.4 1
9.83 141.9 1
9.84 142.16 1
9.85 141.55 1
9.86 141.76 1
9.87 142.5 1
9.88 141.9 1
9.89 141.35 1
9.9 141.48 1
9.91 140.67 1
9.92 142.16 1
9.93 140.4 1
9.94 137.6 1
9.95 0.0 1
9.96 0.0 1
9.97 0.0 1
9.98 0.0 1
9.99 0.0 1
10.0 0.0 1
10.01 0.0 1
10.02 0.0 1
10.03 0.0 1
10.04 0.0 1
10.05 0.0 1
10.06 0.0 1
10.07 0.0 1
10.08 0.0 1
10.09 134.66 1
10.1 135.07 1
10.11 123.36 1
10.12 124.57 1
10.13 126.18 1
10.14 127.99 1
10.15 129.52 1
10.16 130.84 1
10.17 130.29 1
10.18 130.76 1
10.19 131.06 1
10.2 132.36 1
10.21 134.53 1
10.22 135.49 1
10.23 135.08 1
10.24 136.84 1
10.25 136.74 1
10.26 135.5 1
10.27 136.09 1
10.28 137.84 1
10.29 138.72 1
10.3 139.78 1
10.31 140.45 1
10.32 140.42 1
10.33 140.23 1
10.34 141.44 1
10.35 143.3 1
10.36 145.44 1
10.37 150.45 1
10.38 153.93 1
10.39 155.56 1
10.4 167.36 1
10.41 169.95 1
10.42 176.61 1
10.43 178.2 1
10.44 184.81 1
10.45 187.69 1
10.46 188.07 1
10.47 188.85 1
10.48 188.7 1
10.49 187.33 1
10.5 186.03 1
10.51 185.33 1
10.52 185.04 1
10.53 184.15 1
10.54 183.39 1
10.55 184.63 1
10.56 184.56 1
10.57 184.99 1
10.58 184.79 1
10.59 184.14 1
10.6 185.28 1
10.61 184.81 1
10.62 185.01 1
10.63 185.15 1
10.64 185.22 1
10.65 184.94 1
10.66 184.91 1
10.67 185.45 1
10.68 184.92 1
10.69 185.81 1
10.7 185.77 1
10.71 184.92 1
10.72 187.38 1
10.73 188.22 1
10.74 188.07 1
10.75 188.77 1
10.76 188.27 1
10.77 186.98 1
10.78 185.33 1
10.79 182.55 1
10.8 178.11 1
10.81 172.22 1
10.82 164.86 1
10.83 159.07 1
10.84 151.49 1
10.85 146.62 1
10.86 145.78 1
10.87 143.42 1
10.88 142.95 1
10.89 142.95 1
10.9 141.39 1
10.91 151.29 1
10.92 151.29 1
10.93 162.42 1
10.94 160.07 1
10.95 150.28 1
10.96 171.27 1
10.97 174.65 1
10.98 183.04 1
10.99 184.35 1
11.0 185.15 1
11.01 186.3 1
11.02 186.61 1
11.03 187.42 1
11.04 186.79 1
11.05 186.86 1
11.06 186.15 1
11.07 184.86 1
11.08 183.24 1
11.09 182.1 1
11.1 180.43 1
11.11 180.49 1
11.12 179.35 1
11.13 179.2 1
11.14 178.22 1
11.15 177.5 1
11.16 176.75 1
11.17 173.97 1
11.18 171.13 1
11.19 168.55 1
11.2 165.17 1
11.21 162.12 1
11.22 158.66 1
11.23 155.65 1
11.24 152.07 1
11.25 149.13 1
11.26 147.25 1
11.27 144.85 1
11.28 145.31 1
11.29 146.27 1
11.3 147.26 1
11.31 150.04 1
11.32 154.16 1
11.33 157.79 1
11.34 165.86 1
11.35 174.63 1
11.36 185.68 1
11.37 190.44 1
11.38 195.01 1
11.39 199.42 1
11.4 202.11 1
11.41 204.44 1
11.42 204.64 1
11.43 205.59 1
11.44 205.6 1
11.45 206.54 1
11.46 207.85 1
11.47 208.52 1
11.48 209.73 1
11.49 210.64 1
11.5 211.04 1
11.51 211.17 1
11.52 210.87 1
11.53 210.74 1
11.54 210.88 1
11.55 210.66 1
11.56 210.03 1
11.57 209.29 1
11.58 208.22 1
11.59 206.2 1
11.6 202.94 1
11.61 197.77 1
11.62 190.09 1
11.63 177.92 1
11.64 155.0 1
11.65 159.55 1
11.66 167.13 1
11.67 152.6 1
11.68 140.1 1
11.69 142.24 1
11.7 140.08 1
11.71 147.74 1
11.72 153.32 1
11.73 150.77 1
11.74 160.07 1
11.75 177.47 1
11.76 178.41 1
11.77 178.18 1
11.78 199.18 1
11.79 201.77 1
11.8 204.33 1
11.81 206.57 1
11.82 209.5 1
11.83 211.18 1
11.84 211.94 1
11.85 212.07 1
11.86 211.95 1
11.87 211.56 1
11.88 211.24 1
11.89 211.01 1
11.9 210.87 1
11.91 210.65 1
11.92 210.15 1
11.93 209.46 1
11.94 208.74 1
11.95 208.1 1
11.96 206.97 1
11.97 204.64 1
11.98 201.07 1
11.99 194.8 1
12.0 189.34 1
12.01 185.03 1
12.02 178.39 1
12.03 173.29 1
12.04 169.67 1
12.05 166.55 1
12.06 164.98 1
12.07 164.41 1
12.08 164.71 1
12.09 164.78 1
12.1 165.94 1
12.11 168.39 1
12.12 172.42 1
12.13 174.64 1
12.14 176.92 1
12.15 184.47 1
12.16 190.11 1
12.17 196.99 1
12.18 203.7 1
12.19 216.28 1
12.2 224.94 1
12.21 231.74 1
12.22 237.18 1
12.23 242.75 1
12.24 247.49 1
12.25 249.37 1
12.26 250.79 1
12.27 251.01 1
12.28 250.07 1
12.29 248.81 1
12.3 246.01 1
12.31 244.28 1
12.32 241.61 1
12.33 238.81 1
12.34 236.66 1
12.35 233.84 1
12.36 230.3 1
12.37 228.3 1
12.38 225.07 1
12.39 221.56 1
12.4 218.05 1
12.41 217.18 1
12.42 214.02 1
12.43 211.96 1
12.44 209.5 1
12.45 210.29 1
12.46 208.52 1
12.47 207.53 1
12.48 207.53 1
12.49 207.19 1
12.5 206.56 1
12.51 206.56 1
12.52 205.61 1
12.53 206.56 1
12.54 203.7 1
12.55 202.76 1
12.56 197.22 1
12.57 199.85 1
12.58 201.42 1
12.59 200.0 1
12.6 195.58 1
12.61 201.83 1
12.62 203.71 1
12.63 191.3 1
12.64 189.08 1
12.65 211.53 1
12.66 180.8 1
12.67 187.25 1
12.68 202.77 1
12.69 214.53 1
12.7 195.11 1
12.71 198.25 1
12.72 201.3 1
12.73 208.41 1
12.74 208.99 1
12.75 208.31 1
12.76 210.07 1
12.77 209.33 1
12.78 206.43 1
12.79 208.35 1
12.8 211.51 1
12.81 208.46 1
12.82 208.93 1
12.83 212.45 1
12.84 209.71 1
12.85 207.53 1
12.86 209.12 1
12.87 209.11 1
12.88 207.33 1
12.89 207.84 1
12.9 209.65 1
12.91 206.56 1
12.92 206.14 1
12.93 209.32 1
12.94 209.17 1
12.95 208.13 1
12.96 209.84 1
12.97 210.8 1
12.98 210.55 1
12.99 209.13 1
13.0 210.07 1
13.01 211.78 1
13.02 209.5 1
13.03 209.62 1
13.04 211.0 1
13.05 210.79 1
13.06 209.35 1
13.07 208.92 1
13.08 209.29 1
13.09 208.08 1
13.1 206.45 1
13.11 207.78 1
13.12 206.23 1
13.13 205.24 1
13.14 208.51 1
13.15 207.95 1
13.16 206.56 1
13.17 208.5 1
13.18 209.71 1
13.19 207.53 1
13.2 209.2 1
13.21 210.8 1
13.22 210.23 1
13.23 207.75 1
13.24 208.02 1
13.25 208.33 1
13.26 205.6 1
13.27 205.82 1
13.28 208.0 1
13.29 210.59 1
13.3 214.93 1
13.31 223.51 1
13.32 230.64 1
13.33 241.49 1
13.34 249.48 1
13.35 257.15 1
13.36 267.48 1
13.37 278.63 1
13.38 286.59 1
13.39 294.37 1
13.4 298.13 1
13.41 299.97 1
13.42 299.71 1
13.43 296.27 1
13.44 295.2 1
13.45 291.8 1
13.46 288.01 1
13.47 283.95 1
13.48 275.57 1
13.49 253.5 1
13.5 242.79 1
13.51 239.02 1
13.52 236.37 1
13.53 233.97 1
13.54 229.13 1
13.55 223.93 1
13.56 226.37 1
13.57 223.63 1
13.58 226.05 1
13.59 231.96 1
13.6 214.6 1
13.61 190.5 1
13.62 211.87 1
13.63 241.81 1
13.64 227.14 1
13.65 257.15 1
13.66 270.14 1
13.67 266.62 1
13.68 259.58 1
13.69 251.98 1
13.7 247.46 1
13.71 242.33 1
13.72 235.1 1
13.73 228.94 1
13.74 222.94 1
13.75 222.16 1
13.76 223.11 1
13.77 227.14 1
13.78 231.97 1
13.79 235.89 1
13.8 239.33 1
13.81 242.67 1
13.82 246.81 1
13.83 249.41 1
13.84 251.82 1
13.85 253.84 1
13.86 255.61 1
13.87 255.67 1
13.88 257.05 1
13.89 253.57 1
13.9 251.97 1
13.91 249.08 1
13.92 247.1 1
13.93 243.68 1
13.94 241.63 1
13.95 238.54 1
13.96 235.2 1
13.97 232.81 1
13.98 226.75 1
13.99 225.58 1
14.0 222.81 1
14.01 218.64 1
14.02 214.52 1
14.03 209.11 1
14.04 204.29 1
14.05 198.57 1
14.06 193.31 1
14.07 188.06 1
14.08 184.58 1
14.09 180.89 1
14.1 179.5 1
14.11 179.59 1
14.12 178.93 1
14.13 178.71 1
14.14 179.08 1
14.15 181.12 1
14.16 184.13 1
14.17 189.57 1
14.18 193.0 1
14.19 196.44 1
14.2 202.46 1
14.21 206.28 1
14.22 209.76 1
14.23 211.5 1
14.24 212.26 1
14.25 211.73 1
14.26 211.31 1
14.27 209.51 1
14.28 199.43 1
14.29 179.37 1
14.3 166.32 1
14.31 197.31 1
14.32 204.64 1
14.33 200.07 1
14.34 198.47 1
14.35 181.83 1
14.36 180.35 1
14.37 198.2 1
14.38 192.17 1
14.39 0.0 1
14.4 0.0 1
14.41 0.0 1
14.42 0.0 1
14.43 0.0 1
14.44 0.0 1
14.45 0.0 1
14.46 0.0 1
14.47 0.0 1
14.48 0.0 1
14.49 0.0 1
14.5 0.0 1
14.51 0.0 1
14.52 0.0 1
