0.01 0.0 1
0.02 0.0 1
0.03 0.0 1
0.04 294.34 1
0.05 279.74 1
0.06 276.48 1
0.07 273.88 1
0.08 271.06 1
0.09 269.72 1
0.1 270.23 1
0.11 271.11 1
0.12 272.36 1
0.13 274.18 1
0.14 277.27 1
0.15 278.54 1
0.16 279.24 1
0.17 279.47 1
0.18 279.93 1
0.19 281.31 1
0.2 280.7 1
0.21 278.8 1
0.22 276.14 1
0.23 273.95 1
0.24 269.85 1
0.25 265.05 1
0.26 258.68 1
0.27 254.45 1
0.28 247.64 1
0.29 244.32 1
0.3 238.05 1
0.31 236.84 1
0.32 234.35 1
0.33 231.52 1
0.34 230.31 1
0.35 230.3 1
0.36 229.11 1
0.37 227.94 1
0.38 230.31 1
0.39 231.51 1
0.4 233.96 1
0.41 237.38 1
0.42 242.68 1
0.43 250.32 1
0.44 257.16 1
0.45 264.39 1
0.46 271.02 1
0.47 274.29 1
0.48 276.68 1
0.49 276.81 1
0.5 277.41 1
0.51 277.24 1
0.52 277.22 1
0.53 277.3 1
0.54 278.26 1
0.55 279.14 1
0.56 279.95 1
0.57 280.6 1
0.58 280.33 1
0.59 279.23 1
0.6 277.33 1
0.61 277.35 1
0.62 278.2 1
0.63 277.74 1
0.64 277.75 1
0.65 277.87 1
0.66 278.9 1
0.67 278.71 1
0.68 279.22 1
0.69 279.14 1
0.7 279.49 1
0.71 279.51 1
0.72 279.54 1
0.73 279.08 1
0.74 279.02 1
0.75 277.45 1
0.76 277.01 1
0.77 278.26 1
0.78 279.07 1
0.79 279.43 1
0.8 280.26 1
0.81 281.21 1
0.82 279.58 1
0.83 276.74 1
0.84 273.05 1
0.85 274.44 1
0.86 278.23 1
0.87 277.05 1
0.88 277.0 1
0.89 276.12 1
0.9 276.46 1
0.91 279.92 1
0.92 0.0 1
0.93 0.0 1
0.94 0.0 1
0.95 0.0 1
0.96 0.0 1
0.97 0.0 1
0.98 0.0 1
0.99 0.0 1
1.0 0.0 1
1.01 0.0 1
1.02 0.0 1
1.03 0.0 1
1.04 0.0 1
1.05 0.0 1
1.06 0.0 1
1.07 0.0 1
1.08 0.0 1
1.09 0.0 1
1.1 0.0 1
1.11 0.0 1
1.12 0.0 1
1.13 0.0 1
1.14 0.0 1
1.15 69.33 1
1.16 69.66 1
1.17 69.26 1
1.18 68.99 1
1.19 69.19 1
1.2 69.62 1
1.21 69.22 1
1.22 69.52 1
1.23 69.33 1
1.24 69.37 1
1.25 69.19 1
1.26 69.27 1
1.27 69.37 1
1.28 0.0 1
1.29 0.0 1
1.3 258.58 1
1.31 219.37 1
1.32 215.57 1
1.33 213.55 1
1.34 208.09 1
1.35 205.6 1
1.36 203.67 1
1.37 201.37 1
1.38 201.11 1
1.39 202.63 1
1.4 206.56 1
1.41 212.86 1
1.42 224.98 1
1.43 236.91 1
1.44 251.05 1
1.45 260.79 1
1.46 272.07 1
1.47 280.07 1
1.48 283.77 1
1.49 289.24 1
1.5 291.47 1
1.51 290.42 1
1.52 285.1 1
1.53 277.04 1
1.54 264.97 1
1.55 253.86 1
1.56 235.28 1
1.57 224.56 1
1.58 215.96 1
1.59 214.22 1
1.6 215.97 1
1.61 220.76 1
1.62 226.51 1
1.63 237.74 1
1.64 248.89 1
1.65 255.97 1
1.66 263.91 1
1.67 271.0 1
1.68 273.15 1
1.69 271.94 1
1.7 263.32 1
1.71 260.19 1
1.72 254.18 1
1.73 238.36 1
1.74 224.43 1
1.75 210.82 1
1.76 203.38 1
1.77 201.02 1
1.78 200.64 1
1.79 202.29 1
1.8 203.41 1
1.81 204.72 1
1.82 205.58 1
1.83 205.6 1
1.84 207.53 1
1.85 207.54 1
1.86 209.51 1
1.87 208.52 1
1.88 205.6 1
1.89 198.69 1
1.9 196.44 1
1.91 199.1 1
1.92 198.62 1
1.93 203.7 1
1.94 184.13 1
1.95 0.0 1
1.96 0.0 1
1.97 0.0 1
1.98 178.18 1
1.99 185.51 1
2.0 183.74 1
2.01 186.6 1
2.02 185.54 1
2.03 184.79 1
2.04 184.52 1
2.05 183.68 1
2.06 184.09 1
2.07 184.74 1
2.08 185.27 1
2.09 185.68 1
2.1 186.38 1
2.11 186.95 1
2.12 186.47 1
2.13 186.76 1
2.14 186.47 1
2.15 186.45 1
2.16 185.99 1
2.17 185.02 1
2.18 183.67 1
2.19 183.13 1
2.2 183.63 1
2.21 184.31 1
2.22 185.29 1
2.23 187.1 1
2.24 188.87 1
2.25 190.39 1
2.26 190.35 1
2.27 188.87 1
2.28 186.47 1
2.29 184.91 1
2.3 184.14 1
2.31 183.37 1
2.32 171.95 1
2.33 174.06 1
2.34 182.61 1
2.35 183.99 1
2.36 0.0 1
2.37 0.0 1
2.38 0.0 1
2.39 0.0 1
2.4 0.0 1
2.41 0.0 1
2.42 162.42 1
2.43 163.03 1
2.44 148.11 1
2.45 146.01 1
2.46 144.36 1
2.47 145.12 1
2.48 146.16 1
2.49 147.52 1
2.5 149.13 1
2.51 148.96 1
2.52 149.84 1
2.53 151.0 1
2.54 151.32 1
2.55 153.96 1
2.56 155.27 1
2.57 158.1 1
2.58 159.17 1
2.59 158.72 1
2.6 158.83 1
2.61 158.54 1
2.62 157.53 1
2.63 155.22 1
2.64 156.39 1
2.65 155.23 1
2.66 153.75 1
2.67 153.23 1
2.68 151.81 1
2.69 151.99 1
2.7 152.53 1
2.71 155.9 1
2.72 161.12 1
2.73 169.29 1
2.74 176.89 1
2.75 178.96 1
2.76 190.49 1
2.77 190.49 1
2.78 186.48 1
2.79 184.13 1
2.8 180.43 1
2.81 174.65 1
2.82 171.16 1
2.83 166.61 1
2.84 156.69 1
2.85 149.24 1
2.86 148.29 1
2.87 149.0 1
2.88 148.37 1
2.89 151.96 1
2.9 156.71 1
2.91 162.86 1
2.92 168.64 1
2.93 172.47 1
2.94 172.6 1
2.95 174.66 1
2.96 171.13 1
2.97 160.07 1
2.98 147.25 1
2.99 0.0 1
3.0 0.0 1
3.01 0.0 1
3.02 0.0 1
3.03 0.0 1
3.04 0.0 1
3.05 0.0 1
3.06 0.0 1
3.07 0.0 1
3.08 0.0 1
3.09 0.0 1
3.1 128.64 1
3.11 128.1 1
3.12 129.87 1
3.13 131.28 1
3.14 132.87 1
3.15 134.22 1
3.16 136.53 1
3.17 134.98 1
3.18 133.51 1
3.19 132.63 1
3.2 136.21 1
3.21 136.52 1
3.22 136.98 1
3.23 136.65 1
3.24 136.71 1
3.25 136.98 1
3.26 136.65 1
3.27 137.33 1
3.28 136.64 1
3.29 137.25 1
3.3 137.3 1
3.31 137.08 1
3.32 137.25 1
3.33 137.53 1
3.34 137.04 1
3.35 137.71 1
3.36 137.63 1
3.37 137.77 1
3.38 137.74 1
3.39 137.17 1
3.4 137.62 1
3.41 137.77 1
3.42 136.98 1
3.43 137.8 1
3.44 138.43 1
3.45 136.54 1
3.46 136.05 1
3.47 135.49 1
3.48 134.66 1
3.49 135.48 1
3.5 136.32 1
3.51 136.75 1
3.52 140.67 1
3.53 144.23 1
3.54 166.48 1
3.55 156.54 1
3.56 163.68 1
3.57 164.97 1
3.58 166.5 1
3.59 168.68 1
3.6 169.07 1
3.61 169.12 1
3.62 168.44 1
3.63 167.56 1
3.64 166.43 1
3.65 164.22 1
3.66 163.02 1
3.67 161.09 1
3.68 158.92 1
3.69 157.78 1
3.7 156.17 1
3.71 154.58 1
3.72 153.36 1
3.73 151.99 1
3.74 151.66 1
3.75 151.29 1
3.76 151.49 1
3.77 152.01 1
3.78 152.27 1
3.79 152.14 1
3.8 152.34 1
3.81 153.31 1
3.82 153.81 1
3.83 153.84 1
3.84 153.58 1
3.85 152.83 1
3.86 152.2 1
3.87 152.35 1
3.88 151.92 1
3.89 152.31 1
3.9 152.07 1
3.91 152.42 1
3.92 153.18 1
3.93 153.74 1
3.94 154.41 1
3.95 154.54 1
3.96 154.59 1
3.97 154.19 1
3.98 153.62 1
3.99 153.05 1
4.0 153.14 1
4.01 153.18 1
4.02 153.27 1
4.03 154.01 1
4.04 155.01 1
4.05 156.55 1
4.06 159.45 1
4.07 162.88 1
4.08 165.75 1
4.09 168.54 1
4.1 170.03 1
4.11 170.44 1
4.12 169.98 1
4.13 168.32 1
4.14 165.68 1
4.15 162.17 1
4.16 158.17 1
4.17 155.13 1
4.18 152.33 1
4.19 149.42 1
4.2 146.91 1
4.21 145.3 1
4.22 142.97 1
4.23 141.12 1
4.24 140.45 1
4.25 140.22 1
4.26 140.05 1
4.27 139.8 1
4.28 140.0 1
4.29 140.31 1
4.3 139.6 1
4.31 139.55 1
4.32 138.04 1
4.33 137.6 1
4.34 136.33 1
4.35 135.91 1
4.36 133.86 1
4.37 144.22 1
4.38 133.55 1
4.39 137.2 1
4.4 133.94 1
4.41 133.37 1
4.42 134.44 1
4.43 138.46 1
4.44 141.25 1
4.45 136.95 1
4.46 137.09 1
4.47 138.29 1
4.48 138.46 1
4.49 139.42 1
4.5 140.18 1
4.51 140.5 1
4.52 138.33 1
4.53 134.66 1
4.54 69.29 1
4.55 69.4 1
4.56 69.35 1
4.57 69.36 1
4.58 69.3 1
4.59 69.46 1
4.6 69.3 1
4.61 69.35 1
4.62 69.19 1
4.63 69.38 1
4.64 69.15 1
4.65 69.09 1
4.66 0.0 1
4.67 0.0 1
4.68 0.0 1
4.69 0.0 1
4.7 0.0 1
4.71 0.0 1
4.72 0.0 1
4.73 0.0 1
4.74 0.0 1
4.75 69.4 1
4.76 69.83 1
4.77 68.97 1
4.78 69.25 1
4.79 69.37 1
4.8 69.21 1
4.81 69.36 1
4.82 69.31 1
4.83 69.23 1
4.84 69.37 1
4.85 79.68 1
4.86 93.93 1
4.87 104.21 1
4.88 95.56 1
4.89 98.98 1
4.9 102.07 1
4.91 101.73 1
4.92 103.97 1
4.93 106.97 1
4.94 112.65 1
4.95 112.64 1
4.96 120.66 1
4.97 132.61 1
4.98 136.59 1
4.99 138.93 1
5.0 140.56 1
5.01 136.74 1
5.02 134.55 1
5.03 129.17 1
5.04 110.87 1
5.05 108.61 1
5.06 105.85 1
5.07 105.25 1
5.08 104.83 1
5.09 104.88 1
5.1 107.39 1
5.11 108.93 1
5.12 111.52 1
5.13 113.21 1
5.14 117.65 1
5.15 125.21 1
5.16 132.21 1
5.17 133.83 1
5.18 135.33 1
5.19 137.73 1
5.2 139.51 1
5.21 138.95 1
5.22 139.04 1
5.23 139.12 1
5.24 137.19 1
5.25 136.07 1
5.26 134.77 1
5.27 133.9 1
5.28 132.67 1
5.29 134.25 1
5.3 135.47 1
5.31 141.18 1
5.32 142.69 1
5.33 146.11 1
5.34 151.93 1
5.35 161.83 1
5.36 155.33 1
5.37 156.53 1
5.38 158.04 1
5.39 158.83 1
5.4 159.96 1
5.41 161.22 1
5.42 160.66 1
5.43 160.59 1
5.44 160.89 1
5.45 160.94 1
5.46 161.13 1
5.47 161.07 1
5.48 159.68 1
5.49 159.52 1
5.5 158.77 1
5.51 158.35 1
5.52 158.05 1
5.53 157.6 1
5.54 157.57 1
5.55 157.22 1
5.56 157.75 1
5.57 157.78 1
5.58 158.2 1
5.59 158.35 1
5.6 159.57 1
5.61 160.19 1
5.62 160.83 1
5.63 160.52 1
5.64 160.29 1
5.65 160.27 1
5.66 159.97 1
5.67 160.55 1
5.68 162.16 1
5.69 164.73 1
5.7 169.29 1
5.71 176.54 1
5.72 179.14 1
5.73 182.36 1
5.74 184.11 1
5.75 182.95 1
5.76 181.9 1
5.77 178.06 1
5.78 173.46 1
5.79 167.23 1
5.8 160.8 1
5.81 159.16 1
5.82 156.48 1
5.83 154.15 1
5.84 154.81 1
5.85 155.37 1
5.86 158.35 1
5.87 161.21 1
5.88 165.98 1
5.89 171.94 1
5.9 176.75 1
5.91 180.08 1
5.92 183.15 1
5.93 181.38 1
5.94 172.6 1
5.95 169.73 1
5.96 163.08 1
5.97 159.39 1
5.98 152.14 1
5.99 148.12 1
6.0 144.07 1
6.01 142.12 1
6.02 140.38 1
6.03 145.13 1
6.04 139.47 1
6.05 138.16 1
6.06 138.43 1
6.07 139.05 1
6.08 140.01 1
6.09 140.13 1
6.1 139.11 1
6.11 138.95 1
6.12 138.53 1
6.13 137.31 1
6.14 136.77 1
6.15 134.27 1
6.16 131.44 1
6.17 139.78 1
6.18 142.17 1
6.19 135.9 1
6.2 138.47 1
6.21 139.77 1
6.22 179.26 1
6.23 190.15 1
6.24 199.55 1
6.25 202.76 1
6.26 174.56 1
6.27 172.6 1
6.28 169.95 1
6.29 166.55 1
6.3 160.87 1
6.31 156.41 1
6.32 153.49 1
6.33 150.14 1
6.34 148.54 1
6.35 148.61 1
6.36 150.36 1
6.37 153.26 1
6.38 158.25 1
6.39 167.48 1
6.4 175.0 1
6.41 175.75 1
6.42 178.91 1
6.43 179.83 1
6.44 178.17 1
6.45 173.84 1
6.46 169.4 1
6.47 163.56 1
6.48 159.02 1
6.49 154.4 1
6.5 150.0 1
6.51 148.37 1
6.52 148.44 1
6.53 151.46 1
6.54 157.01 1
6.55 163.36 1
6.56 171.59 1
6.57 185.82 1
6.58 194.5 1
6.59 200.87 1
6.6 205.67 1
6.61 209.85 1
6.62 211.85 1
6.63 212.72 1
6.64 210.15 1
6.65 204.64 1
6.66 198.79 1
6.67 186.36 1
6.68 176.34 1
6.69 166.7 1
6.7 157.4 1
6.71 156.49 1
6.72 156.66 1
6.73 160.64 1
6.74 169.14 1
6.75 180.27 1
6.76 187.26 1
6.77 200.87 1
6.78 204.36 1
6.79 208.15 1
6.8 210.25 1
6.81 212.24 1
6.82 212.63 1
6.83 211.19 1
6.84 203.7 1
6.85 196.44 1
6.86 219.95 1
6.87 221.95 1
6.88 214.7 1
6.89 213.55 1
6.9 210.98 1
6.91 208.35 1
6.92 205.56 1
6.93 204.64 1
6.94 207.45 1
6.95 218.12 1
6.96 227.93 1
6.97 242.07 1
6.98 252.74 1
6.99 258.68 1
7.0 266.48 1
7.01 291.14 1
7.02 307.33 1
7.03 308.25 1
7.04 258.7 1
7.05 254.18 1
