0.01 207.06 1
0.02 205.6 1
0.03 206.56 1
0.04 207.76 1
0.05 206.98 1
0.06 207.17 1
0.07 207.87 1
0.08 208.2 1
0.09 207.54 1
0.1 209.71 1
0.11 209.49 1
0.12 207.54 1
0.13 208.83 1
0.14 209.09 1
0.15 208.52 1
0.16 209.49 1
0.17 210.6 1
0.18 211.46 1
0.19 213.65 1
0.2 217.42 1
0.21 221.97 1
0.22 225.58 1
0.23 231.5 1
0.24 237.73 1
0.25 241.57 1
0.26 244.91 1
0.27 249.27 1
0.28 250.33 1
0.29 251.71 1
0.3 251.68 1
0.31 249.46 1
0.32 249.3 1
0.33 248.41 1
0.34 247.71 1
0.35 246.5 1
0.36 246.86 1
0.37 246.28 1
0.38 245.61 1
0.39 244.59 1
0.4 243.63 1
0.41 242.4 1
0.42 240.56 1
0.43 237.77 1
0.44 235.6 1
0.45 233.44 1
0.46 231.99 1
0.47 229.91 1
0.48 228.79 1
0.49 228.28 1
0.5 229.92 1
0.51 232.19 1
0.52 233.97 1
0.53 238.25 1
0.54 240.4 1
0.55 241.94 1
0.56 245.79 1
0.57 246.41 1
0.58 248.72 1
0.59 248.02 1
0.6 246.9 1
0.61 245.99 1
0.62 245.05 1
0.63 243.79 1
0.64 241.63 1
0.65 241.75 1
0.66 238.84 1
0.67 238.54 1
0.68 236.77 1
0.69 235.6 1
0.7 235.19 1
0.71 234.9 1
0.72 234.42 1
0.73 233.07 1
0.74 233.56 1
0.75 231.52 1
0.76 232.01 1
0.77 232.83 1
0.78 235.21 1
0.79 240.53 1
0.8 243.81 1
0.81 249.37 1
0.82 253.94 1
0.83 259.29 1
0.84 263.09 1
0.85 266.46 1
0.86 266.09 1
0.87 227.25 1
0.88 214.6 1
0.89 209.51 1
0.9 185.53 1
0.91 180.39 1
0.92 69.72 1
0.93 69.18 1
0.94 68.75 1
0.95 69.33 1
0.96 69.3 1
0.97 68.96 1
0.98 68.65 1
0.99 69.18 1
1.0 0.0 1
1.01 0.0 1
1.02 210.67 1
1.03 207.65 1
1.04 206.85 1
1.05 208.51 1
1.06 208.4 1
1.07 208.3 1
1.08 207.53 1
1.09 206.56 1
1.1 206.24 1
1.11 207.05 1
1.12 207.53 1
1.13 208.51 1
1.14 209.25 1
1.15 208.51 1
1.16 206.56 1
1.17 206.53 1
1.18 206.56 1
1.19 205.6 1
1.2 207.07 1
1.21 207.53 1
1.22 207.53 1
1.23 207.53 1
1.24 208.52 1
1.25 209.5 1
1.26 210.3 1
1.27 211.13 1
1.28 207.53 1
1.29 208.51 1
1.3 208.51 1
1.31 204.52 1
1.32 200.91 1
1.33 192.56 1
1.34 187.24 1
1.35 183.87 1
1.36 182.38 1
1.37 173.29 1
1.38 176.75 1
1.39 177.46 1
1.4 182.61 1
1.41 168.56 1
1.42 176.76 1
1.43 177.08 1
1.44 175.99 1
1.45 176.72 1
1.46 178.84 1
1.47 180.94 1
1.48 182.4 1
1.49 183.35 1
1.5 184.3 1
1.51 184.54 1
1.52 185.36 1
1.53 186.47 1
1.54 186.99 1
1.55 187.98 1
1.56 189.53 1
1.57 188.61 1
1.58 188.39 1
1.59 187.02 1
1.6 186.66 1
1.61 185.69 1
1.62 185.59 1
1.63 186.47 1
1.64 186.23 1
1.65 186.47 1
1.66 186.7 1
1.67 186.68 1
1.68 185.89 1
1.69 186.16 1
1.7 185.54 1
1.71 185.62 1
1.72 185.69 1
1.73 185.69 1
1.74 185.69 1
1.75 187.27 1
1.76 187.27 1
1.77 186.48 1
1.78 183.32 1
1.79 174.01 1
1.8 181.76 1
1.81 184.13 1
1.82 185.26 1
1.83 184.13 1
1.84 187.75 1
1.85 189.69 1
1.86 188.87 1
1.87 190.06 1
1.88 190.33 1
1.89 189.69 1
1.9 191.32 1
1.91 191.33 1
1.92 189.69 1
1.93 191.75 1
1.94 191.48 1
1.95 191.18 1
1.96 191.11 1
1.97 190.41 1
1.98 189.99 1
1.99 189.59 1
2.0 188.87 1
2.01 188.63 1
2.02 188.13 1
2.03 187.47 1
2.04 186.43 1
2.05 184.91 1
2.06 183.58 1
2.07 181.12 1
2.08 179.43 1
2.09 171.99 1
2.1 167.92 1
2.11 165.47 1
2.12 162.43 1
2.13 158.88 1
2.14 157.49 1
2.15 154.43 1
2.16 153.8 1
2.17 152.92 1
2.18 152.57 1
2.19 152.88 1
2.2 153.68 1
2.21 155.44 1
2.22 156.18 1
2.23 156.12 1
2.24 153.96 1
2.25 148.3 1
2.26 147.48 1
2.27 139.27 1
2.28 137.6 1
2.29 141.57 1
2.3 138.67 1
2.31 136.76 1
2.32 145.79 1
2.33 151.83 1
2.34 152.33 1
2.35 153.0 1
2.36 150.77 1
2.37 149.96 1
2.38 150.09 1
2.39 150.09 1
2.4 149.73 1
2.41 148.88 1
2.42 148.51 1
2.43 147.66 1
2.44 146.77 1
2.45 147.2 1
2.46 147.75 1
2.47 147.98 1
2.48 148.45 1
2.49 149.1 1
2.5 149.56 1
2.51 150.08 1
2.52 150.34 1
2.53 150.35 1
2.54 150.93 1
2.55 151.05 1
2.56 151.25 1
2.57 150.63 1
2.58 149.73 1
2.59 149.58 1
2.6 149.07 1
2.61 149.39 1
2.62 149.08 1
2.63 149.31 1
2.64 149.43 1
2.65 149.55 1
2.66 151.04 1
2.67 153.8 1
2.68 156.12 1
2.69 160.85 1
2.7 163.48 1
2.71 165.45 1
2.72 167.91 1
2.73 168.65 1
2.74 168.25 1
2.75 165.48 1
2.76 161.25 1
2.77 128.76 1
2.78 156.66 1
2.79 161.23 1
2.8 163.02 1
2.81 155.02 1
2.82 151.82 1
2.83 146.58 1
2.84 150.76 1
2.85 148.74 1
2.86 151.82 1
2.87 151.73 1
2.88 151.94 1
2.89 150.93 1
2.9 150.66 1
2.91 150.66 1
2.92 151.0 1
2.93 151.19 1
2.94 151.0 1
2.95 151.45 1
2.96 151.81 1
2.97 151.78 1
2.98 151.81 1
2.99 152.54 1
3.0 153.35 1
3.01 154.56 1
3.02 154.63 1
3.03 155.12 1
3.04 154.87 1
3.05 155.38 1
3.06 155.23 1
3.07 155.15 1
3.08 153.37 1
3.09 150.27 1
3.1 145.62 1
3.11 0.0 1
3.12 0.0 1
3.13 0.0 1
3.14 0.0 1
3.15 0.0 1
3.16 0.0 1
3.17 0.0 1
3.18 0.0 1
3.19 0.0 1
3.2 0.0 1
3.21 0.0 1
3.22 0.0 1
3.23 148.74 1
3.24 136.42 1
3.25 134.5 1
3.26 131.06 1
3.27 132.63 1
3.28 131.29 1
3.29 132.37 1
3.3 131.87 1
3.31 132.41 1
3.32 133.04 1
3.33 132.82 1
3.34 133.31 1
3.35 133.19 1
3.36 133.31 1
3.37 133.81 1
3.38 133.82 1
3.39 133.33 1
3.4 133.93 1
3.41 134.77 1
3.42 134.57 1
3.43 135.49 1
3.44 136.34 1
3.45 135.92 1
3.46 137.18 1
3.47 137.99 1
3.48 138.89 1
3.49 138.47 1
3.5 138.47 1
3.51 137.2 1
3.52 136.77 1
3.53 136.77 1
3.54 134.67 1
3.55 135.08 1
3.56 130.67 1
3.57 143.41 1
3.58 133.03 1
3.59 135.16 1
3.6 125.82 1
3.61 131.44 1
3.62 126.45 1
3.63 120.33 1
3.64 118.39 1
3.65 112.3 1
3.66 111.85 1
3.67 111.15 1
3.68 108.75 1
3.69 106.14 1
3.7 106.84 1
3.71 106.67 1
3.72 108.8 1
3.73 112.08 1
3.74 114.11 1
3.75 114.86 1
3.76 116.01 1
3.77 116.22 1
3.78 117.84 1
3.79 118.71 1
3.8 119.81 1
3.81 121.66 1
3.82 121.99 1
3.83 123.57 1
3.84 124.73 1
3.85 122.69 1
3.86 122.69 1
3.87 122.98 1
3.88 123.34 1
3.89 122.6 1
3.9 122.34 1
3.91 122.21 1
3.92 122.51 1
3.93 122.99 1
3.94 121.65 1
3.95 121.82 1
3.96 120.02 1
3.97 118.87 1
3.98 117.38 1
3.99 115.72 1
4.0 115.1 1
4.01 113.28 1
4.02 113.02 1
4.03 110.99 1
4.04 110.21 1
4.05 110.39 1
4.06 109.7 1
4.07 110.68 1
4.08 110.81 1
4.09 113.18 1
4.1 113.23 1
4.11 113.84 1
4.12 117.7 1
4.13 120.01 1
4.14 120.31 1
4.15 121.78 1
4.16 123.09 1
4.17 122.9 1
4.18 123.33 1
4.19 123.04 1
4.2 123.02 1
4.21 122.34 1
4.22 122.47 1
4.23 122.06 1
4.24 123.33 1
4.25 121.66 1
4.26 119.37 1
4.27 120.26 1
4.28 118.6 1
4.29 118.63 1
4.3 117.63 1
4.31 117.39 1
4.32 116.21 1
4.33 115.13 1
4.34 116.19 1
4.35 115.96 1
4.36 115.49 1
4.37 116.5 1
4.38 115.48 1
4.39 115.89 1
4.4 115.46 1
4.41 117.85 1
4.42 119.03 1
4.43 122.65 1
4.44 127.87 1
4.45 133.67 1
4.46 136.32 1
4.47 143.04 1
4.48 142.16 1
4.49 139.97 1
4.5 134.34 1
4.51 135.5 1
4.52 138.03 1
4.53 133.03 1
4.54 133.01 1
4.55 117.13 1
4.56 109.57 1
4.57 109.5 1
4.58 116.49 1
4.59 110.39 1
4.6 109.04 1
4.61 116.7 1
4.62 111.5 1
4.63 117.88 1
4.64 109.64 1
4.65 109.62 1
4.66 99.95 1
4.67 103.26 1
4.68 100.94 1
4.69 107.96 1
4.7 100.03 1
4.71 106.07 1
4.72 102.21 1
4.73 101.5 1
4.74 103.88 1
4.75 103.56 1
4.76 104.16 1
4.77 104.6 1
4.78 104.76 1
4.79 104.41 1
4.8 103.89 1
4.81 103.64 1
4.82 103.46 1
4.83 103.09 1
4.84 102.98 1
4.85 102.44 1
4.86 102.2 1
4.87 101.97 1
4.88 101.5 1
4.89 101.5 1
4.9 101.5 1
4.91 100.5 1
4.92 100.12 1
4.93 100.11 1
4.94 100.62 1
4.95 100.57 1
4.96 100.28 1
4.97 99.59 1
4.98 98.99 1
4.99 98.37 1
5.0 98.78 1
5.01 98.69 1
5.02 98.45 1
5.03 103.89 1
5.04 99.87 1
5.05 101.5 1
5.06 102.21 1
5.07 104.0 1
5.08 104.64 1
5.09 105.37 1
5.1 105.66 1
5.11 106.1 1
5.12 105.01 1
5.13 105.37 1
5.14 106.0 1
5.15 105.86 1
5.16 104.91 1
5.17 103.36 1
5.18 101.25 1
5.19 94.33 1
5.2 90.39 1
5.21 87.04 1
5.22 68.43 1
5.23 68.96 1
5.24 69.36 1
5.25 69.06 1
5.26 69.33 1
5.27 69.26 1
5.28 69.19 1
5.29 69.42 1
5.3 69.23 1
5.31 69.18 1
5.32 69.47 1
5.33 69.29 1
5.34 69.2 1
5.35 69.37 1
5.36 69.38 1
5.37 69.29 1
5.38 69.34 1
5.39 69.31 1
5.4 68.97 1
5.41 69.35 1
5.42 69.34 1
5.43 69.19 1
5.44 69.4 1
5.45 69.26 1
5.46 69.2 1
5.47 69.31 1
5.48 69.29 1
5.49 69.29 1
5.5 69.31 1
5.51 69.35 1
5.52 69.18 1
5.53 69.46 1
5.54 69.34 1
5.55 69.18 1
5.56 69.37 1
5.57 69.33 1
5.58 69.29 1
5.59 69.34 1
5.6 69.33 1
5.61 69.3 1
5.62 69.31 1
5.63 69.34 1
5.64 69.26 1
5.65 69.32 1
5.66 69.36 1
5.67 69.28 1
5.68 69.33 1
5.69 111.09 1
5.7 111.73 1
5.71 103.89 1
5.72 109.89 1
5.73 109.84 1
5.74 118.88 1
5.75 112.94 1
5.76 112.89 1
5.77 111.98 1
5.78 112.07 1
5.79 110.93 1
5.8 111.41 1
5.81 109.62 1
5.82 111.29 1
5.83 110.39 1
5.84 110.52 1
5.85 110.07 1
5.86 110.54 1
5.87 108.5 1
5.88 105.89 1
5.89 105.63 1
5.9 107.7 1
5.91 108.89 1
5.92 108.49 1
5.93 104.87 1
5.94 102.91 1
5.95 104.13 1
5.96 103.88 1
5.97 104.12 1
5.98 110.94 1
5.99 104.62 1
6.0 101.73 1
6.01 103.38 1
6.02 103.87 1
6.03 101.27 1
6.04 102.06 1
6.05 102.42 1
6.06 101.97 1
6.07 102.92 1
6.08 104.13 1
6.09 106.14 1
6.1 107.96 1
6.11 112.07 1
6.12 115.92 1
6.13 122.66 1
6.14 127.41 1
6.15 137.05 1
6.16 138.47 1
6.17 143.95 1
6.18 145.87 1
6.19 146.19 1
6.2 143.58 1
6.21 141.52 1
6.22 137.18 1
6.23 134.27 1
6.24 129.16 1
6.25 124.35 1
6.26 121.64 1
6.27 112.37 1
6.28 116.39 1
6.29 106.47 1
6.3 111.71 1
6.31 0.0 1
6.32 0.0 1
6.33 0.0 1
6.34 0.0 1
6.35 0.0 1
6.36 0.0 1
6.37 0.0 1
6.38 0.0 1
6.39 0.0 1
6.4 0.0 1
6.41 0.0 1
6.42 0.0 1
6.43 0.0 1
6.44 146.27 1
6.45 138.46 1
6.46 132.69 1
6.47 131.85 1
6.48 132.11 1
6.49 131.44 1
6.5 132.05 1
6.51 132.83 1
6.52 134.15 1
6.53 134.3 1
6.54 134.85 1
6.55 135.02 1
6.56 134.66 1
6.57 135.37 1
6.58 135.49 1
6.59 137.17 1
6.6 137.71 1
6.61 138.41 1
6.62 138.74 1
6.63 138.56 1
6.64 137.84 1
6.65 136.79 1
6.66 136.93 1
6.67 136.07 1
6.68 135.48 1
6.69 135.07 1
6.7 134.53 1
6.71 133.55 1
6.72 133.11 1
6.73 133.27 1
6.74 132.96 1
6.75 133.96 1
6.76 132.24 1
6.77 158.92 1
6.78 134.25 1
6.79 120.33 1
6.8 126.54 1
6.81 130.28 1
6.82 135.48 1
6.83 132.23 1
6.84 137.31 1
6.85 136.28 1
6.86 134.67 1
6.87 134.35 1
6.88 132.7 1
6.89 131.98 1
6.9 131.03 1
6.91 130.44 1
6.92 132.83 1
6.93 140.4 1
6.94 164.85 1
6.95 181.86 1
6.96 199.1 1
6.97 202.76 1
6.98 217.71 1
6.99 222.37 1
7.0 227.91 1
7.01 221.05 1
7.02 215.56 1
7.03 201.48 1
7.04 194.28 1
7.05 175.47 1
7.06 158.12 1
7.07 152.34 1
7.08 153.66 1
7.09 150.25 1
7.1 150.25 1
7.11 150.92 1
7.12 152.91 1
7.13 156.05 1
7.14 157.03 1
7.15 159.03 1
7.16 158.93 1
7.17 158.93 1
7.18 159.49 1
7.19 156.66 1
7.2 158.29 1
7.21 159.14 1
7.22 157.78 1
7.23 159.7 1
7.24 158.91 1
7.25 160.65 1
7.26 159.4 1
7.27 160.55 1
7.28 161.84 1
7.29 158.09 1
7.3 156.67 1
7.31 156.51 1
7.32 155.88 1
7.33 155.46 1
7.34 157.17 1
7.35 157.71 1
7.36 158.28 1
7.37 158.35 1
7.38 160.64 1
7.39 157.24 1
7.4 158.92 1
7.41 158.63 1
7.42 157.78 1
7.43 158.34 1
7.44 158.09 1
7.45 158.76 1
7.46 158.36 1
7.47 159.07 1
7.48 158.29 1
7.49 157.23 1
7.5 157.92 1
7.51 157.95 1
7.52 156.29 1
7.53 155.06 1
7.54 153.07 1
7.55 150.26 1
7.56 145.5 1
7.57 141.65 1
7.58 137.67 1
7.59 130.28 1
7.6 123.69 1
7.61 119.33 1
7.62 112.64 1
7.63 109.84 1
7.64 109.81 1
7.65 108.49 1
7.66 108.49 1
7.67 108.76 1
7.68 111.72 1
7.69 113.23 1
7.7 115.9 1
7.71 117.68 1
7.72 121.32 1
7.73 127.27 1
7.74 132.22 1
7.75 131.63 1
7.76 135.93 1
7.77 136.5 1
7.78 136.75 1
7.79 136.75 1
7.8 135.69 1
7.81 134.45 1
7.82 133.62 1
7.83 132.62 1
7.84 132.63 1
7.85 132.02 1
7.86 131.96 1
7.87 131.92 1
7.88 131.05 1
7.89 129.97 1
7.9 128.39 1
7.91 124.05 1
7.92 122.66 1
7.93 119.68 1
7.94 118.58 1
7.95 113.36 1
7.96 110.85 1
7.97 110.62 1
7.98 108.1 1
7.99 105.54 1
8.0 100.34 1
8.01 93.33 1
8.02 0.0 1
8.03 0.0 1
8.04 0.0 1
8.05 0.0 1
8.06 0.0 1
8.07 0.0 1
8.08 0.0 1
8.09 0.0 1
8.1 0.0 1
8.11 0.0 1
8.12 0.0 1
8.13 0.0 1
8.14 141.11 1
8.15 136.34 1
8.16 133.54 1
8.17 131.95 1
8.18 133.34 1
8.19 134.08 1
8.2 135.07 1
8.21 136.7 1
8.22 137.35 1
8.23 137.66 1
8.24 138.05 1
8.25 137.6 1
8.26 138.99 1
8.27 139.78 1
8.28 140.66 1
8.29 141.02 1
8.3 141.18 1
8.31 140.85 1
8.32 140.69 1
8.33 139.47 1
8.34 138.61 1
8.35 137.6 1
8.36 137.41 1
8.37 136.74 1
8.38 138.26 1
8.39 138.05 1
8.4 137.17 1
8.41 137.17 1
8.42 138.49 1
8.43 137.18 1
8.44 138.46 1
8.45 138.03 1
8.46 137.57 1
8.47 134.66 1
8.48 131.84 1
8.49 124.4 1
8.5 138.89 1
8.51 131.84 1
8.52 139.16 1
8.53 138.46 1
8.54 143.41 1
8.55 159.33 1
8.56 158.22 1
8.57 160.46 1
8.58 160.81 1
8.59 160.36 1
8.6 159.44 1
8.61 158.35 1
8.62 157.97 1
8.63 157.71 1
8.64 156.66 1
8.65 156.82 1
8.66 156.66 1
8.67 156.51 1
8.68 156.42 1
8.69 157.31 1
8.7 155.56 1
8.71 157.22 1
8.72 158.13 1
8.73 158.34 1
8.74 158.62 1
8.75 159.22 1
8.76 158.94 1
8.77 158.35 1
8.78 158.29 1
8.79 157.95 1
8.8 156.67 1
8.81 157.66 1
8.82 157.54 1
8.83 157.34 1
8.84 156.94 1
8.85 157.05 1
8.86 155.47 1
8.87 155.11 1
8.88 154.82 1
8.89 154.12 1
8.9 153.92 1
8.91 153.56 1
8.92 152.33 1
8.93 153.13 1
8.94 152.86 1
8.95 155.33 1
8.96 156.86 1
8.97 155.58 1
8.98 159.16 1
8.99 158.92 1
9.0 0.0 1
9.01 0.0 1
9.02 0.0 1
9.03 0.0 1
9.04 0.0 1
9.05 0.0 1
9.06 0.0 1
9.07 178.06 1
9.08 177.46 1
9.09 177.18 1
9.1 177.43 1
9.11 178.5 1
9.12 179.93 1
9.13 180.03 1
9.14 179.55 1
9.15 179.11 1
9.16 177.49 1
9.17 176.35 1
9.18 174.9 1
9.19 174.62 1
9.2 172.99 1
9.21 171.26 1
9.22 170.85 1
9.23 169.29 1
9.24 168.02 1
9.25 166.49 1
9.26 166.29 1
9.27 165.66 1
9.28 166.41 1
9.29 167.33 1
9.3 168.15 1
9.31 168.24 1
9.32 169.29 1
9.33 172.3 1
9.34 176.49 1
9.35 180.6 1
9.36 184.91 1
9.37 195.52 1
9.38 201.27 1
9.39 206.46 1
9.4 208.9 1
9.41 206.79 1
9.42 204.65 1
9.43 198.89 1
9.44 220.52 1
9.45 178.96 1
9.46 181.76 1
9.47 179.11 1
9.48 168.65 1
9.49 150.39 1
9.5 148.74 1
9.51 150.64 1
9.52 149.9 1
9.53 149.98 1
9.54 150.52 1
9.55 150.82 1
9.56 150.53 1
9.57 150.7 1
9.58 151.79 1
9.59 152.22 1
9.6 154.04 1
9.61 154.31 1
9.62 154.92 1
9.63 154.97 1
9.64 154.89 1
9.65 154.9 1
9.66 154.67 1
9.67 153.83 1
9.68 153.5 1
9.69 153.11 1
9.7 153.23 1
9.71 152.8 1
9.72 152.73 1
9.73 153.29 1
9.74 153.76 1
9.75 154.39 1
9.76 155.52 1
9.77 156.34 1
9.78 157.03 1
9.79 157.24 1
9.8 157.1 1
9.81 156.51 1
9.82 155.72 1
9.83 155.11 1
9.84 154.15 1
9.85 154.53 1
9.86 154.73 1
9.87 155.82 1
9.88 156.19 1
9.89 156.74 1
9.9 156.11 1
9.91 152.22 1
9.92 148.46 1
9.93 161.78 1
9.94 156.2 1
9.95 159.05 1
9.96 161.43 1
9.97 159.46 1
9.98 155.93 1
9.99 154.83 1
10.0 153.76 1
10.01 153.75 1
10.02 153.47 1
10.03 152.86 1
10.04 153.15 1
10.05 152.74 1
10.06 152.03 1
10.07 150.8 1
10.08 149.04 1
10.09 145.86 1
10.1 143.42 1
10.11 140.61 1
10.12 137.89 1
10.13 136.24 1
10.14 134.67 1
10.15 133.95 1
10.16 133.11 1
10.17 131.55 1
10.18 131.17 1
10.19 131.62 1
10.2 134.42 1
10.21 136.63 1
10.22 139.03 1
10.23 143.88 1
10.24 147.74 1
10.25 155.56 1
10.26 160.58 1
10.27 163.16 1
10.28 164.15 1
10.29 165.83 1
10.3 164.01 1
10.31 160.45 1
10.32 0.0 1
10.33 0.0 1
10.34 0.0 1
10.35 0.0 1
10.36 0.0 1
10.37 0.0 1
10.38 0.0 1
10.39 0.0 1
10.4 0.0 1
10.41 0.0 1
10.42 0.0 1
10.43 0.0 1
10.44 134.24 1
10.45 134.24 1
10.46 131.51 1
10.47 132.3 1
10.48 132.79 1
10.49 134.03 1
10.5 134.98 1
10.51 136.45 1
10.52 137.24 1
10.53 138.47 1
10.54 140.31 1
10.55 141.45 1
10.56 142.62 1
10.57 142.22 1
10.58 141.83 1
10.59 141.81 1
10.6 141.36 1
10.61 141.36 1
10.62 140.6 1
10.63 140.11 1
10.64 139.73 1
10.65 139.56 1
10.66 139.57 1
10.67 140.2 1
10.68 140.53 1
10.69 141.44 1
10.7 142.63 1
10.71 143.42 1
10.72 143.42 1
10.73 139.16 1
10.74 140.22 1
10.75 140.66 1
10.76 137.17 1
10.77 132.63 1
10.78 129.9 1
10.79 124.05 1
10.8 121.32 1
10.81 118.91 1
10.82 116.37 1
10.83 117.74 1
10.84 115.64 1
10.85 115.06 1
10.86 116.01 1
10.87 115.59 1
10.88 115.76 1
10.89 115.72 1
10.9 115.74 1
10.91 115.79 1
10.92 117.12 1
10.93 117.38 1
10.94 118.39 1
10.95 118.1 1
10.96 118.97 1
10.97 119.22 1
10.98 120.0 1
10.99 120.86 1
11.0 121.02 1
11.01 121.35 1
11.02 122.32 1
11.03 122.3 1
11.04 122.34 1
11.05 122.68 1
11.06 122.07 1
11.07 122.3 1
11.08 121.46 1
11.09 120.66 1
11.1 120.34 1
11.11 120.0 1
11.12 118.39 1
11.13 117.86 1
11.14 117.08 1
11.15 116.64 1
11.16 115.59 1
11.17 115.63 1
11.18 114.96 1
11.19 114.18 1
11.2 115.05 1
11.21 115.97 1
11.22 116.65 1
11.23 117.54 1
11.24 118.89 1
11.25 120.0 1
11.26 120.99 1
11.27 121.31 1
11.28 123.25 1
11.29 123.27 1
11.3 124.06 1
11.31 123.78 1
11.32 124.15 1
11.33 123.71 1
11.34 123.23 1
11.35 122.31 1
11.36 121.67 1
11.37 120.08 1
11.38 119.44 1
11.39 118.47 1
11.4 118.27 1
11.41 117.37 1
11.42 116.84 1
11.43 116.36 1
11.44 116.95 1
11.45 116.58 1
11.46 117.28 1
11.47 117.06 1
11.48 118.12 1
11.49 119.04 1
11.5 120.66 1
11.51 121.67 1
11.52 124.02 1
11.53 124.07 1
11.54 125.55 1
11.55 126.74 1
11.56 127.03 1
11.57 127.18 1
11.58 126.87 1
11.59 126.12 1
11.6 125.41 1
11.61 124.06 1
11.62 123.35 1
11.63 122.34 1
11.64 120.05 1
11.65 119.83 1
11.66 118.25 1
11.67 117.7 1
11.68 117.0 1
11.69 116.65 1
11.7 116.51 1
11.71 112.36 1
11.72 101.96 1
11.73 0.0 1
11.74 0.0 1
11.75 0.0 1
11.76 0.0 1
11.77 0.0 1
11.78 0.0 1
11.79 0.0 1
11.8 0.0 1
11.81 0.0 1
11.82 0.0 1
11.83 0.0 1
11.84 141.57 1
11.85 141.11 1
11.86 135.04 1
11.87 134.3 1
11.88 133.37 1
11.89 133.36 1
11.9 133.25 1
11.91 132.88 1
11.92 132.91 1
11.93 132.97 1
11.94 133.73 1
11.95 134.66 1
11.96 135.76 1
11.97 135.92 1
11.98 137.19 1
11.99 138.64 1
12.0 139.4 1
12.01 141.2 1
12.02 142.37 1
12.03 143.42 1
12.04 143.72 1
12.05 143.85 1
12.06 143.27 1
12.07 143.73 1
12.08 143.41 1
12.09 143.43 1
12.1 142.83 1
12.11 142.78 1
12.12 142.24 1
12.13 141.51 1
12.14 140.89 1
12.15 139.79 1
12.16 135.1 1
12.17 156.69 1
12.18 133.43 1
12.19 134.25 1
12.2 140.67 1
12.21 141.12 1
12.22 140.67 1
12.23 157.78 1
12.24 155.98 1
12.25 164.17 1
12.26 164.71 1
12.27 161.16 1
12.28 156.82 1
12.29 153.9 1
12.3 151.52 1
12.31 149.73 1
12.32 148.74 1
12.33 151.29 1
12.34 155.21 1
12.35 161.31 1
12.36 164.78 1
12.37 168.15 1
12.38 168.6 1
12.39 167.71 1
12.4 164.24 1
12.41 157.21 1
12.42 148.77 1
12.43 0.0 1
12.44 0.0 1
12.45 0.0 1
12.46 0.0 1
12.47 0.0 1
12.48 0.0 1
12.49 0.0 1
12.5 0.0 1
12.51 0.0 1
12.52 0.0 1
12.53 0.0 1
12.54 0.0 1
12.55 0.0 1
12.56 0.0 1
12.57 0.0 1
12.58 0.0 1
12.59 0.0 1
12.6 0.0 1
12.61 0.0 1
12.62 0.0 1
12.63 0.0 1
12.64 0.0 1
12.65 0.0 1
12.66 0.0 1
12.67 0.0 1
12.68 0.0 1
12.69 0.0 1
12.7 0.0 1
12.71 0.0 1
12.72 0.0 1
12.73 0.0 1
12.74 0.0 1
12.75 0.0 1
12.76 0.0 1
12.77 0.0 1
12.78 0.0 1
12.79 0.0 1
12.8 0.0 1
12.81 0.0 1
12.82 198.2 1
12.83 185.13 1
12.84 174.68 1
12.85 177.33 1
12.86 175.2 1
12.87 176.97 1
12.88 178.31 1
12.89 173.58 1
12.9 178.87 1
12.91 183.96 1
12.92 184.13 1
12.93 183.19 1
12.94 182.94 1
12.95 182.25 1
12.96 189.92 1
12.97 184.19 1
12.98 186.6 1
12.99 186.35 1
13.0 184.74 1
13.01 183.84 1
13.02 182.89 1
13.03 181.92 1
13.04 181.89 1
13.05 181.55 1
13.06 182.6 1
13.07 183.55 1
13.08 184.46 1
13.09 185.59 1
13.1 186.9 1
13.11 187.26 1
13.12 187.77 1
13.13 186.8 1
13.14 186.0 1
13.15 184.6 1
13.16 184.51 1
13.17 184.14 1
13.18 184.68 1
13.19 184.91 1
13.2 184.41 1
13.21 184.14 1
13.22 184.14 1
13.23 183.78 1
13.24 184.13 1
13.25 184.14 1
13.26 159.21 1
13.27 177.32 1
13.28 173.71 1
13.29 180.87 1
13.3 181.54 1
13.31 184.72 1
13.32 185.34 1
13.33 184.91 1
13.34 184.7 1
13.35 184.88 1
13.36 184.97 1
13.37 186.06 1
13.38 185.13 1
13.39 185.57 1
13.4 185.41 1
13.41 185.64 1
13.42 186.86 1
13.43 186.86 1
13.44 187.46 1
13.45 186.11 1
13.46 184.94 1
13.47 182.33 1
13.48 180.07 1
13.49 175.15 1
13.5 173.03 1
13.51 167.43 1
13.52 163.34 1
13.53 159.42 1
13.54 157.22 1
13.55 154.47 1
13.56 155.75 1
13.57 153.53 1
13.58 152.6 1
13.59 153.24 1
13.6 153.15 1
13.61 154.6 1
13.62 154.06 1
13.63 154.04 1
13.64 150.77 1
13.65 148.24 1
13.66 145.01 1
13.67 147.74 1
13.68 138.19 1
13.69 153.93 1
13.7 154.94 1
13.71 180.29 1
13.72 178.88 1
13.73 180.35 1
13.74 180.02 1
13.75 182.31 1
13.76 183.06 1
13.77 181.7 1
13.78 179.71 1
13.79 176.75 1
13.8 171.45 1
13.81 169.41 1
13.82 166.81 1
13.83 164.75 1
13.84 163.37 1
13.85 160.46 1
13.86 158.68 1
13.87 159.49 1
13.88 159.74 1
13.89 159.49 1
13.9 159.37 1
13.91 159.91 1
13.92 160.24 1
13.93 160.93 1
13.94 162.41 1
13.95 166.2 1
13.96 176.02 1
13.97 185.68 1
13.98 207.55 1
13.99 225.3 1
14.0 232.72 1
14.01 236.92 1
14.02 243.42 1
14.03 250.87 1
14.04 232.91 1
14.05 220.46 1
14.06 169.75 1
14.07 171.48 1
14.08 171.27 1
14.09 150.26 1
14.1 142.49 1
14.11 142.95 1
14.12 149.23 1
14.13 146.35 1
14.14 148.62 1
14.15 147.67 1
14.16 149.43 1
14.17 149.26 1
14.18 150.46 1
14.19 151.17 1
14.2 151.71 1
14.21 151.9 1
14.22 151.45 1
14.23 151.8 1
14.24 151.15 1
14.25 149.94 1
14.26 150.07 1
14.27 150.85 1
14.28 150.11 1
14.29 150.29 1
14.3 149.79 1
14.31 152.0 1
14.32 152.08 1
14.33 153.98 1
14.34 155.57 1
14.35 156.63 1
14.36 156.83 1
14.37 157.71 1
14.38 157.4 1
14.39 153.99 1
14.4 152.81 1
14.41 150.26 1
14.42 150.95 1
