0.01 0.0 1
0.02 0.0 1
0.03 226.16 1
0.04 211.51 1
0.05 198.67 1
0.06 195.91 1
0.07 189.69 1
0.08 188.55 1
0.09 188.82 1
0.1 188.89 1
0.11 192.19 1
0.12 195.02 1
0.13 199.67 1
0.14 203.72 1
0.15 211.99 1
0.16 222.03 1
0.17 235.23 1
0.18 248.97 1
0.19 258.37 1
0.2 268.28 1
0.21 273.98 1
0.22 281.03 1
0.23 284.52 1
0.24 286.73 1
0.25 288.67 1
0.26 288.66 1
0.27 288.78 1
0.28 288.46 1
0.29 286.99 1
0.3 284.43 1
0.31 282.62 1
0.32 278.53 1
0.33 274.72 1
0.34 268.86 1
0.35 260.23 1
0.36 255.66 1
0.37 248.32 1
0.38 242.97 1
0.39 232.73 1
0.4 227.55 1
0.41 223.36 1
0.42 219.73 1
0.43 218.33 1
0.44 216.94 1
0.45 216.29 1
0.46 217.76 1
0.47 217.77 1
0.48 218.73 1
0.49 221.71 1
0.5 224.0 1
0.51 226.77 1
0.52 234.01 1
0.53 241.81 1
0.54 251.23 1
0.55 255.65 1
0.56 258.66 1
0.57 263.37 1
0.58 261.79 1
0.59 268.0 1
0.6 266.49 1
0.61 269.41 1
0.62 268.44 1
0.63 271.15 1
0.64 269.62 1
0.65 271.77 1
0.66 270.6 1
0.67 273.41 1
0.68 273.21 1
0.69 274.03 1
0.7 275.89 1
0.71 275.57 1
0.72 275.55 1
0.73 277.61 1
0.74 278.46 1
0.75 278.86 1
0.76 279.81 1
0.77 279.57 1
0.78 279.41 1
0.79 278.93 1
0.8 278.86 1
0.81 277.96 1
0.82 276.92 1
0.83 278.18 1
0.84 278.32 1
0.85 278.53 1
0.86 278.85 1
0.87 278.4 1
0.88 277.73 1
0.89 277.22 1
0.9 277.66 1
0.91 277.83 1
0.92 276.44 1
0.93 275.95 1
0.94 276.48 1
0.95 275.91 1
0.96 275.71 1
0.97 276.86 1
0.98 277.02 1
0.99 277.37 1
1.0 278.11 1
1.01 279.13 1
1.02 272.27 1
1.03 255.68 1
1.04 248.93 1
1.05 241.64 1
1.06 231.93 1
1.07 231.49 1
1.08 69.24 1
1.09 69.3 1
1.1 69.32 1
1.11 69.3 1
1.12 69.27 1
1.13 69.32 1
1.14 69.24 1
1.15 69.25 1
1.16 69.3 1
1.17 69.23 1
1.18 69.29 1
1.19 69.34 1
1.2 69.3 1
1.21 69.38 1
1.22 69.33 1
1.23 69.23 1
1.24 69.32 1
1.25 69.28 1
1.26 69.38 1
1.27 69.3 1
1.28 69.37 1
1.29 69.29 1
1.3 69.29 1
1.31 69.47 1
1.32 68.96 1
1.33 69.28 1
1.34 69.44 1
1.35 69.07 1
1.36 69.39 1
1.37 69.49 1
1.38 69.15 1
1.39 68.96 1
1.4 69.6 1
1.41 69.15 1
1.42 69.18 1
1.43 69.48 1
1.44 68.88 1
1.45 69.77 1
1.46 69.45 1
1.47 68.92 1
1.48 70.28 1
1.49 69.5 1
1.5 68.75 1
1.51 69.7 1
1.52 69.66 1
1.53 68.56 1
1.54 69.63 1
1.55 69.16 1
1.56 68.74 1
1.57 69.75 1
1.58 68.88 1
1.59 69.18 1
1.6 69.7 1
1.61 68.97 1
1.62 69.29 1
1.63 69.69 1
1.64 68.99 1
1.65 69.41 1
1.66 69.41 1
1.67 69.08 1
1.68 69.27 1
1.69 69.29 1
1.7 69.04 1
1.71 69.39 1
1.72 69.24 1
1.73 69.11 1
1.74 69.55 1
1.75 69.24 1
1.76 69.04 1
1.77 69.39 1
1.78 69.29 1
1.79 69.31 1
1.8 69.44 1
1.81 69.2 1
1.82 69.46 1
1.83 69.37 1
1.84 69.13 1
1.85 69.53 1
1.86 69.33 1
1.87 69.18 1
1.88 69.48 1
1.89 69.39 1
1.9 68.99 1
1.91 69.39 1
1.92 69.24 1
1.93 69.1 1
1.94 69.39 1
1.95 69.13 1
1.96 69.2 1
1.97 69.3 1
1.98 0.0 1
1.99 0.0 1
2.0 229.09 1
2.01 253.76 1
2.02 284.72 1
2.03 282.8 1
2.04 275.09 1
2.05 276.44 1
2.06 272.79 1
2.07 278.97 1
2.08 289.11 1
2.09 313.76 1
2.1 0.0 1
2.11 0.0 1
2.12 0.0 1
2.13 0.0 1
2.14 0.0 1
2.15 0.0 1
2.16 0.0 1
2.17 0.0 1
2.18 0.0 1
2.19 0.0 1
2.2 231.51 1
2.21 217.53 1
2.22 213.85 1
2.23 206.78 1
2.24 200.23 1
2.25 193.84 1
2.26 184.11 1
2.27 171.93 1
2.28 0.0 1
2.29 0.0 1
2.3 0.0 1
2.31 0.0 1
2.32 0.0 1
2.33 0.0 1
2.34 0.0 1
2.35 0.0 1
2.36 0.0 1
2.37 0.0 1
2.38 0.0 1
2.39 0.0 1
2.4 0.0 1
2.41 0.0 1
2.42 69.4 1
2.43 69.61 1
2.44 69.39 1
2.45 69.18 1
2.46 69.17 1
2.47 69.29 1
2.48 69.29 1
2.49 69.28 1
2.5 69.19 1
2.51 68.98 1
2.52 69.17 1
2.53 69.4 1
2.54 68.9 1
2.55 69.1 1
2.56 69.19 1
2.57 69.07 1
2.58 69.34 1
2.59 69.16 1
2.6 69.02 1
2.61 69.4 1
2.62 68.94 1
2.63 69.05 1
2.64 69.4 1
2.65 68.89 1
2.66 69.06 1
2.67 69.5 1
2.68 68.94 1
2.69 69.32 1
2.7 69.18 1
2.71 68.96 1
2.72 69.35 1
2.73 69.28 1
2.74 69.02 1
2.75 69.55 1
2.76 69.17 1
2.77 69.07 1
2.78 69.34 1
2.79 69.17 1
2.8 68.97 1
2.81 69.08 1
2.82 69.7 1
2.83 69.29 1
2.84 68.95 1
2.85 69.46 1
2.86 69.18 1
2.87 69.17 1
2.88 69.47 1
2.89 69.08 1
2.9 69.28 1
2.91 69.38 1
2.92 69.27 1
2.93 69.07 1
2.94 69.24 1
2.95 69.17 1
2.96 69.24 1
2.97 69.0 1
2.98 69.5 1
2.99 69.16 1
3.0 68.93 1
3.01 69.4 1
3.02 69.09 1
3.03 0.0 1
3.04 0.0 1
3.05 164.56 1
3.06 163.4 1
3.07 170.6 1
3.08 173.71 1
3.09 181.15 1
3.1 189.25 1
3.11 195.8 1
3.12 197.98 1
3.13 201.19 1
3.14 204.64 1
3.15 208.33 1
3.16 211.51 1
3.17 221.62 1
3.18 215.82 1
3.19 213.09 1
3.2 211.71 1
3.21 211.02 1
3.22 211.58 1
3.23 212.04 1
3.24 212.59 1
3.25 212.72 1
3.26 213.55 1
3.27 215.18 1
3.28 218.11 1
3.29 219.19 1
3.3 220.34 1
3.31 220.36 1
3.32 221.31 1
3.33 222.68 1
3.34 225.59 1
3.35 232.48 1
3.36 238.3 1
3.37 246.86 1
3.38 253.35 1
3.39 258.66 1
3.4 263.31 1
3.41 268.09 1
3.42 269.59 1
3.43 270.9 1
3.44 271.25 1
3.45 270.92 1
3.46 269.84 1
3.47 270.41 1
3.48 270.41 1
3.49 272.25 1
3.5 272.46 1
3.51 273.74 1
3.52 275.16 1
3.53 275.15 1
3.54 275.95 1
3.55 277.26 1
3.56 276.42 1
3.57 275.7 1
3.58 275.44 1
3.59 274.55 1
3.6 274.99 1
3.61 274.77 1
3.62 274.34 1
3.63 274.2 1
3.64 274.41 1
3.65 274.51 1
3.66 275.89 1
3.67 276.94 1
3.68 276.41 1
3.69 276.26 1
3.7 274.9 1
3.71 272.37 1
3.72 269.71 1
3.73 260.24 1
3.74 254.19 1
3.75 241.66 1
3.76 227.92 1
3.77 213.55 1
3.78 207.54 1
3.79 205.62 1
3.8 208.52 1
3.81 212.98 1
3.82 221.01 1
3.83 229.09 1
3.84 240.3 1
3.85 246.66 1
3.86 255.59 1
3.87 262.94 1
3.88 269.32 1
3.89 270.35 1
3.9 267.72 1
3.91 261.23 1
3.92 254.19 1
3.93 237.74 1
3.94 227.59 1
3.95 212.32 1
3.96 205.11 1
3.97 201.75 1
3.98 200.58 1
3.99 201.68 1
4.0 203.77 1
4.01 206.09 1
4.02 207.53 1
4.03 208.46 1
4.04 208.32 1
4.05 208.72 1
4.06 207.55 1
4.07 208.51 1
4.08 209.48 1
4.09 210.99 1
4.1 212.55 1
4.11 213.57 1
4.12 210.53 1
4.13 209.21 1
4.14 203.7 1
4.15 173.3 1
4.16 159.32 1
4.17 182.6 1
4.18 192.99 1
4.19 216.27 1
4.2 181.11 1
4.21 176.76 1
4.22 178.19 1
4.23 68.85 1
4.24 69.21 1
4.25 69.07 1
4.26 69.47 1
4.27 69.38 1
4.28 69.15 1
4.29 69.48 1
4.3 69.43 1
4.31 69.15 1
4.32 69.28 1
4.33 69.44 1
4.34 69.24 1
4.35 0.0 1
4.36 0.0 1
4.37 0.0 1
4.38 177.71 1
4.39 175.74 1
4.4 177.52 1
4.41 180.09 1
4.42 179.5 1
4.43 179.98 1
4.44 177.74 1
4.45 178.19 1
4.46 176.27 1
4.47 176.97 1
4.48 176.12 1
4.49 177.45 1
4.5 178.21 1
4.51 181.04 1
4.52 180.91 1
4.53 182.74 1
4.54 182.27 1
4.55 181.37 1
4.56 181.34 1
4.57 177.76 1
4.58 178.53 1
4.59 177.14 1
4.6 179.51 1
4.61 178.59 1
4.62 181.06 1
4.63 180.19 1
4.64 181.92 1
4.65 183.49 1
4.66 186.11 1
4.67 188.59 1
4.68 190.28 1
4.69 190.59 1
4.7 190.67 1
4.71 188.87 1
4.72 185.69 1
4.73 184.41 1
4.74 183.36 1
4.75 180.87 1
4.76 178.17 1
4.77 174.66 1
4.78 175.02 1
4.79 175.63 1
4.8 176.8 1
4.81 179.09 1
4.82 181.71 1
4.83 184.01 1
4.84 186.44 1
4.85 187.12 1
4.86 184.74 1
4.87 183.74 1
4.88 183.25 1
4.89 180.93 1
4.9 180.42 1
4.91 180.08 1
4.92 181.1 1
4.93 182.36 1
4.94 182.31 1
4.95 183.2 1
4.96 182.78 1
4.97 183.32 1
4.98 184.15 1
4.99 184.17 1
5.0 178.21 1
5.01 166.71 1
5.02 178.91 1
5.03 169.28 1
5.04 178.78 1
5.05 167.33 1
5.06 170.59 1
5.07 179.13 1
5.08 0.0 1
5.09 0.0 1
5.1 0.0 1
5.11 0.0 1
5.12 0.0 1
5.13 0.0 1
5.14 187.27 1
5.15 187.28 1
5.16 182.9 1
5.17 180.27 1
5.18 180.76 1
5.19 182.32 1
5.2 184.15 1
5.21 186.37 1
5.22 188.35 1
5.23 189.22 1
5.24 189.7 1
5.25 190.98 1
5.26 190.5 1
5.27 190.02 1
5.28 189.82 1
5.29 189.23 1
5.3 188.27 1
5.31 187.27 1
5.32 186.94 1
5.33 185.7 1
5.34 186.33 1
5.35 186.47 1
5.36 185.52 1
5.37 184.14 1
5.38 183.28 1
5.39 181.42 1
5.4 180.11 1
5.41 177.92 1
5.42 176.17 1
5.43 174.21 1
5.44 171.58 1
5.45 168.59 1
5.46 165.27 1
5.47 162.29 1
5.48 160.75 1
5.49 159.65 1
5.5 158.93 1
5.51 157.81 1
5.52 158.87 1
5.53 158.35 1
5.54 157.28 1
5.55 155.43 1
5.56 154.45 1
5.57 153.8 1
5.58 153.35 1
5.59 153.11 1
5.6 153.82 1
5.61 154.56 1
5.62 154.64 1
5.63 154.54 1
5.64 154.62 1
5.65 154.72 1
5.66 154.82 1
5.67 154.86 1
5.68 154.63 1
5.69 154.14 1
5.7 152.77 1
5.71 151.95 1
5.72 151.24 1
5.73 151.63 1
5.74 151.97 1
5.75 152.61 1
5.76 153.37 1
5.77 154.44 1
5.78 155.26 1
5.79 155.3 1
5.8 155.39 1
5.81 155.03 1
5.82 154.41 1
5.83 153.59 1
5.84 153.52 1
5.85 153.99 1
5.86 154.57 1
5.87 154.95 1
5.88 155.82 1
5.89 156.31 1
5.9 157.39 1
5.91 159.23 1
5.92 161.49 1
5.93 163.38 1
5.94 165.08 1
5.95 167.12 1
5.96 167.84 1
5.97 168.31 1
5.98 168.0 1
5.99 168.04 1
6.0 166.28 1
6.01 162.4 1
6.02 159.35 1
6.03 156.08 1
6.04 155.03 1
6.05 157.82 1
6.06 157.77 1
6.07 157.13 1
6.08 155.99 1
6.09 156.66 1
6.1 155.43 1
6.11 154.45 1
6.12 154.12 1
6.13 152.84 1
6.14 152.93 1
6.15 152.33 1
6.16 151.77 1
6.17 151.91 1
6.18 151.78 1
6.19 152.33 1
6.2 151.86 1
6.21 152.37 1
6.22 152.73 1
6.23 153.08 1
6.24 153.5 1
6.25 154.3 1
6.26 155.59 1
6.27 156.38 1
6.28 156.81 1
6.29 156.86 1
6.3 156.31 1
6.31 155.57 1
6.32 155.19 1
6.33 153.39 1
6.34 159.47 1
6.35 160.65 1
6.36 69.18 1
6.37 69.64 1
6.38 69.37 1
6.39 69.4 1
6.4 69.37 1
6.41 69.18 1
6.42 69.51 1
6.43 69.38 1
6.44 69.05 1
6.45 69.44 1
6.46 69.45 1
6.47 69.3 1
6.48 69.17 1
6.49 69.37 1
6.5 69.27 1
6.51 69.27 1
6.52 69.37 1
6.53 69.48 1
6.54 67.46 1
6.55 68.85 1
6.56 68.42 1
6.57 67.34 1
6.58 67.21 1
6.59 66.97 1
6.6 67.46 1
6.61 66.97 1
6.62 67.9 1
6.63 68.66 1
6.64 68.15 1
6.65 68.53 1
6.66 68.86 1
6.67 68.96 1
6.68 69.48 1
6.69 69.72 1
6.7 70.07 1
6.71 70.78 1
6.72 70.7 1
6.73 70.71 1
6.74 70.64 1
6.75 70.84 1
6.76 70.39 1
6.77 70.33 1
6.78 70.21 1
6.79 69.83 1
6.8 69.83 1
6.81 69.96 1
6.82 69.83 1
6.83 70.37 1
6.84 70.5 1
6.85 70.28 1
6.86 70.39 1
6.87 70.28 1
6.88 69.83 1
6.89 69.69 1
6.9 69.31 1
6.91 69.3 1
6.92 69.39 1
6.93 69.45 1
6.94 69.62 1
6.95 69.94 1
6.96 69.61 1
6.97 69.87 1
6.98 69.68 1
6.99 69.39 1
7.0 69.59 1
7.01 69.31 1
7.02 69.15 1
7.03 69.25 1
7.04 68.98 1
7.05 68.78 1
7.06 69.08 1
7.07 68.71 1
7.08 68.85 1
7.09 69.15 1
7.1 68.99 1
7.11 68.75 1
7.12 68.89 1
7.13 68.74 1
7.14 68.47 1
7.15 68.53 1
7.16 68.02 1
7.17 68.32 1
7.18 68.42 1
7.19 67.86 1
7.2 68.64 1
7.21 68.21 1
7.22 68.26 1
7.23 69.45 1
7.24 68.22 1
7.25 68.32 1
7.26 68.53 1
7.27 68.04 1
7.28 68.12 1
7.29 68.52 1
7.3 68.14 1
7.31 68.32 1
7.32 68.96 1
7.33 68.16 1
7.34 69.39 1
7.35 69.18 1
7.36 68.37 1
7.37 69.7 1
7.38 69.61 1
7.39 68.57 1
7.4 70.44 1
7.41 165.23 1
7.42 161.03 1
7.43 155.62 1
7.44 162.41 1
7.45 164.85 1
7.46 165.76 1
7.47 166.88 1
7.48 167.55 1
7.49 167.93 1
7.5 166.32 1
7.51 164.87 1
7.52 162.87 1
7.53 160.8 1
7.54 157.22 1
7.55 155.84 1
7.56 154.58 1
7.57 154.36 1
7.58 154.01 1
7.59 153.57 1
7.6 153.47 1
7.61 153.51 1
7.62 154.11 1
7.63 154.9 1
7.64 155.64 1
7.65 156.57 1
7.66 157.02 1
7.67 157.31 1
7.68 157.24 1
7.69 157.66 1
7.7 157.39 1
7.71 157.06 1
7.72 156.67 1
7.73 156.66 1
7.74 156.34 1
7.75 156.11 1
7.76 155.23 1
7.77 155.09 1
7.78 154.96 1
7.79 154.71 1
7.8 154.72 1
7.81 155.02 1
7.82 155.72 1
7.83 156.67 1
7.84 158.92 1
7.85 160.26 1
7.86 161.54 1
7.87 162.8 1
7.88 164.5 1
7.89 165.44 1
7.9 165.33 1
7.91 164.86 1
7.92 163.57 1
7.93 162.89 1
7.94 160.93 1
7.95 158.99 1
7.96 157.23 1
7.97 155.78 1
7.98 155.23 1
7.99 154.7 1
8.0 154.05 1
8.01 154.16 1
8.02 153.79 1
8.03 153.71 1
8.04 152.56 1
8.05 151.53 1
8.06 151.28 1
8.07 149.6 1
8.08 147.25 1
8.09 145.68 1
8.1 144.13 1
8.11 143.05 1
8.12 141.79 1
8.13 141.56 1
8.14 140.85 1
8.15 140.42 1
8.16 140.12 1
8.17 139.54 1
8.18 139.43 1
8.19 139.75 1
8.2 139.92 1
8.21 140.14 1
8.22 141.13 1
8.23 141.12 1
8.24 141.46 1
8.25 141.05 1
8.26 140.13 1
8.27 139.22 1
8.28 138.78 1
8.29 137.62 1
8.3 138.8 1
8.31 137.17 1
8.32 137.97 1
8.33 138.25 1
8.34 137.6 1
8.35 138.74 1
8.36 139.33 1
8.37 139.63 1
8.38 140.09 1
8.39 140.92 1
8.4 141.28 1
8.41 141.78 1
8.42 141.27 1
8.43 141.57 1
8.44 140.36 1
8.45 139.67 1
8.46 139.14 1
8.47 138.41 1
8.48 138.32 1
8.49 138.34 1
8.5 138.96 1
8.51 139.45 1
8.52 139.79 1
8.53 139.98 1
8.54 141.02 1
8.55 140.22 1
8.56 141.69 1
8.57 141.27 1
8.58 139.45 1
8.59 140.03 1
8.6 139.29 1
8.61 140.41 1
8.62 140.13 1
8.63 138.42 1
8.64 139.24 1
8.65 139.19 1
8.66 139.25 1
8.67 139.96 1
8.68 139.49 1
8.69 139.86 1
8.7 140.07 1
8.71 138.85 1
8.72 138.74 1
8.73 141.06 1
8.74 137.95 1
8.75 138.14 1
8.76 142.03 1
8.77 141.39 1
8.78 138.47 1
8.79 141.39 1
8.8 142.72 1
8.81 138.98 1
8.82 138.67 1
8.83 139.08 1
8.84 138.43 1
8.85 139.32 1
8.86 138.19 1
8.87 137.17 1
8.88 137.88 1
8.89 136.29 1
8.9 136.33 1
8.91 135.91 1
8.92 137.6 1
8.93 139.02 1
8.94 138.05 1
8.95 139.93 1
8.96 140.26 1
8.97 138.06 1
8.98 138.47 1
8.99 140.91 1
9.0 69.75 1
9.01 68.32 1
9.02 69.65 1
9.03 68.87 1
9.04 68.75 1
9.05 67.05 1
9.06 68.59 1
9.07 70.26 1
9.08 69.74 1
9.09 70.79 1
9.1 71.3 1
9.11 70.73 1
9.12 70.17 1
9.13 69.61 1
9.14 69.55 1
9.15 69.59 1
9.16 69.36 1
9.17 69.47 1
9.18 69.41 1
9.19 69.63 1
9.2 70.02 1
9.21 71.29 1
9.22 70.84 1
9.23 67.69 1
9.24 68.96 1
9.25 69.55 1
9.26 69.28 1
9.27 68.9 1
9.28 69.49 1
9.29 69.24 1
9.3 69.07 1
9.31 69.36 1
9.32 69.1 1
9.33 69.34 1
9.34 69.28 1
9.35 69.21 1
9.36 69.36 1
9.37 69.37 1
9.38 69.12 1
9.39 69.38 1
9.4 69.22 1
9.41 69.29 1
9.42 69.34 1
9.43 69.4 1
9.44 69.15 1
9.45 69.42 1
9.46 69.18 1
9.47 69.19 1
9.48 69.51 1
9.49 69.12 1
9.5 69.24 1
9.51 69.35 1
9.52 69.22 1
9.53 69.57 1
9.54 69.71 1
9.55 68.9 1
9.56 69.46 1
9.57 69.38 1
9.58 68.98 1
9.59 69.62 1
9.6 69.41 1
9.61 69.04 1
9.62 69.42 1
9.63 69.24 1
9.64 69.38 1
9.65 69.5 1
9.66 69.17 1
9.67 69.24 1
9.68 69.35 1
9.69 69.12 1
9.7 69.36 1
9.71 69.45 1
9.72 69.14 1
9.73 69.46 1
9.74 69.17 1
9.75 69.39 1
9.76 69.47 1
9.77 69.18 1
9.78 69.34 1
9.79 69.35 1
9.8 69.21 1
9.81 69.42 1
9.82 69.25 1
9.83 69.42 1
9.84 69.48 1
9.85 118.19 1
9.86 106.08 1
9.87 124.75 1
9.88 127.28 1
9.89 124.11 1
9.9 120.33 1
9.91 118.06 1
9.92 114.99 1
9.93 117.25 1
9.94 112.22 1
9.95 109.74 1
9.96 107.25 1
9.97 106.34 1
9.98 105.31 1
9.99 105.62 1
10.0 104.14 1
10.01 104.64 1
10.02 106.69 1
10.03 105.42 1
10.04 108.49 1
10.05 113.22 1
10.06 118.7 1
10.07 122.81 1
10.08 125.76 1
10.09 130.17 1
10.1 132.55 1
10.11 137.54 1
10.12 139.78 1
10.13 140.59 1
10.14 144.35 1
10.15 144.2 1
10.16 143.97 1
10.17 144.25 1
10.18 144.08 1
10.19 142.84 1
10.2 143.68 1
10.21 143.29 1
10.22 143.15 1
10.23 142.84 1
10.24 141.22 1
10.25 142.09 1
10.26 136.84 1
10.27 129.31 1
10.28 129.9 1
10.29 122.33 1
10.3 120.32 1
10.31 117.88 1
10.32 114.1 1
10.33 112.89 1
10.34 108.75 1
10.35 106.39 1
10.36 105.16 1
10.37 104.38 1
10.38 104.22 1
10.39 105.38 1
10.4 107.69 1
10.41 109.57 1
10.42 110.77 1
10.43 113.81 1
10.44 120.43 1
10.45 122.42 1
10.46 124.81 1
10.47 140.67 1
10.48 127.58 1
10.49 135.41 1
10.5 135.48 1
10.51 140.22 1
10.52 139.88 1
10.53 140.75 1
10.54 140.36 1
10.55 140.74 1
10.56 141.78 1
10.57 139.96 1
10.58 137.6 1
10.59 140.06 1
10.6 139.65 1
10.61 136.74 1
10.62 140.33 1
10.63 143.23 1
10.64 140.22 1
10.65 141.35 1
10.66 141.57 1
10.67 141.05 1
10.68 142.03 1
10.69 140.14 1
10.7 138.03 1
10.71 141.12 1
10.72 138.9 1
10.73 135.49 1
10.74 138.03 1
10.75 137.0 1
10.76 135.07 1
10.77 135.74 1
10.78 134.66 1
10.79 135.8 1
10.8 134.98 1
10.81 134.25 1
10.82 139.34 1
10.83 143.57 1
10.84 141.94 1
10.85 149.09 1
10.86 152.43 1
10.87 154.28 1
10.88 158.27 1
10.89 167.89 1
10.9 156.53 1
10.91 158.53 1
10.92 159.08 1
10.93 159.47 1
10.94 158.73 1
10.95 158.18 1
10.96 157.47 1
10.97 157.46 1
10.98 157.55 1
10.99 157.2 1
11.0 157.05 1
11.01 157.49 1
11.02 157.73 1
11.03 158.0 1
11.04 158.74 1
11.05 158.14 1
11.06 158.25 1
11.07 157.81 1
11.08 157.92 1
11.09 157.36 1
11.1 157.12 1
11.11 157.53 1
11.12 157.8 1
11.13 157.77 1
11.14 157.73 1
11.15 157.22 1
11.16 156.81 1
11.17 156.1 1
11.18 156.0 1
11.19 155.36 1
11.2 154.91 1
11.21 154.34 1
11.22 154.23 1
11.23 153.59 1
11.24 153.05 1
11.25 152.62 1
11.26 152.36 1
11.27 152.27 1
11.28 153.05 1
11.29 153.56 1
11.3 155.29 1
11.31 156.11 1
11.32 157.81 1
11.33 158.35 1
11.34 158.24 1
11.35 157.47 1
11.36 157.47 1
11.37 157.17 1
11.38 156.6 1
11.39 156.65 1
11.4 156.5 1
11.41 156.11 1
11.42 156.11 1
11.43 156.27 1
11.44 155.53 1
11.45 155.33 1
11.46 155.76 1
11.47 155.79 1
11.48 155.6 1
11.49 155.51 1
11.5 155.69 1
11.51 155.48 1
11.52 155.49 1
11.53 155.43 1
11.54 155.42 1
11.55 156.11 1
11.56 156.66 1
11.57 157.62 1
11.58 157.96 1
11.59 158.17 1
11.6 157.42 1
11.61 157.38 1
11.62 157.05 1
11.63 156.52 1
11.64 155.56 1
11.65 154.68 1
11.66 154.2 1
11.67 153.89 1
11.68 154.58 1
11.69 156.43 1
11.7 158.35 1
11.71 161.91 1
11.72 164.56 1
11.73 167.36 1
11.74 169.18 1
11.75 169.95 1
11.76 169.3 1
11.77 168.62 1
11.78 164.77 1
11.79 161.96 1
11.8 159.49 1
11.81 155.9 1
11.82 153.73 1
11.83 152.33 1
11.84 151.69 1
11.85 152.16 1
11.86 152.9 1
11.87 153.37 1
11.88 153.59 1
11.89 154.29 1
11.9 154.15 1
11.91 154.67 1
11.92 155.02 1
11.93 155.83 1
11.94 155.16 1
11.95 155.34 1
11.96 155.2 1
11.97 154.99 1
11.98 155.66 1
11.99 155.8 1
12.0 156.05 1
12.01 157.01 1
12.02 156.66 1
12.03 157.16 1
12.04 157.78 1
12.05 157.22 1
12.06 158.27 1
12.07 156.11 1
12.08 158.57 1
12.09 156.66 1
12.1 155.94 1
12.11 153.22 1
12.12 152.58 1
12.13 149.59 1
12.14 144.49 1
12.15 138.95 1
12.16 135.48 1
12.17 130.57 1
12.18 126.28 1
12.19 125.35 1
12.2 125.06 1
12.21 128.97 1
12.22 128.68 1
12.23 137.6 1
12.24 132.4 1
12.25 134.48 1
12.26 136.06 1
12.27 135.48 1
12.28 137.88 1
12.29 137.6 1
12.3 138.78 1
12.31 138.67 1
12.32 138.73 1
12.33 138.62 1
12.34 139.17 1
12.35 139.84 1
12.36 139.39 1
12.37 139.13 1
12.38 140.94 1
12.39 140.8 1
12.4 138.54 1
12.41 138.84 1
12.42 138.85 1
12.43 136.51 1
12.44 136.19 1
12.45 135.49 1
12.46 130.55 1
12.47 130.67 1
12.48 67.74 1
12.49 69.07 1
12.5 69.43 1
12.51 69.25 1
12.52 68.96 1
12.53 69.29 1
12.54 69.23 1
12.55 69.37 1
12.56 69.31 1
12.57 69.37 1
12.58 69.27 1
12.59 69.28 1
12.6 69.44 1
12.61 69.17 1
12.62 69.22 1
12.63 69.72 1
12.64 83.76 1
12.65 175.91 1
12.66 167.28 1
12.67 167.02 1
12.68 163.68 1
12.69 161.82 1
12.7 160.45 1
12.71 158.54 1
12.72 157.7 1
12.73 156.72 1
12.74 155.21 1
12.75 154.6 1
12.76 155.03 1
12.77 154.87 1
12.78 155.19 1
12.79 155.87 1
12.8 156.62 1
12.81 158.29 1
12.82 161.01 1
12.83 163.08 1
12.84 163.9 1
12.85 166.46 1
12.86 166.42 1
12.87 166.97 1
12.88 166.46 1
12.89 165.43 1
12.9 163.47 1
12.91 161.06 1
12.92 158.94 1
12.93 156.06 1
12.94 154.69 1
12.95 151.52 1
12.96 150.71 1
12.97 150.54 1
12.98 149.27 1
12.99 151.59 1
13.0 151.77 1
13.01 151.26 1
13.02 153.17 1
13.03 154.82 1
13.04 157.75 1
13.05 160.15 1
13.06 162.03 1
13.07 163.06 1
13.08 163.9 1
13.09 163.78 1
13.1 162.63 1
13.11 160.29 1
13.12 158.24 1
13.13 156.07 1
13.14 154.66 1
13.15 153.44 1
13.16 152.09 1
13.17 151.57 1
13.18 150.83 1
13.19 151.8 1
13.2 154.19 1
13.21 156.11 1
13.22 161.93 1
13.23 166.14 1
13.24 172.6 1
13.25 177.05 1
13.26 179.13 1
13.27 180.07 1
13.28 181.58 1
13.29 181.4 1
13.3 180.62 1
13.31 180.68 1
13.32 180.25 1
13.33 181.06 1
13.34 182.09 1
13.35 180.85 1
13.36 180.61 1
13.37 179.62 1
13.38 177.89 1
13.39 176.65 1
13.4 175.37 1
13.41 174.3 1
13.42 174.61 1
13.43 174.71 1
13.44 175.26 1
13.45 176.52 1
13.46 178.75 1
13.47 181.01 1
13.48 185.07 1
13.49 192.16 1
13.5 193.82 1
13.51 198.43 1
13.52 202.61 1
13.53 206.63 1
13.54 208.23 1
13.55 209.26 1
13.56 210.94 1
13.57 211.18 1
13.58 209.86 1
13.59 208.51 1
13.6 208.54 1
13.61 206.75 1
13.62 205.33 1
13.63 204.84 1
13.64 202.76 1
13.65 202.5 1
13.66 201.5 1
13.67 201.48 1
13.68 201.43 1
13.69 202.07 1
13.7 202.6 1
13.71 203.3 1
13.72 202.86 1
13.73 202.68 1
13.74 202.15 1
13.75 201.69 1
13.76 201.31 1
13.77 201.61 1
13.78 202.52 1
13.79 202.43 1
13.8 202.46 1
13.81 200.63 1
13.82 157.77 1
13.83 193.85 1
13.84 199.1 1
13.85 197.11 1
13.86 203.08 1
13.87 207.94 1
13.88 210.39 1
13.89 211.62 1
13.9 209.7 1
13.91 209.8 1
13.92 209.94 1
13.93 210.22 1
13.94 210.74 1
13.95 211.44 1
13.96 211.35 1
13.97 211.2 1
13.98 210.0 1
13.99 208.95 1
14.0 209.3 1
14.01 211.05 1
14.02 213.83 1
14.03 221.45 1
14.04 226.76 1
14.05 236.46 1
14.06 243.7 1
14.07 252.9 1
14.08 261.73 1
14.09 269.42 1
14.1 274.01 1
14.11 278.46 1
14.12 280.63 1
14.13 280.35 1
14.14 279.2 1
14.15 276.75 1
14.16 274.03 1
14.17 272.25 1
14.18 270.49 1
14.19 266.44 1
14.2 261.53 1
14.21 256.04 1
14.22 248.06 1
14.23 241.64 1
14.24 233.4 1
14.25 226.75 1
14.26 218.8 1
14.27 211.23 1
14.28 181.57 1
14.29 0.0 1
14.3 0.0 1
14.31 0.0 1
14.32 0.0 1
14.33 0.0 1
