0.01 291.11 1
0.02 208.16 1
0.03 204.9 1
0.04 202.07 1
0.05 201.99 1
0.06 203.11 1
0.07 204.19 1
0.08 206.1 1
0.09 207.53 1
0.1 207.05 1
0.11 202.12 1
0.12 194.57 1
0.13 69.26 1
0.14 69.09 1
0.15 69.31 1
0.16 69.3 1
0.17 69.25 1
0.18 69.5 1
0.19 69.31 1
0.2 69.07 1
0.21 69.35 1
0.22 69.19 1
0.23 69.16 1
0.24 69.35 1
0.25 68.96 1
0.26 68.54 1
0.27 69.39 1
0.28 69.4 1
0.29 68.55 1
0.3 69.25 1
0.31 69.07 1
0.32 69.18 1
0.33 69.39 1
0.34 69.07 1
0.35 69.53 1
0.36 69.14 1
0.37 69.09 1
0.38 69.49 1
0.39 69.39 1
0.4 69.07 1
0.41 69.38 1
0.42 69.5 1
0.43 69.18 1
0.44 69.3 1
0.45 69.23 1
0.46 69.26 1
0.47 69.37 1
0.48 69.07 1
0.49 69.27 1
0.5 0.0 1
0.51 0.0 1
0.52 218.85 1
0.53 203.87 1
0.54 197.13 1
0.55 183.15 1
0.56 167.72 1
0.57 163.51 1
0.58 167.81 1
0.59 174.03 1
0.6 187.7 1
0.61 202.59 1
0.62 219.57 1
0.63 231.35 1
0.64 240.24 1
0.65 245.04 1
0.66 246.17 1
0.67 242.81 1
0.68 235.63 1
0.69 239.02 1
0.7 221.2 1
0.71 213.16 1
0.72 202.76 1
0.73 194.7 1
0.74 196.43 1
0.75 191.62 1
0.76 191.99 1
0.77 192.45 1
0.78 192.99 1
0.79 193.43 1
0.8 194.78 1
0.81 195.36 1
0.82 196.05 1
0.83 195.95 1
0.84 195.3 1
0.85 193.46 1
0.86 187.09 1
0.87 181.52 1
0.88 179.61 1
0.89 178.65 1
0.9 173.29 1
0.91 169.29 1
0.92 163.52 1
0.93 171.93 1
0.94 149.75 1
0.95 175.54 1
0.96 177.17 1
0.97 183.14 1
0.98 184.5 1
0.99 182.11 1
1.0 180.37 1
1.01 178.99 1
1.02 176.12 1
1.03 173.69 1
1.04 171.47 1
1.05 167.73 1
1.06 162.61 1
1.07 159.62 1
1.08 158.56 1
1.09 155.56 1
1.1 154.71 1
1.11 152.94 1
1.12 151.39 1
1.13 147.66 1
1.14 144.11 1
1.15 146.37 1
1.16 142.03 1
1.17 142.49 1
1.18 151.96 1
1.19 151.23 1
1.2 152.74 1
1.21 151.2 1
1.22 150.9 1
1.23 150.29 1
1.24 150.47 1
1.25 151.07 1
1.26 150.31 1
1.27 151.13 1
1.28 151.76 1
1.29 151.87 1
1.3 152.29 1
1.31 152.96 1
1.32 152.78 1
1.33 152.86 1
1.34 153.85 1
1.35 155.0 1
1.36 149.24 1
1.37 149.19 1
1.38 149.59 1
1.39 150.76 1
1.4 156.11 1
1.41 154.81 1
1.42 156.47 1
1.43 157.05 1
1.44 155.65 1
1.45 152.93 1
1.46 151.41 1
1.47 150.81 1
1.48 150.95 1
1.49 151.5 1
1.5 153.02 1
1.51 155.15 1
1.52 159.5 1
1.53 163.81 1
1.54 165.93 1
1.55 171.27 1
1.56 178.35 1
1.57 178.81 1
1.58 173.28 1
1.59 169.64 1
1.6 157.94 1
1.61 171.26 1
1.62 137.26 1
1.63 153.85 1
1.64 148.99 1
1.65 147.96 1
1.66 148.74 1
1.67 150.04 1
1.68 150.28 1
1.69 151.28 1
1.7 152.41 1
1.71 153.17 1
1.72 153.77 1
1.73 153.71 1
1.74 154.8 1
1.75 154.95 1
1.76 155.15 1
1.77 155.57 1
1.78 155.9 1
1.79 156.28 1
1.8 156.25 1
1.81 152.86 1
1.82 155.56 1
1.83 147.42 1
1.84 150.25 1
1.85 152.17 1
1.86 145.26 1
1.87 141.12 1
1.88 135.9 1
1.89 130.33 1
1.9 128.11 1
1.91 130.2 1
1.92 135.91 1
1.93 146.23 1
1.94 156.66 1
1.95 167.2 1
1.96 175.35 1
1.97 183.37 1
1.98 192.47 1
1.99 192.32 1
2.0 184.91 1
2.01 0.0 1
2.02 0.0 1
2.03 0.0 1
2.04 0.0 1
2.05 0.0 1
2.06 0.0 1
2.07 0.0 1
2.08 0.0 1
2.09 0.0 1
2.1 139.78 1
2.11 132.63 1
2.12 130.66 1
2.13 130.28 1
2.14 131.05 1
2.15 131.83 1
2.16 133.03 1
2.17 133.91 1
2.18 135.07 1
2.19 135.91 1
2.2 135.91 1
2.21 135.49 1
2.22 133.85 1
2.23 131.06 1
2.24 125.82 1
2.25 120.99 1
2.26 0.0 1
2.27 0.0 1
2.28 0.0 1
2.29 0.0 1
2.3 0.0 1
2.31 140.28 1
2.32 143.71 1
2.33 143.69 1
2.34 141.13 1
2.35 140.67 1
2.36 139.78 1
2.37 139.22 1
2.38 138.62 1
2.39 139.33 1
2.4 138.63 1
2.41 138.66 1
2.42 138.97 1
2.43 139.19 1
2.44 137.2 1
2.45 137.91 1
2.46 137.18 1
2.47 135.92 1
2.48 136.25 1
2.49 134.66 1
2.5 140.7 1
2.51 140.22 1
2.52 139.34 1
2.53 137.72 1
2.54 135.66 1
2.55 131.48 1
2.56 129.12 1
2.57 125.13 1
2.58 117.12 1
2.59 112.33 1
2.6 108.48 1
2.61 105.84 1
2.62 104.87 1
2.63 104.39 1
2.64 104.43 1
2.65 104.96 1
2.66 106.69 1
2.67 109.66 1
2.68 112.36 1
2.69 115.9 1
2.7 124.11 1
2.71 125.19 1
2.72 128.01 1
2.73 128.76 1
2.74 128.52 1
2.75 126.91 1
2.76 124.4 1
2.77 121.46 1
2.78 119.35 1
2.79 116.81 1
2.8 113.22 1
2.81 109.91 1
2.82 109.01 1
2.83 107.33 1
2.84 111.47 1
2.85 110.94 1
2.86 118.72 1
2.87 123.55 1
2.88 127.89 1
2.89 136.75 1
2.9 137.6 1
2.91 138.03 1
2.92 140.67 1
2.93 124.4 1
2.94 122.85 1
2.95 119.35 1
2.96 122.76 1
2.97 122.33 1
2.98 103.16 1
2.99 100.44 1
3.0 103.4 1
3.01 101.72 1
3.02 99.68 1
3.03 99.88 1
3.04 99.02 1
3.05 99.69 1
3.06 99.38 1
3.07 98.99 1
3.08 98.77 1
3.09 99.33 1
3.1 99.9 1
3.11 99.6 1
3.12 99.0 1
3.13 99.29 1
3.14 96.6 1
3.15 99.54 1
3.16 100.42 1
3.17 102.2 1
3.18 101.32 1
3.19 103.26 1
3.2 104.09 1
3.21 102.91 1
3.22 102.07 1
3.23 102.85 1
3.24 101.73 1
3.25 102.81 1
3.26 102.92 1
3.27 105.49 1
3.28 108.22 1
3.29 112.36 1
3.3 116.12 1
3.31 121.81 1
3.32 126.15 1
3.33 133.82 1
3.34 132.24 1
3.35 137.98 1
3.36 132.63 1
3.37 131.12 1
3.38 124.68 1
3.39 117.16 1
3.4 115.55 1
3.41 110.39 1
3.42 106.11 1
3.43 106.27 1
3.44 106.14 1
3.45 108.15 1
3.46 109.36 1
3.47 111.75 1
3.48 113.81 1
3.49 117.45 1
3.5 118.72 1
3.51 120.73 1
3.52 122.33 1
3.53 124.05 1
3.54 123.79 1
3.55 119.03 1
3.56 117.88 1
3.57 113.46 1
3.58 112.65 1
3.59 0.0 1
3.6 0.0 1
3.61 0.0 1
3.62 0.0 1
3.63 0.0 1
3.64 0.0 1
3.65 146.1 1
3.66 145.78 1
3.67 145.83 1
3.68 144.02 1
3.69 143.14 1
3.7 141.57 1
3.71 141.33 1
3.72 141.88 1
3.73 142.58 1
3.74 143.52 1
3.75 143.24 1
3.76 142.12 1
3.77 137.61 1
3.78 130.27 1
3.79 0.0 1
3.8 0.0 1
3.81 0.0 1
3.82 0.0 1
3.83 0.0 1
3.84 0.0 1
3.85 0.0 1
3.86 0.0 1
3.87 0.0 1
3.88 0.0 1
3.89 0.0 1
3.9 0.0 1
3.91 0.0 1
3.92 0.0 1
3.93 0.0 1
3.94 0.0 1
3.95 0.0 1
3.96 0.0 1
3.97 0.0 1
3.98 0.0 1
3.99 0.0 1
4.0 0.0 1
4.01 0.0 1
4.02 0.0 1
4.03 0.0 1
4.04 0.0 1
4.05 0.0 1
4.06 0.0 1
4.07 0.0 1
4.08 0.0 1
4.09 0.0 1
4.1 0.0 1
4.11 0.0 1
4.12 0.0 1
4.13 155.56 1
4.14 152.36 1
4.15 135.92 1
4.16 133.68 1
4.17 132.68 1
4.18 132.14 1
4.19 131.49 1
4.2 131.56 1
4.21 131.72 1
4.22 132.5 1
4.23 133.49 1
4.24 134.5 1
4.25 135.91 1
4.26 136.75 1
4.27 139.76 1
4.28 138.4 1
4.29 135.9 1
4.3 143.13 1
4.31 144.13 1
4.32 145.79 1
4.33 148.24 1
4.34 141.57 1
4.35 139.19 1
4.36 137.11 1
4.37 130.78 1
4.38 129.12 1
4.39 122.33 1
4.4 121.31 1
4.41 115.03 1
4.42 115.19 1
4.43 112.75 1
4.44 112.18 1
4.45 112.83 1
4.46 113.5 1
4.47 115.74 1
4.48 119.68 1
4.49 124.66 1
4.5 127.28 1
4.51 127.94 1
4.52 142.99 1
4.53 140.39 1
4.54 142.06 1
4.55 145.79 1
4.56 138.74 1
4.57 130.65 1
4.58 124.0 1
4.59 119.69 1
4.6 117.59 1
4.61 113.03 1
4.62 113.3 1
4.63 114.92 1
4.64 118.36 1
4.65 120.99 1
4.66 130.67 1
4.67 137.6 1
4.68 143.01 1
4.69 145.62 1
4.7 147.6 1
4.71 146.68 1
4.72 141.56 1
4.73 0.0 1
4.74 0.0 1
4.75 0.0 1
4.76 0.0 1
4.77 0.0 1
4.78 0.0 1
4.79 0.0 1
4.8 106.14 1
4.81 101.27 1
4.82 101.26 1
4.83 100.56 1
4.84 100.29 1
4.85 100.71 1
4.86 101.5 1
4.87 101.74 1
4.88 101.73 1
4.89 102.94 1
4.9 103.07 1
4.91 103.43 1
4.92 104.03 1
4.93 103.69 1
4.94 103.9 1
4.95 104.38 1
4.96 104.07 1
4.97 100.18 1
4.98 103.27 1
4.99 103.73 1
5.0 103.07 1
5.01 102.94 1
5.02 106.61 1
5.03 104.23 1
5.04 103.59 1
5.05 103.17 1
5.06 102.68 1
5.07 103.89 1
5.08 106.4 1
5.09 112.36 1
5.1 121.32 1
5.11 137.61 1
5.12 145.31 1
5.13 158.36 1
5.14 163.03 1
5.15 164.38 1
5.16 164.62 1
5.17 164.25 1
5.18 151.43 1
5.19 144.35 1
5.2 0.0 1
5.21 0.0 1
5.22 0.0 1
5.23 0.0 1
5.24 0.0 1
5.25 0.0 1
5.26 119.12 1
5.27 121.75 1
5.28 124.02 1
5.29 129.11 1
5.3 131.05 1
5.31 132.63 1
5.32 134.57 1
5.33 138.01 1
5.34 139.27 1
5.35 141.03 1
5.36 140.99 1
5.37 140.89 1
5.38 140.48 1
5.39 139.78 1
5.4 138.92 1
5.41 137.09 1
5.42 134.68 1
5.43 134.23 1
5.44 144.83 1
5.45 135.9 1
5.46 126.54 1
5.47 126.12 1
5.48 137.17 1
5.49 143.18 1
5.5 141.27 1
5.51 150.5 1
5.52 156.46 1
5.53 156.67 1
5.54 156.64 1
5.55 156.08 1
5.56 156.11 1
5.57 157.19 1
5.58 157.54 1
5.59 156.67 1
5.6 156.66 1
5.61 156.53 1
5.62 155.62 1
5.63 154.75 1
5.64 154.35 1
5.65 152.32 1
5.66 147.91 1
5.67 138.89 1
5.68 139.33 1
5.69 144.35 1
5.7 148.24 1
5.71 152.73 1
5.72 152.45 1
5.73 158.4 1
5.74 158.44 1
5.75 156.49 1
5.76 153.92 1
5.77 153.43 1
5.78 153.6 1
5.79 153.31 1
5.8 154.12 1
5.81 155.45 1
5.82 158.93 1
5.83 163.17 1
5.84 167.27 1
5.85 171.93 1
5.86 181.92 1
5.87 179.3 1
5.88 183.76 1
5.89 178.35 1
5.9 173.19 1
5.91 163.41 1
5.92 173.28 1
5.93 161.93 1
5.94 158.35 1
5.95 153.28 1
5.96 150.03 1
5.97 150.77 1
5.98 149.98 1
5.99 149.52 1
6.0 149.44 1
6.01 151.78 1
6.02 152.98 1
6.03 158.35 1
6.04 163.64 1
6.05 169.28 1
6.06 174.87 1
6.07 173.95 1
6.08 174.53 1
6.09 170.52 1
6.1 155.65 1
6.11 148.23 1
6.12 0.0 1
6.13 0.0 1
6.14 0.0 1
6.15 0.0 1
6.16 0.0 1
6.17 130.67 1
6.18 138.46 1
6.19 136.65 1
6.2 133.14 1
6.21 132.62 1
6.22 132.62 1
6.23 132.14 1
6.24 132.65 1
6.25 133.6 1
6.26 135.0 1
6.27 135.82 1
6.28 137.18 1
6.29 137.6 1
6.3 139.0 1
6.31 139.38 1
6.32 138.04 1
6.33 138.47 1
6.34 136.73 1
6.35 130.28 1
6.36 135.49 1
6.37 137.17 1
6.38 138.88 1
6.39 139.34 1
6.4 143.64 1
6.41 148.69 1
6.42 154.25 1
6.43 156.66 1
6.44 158.56 1
6.45 158.69 1
6.46 158.74 1
6.47 158.92 1
6.48 159.23 1
6.49 157.63 1
6.5 156.71 1
6.51 157.06 1
6.52 156.73 1
6.53 155.39 1
6.54 149.24 1
6.55 150.26 1
6.56 153.34 1
6.57 153.91 1
6.58 161.66 1
6.59 163.64 1
6.6 177.95 1
6.61 156.3 1
6.62 155.37 1
6.63 152.9 1
6.64 152.07 1
6.65 156.11 1
6.66 159.49 1
6.67 173.26 1
6.68 186.48 1
6.69 197.54 1
6.7 210.07 1
6.71 219.77 1
6.72 228.81 1
6.73 231.5 1
6.74 227.91 1
6.75 221.81 1
6.76 193.84 1
6.77 196.0 1
6.78 161.4 1
6.79 145.8 1
6.8 150.76 1
6.81 164.83 1
6.82 161.83 1
6.83 164.81 1
6.84 165.82 1
6.85 169.81 1
6.86 180.69 1
6.87 183.5 1
6.88 190.5 1
6.89 193.29 1
6.9 195.97 1
6.91 197.88 1
6.92 200.28 1
6.93 202.78 1
6.94 205.3 1
6.95 204.66 1
6.96 207.54 1
6.97 208.52 1
6.98 208.06 1
6.99 202.69 1
7.0 208.31 1
7.01 210.74 1
7.02 214.19 1
7.03 212.15 1
7.04 211.7 1
7.05 210.28 1
7.06 207.25 1
7.07 203.39 1
7.08 202.8 1
7.09 205.6 1
7.1 212.92 1
7.11 223.75 1
7.12 236.3 1
7.13 251.08 1
7.14 264.86 1
7.15 283.77 1
7.16 294.98 1
7.17 298.59 1
