0.01 205.88 1
0.02 201.38 1
0.03 202.01 1
0.04 205.79 1
0.05 207.53 1
0.06 207.49 1
0.07 209.38 1
0.08 207.74 1
0.09 206.56 1
0.1 207.99 1
0.11 205.62 1
0.12 203.78 1
0.13 203.92 1
0.14 204.64 1
0.15 212.85 1
0.16 219.75 1
0.17 229.09 1
0.18 235.2 1
0.19 250.35 1
0.2 257.42 1
0.21 264.62 1
0.22 269.01 1
0.23 273.56 1
0.24 276.06 1
0.25 276.06 1
0.26 273.11 1
0.27 267.0 1
0.28 260.25 1
0.29 252.95 1
0.3 240.27 1
0.31 232.8 1
0.32 221.64 1
0.33 219.34 1
0.34 220.27 1
0.35 224.96 1
0.36 230.29 1
0.37 238.18 1
0.38 245.99 1
0.39 252.29 1
0.4 259.54 1
0.41 264.87 1
0.42 273.06 1
0.43 275.63 1
0.44 277.47 1
0.45 277.97 1
0.46 275.61 1
0.47 272.15 1
0.48 268.76 1
0.49 267.54 1
0.5 267.94 1
0.51 271.53 1
0.52 277.11 1
0.53 283.15 1
0.54 288.02 1
0.55 294.18 1
0.56 302.12 1
0.57 307.25 1
0.58 309.47 1
0.59 315.35 1
0.6 315.05 1
0.61 314.86 1
0.62 314.68 1
0.63 313.91 1
0.64 313.49 1
0.65 312.95 1
0.66 312.9 1
0.67 313.15 1
0.68 313.98 1
0.69 312.2 1
0.7 310.43 1
0.71 309.83 1
0.72 309.35 1
0.73 309.92 1
0.74 309.2 1
0.75 308.06 1
0.76 307.16 1
0.77 306.92 1
0.78 307.52 1
0.79 307.22 1
0.8 306.98 1
0.81 307.72 1
0.82 308.71 1
0.83 309.89 1
0.84 311.22 1
0.85 311.29 1
0.86 311.97 1
0.87 310.52 1
0.88 310.07 1
0.89 309.74 1
0.9 311.28 1
0.91 308.83 1
0.92 309.74 1
0.93 308.59 1
0.94 309.36 1
0.95 309.19 1
0.96 308.19 1
0.97 308.84 1
0.98 310.48 1
0.99 310.5 1
1.0 309.31 1
1.01 309.94 1
1.02 308.8 1
1.03 308.78 1
1.04 308.92 1
1.05 307.58 1
1.06 308.76 1
1.07 311.24 1
1.08 314.78 1
1.09 318.75 1
1.1 322.95 1
1.11 327.21 1
1.12 328.85 1
1.13 328.17 1
1.14 327.56 1
1.15 324.99 1
1.16 322.85 1
1.17 318.97 1
1.18 314.85 1
1.19 312.23 1
1.2 309.64 1
1.21 307.45 1
1.22 305.91 1
1.23 305.24 1
1.24 306.36 1
1.25 307.16 1
1.26 307.99 1
1.27 309.01 1
1.28 309.86 1
1.29 312.22 1
1.3 313.43 1
1.31 314.44 1
1.32 315.32 1
1.33 315.57 1
1.34 314.91 1
1.35 314.53 1
1.36 312.4 1
1.37 308.5 1
1.38 292.24 1
1.39 279.61 1
1.4 251.29 1
1.41 245.71 1
1.42 246.07 1
1.43 248.55 1
1.44 269.72 1
1.45 264.94 1
1.46 269.47 1
1.47 269.99 1
1.48 270.95 1
1.49 273.06 1
1.5 275.55 1
1.51 276.98 1
1.52 277.55 1
1.53 278.14 1
1.54 277.97 1
1.55 277.28 1
1.56 277.07 1
1.57 275.82 1
1.58 277.01 1
1.59 275.59 1
1.6 277.11 1
1.61 275.79 1
1.62 275.9 1
1.63 276.48 1
1.64 277.58 1
1.65 275.9 1
1.66 275.71 1
1.67 276.48 1
1.68 273.94 1
1.69 272.44 1
1.7 272.38 1
1.71 272.79 1
1.72 274.76 1
1.73 276.23 1
1.74 279.54 1
1.75 284.09 1
1.76 289.86 1
1.77 294.98 1
1.78 299.0 1
1.79 315.04 1
1.8 320.31 1
1.81 325.29 1
1.82 322.66 1
1.83 320.53 1
1.84 316.12 1
1.85 308.83 1
1.86 298.0 1
1.87 284.47 1
1.88 274.93 1
1.89 250.35 1
1.9 229.1 1
1.91 216.41 1
1.92 211.12 1
1.93 210.37 1
1.94 210.5 1
1.95 214.53 1
1.96 222.29 1
1.97 229.11 1
1.98 241.27 1
1.99 251.58 1
2.0 260.21 1
2.01 270.88 1
2.02 276.68 1
2.03 282.79 1
2.04 287.07 1
2.05 289.6 1
2.06 288.94 1
2.07 286.75 1
2.08 282.49 1
2.09 276.47 1
2.1 270.54 1
2.11 258.68 1
2.12 251.84 1
2.13 241.99 1
2.14 234.9 1
2.15 231.5 1
2.16 226.93 1
2.17 224.85 1
2.18 223.7 1
2.19 223.41 1
2.2 224.06 1
2.21 226.51 1
2.22 226.76 1
2.23 230.33 1
2.24 235.89 1
2.25 245.67 1
2.26 248.51 1
2.27 254.18 1
2.28 257.19 1
2.29 267.45 1
2.3 269.96 1
2.31 273.81 1
2.32 275.35 1
2.33 276.27 1
2.34 276.74 1
2.35 276.21 1
2.36 274.14 1
2.37 273.78 1
2.38 274.33 1
2.39 274.29 1
2.4 275.14 1
2.41 275.51 1
2.42 276.41 1
2.43 277.55 1
2.44 278.19 1
2.45 277.47 1
2.46 276.66 1
2.47 276.15 1
2.48 275.11 1
2.49 273.06 1
2.5 269.94 1
2.51 258.71 1
2.52 253.43 1
2.53 242.0 1
2.54 229.15 1
2.55 224.62 1
2.56 226.13 1
2.57 230.3 1
2.58 237.73 1
2.59 249.32 1
2.6 255.71 1
2.61 266.5 1
2.62 271.72 1
2.63 275.73 1
2.64 289.42 1
2.65 291.46 1
2.66 284.4 1
2.67 0.0 1
2.68 0.0 1
2.69 0.0 1
2.7 0.0 1
2.71 0.0 1
2.72 0.0 1
2.73 0.0 1
2.74 0.0 1
2.75 0.0 1
2.76 237.45 1
2.77 221.33 1
2.78 210.5 1
2.79 204.65 1
2.8 204.99 1
2.81 204.48 1
2.82 205.6 1
2.83 204.47 1
2.84 204.44 1
2.85 203.88 1
2.86 203.3 1
2.87 202.94 1
2.88 201.53 1
2.89 200.7 1
2.9 200.94 1
2.91 201.95 1
2.92 202.71 1
2.93 203.7 1
2.94 205.57 1
2.95 206.56 1
2.96 208.51 1
2.97 210.33 1
2.98 211.0 1
2.99 211.02 1
3.0 209.88 1
3.01 207.45 1
3.02 205.57 1
3.03 202.35 1
3.04 202.29 1
3.05 206.56 1
3.06 214.66 1
3.07 229.14 1
3.08 241.59 1
3.09 248.29 1
3.1 257.16 1
3.11 271.37 1
3.12 271.05 1
3.13 278.4 1
3.14 281.28 1
3.15 281.72 1
3.16 279.63 1
3.17 275.25 1
3.18 267.49 1
3.19 258.66 1
3.2 248.84 1
3.21 236.65 1
3.22 225.42 1
3.23 215.64 1
3.24 209.7 1
3.25 203.7 1
3.26 206.56 1
3.27 209.5 1
3.28 217.44 1
3.29 235.18 1
3.3 243.5 1
3.31 255.42 1
3.32 271.31 1
3.33 272.17 1
3.34 277.22 1
3.35 278.96 1
3.36 281.39 1
3.37 281.74 1
3.38 282.03 1
3.39 282.36 1
3.4 281.06 1
3.41 279.77 1
3.42 276.47 1
3.43 273.09 1
3.44 266.51 1
3.45 258.72 1
3.46 257.17 1
3.47 255.7 1
3.48 264.69 1
3.49 274.75 1
3.5 286.24 1
3.51 295.38 1
3.52 301.03 1
3.53 312.13 1
3.54 345.2 1
3.55 345.92 1
3.56 354.25 1
3.57 351.41 1
3.58 335.39 1
3.59 279.98 1
3.6 320.75 1
3.61 291.62 1
3.62 340.53 1
3.63 337.94 1
3.64 283.31 1
3.65 325.44 1
3.66 323.75 1
3.67 279.94 1
3.68 269.13 1
3.69 265.07 1
3.7 263.25 1
3.71 263.33 1
3.72 267.57 1
3.73 269.72 1
3.74 270.54 1
3.75 273.04 1
3.76 273.06 1
3.77 273.59 1
3.78 274.15 1
3.79 274.91 1
3.8 275.25 1
3.81 276.26 1
3.82 275.9 1
3.83 275.13 1
3.84 270.8 1
3.85 263.36 1
3.86 258.69 1
3.87 260.18 1
3.88 254.19 1
3.89 250.31 1
3.9 244.11 1
3.91 239.82 1
3.92 236.45 1
3.93 227.94 1
3.94 226.38 1
3.95 225.02 1
3.96 226.2 1
3.97 226.74 1
3.98 227.88 1
3.99 227.92 1
4.0 229.11 1
4.01 232.36 1
4.02 232.75 1
4.03 237.73 1
4.04 240.74 1
4.05 242.95 1
4.06 244.6 1
4.07 248.36 1
4.08 249.1 1
4.09 249.01 1
4.1 246.72 1
4.11 244.31 1
4.12 242.2 1
4.13 238.53 1
4.14 233.22 1
4.15 230.31 1
4.16 227.92 1
4.17 227.91 1
4.18 230.29 1
4.19 235.19 1
4.2 246.7 1
4.21 252.55 1
4.22 258.71 1
4.23 260.21 1
4.24 261.8 1
4.25 261.73 1
4.26 271.94 1
4.27 261.73 1
4.28 239.93 1
4.29 242.79 1
4.3 0.0 1
4.31 0.0 1
4.32 0.0 1
4.33 0.0 1
4.34 0.0 1
4.35 0.0 1
4.36 0.0 1
4.37 0.0 1
4.38 216.71 1
4.39 210.63 1
4.4 206.32 1
4.41 201.93 1
4.42 202.24 1
4.43 199.84 1
4.44 201.02 1
4.45 200.54 1
4.46 201.49 1
4.47 203.06 1
4.48 204.09 1
4.49 204.65 1
4.5 206.56 1
4.51 205.6 1
4.52 206.56 1
4.53 206.56 1
4.54 206.56 1
4.55 207.49 1
4.56 207.53 1
4.57 207.48 1
4.58 206.39 1
4.59 203.7 1
4.6 203.63 1
4.61 204.17 1
4.62 209.05 1
4.63 212.96 1
4.64 219.42 1
4.65 223.0 1
4.66 227.51 1
4.67 232.72 1
4.68 235.59 1
4.69 236.84 1
4.7 235.67 1
4.71 237.02 1
4.72 236.85 1
4.73 235.49 1
4.74 235.04 1
4.75 232.73 1
4.76 231.57 1
4.77 229.13 1
4.78 229.55 1
4.79 227.59 1
4.8 227.91 1
4.81 228.33 1
4.82 226.74 1
4.83 228.5 1
4.84 230.76 1
4.85 233.7 1
4.86 235.98 1
4.87 240.64 1
4.88 242.87 1
4.89 244.97 1
4.9 247.33 1
4.91 248.49 1
4.92 246.66 1
4.93 245.99 1
4.94 243.78 1
4.95 235.75 1
4.96 224.63 1
4.97 206.56 1
4.98 184.02 1
4.99 177.06 1
5.0 166.73 1
5.01 177.47 1
5.02 174.66 1
5.03 192.16 1
5.04 206.56 1
5.05 206.13 1
5.06 207.99 1
5.07 201.11 1
5.08 199.76 1
5.09 202.48 1
5.1 203.67 1
5.11 205.24 1
5.12 205.6 1
5.13 205.6 1
5.14 207.4 1
5.15 208.37 1
5.16 206.56 1
5.17 208.54 1
5.18 210.04 1
5.19 209.5 1
5.2 208.52 1
5.21 209.42 1
5.22 207.53 1
5.23 205.6 1
5.24 203.33 1
5.25 198.91 1
5.26 194.81 1
5.27 188.05 1
5.28 186.43 1
5.29 181.67 1
5.3 179.79 1
5.31 179.45 1
5.32 177.48 1
5.33 179.4 1
5.34 180.95 1
5.35 182.71 1
5.36 184.74 1
5.37 185.69 1
5.38 186.48 1
5.39 187.27 1
5.4 188.06 1
5.41 185.71 1
5.42 184.16 1
5.43 180.75 1
5.44 172.6 1
5.45 163.53 1
5.46 176.76 1
5.47 163.07 1
5.48 177.48 1
5.49 166.1 1
5.5 165.47 1
5.51 123.35 1
5.52 160.68 1
5.53 144.83 1
5.54 153.74 1
5.55 149.2 1
5.56 152.51 1
5.57 153.21 1
5.58 151.34 1
5.59 153.74 1
5.6 150.84 1
5.61 153.09 1
5.62 149.25 1
5.63 152.12 1
5.64 148.87 1
5.65 152.09 1
5.66 154.2 1
5.67 152.47 1
5.68 155.14 1
5.69 152.13 1
5.7 153.54 1
5.71 152.6 1
5.72 151.18 1
5.73 152.33 1
5.74 147.25 1
5.75 150.83 1
5.76 148.74 1
5.77 150.77 1
5.78 148.74 1
5.79 150.83 1
5.8 146.27 1
5.81 150.77 1
5.82 149.24 1
5.83 151.21 1
5.84 153.47 1
5.85 153.98 1
5.86 158.29 1
5.87 162.29 1
5.88 165.6 1
5.89 169.07 1
5.9 171.26 1
5.91 172.61 1
5.92 173.99 1
5.93 172.62 1
5.94 169.44 1
5.95 164.7 1
5.96 161.24 1
5.97 156.23 1
5.98 149.24 1
5.99 151.29 1
6.0 146.76 1
6.01 147.48 1
6.02 145.31 1
6.03 145.7 1
6.04 145.39 1
6.05 145.19 1
6.06 146.92 1
6.07 148.05 1
6.08 152.5 1
6.09 155.66 1
6.1 156.11 1
6.11 157.39 1
6.12 156.7 1
6.13 154.47 1
6.14 153.67 1
6.15 148.24 1
6.16 146.4 1
6.17 138.9 1
6.18 134.71 1
6.19 133.84 1
6.2 129.9 1
6.21 131.83 1
6.22 128.76 1
6.23 132.23 1
6.24 133.61 1
6.25 135.9 1
6.26 135.94 1
6.27 134.66 1
6.28 138.46 1
6.29 135.35 1
6.3 134.45 1
6.31 134.66 1
6.32 136.51 1
6.33 139.78 1
6.34 137.92 1
6.35 139.57 1
6.36 141.19 1
6.37 132.61 1
6.38 0.0 1
6.39 0.0 1
6.4 0.0 1
6.41 0.0 1
6.42 144.36 1
6.43 149.85 1
6.44 158.19 1
6.45 156.18 1
6.46 157.46 1
6.47 154.56 1
6.48 151.88 1
6.49 148.76 1
6.5 149.6 1
6.51 148.65 1
6.52 148.11 1
6.53 148.06 1
6.54 147.26 1
6.55 149.05 1
6.56 150.61 1
6.57 152.87 1
6.58 153.98 1
6.59 156.11 1
6.6 158.74 1
6.61 159.3 1
6.62 159.81 1
6.63 160.01 1
6.64 159.5 1
6.65 158.85 1
6.66 157.51 1
6.67 155.68 1
6.68 152.41 1
6.69 149.24 1
6.7 147.77 1
6.71 146.42 1
6.72 145.8 1
6.73 149.38 1
6.74 161.05 1
6.75 167.94 1
6.76 175.14 1
6.77 183.82 1
6.78 191.35 1
6.79 199.37 1
6.8 202.78 1
6.81 207.28 1
6.82 208.93 1
6.83 208.52 1
6.84 205.6 1
6.85 201.83 1
6.86 195.56 1
6.87 191.02 1
6.88 181.55 1
6.89 167.63 1
6.9 162.67 1
6.91 161.24 1
6.92 164.5 1
6.93 169.2 1
6.94 178.15 1
6.95 182.74 1
6.96 188.07 1
6.97 194.89 1
6.98 202.42 1
6.99 206.35 1
7.0 208.53 1
7.01 214.58 1
7.02 215.71 1
7.03 216.54 1
7.04 217.37 1
7.05 216.05 1
7.06 214.01 1
7.07 211.21 1
7.08 209.99 1
7.09 208.51 1
7.1 206.05 1
7.11 202.8 1
7.12 203.55 1
7.13 206.56 1
7.14 217.18 1
7.15 225.04 1
7.16 233.96 1
7.17 242.97 1
7.18 264.71 1
7.19 288.55 1
7.2 309.22 1
7.21 313.44 1
7.22 303.27 1
7.23 0.0 1
7.24 0.0 1
7.25 0.0 1
