0.01 0.0 1
0.02 0.0 1
0.03 0.0 1
0.04 0.0 1
0.05 0.0 1
0.06 0.0 1
0.07 0.0 1
0.08 251.84 1
0.09 232.69 1
0.1 223.0 1
0.11 218.96 1
0.12 217.77 1
0.13 216.71 1
0.14 215.64 1
0.15 213.56 1
0.16 211.61 1
0.17 216.83 1
0.18 223.37 1
0.19 230.08 1
0.2 240.31 1
0.21 247.98 1
0.22 253.31 1
0.23 260.19 1
0.24 266.13 1
0.25 271.08 1
0.26 274.81 1
0.27 276.05 1
0.28 275.65 1
0.29 274.31 1
0.3 271.5 1
0.31 269.56 1
0.32 267.93 1
0.33 265.77 1
0.34 263.31 1
0.35 260.2 1
0.36 257.16 1
0.37 254.0 1
0.38 249.64 1
0.39 245.74 1
0.4 242.08 1
0.41 237.51 1
0.42 233.96 1
0.43 231.52 1
0.44 229.13 1
0.45 227.92 1
0.46 226.75 1
0.47 226.75 1
0.48 227.66 1
0.49 227.93 1
0.5 231.52 1
0.51 237.36 1
0.52 244.45 1
0.53 248.24 1
0.54 252.06 1
0.55 254.21 1
0.56 257.2 1
0.57 261.69 1
0.58 266.24 1
0.59 268.81 1
0.6 271.59 1
0.61 273.26 1
0.62 274.9 1
0.63 276.28 1
0.64 276.46 1
0.65 276.84 1
0.66 277.48 1
0.67 278.17 1
0.68 277.87 1
0.69 277.27 1
0.7 276.33 1
0.71 275.23 1
0.72 275.57 1
0.73 275.78 1
0.74 275.85 1
0.75 275.95 1
0.76 275.97 1
0.77 276.09 1
0.78 275.68 1
0.79 275.83 1
0.8 275.86 1
0.81 275.01 1
0.82 275.75 1
0.83 276.11 1
0.84 277.11 1
0.85 277.76 1
0.86 277.69 1
0.87 277.44 1
0.88 277.41 1
0.89 277.06 1
0.9 276.68 1
0.91 277.18 1
0.92 277.75 1
0.93 277.82 1
0.94 278.44 1
0.95 278.25 1
0.96 277.79 1
0.97 278.0 1
0.98 279.25 1
0.99 279.84 1
1.0 280.54 1
1.01 280.04 1
1.02 279.63 1
1.03 279.42 1
1.04 277.58 1
1.05 276.73 1
1.06 276.49 1
1.07 275.97 1
1.08 276.81 1
1.09 277.99 1
1.1 277.87 1
1.11 277.67 1
1.12 278.69 1
1.13 278.64 1
1.14 278.75 1
1.15 279.32 1
1.16 279.27 1
1.17 278.71 1
1.18 277.11 1
1.19 277.26 1
1.2 277.27 1
1.21 277.06 1
1.22 277.75 1
1.23 278.61 1
1.24 279.98 1
1.25 279.01 1
1.26 279.24 1
1.27 278.68 1
1.28 277.75 1
1.29 276.7 1
1.3 276.83 1
1.31 274.7 1
1.32 270.34 1
1.33 275.91 1
1.34 269.61 1
1.35 252.72 1
1.36 260.72 1
1.37 268.51 1
1.38 274.06 1
1.39 252.74 1
1.4 274.77 1
1.41 279.92 1
1.42 284.69 1
1.43 289.95 1
1.44 299.7 1
1.45 307.38 1
1.46 306.71 1
1.47 305.19 1
1.48 305.63 1
1.49 306.47 1
1.5 307.85 1
1.51 308.08 1
1.52 306.99 1
1.53 306.6 1
1.54 306.77 1
1.55 307.75 1
1.56 307.4 1
1.57 307.3 1
1.58 309.29 1
1.59 310.22 1
1.6 309.48 1
1.61 310.72 1
1.62 310.99 1
1.63 312.43 1
1.64 313.14 1
1.65 314.41 1
1.66 316.63 1
1.67 317.19 1
1.68 318.45 1
1.69 318.81 1
1.7 318.93 1
1.71 319.11 1
1.72 318.8 1
1.73 318.28 1
1.74 317.0 1
1.75 311.56 1
1.76 284.38 1
1.77 276.97 1
1.78 264.97 1
1.79 252.54 1
1.8 250.85 1
1.81 247.22 1
1.82 256.13 1
1.83 253.72 1
1.84 259.87 1
1.85 262.74 1
1.86 272.11 1
1.87 305.19 1
1.88 309.21 1
1.89 307.35 1
1.9 300.86 1
1.91 291.71 1
1.92 277.14 1
1.93 248.72 1
1.94 236.53 1
1.95 236.75 1
1.96 241.23 1
1.97 244.54 1
1.98 248.34 1
1.99 250.61 1
2.0 251.24 1
2.01 250.56 1
2.02 247.27 1
2.03 243.29 1
2.04 237.18 1
2.05 230.74 1
2.06 225.22 1
2.07 225.87 1
2.08 230.09 1
2.09 234.15 1
2.1 239.02 1
2.11 244.89 1
2.12 247.79 1
2.13 251.42 1
2.14 253.38 1
2.15 254.9 1
2.16 255.26 1
2.17 254.34 1
2.18 251.8 1
2.19 215.65 1
2.2 213.19 1
2.21 190.87 1
2.22 181.85 1
2.23 182.61 1
2.24 181.75 1
2.25 186.2 1
2.26 191.32 1
2.27 180.72 1
2.28 174.65 1
2.29 176.97 1
2.3 168.6 1
2.31 171.26 1
2.32 175.45 1
2.33 172.61 1
2.34 236.46 1
2.35 208.52 1
2.36 205.59 1
2.37 204.64 1
2.38 206.33 1
2.39 206.56 1
2.4 207.12 1
2.41 208.51 1
2.42 209.07 1
2.43 209.27 1
2.44 209.49 1
2.45 209.89 1
2.46 210.15 1
2.47 210.47 1
2.48 210.23 1
2.49 210.5 1
2.5 209.5 1
2.51 208.51 1
2.52 207.53 1
2.53 206.56 1
2.54 205.6 1
2.55 205.6 1
2.56 205.6 1
2.57 205.6 1
2.58 205.6 1
2.59 208.0 1
2.6 208.52 1
2.61 209.5 1
2.62 210.51 1
2.63 210.75 1
2.64 210.5 1
2.65 210.01 1
2.66 207.53 1
2.67 207.86 1
2.68 206.7 1
2.69 202.66 1
2.7 198.26 1
2.71 191.74 1
2.72 182.92 1
2.73 183.21 1
2.74 177.22 1
2.75 168.51 1
2.76 173.96 1
2.77 173.28 1
2.78 172.27 1
2.79 178.18 1
2.8 177.17 1
2.81 179.26 1
2.82 179.91 1
2.83 181.24 1
2.84 181.99 1
2.85 183.46 1
2.86 184.74 1
2.87 186.04 1
2.88 186.43 1
2.89 186.48 1
2.9 186.23 1
2.91 184.91 1
2.92 184.58 1
2.93 184.17 1
2.94 184.17 1
2.95 184.09 1
2.96 183.75 1
2.97 183.57 1
2.98 184.69 1
2.99 185.29 1
3.0 186.47 1
3.01 188.07 1
3.02 189.69 1
3.03 191.32 1
3.04 191.28 1
3.05 190.0 1
3.06 187.8 1
3.07 185.35 1
3.08 184.14 1
3.09 184.24 1
3.1 185.29 1
3.11 185.69 1
3.12 186.38 1
3.13 187.26 1
3.14 186.48 1
3.15 187.27 1
3.16 187.27 1
3.17 185.7 1
3.18 185.69 1
3.19 182.0 1
3.2 169.3 1
3.21 184.13 1
3.22 177.47 1
3.23 169.94 1
3.24 171.34 1
3.25 180.96 1
3.26 184.91 1
3.27 186.55 1
3.28 186.39 1
3.29 185.56 1
3.3 185.4 1
3.31 184.67 1
3.32 184.51 1
3.33 184.49 1
3.34 183.79 1
3.35 183.64 1
3.36 182.99 1
3.37 182.42 1
3.38 181.83 1
3.39 181.29 1
3.4 180.89 1
3.41 179.21 1
3.42 176.89 1
3.43 175.39 1
3.44 173.16 1
3.45 171.67 1
3.46 169.7 1
3.47 166.78 1
3.48 164.08 1
3.49 161.92 1
3.5 160.07 1
3.51 158.91 1
3.52 157.84 1
3.53 156.79 1
3.54 156.08 1
3.55 154.89 1
3.56 153.72 1
3.57 152.71 1
3.58 152.22 1
3.59 152.27 1
3.6 152.79 1
3.61 152.89 1
3.62 152.99 1
3.63 151.43 1
3.64 146.76 1
3.65 143.69 1
3.66 143.77 1
3.67 143.88 1
3.68 144.73 1
3.69 141.07 1
3.7 149.36 1
3.71 157.17 1
3.72 160.65 1
3.73 158.54 1
3.74 159.49 1
3.75 159.49 1
3.76 157.66 1
3.77 156.74 1
3.78 156.88 1
3.79 156.99 1
3.8 156.93 1
3.81 157.17 1
3.82 157.0 1
3.83 156.39 1
3.84 155.81 1
3.85 155.19 1
3.86 154.44 1
3.87 154.44 1
3.88 154.58 1
3.89 154.23 1
3.9 154.81 1
3.91 155.32 1
3.92 155.91 1
3.93 156.25 1
3.94 156.49 1
3.95 156.76 1
3.96 156.18 1
3.97 156.97 1
3.98 156.56 1
3.99 156.14 1
4.0 155.36 1
4.01 155.35 1
4.02 155.57 1
4.03 158.08 1
4.04 160.66 1
4.05 163.64 1
4.06 165.48 1
4.07 168.65 1
4.08 170.54 1
4.09 169.96 1
4.1 168.65 1
4.11 167.18 1
4.12 162.19 1
4.13 142.93 1
4.14 155.56 1
4.15 163.63 1
4.16 156.67 1
4.17 161.83 1
4.18 136.33 1
4.19 149.71 1
4.2 146.76 1
4.21 150.77 1
4.22 151.9 1
4.23 152.07 1
4.24 151.76 1
4.25 150.86 1
4.26 151.28 1
4.27 151.9 1
4.28 152.41 1
4.29 152.69 1
4.3 153.31 1
4.31 153.8 1
4.32 154.16 1
4.33 155.12 1
4.34 155.68 1
4.35 155.63 1
4.36 156.01 1
4.37 155.94 1
4.38 155.56 1
4.39 155.32 1
4.4 155.05 1
4.41 154.59 1
4.42 153.9 1
4.43 153.99 1
4.44 154.97 1
4.45 156.11 1
4.46 156.82 1
4.47 157.99 1
4.48 159.22 1
4.49 158.92 1
4.5 162.34 1
4.51 164.08 1
4.52 166.79 1
4.53 166.18 1
4.54 163.64 1
4.55 157.23 1
4.56 161.13 1
4.57 160.64 1
4.58 161.96 1
4.59 165.46 1
4.6 166.01 1
4.61 162.71 1
4.62 163.59 1
4.63 164.21 1
4.64 167.82 1
4.65 140.98 1
4.66 144.36 1
4.67 138.9 1
4.68 133.45 1
4.69 135.47 1
4.7 134.13 1
4.71 133.79 1
4.72 134.46 1
4.73 134.68 1
4.74 137.38 1
4.75 137.61 1
4.76 142.95 1
4.77 68.81 1
4.78 68.9 1
4.79 69.53 1
4.8 69.18 1
4.81 69.06 1
4.82 69.66 1
4.83 68.85 1
4.84 69.07 1
4.85 69.8 1
4.86 69.07 1
4.87 68.75 1
4.88 69.91 1
4.89 78.62 1
4.9 69.76 1
4.91 69.51 1
4.92 69.07 1
4.93 69.68 1
4.94 69.1 1
4.95 68.59 1
4.96 69.61 1
4.97 69.45 1
4.98 68.53 1
4.99 70.61 1
5.0 69.64 1
5.01 68.82 1
5.02 69.55 1
5.03 69.1 1
5.04 68.78 1
5.05 69.5 1
5.06 68.85 1
5.07 69.09 1
5.08 69.54 1
5.09 0.0 1
5.1 0.0 1
5.11 0.0 1
5.12 0.0 1
5.13 0.0 1
5.14 0.0 1
5.15 0.0 1
5.16 158.83 1
5.17 148.09 1
5.18 136.74 1
5.19 136.61 1
5.2 136.46 1
5.21 136.76 1
5.22 136.18 1
5.23 136.02 1
5.24 136.61 1
5.25 136.56 1
5.26 136.98 1
5.27 136.97 1
5.28 137.51 1
5.29 137.77 1
5.3 138.05 1
5.31 139.41 1
5.32 140.26 1
5.33 141.31 1
5.34 142.61 1
5.35 142.86 1
5.36 143.35 1
5.37 143.8 1
5.38 143.95 1
5.39 143.93 1
5.4 143.56 1
5.41 142.56 1
5.42 141.57 1
5.43 140.33 1
5.44 139.77 1
5.45 138.71 1
5.46 137.77 1
5.47 136.75 1
5.48 136.75 1
5.49 135.49 1
5.5 137.17 1
5.51 136.33 1
5.52 153.42 1
5.53 138.46 1
5.54 126.18 1
5.55 134.66 1
5.56 143.62 1
5.57 141.07 1
5.58 145.12 1
5.59 144.83 1
5.6 146.79 1
5.61 143.87 1
5.62 142.94 1
5.63 141.57 1
5.64 141.06 1
5.65 141.57 1
5.66 141.18 1
5.67 141.53 1
5.68 142.74 1
5.69 144.22 1
5.7 149.97 1
5.71 155.32 1
5.72 166.73 1
5.73 173.57 1
5.74 181.44 1
5.75 190.32 1
5.76 193.28 1
5.77 194.41 1
5.78 193.22 1
5.79 193.0 1
5.8 186.8 1
5.81 179.78 1
5.82 169.29 1
5.83 165.86 1
5.84 152.17 1
5.85 150.47 1
5.86 148.96 1
5.87 150.37 1
5.88 150.56 1
5.89 154.24 1
5.9 159.73 1
5.91 166.6 1
5.92 171.9 1
5.93 176.37 1
5.94 176.6 1
5.95 195.71 1
5.96 198.29 1
5.97 199.07 1
5.98 202.8 1
5.99 204.74 1
6.0 201.57 1
6.01 196.1 1
6.02 190.67 1
6.03 183.27 1
6.04 172.35 1
6.05 163.36 1
6.06 158.11 1
6.07 152.69 1
6.08 149.24 1
6.09 148.72 1
6.1 149.24 1
6.11 150.85 1
6.12 154.11 1
6.13 161.26 1
6.14 175.68 1
6.15 184.48 1
6.16 193.73 1
6.17 201.07 1
6.18 208.51 1
6.19 213.38 1
6.2 218.12 1
6.21 219.97 1
6.22 220.25 1
6.23 217.26 1
6.24 214.63 1
6.25 208.51 1
6.26 202.76 1
6.27 195.39 1
6.28 182.7 1
6.29 172.63 1
6.3 168.14 1
6.31 169.5 1
6.32 172.48 1
6.33 178.59 1
6.34 187.27 1
6.35 194.69 1
6.36 196.23 1
6.37 203.53 1
6.38 194.71 1
6.39 195.33 1
6.4 193.07 1
6.41 189.23 1
6.42 209.5 1
6.43 223.23 1
6.44 223.32 1
6.45 216.29 1
6.46 210.67 1
6.47 202.04 1
6.48 192.99 1
6.49 174.05 1
6.5 167.69 1
6.51 163.02 1
6.52 162.92 1
6.53 165.0 1
6.54 174.63 1
6.55 185.69 1
6.56 201.8 1
6.57 215.67 1
6.58 229.23 1
6.59 240.59 1
6.6 248.44 1
6.61 254.54 1
6.62 255.68 1
6.63 255.66 1
6.64 252.25 1
6.65 245.35 1
6.66 236.46 1
6.67 227.15 1
6.68 211.73 1
6.69 205.37 1
6.7 203.47 1
6.71 202.76 1
6.72 203.75 1
6.73 204.64 1
6.74 205.6 1
6.75 206.57 1
6.76 207.54 1
6.77 207.54 1
6.78 207.52 1
6.79 201.18 1
6.8 206.56 1
6.81 209.18 1
6.82 208.31 1
6.83 207.54 1
6.84 205.81 1
6.85 205.59 1
6.86 208.39 1
6.87 207.33 1
6.88 206.56 1
6.89 208.17 1
6.9 209.29 1
6.91 207.53 1
6.92 207.92 1
6.93 208.1 1
6.94 206.51 1
6.95 207.71 1
6.96 212.08 1
6.97 215.47 1
6.98 225.58 1
6.99 232.48 1
7.0 245.68 1
7.01 254.94 1
7.02 268.07 1
7.03 268.09 1
7.04 274.56 1
7.05 276.74 1
7.06 279.44 1
7.07 279.46 1
7.08 277.89 1
7.09 277.02 1
7.1 274.9 1
7.11 270.11 1
7.12 267.5 1
7.13 264.49 1
7.14 261.59 1
7.15 243.01 1
7.16 240.05 1
7.17 231.54 1
7.18 224.99 1
7.19 221.43 1
7.2 215.55 1
7.21 203.89 1
7.22 178.92 1
7.23 170.1 1
