0.01 232.72 1
0.02 235.64 1
0.03 253.63 1
0.04 247.06 1
0.05 250.51 1
0.06 250.02 1
0.07 250.08 1
0.08 248.8 1
0.09 248.15 1
0.1 246.64 1
0.11 245.64 1
0.12 243.99 1
0.13 242.53 1
0.14 241.85 1
0.15 240.9 1
0.16 239.73 1
0.17 238.23 1
0.18 237.11 1
0.19 235.96 1
0.2 235.81 1
0.21 234.51 1
0.22 234.25 1
0.23 233.95 1
0.24 234.04 1
0.25 232.75 1
0.26 232.74 1
0.27 232.73 1
0.28 231.54 1
0.29 232.47 1
0.3 231.52 1
0.31 230.34 1
0.32 231.53 1
0.33 231.56 1
0.34 235.4 1
0.35 237.12 1
0.36 240.29 1
0.37 242.97 1
0.38 245.01 1
0.39 247.09 1
0.4 248.82 1
0.41 250.55 1
0.42 249.78 1
0.43 248.58 1
0.44 248.03 1
0.45 244.44 1
0.46 243.67 1
0.47 242.23 1
0.48 241.04 1
0.49 240.34 1
0.5 239.35 1
0.51 237.85 1
0.52 237.74 1
0.53 236.85 1
0.54 236.49 1
0.55 235.65 1
0.56 234.45 1
0.57 231.57 1
0.58 231.52 1
0.59 230.31 1
0.6 229.12 1
0.61 229.09 1
0.62 228.11 1
0.63 226.95 1
0.64 225.58 1
0.65 224.66 1
0.66 223.71 1
0.67 222.64 1
0.68 222.6 1
0.69 221.84 1
0.7 221.18 1
0.71 220.47 1
0.72 219.86 1
0.73 219.34 1
0.74 218.39 1
0.75 217.39 1
0.76 216.48 1
0.77 215.7 1
0.78 214.66 1
0.79 214.56 1
0.8 214.09 1
0.81 213.87 1
0.82 214.03 1
0.83 213.26 1
0.84 212.39 1
0.85 211.51 1
0.86 210.41 1
0.87 209.6 1
0.88 209.03 1
0.89 208.84 1
0.9 208.26 1
0.91 207.54 1
0.92 207.29 1
0.93 205.61 1
0.94 205.59 1
0.95 204.65 1
0.96 204.64 1
0.97 204.76 1
0.98 204.37 1
0.99 203.7 1
1.0 202.91 1
1.01 202.03 1
1.02 201.11 1
1.03 199.92 1
1.04 198.52 1
1.05 196.9 1
1.06 195.91 1
1.07 195.06 1
1.08 193.84 1
1.09 193.0 1
1.1 192.06 1
1.11 191.28 1
1.12 190.15 1
1.13 188.88 1
1.14 187.89 1
1.15 187.62 1
1.16 187.21 1
1.17 185.71 1
1.18 184.94 1
1.19 185.51 1
1.2 185.38 1
1.21 184.86 1
1.22 184.16 1
1.23 183.73 1
1.24 182.7 1
1.25 181.83 1
1.26 181.88 1
1.27 181.4 1
1.28 182.02 1
1.29 181.63 1
1.3 182.17 1
1.31 182.53 1
1.32 182.92 1
1.33 183.42 1
1.34 183.73 1
1.35 184.14 1
1.36 184.97 1
1.37 184.92 1
1.38 185.63 1
1.39 185.71 1
1.4 185.89 1
1.41 185.59 1
1.42 185.58 1
1.43 185.76 1
1.44 185.67 1
1.45 184.92 1
1.46 185.75 1
1.47 186.36 1
1.48 186.31 1
1.49 184.96 1
1.5 186.82 1
1.51 186.46 1
1.52 186.47 1
1.53 185.72 1
1.54 186.59 1
1.55 186.2 1
1.56 185.69 1
1.57 184.19 1
1.58 185.56 1
1.59 185.77 1
1.6 184.92 1
1.61 185.54 1
1.62 185.34 1
1.63 184.92 1
1.64 184.9 1
1.65 185.08 1
1.66 185.04 1
1.67 184.91 1
1.68 184.8 1
1.69 185.27 1
1.7 185.05 1
1.71 184.49 1
1.72 185.03 1
1.73 185.04 1
1.74 185.27 1
1.75 184.91 1
1.76 184.66 1
1.77 184.51 1
1.78 184.25 1
1.79 184.62 1
1.8 184.78 1
1.81 184.86 1
1.82 185.22 1
1.83 186.07 1
1.84 185.69 1
1.85 186.3 1
1.86 185.99 1
1.87 186.26 1
1.88 184.93 1
1.89 185.86 1
1.9 184.92 1
1.91 185.38 1
1.92 184.69 1
1.93 184.42 1
1.94 184.02 1
1.95 183.84 1
1.96 184.38 1
1.97 184.92 1
1.98 184.82 1
1.99 185.26 1
2.0 185.57 1
2.01 185.54 1
2.02 185.7 1
2.03 185.98 1
2.04 186.43 1
2.05 185.7 1
2.06 185.69 1
2.07 185.53 1
2.08 185.34 1
2.09 184.75 1
2.1 184.7 1
2.11 184.97 1
2.12 184.8 1
2.13 184.91 1
2.14 184.91 1
2.15 184.15 1
2.16 184.05 1
2.17 184.1 1
2.18 184.35 1
2.19 184.68 1
2.2 185.68 1
2.21 186.47 1
2.22 185.73 1
2.23 187.26 1
2.24 187.27 1
2.25 187.27 1
2.26 187.06 1
2.27 186.44 1
2.28 185.91 1
2.29 184.81 1
2.3 184.14 1
2.31 184.17 1
2.32 183.83 1
2.33 184.05 1
2.34 184.69 1
2.35 184.92 1
2.36 186.47 1
2.37 186.5 1
2.38 188.26 1
2.39 188.65 1
2.4 187.29 1
2.41 187.15 1
2.42 184.93 1
2.43 184.39 1
2.44 183.55 1
2.45 183.16 1
2.46 183.48 1
2.47 184.92 1
2.48 185.69 1
2.49 186.48 1
2.5 186.5 1
2.51 185.73 1
2.52 185.7 1
2.53 185.69 1
2.54 185.69 1
2.55 185.7 1
2.56 185.7 1
2.57 179.72 1
2.58 181.87 1
2.59 180.35 1
2.6 180.37 1
2.61 178.86 1
2.62 182.98 1
2.63 178.74 1
2.64 171.26 1
2.65 177.27 1
2.66 176.07 1
2.67 178.2 1
2.68 178.9 1
2.69 180.3 1
2.7 287.37 1
2.71 276.92 1
2.72 229.09 1
2.73 206.61 1
2.74 207.23 1
2.75 207.58 1
2.76 207.53 1
2.77 208.75 1
2.78 208.82 1
2.79 207.54 1
2.8 207.89 1
2.81 208.51 1
2.82 208.39 1
2.83 207.53 1
2.84 207.24 1
2.85 206.56 1
2.86 206.17 1
2.87 206.56 1
2.88 206.56 1
2.89 205.61 1
2.9 207.04 1
2.91 206.56 1
2.92 205.6 1
2.93 206.48 1
2.94 206.23 1
2.95 205.6 1
2.96 206.56 1
2.97 205.6 1
2.98 206.56 1
2.99 206.79 1
3.0 205.61 1
3.01 206.56 1
3.02 206.59 1
3.03 207.57 1
3.04 209.51 1
3.05 210.13 1
3.06 207.54 1
3.07 205.31 1
3.08 214.35 1
3.09 211.51 1
3.1 209.99 1
3.11 211.52 1
3.12 211.21 1
3.13 209.92 1
3.14 210.15 1
3.15 212.62 1
3.16 210.37 1
3.17 210.38 1
3.18 210.7 1
3.19 211.03 1
3.2 210.29 1
3.21 209.89 1
3.22 209.82 1
3.23 209.7 1
3.24 208.94 1
3.25 208.6 1
3.26 208.96 1
3.27 208.51 1
3.28 208.76 1
3.29 208.36 1
3.3 207.93 1
3.31 207.18 1
3.32 207.59 1
3.33 208.06 1
3.34 208.31 1
3.35 208.9 1
3.36 209.77 1
3.37 209.7 1
3.38 209.94 1
3.39 209.98 1
3.4 210.01 1
3.41 209.27 1
3.42 209.11 1
3.43 209.33 1
3.44 209.61 1
3.45 209.07 1
3.46 208.67 1
3.47 208.13 1
3.48 207.17 1
3.49 206.3 1
3.5 205.62 1
3.51 204.75 1
3.52 204.52 1
3.53 205.16 1
3.54 206.13 1
3.55 206.91 1
3.56 211.21 1
3.57 214.84 1
3.58 218.3 1
3.59 223.71 1
3.6 229.53 1
3.61 234.89 1
3.62 238.64 1
3.63 240.33 1
3.64 244.37 1
3.65 248.42 1
3.66 260.6 1
3.67 257.15 1
3.68 258.33 1
3.69 259.97 1
3.7 260.14 1
3.71 258.66 1
3.72 257.1 1
3.73 255.01 1
3.74 251.7 1
3.75 248.42 1
3.76 248.6 1
3.77 245.68 1
3.78 244.3 1
3.79 241.62 1
3.8 238.21 1
3.81 234.84 1
3.82 229.14 1
3.83 227.57 1
3.84 224.71 1
3.85 219.52 1
3.86 215.81 1
3.87 211.17 1
3.88 205.6 1
3.89 202.26 1
3.9 197.16 1
3.91 195.56 1
3.92 192.35 1
3.93 190.66 1
3.94 187.28 1
3.95 187.27 1
3.96 185.7 1
3.97 184.14 1
3.98 182.68 1
3.99 182.31 1
4.0 182.01 1
4.01 181.71 1
4.02 181.51 1
4.03 173.97 1
4.04 167.37 1
4.05 176.76 1
4.06 168.0 1
4.07 161.22 1
4.08 170.62 1
4.09 166.72 1
4.1 164.24 1
4.11 168.64 1
4.12 0.0 1
4.13 0.0 1
4.14 0.0 1
4.15 278.05 1
4.16 210.19 1
4.17 202.08 1
4.18 202.1 1
4.19 201.47 1
4.2 202.44 1
4.21 202.92 1
4.22 204.02 1
4.23 204.73 1
4.24 205.6 1
4.25 206.56 1
4.26 207.44 1
4.27 208.34 1
4.28 210.12 1
4.29 211.4 1
4.3 211.43 1
4.31 211.79 1
4.32 211.38 1
4.33 211.28 1
4.34 210.46 1
4.35 210.25 1
4.36 210.99 1
4.37 211.16 1
4.38 211.59 1
4.39 211.65 1
4.4 211.72 1
4.41 212.26 1
4.42 212.64 1
4.43 211.95 1
4.44 211.75 1
4.45 211.52 1
4.46 211.57 1
4.47 211.62 1
4.48 211.48 1
4.49 210.52 1
4.5 212.1 1
4.51 211.43 1
4.52 209.51 1
4.53 205.59 1
4.54 157.78 1
4.55 178.91 1
4.56 192.76 1
4.57 192.54 1
4.58 204.59 1
4.59 204.64 1
4.6 208.35 1
4.61 216.61 1
4.62 211.59 1
4.63 205.39 1
4.64 212.67 1
4.65 211.67 1
4.66 211.41 1
4.67 211.71 1
4.68 211.34 1
4.69 211.69 1
4.7 212.01 1
4.71 209.52 1
4.72 211.51 1
4.73 211.05 1
4.74 209.96 1
4.75 208.4 1
4.76 207.23 1
4.77 206.13 1
4.78 204.28 1
4.79 203.53 1
4.8 200.53 1
4.81 197.32 1
4.82 198.5 1
4.83 197.3 1
4.84 196.1 1
4.85 194.7 1
4.86 191.24 1
4.87 190.8 1
4.88 188.5 1
4.89 186.28 1
4.9 185.38 1
4.91 183.46 1
4.92 180.58 1
4.93 177.6 1
4.94 176.33 1
4.95 173.11 1
4.96 170.87 1
4.97 168.83 1
4.98 167.09 1
4.99 164.78 1
5.0 163.8 1
5.01 163.42 1
5.02 162.43 1
5.03 159.69 1
5.04 156.67 1
5.05 156.64 1
5.06 156.19 1
5.07 155.13 1
5.08 154.72 1
5.09 153.22 1
5.1 152.33 1
5.11 150.79 1
5.12 142.49 1
5.13 154.98 1
5.14 134.25 1
5.15 138.77 1
5.16 160.07 1
5.17 137.17 1
5.18 156.11 1
5.19 156.66 1
5.2 159.02 1
5.21 160.65 1
5.22 159.49 1
5.23 155.99 1
5.24 155.52 1
5.25 155.19 1
5.26 154.87 1
5.27 154.93 1
5.28 155.06 1
5.29 154.61 1
5.3 154.27 1
5.31 153.46 1
5.32 153.3 1
5.33 152.96 1
5.34 153.53 1
5.35 153.56 1
5.36 154.35 1
5.37 154.69 1
5.38 155.38 1
5.39 155.94 1
5.4 156.26 1
5.41 156.43 1
5.42 155.57 1
5.43 156.14 1
5.44 155.86 1
5.45 154.94 1
5.46 155.18 1
5.47 155.56 1
5.48 156.7 1
5.49 159.87 1
5.5 162.44 1
5.51 165.49 1
5.52 166.76 1
5.53 168.99 1
5.54 169.29 1
5.55 168.4 1
5.56 166.09 1
5.57 161.64 1
5.58 126.91 1
5.59 163.69 1
5.6 157.62 1
5.61 149.76 1
5.62 149.62 1
5.63 149.23 1
5.64 149.97 1
5.65 151.9 1
5.66 153.77 1
5.67 153.42 1
5.68 153.72 1
5.69 153.67 1
5.7 153.53 1
5.71 153.55 1
5.72 153.07 1
5.73 153.38 1
5.74 153.19 1
5.75 151.05 1
5.76 149.97 1
5.77 146.76 1
5.78 0.0 1
5.79 0.0 1
5.8 0.0 1
5.81 0.0 1
5.82 0.0 1
5.83 0.0 1
5.84 0.0 1
5.85 0.0 1
5.86 0.0 1
5.87 0.0 1
5.88 0.0 1
5.89 0.0 1
5.9 0.0 1
5.91 0.0 1
5.92 0.0 1
5.93 0.0 1
5.94 0.0 1
5.95 0.0 1
5.96 0.0 1
5.97 0.0 1
5.98 0.0 1
5.99 0.0 1
6.0 0.0 1
6.01 0.0 1
6.02 0.0 1
6.03 0.0 1
6.04 0.0 1
6.05 69.4 1
6.06 69.26 1
6.07 69.07 1
6.08 69.39 1
6.09 69.18 1
6.1 69.37 1
6.11 69.25 1
6.12 69.17 1
6.13 69.29 1
6.14 69.28 1
6.15 69.18 1
6.16 69.39 1
6.17 70.95 1
6.18 73.44 1
6.19 158.35 1
6.2 151.28 1
6.21 150.2 1
6.22 154.15 1
6.23 154.38 1
6.24 155.46 1
6.25 155.58 1
6.26 153.9 1
6.27 154.14 1
6.28 154.36 1
6.29 154.1 1
6.3 154.7 1
6.31 154.83 1
6.32 154.47 1
6.33 154.79 1
6.34 154.32 1
6.35 153.8 1
6.36 152.99 1
6.37 152.51 1
6.38 152.25 1
6.39 152.35 1
6.4 153.34 1
6.41 154.18 1
6.42 155.02 1
6.43 155.73 1
6.44 155.71 1
6.45 156.13 1
6.46 155.65 1
6.47 155.56 1
6.48 155.43 1
6.49 155.39 1
6.5 154.72 1
6.51 150.66 1
6.52 144.37 1
6.53 147.74 1
6.54 142.49 1
6.55 142.35 1
6.56 145.19 1
6.57 142.03 1
6.58 145.79 1
6.59 142.5 1
6.6 152.84 1
6.61 153.92 1
6.62 159.71 1
6.63 160.07 1
6.64 159.71 1
6.65 157.42 1
6.66 156.22 1
6.67 155.97 1
6.68 155.02 1
6.69 155.24 1
6.7 155.74 1
6.71 155.55 1
6.72 156.09 1
6.73 156.47 1
6.74 157.02 1
6.75 157.23 1
6.76 157.23 1
6.77 158.34 1
6.78 158.26 1
6.79 157.79 1
6.8 157.53 1
6.81 157.58 1
6.82 156.37 1
6.83 156.33 1
6.84 155.77 1
6.85 155.59 1
6.86 154.9 1
6.87 154.67 1
6.88 154.55 1
6.89 155.41 1
6.9 157.79 1
6.91 159.62 1
6.92 161.24 1
6.93 163.01 1
6.94 164.09 1
6.95 165.04 1
6.96 164.99 1
6.97 164.43 1
6.98 164.16 1
6.99 163.51 1
7.0 162.3 1
7.01 157.23 1
7.02 161.84 1
7.03 161.52 1
7.04 155.01 1
7.05 160.07 1
7.06 157.23 1
7.07 152.92 1
7.08 146.27 1
7.09 151.91 1
7.1 153.8 1
7.11 156.45 1
7.12 158.75 1
7.13 158.84 1
7.14 158.92 1
7.15 159.93 1
7.16 159.75 1
7.17 158.93 1
7.18 158.79 1
7.19 158.14 1
7.2 157.77 1
7.21 157.79 1
7.22 158.19 1
7.23 156.94 1
7.24 157.41 1
7.25 156.13 1
7.26 155.53 1
7.27 154.58 1
7.28 154.46 1
7.29 154.39 1
7.3 154.94 1
7.31 155.05 1
7.32 155.79 1
7.33 155.87 1
7.34 156.08 1
7.35 156.67 1
7.36 156.58 1
7.37 148.73 1
7.38 147.77 1
7.39 0.0 1
7.4 0.0 1
7.41 0.0 1
7.42 0.0 1
7.43 0.0 1
7.44 0.0 1
7.45 0.0 1
7.46 0.0 1
7.47 0.0 1
7.48 0.0 1
7.49 0.0 1
7.5 0.0 1
7.51 0.0 1
7.52 0.0 1
7.53 0.0 1
7.54 188.34 1
7.55 164.87 1
7.56 168.27 1
7.57 168.27 1
7.58 168.5 1
7.59 168.93 1
7.6 166.75 1
7.61 164.76 1
7.62 164.48 1
7.63 163.18 1
7.64 162.49 1
7.65 160.53 1
7.66 160.53 1
7.67 159.12 1
7.68 158.34 1
7.69 157.04 1
7.7 156.54 1
7.71 156.32 1
7.72 156.3 1
7.73 156.11 1
7.74 155.68 1
7.75 155.16 1
7.76 153.41 1
7.77 153.0 1
7.78 152.64 1
7.79 151.65 1
7.8 152.41 1
7.81 152.57 1
7.82 152.6 1
7.83 153.0 1
7.84 153.8 1
7.85 153.37 1
7.86 152.83 1
7.87 151.9 1
7.88 151.29 1
7.89 151.42 1
7.9 151.57 1
7.91 151.65 1
7.92 153.11 1
7.93 153.84 1
7.94 155.49 1
7.95 157.7 1
7.96 159.38 1
7.97 160.08 1
7.98 161.24 1
7.99 161.76 1
8.0 163.01 1
8.01 162.94 1
8.02 162.53 1
8.03 162.41 1
8.04 160.23 1
8.05 159.29 1
8.06 158.36 1
8.07 158.36 1
8.08 158.21 1
8.09 158.36 1
8.1 159.82 1
8.11 159.16 1
8.12 158.35 1
8.13 157.49 1
8.14 156.44 1
8.15 155.72 1
8.16 154.56 1
8.17 154.21 1
8.18 152.97 1
8.19 152.49 1
8.2 151.28 1
8.21 150.77 1
8.22 150.06 1
8.23 149.74 1
8.24 148.58 1
8.25 148.74 1
8.26 147.74 1
8.27 148.88 1
8.28 150.23 1
8.29 148.25 1
8.3 147.49 1
8.31 147.46 1
8.32 145.12 1
8.33 144.34 1
8.34 143.84 1
8.35 143.97 1
8.36 144.15 1
8.37 143.9 1
8.38 143.91 1
8.39 143.67 1
8.4 143.59 1
8.41 143.42 1
8.42 143.18 1
8.43 142.45 1
8.44 141.94 1
8.45 141.22 1
8.46 140.6 1
8.47 140.02 1
8.48 139.32 1
8.49 138.8 1
8.5 137.62 1
8.51 138.07 1
8.52 137.17 1
8.53 136.77 1
8.54 137.75 1
8.55 138.25 1
8.56 138.75 1
8.57 139.11 1
8.58 139.41 1
8.59 139.83 1
8.6 139.7 1
8.61 140.02 1
8.62 139.5 1
8.63 139.25 1
8.64 139.0 1
8.65 139.26 1
8.66 139.87 1
8.67 140.22 1
8.68 140.65 1
8.69 139.91 1
8.7 139.96 1
8.71 140.26 1
8.72 139.72 1
8.73 140.0 1
8.74 139.97 1
8.75 139.46 1
8.76 139.23 1
8.77 139.12 1
8.78 139.55 1
8.79 139.72 1
8.8 139.76 1
8.81 139.76 1
8.82 140.34 1
8.83 140.53 1
8.84 140.13 1
8.85 140.02 1
8.86 139.5 1
8.87 138.48 1
8.88 139.33 1
8.89 139.28 1
8.9 139.02 1
8.91 139.28 1
8.92 138.67 1
8.93 138.32 1
8.94 138.66 1
8.95 138.82 1
8.96 138.23 1
8.97 138.49 1
8.98 138.45 1
8.99 138.49 1
9.0 138.48 1
9.01 138.49 1
9.02 138.17 1
9.03 138.31 1
9.04 137.18 1
9.05 137.08 1
9.06 136.64 1
9.07 136.33 1
9.08 136.7 1
9.09 136.39 1
9.1 136.76 1
9.11 136.34 1
9.12 136.45 1
9.13 137.18 1
9.14 137.18 1
9.15 137.6 1
9.16 138.68 1
9.17 138.93 1
9.18 138.89 1
9.19 138.41 1
9.2 139.13 1
9.21 139.83 1
9.22 139.93 1
9.23 140.3 1
9.24 139.96 1
9.25 140.18 1
9.26 139.96 1
9.27 140.24 1
9.28 139.46 1
9.29 138.74 1
9.3 138.74 1
9.31 138.53 1
9.32 138.75 1
9.33 136.33 1
9.34 129.5 1
9.35 144.35 1
9.36 139.37 1
9.37 132.23 1
9.38 139.34 1
9.39 69.23 1
9.4 69.24 1
9.41 69.5 1
9.42 69.35 1
9.43 69.71 1
9.44 69.19 1
9.45 69.29 1
9.46 68.55 1
9.47 69.16 1
9.48 69.28 1
9.49 69.07 1
9.5 69.33 1
9.51 69.24 1
9.52 69.14 1
9.53 69.6 1
9.54 69.19 1
9.55 69.18 1
9.56 69.29 1
9.57 69.16 1
9.58 69.91 1
9.59 68.57 1
9.6 69.2 1
9.61 71.86 1
9.62 69.19 1
9.63 69.5 1
9.64 70.97 1
9.65 68.65 1
9.66 69.33 1
9.67 69.17 1
9.68 68.97 1
9.69 69.33 1
9.7 69.17 1
9.71 68.96 1
9.72 69.27 1
9.73 69.33 1
9.74 68.85 1
9.75 69.39 1
9.76 69.13 1
9.77 69.11 1
9.78 69.33 1
9.79 69.31 1
9.8 69.18 1
9.81 69.29 1
9.82 69.27 1
9.83 69.18 1
9.84 69.33 1
9.85 69.24 1
9.86 68.86 1
9.87 69.35 1
9.88 69.07 1
9.89 68.97 1
9.9 69.39 1
9.91 69.04 1
9.92 69.35 1
9.93 69.34 1
9.94 69.13 1
9.95 69.37 1
9.96 69.33 1
9.97 68.85 1
9.98 69.25 1
9.99 69.39 1
10.0 68.64 1
10.01 69.15 1
10.02 69.02 1
10.03 68.9 1
10.04 69.28 1
10.05 69.27 1
10.06 69.29 1
10.07 69.48 1
10.08 69.12 1
10.09 69.13 1
10.1 69.37 1
10.11 69.2 1
10.12 69.3 1
10.13 69.32 1
10.14 69.19 1
10.15 69.29 1
10.16 69.35 1
10.17 69.18 1
10.18 69.39 1
10.19 69.52 1
10.2 69.14 1
10.21 65.67 1
10.22 71.48 1
10.23 94.74 1
10.24 97.25 1
10.25 92.16 1
10.26 93.68 1
10.27 99.44 1
10.28 94.94 1
10.29 91.83 1
10.3 92.66 1
10.31 98.11 1
10.32 94.96 1
10.33 97.36 1
10.34 95.98 1
10.35 99.34 1
10.36 104.14 1
10.37 110.38 1
10.38 114.09 1
10.39 116.22 1
10.4 120.68 1
10.41 125.0 1
10.42 134.71 1
10.43 135.07 1
10.44 139.33 1
10.45 139.93 1
10.46 141.11 1
10.47 141.6 1
10.48 142.07 1
10.49 141.39 1
10.5 138.35 1
10.51 135.07 1
10.52 131.43 1
10.53 128.74 1
10.54 122.03 1
10.55 119.04 1
10.56 115.89 1
10.57 112.65 1
10.58 110.59 1
10.59 107.16 1
10.6 105.65 1
10.61 103.72 1
10.62 98.99 1
10.63 98.82 1
10.64 94.53 1
10.65 0.0 1
10.66 0.0 1
10.67 0.0 1
10.68 0.0 1
10.69 0.0 1
10.7 0.0 1
10.71 0.0 1
10.72 0.0 1
10.73 0.0 1
10.74 0.0 1
10.75 0.0 1
10.76 138.36 1
10.77 140.65 1
10.78 141.1 1
10.79 138.77 1
10.8 138.36 1
10.81 139.33 1
10.82 138.07 1
10.83 137.74 1
10.84 138.33 1
10.85 139.32 1
10.86 138.14 1
10.87 138.11 1
10.88 136.77 1
10.89 136.62 1
10.9 135.94 1
10.91 135.91 1
10.92 134.68 1
10.93 135.3 1
10.94 136.33 1
10.95 136.32 1
10.96 136.9 1
10.97 136.61 1
10.98 136.93 1
10.99 135.52 1
11.0 136.33 1
11.01 136.59 1
11.02 136.75 1
11.03 136.77 1
11.04 137.74 1
11.05 136.35 1
11.06 136.75 1
11.07 135.1 1
11.08 134.7 1
11.09 134.28 1
11.1 134.17 1
11.11 133.04 1
11.12 112.33 1
11.13 123.36 1
11.14 121.33 1
11.15 125.82 1
11.16 132.24 1
11.17 140.22 1
11.18 141.57 1
11.19 139.77 1
11.2 144.83 1
11.21 147.73 1
11.22 148.25 1
11.23 153.38 1
11.24 152.27 1
11.25 152.35 1
11.26 152.86 1
11.27 152.75 1
11.28 152.92 1
11.29 152.68 1
11.3 152.73 1
11.31 152.83 1
11.32 153.35 1
11.33 154.8 1
11.34 154.98 1
11.35 155.24 1
11.36 155.38 1
11.37 155.43 1
11.38 155.71 1
11.39 155.85 1
11.4 155.43 1
11.41 155.57 1
11.42 155.58 1
11.43 155.18 1
11.44 155.18 1
11.45 154.62 1
11.46 154.68 1
11.47 155.18 1
11.48 155.11 1
11.49 154.8 1
11.5 154.46 1
11.51 155.01 1
11.52 155.56 1
11.53 146.27 1
11.54 156.93 1
11.55 155.03 1
11.56 157.22 1
11.57 149.24 1
11.58 157.79 1
11.59 160.64 1
11.6 155.78 1
11.61 155.01 1
11.62 155.49 1
11.63 159.49 1
11.64 159.07 1
11.65 157.95 1
11.66 155.64 1
11.67 154.64 1
11.68 154.35 1
11.69 154.25 1
11.7 154.56 1
11.71 154.44 1
11.72 154.66 1
11.73 154.92 1
11.74 155.33 1
11.75 155.69 1
11.76 155.07 1
11.77 155.3 1
11.78 154.66 1
11.79 154.72 1
11.8 154.29 1
11.81 154.2 1
11.82 154.25 1
11.83 153.29 1
11.84 152.69 1
11.85 152.22 1
11.86 152.35 1
11.87 152.59 1
11.88 153.41 1
11.89 155.95 1
11.9 158.92 1
11.91 161.39 1
11.92 164.13 1
11.93 167.0 1
11.94 168.08 1
11.95 168.19 1
11.96 170.61 1
11.97 171.25 1
11.98 168.65 1
11.99 162.85 1
12.0 158.52 1
12.01 166.85 1
12.02 161.22 1
12.03 151.35 1
12.04 146.27 1
12.05 148.73 1
12.06 148.24 1
12.07 151.81 1
12.08 154.88 1
12.09 156.79 1
12.1 158.04 1
12.11 157.93 1
12.12 156.35 1
12.13 156.41 1
12.14 156.78 1
12.15 156.82 1
12.16 156.61 1
12.17 156.48 1
12.18 156.43 1
12.19 156.3 1
12.2 156.05 1
12.21 155.35 1
12.22 154.68 1
12.23 153.78 1
12.24 153.05 1
12.25 153.39 1
12.26 154.16 1
12.27 154.66 1
12.28 155.07 1
12.29 155.42 1
12.3 155.99 1
12.31 156.61 1
12.32 156.67 1
12.33 158.53 1
12.34 159.53 1
12.35 159.47 1
12.36 156.68 1
12.37 155.59 1
12.38 148.98 1
12.39 144.83 1
12.4 0.0 1
12.41 0.0 1
12.42 0.0 1
12.43 0.0 1
12.44 0.0 1
12.45 0.0 1
12.46 0.0 1
12.47 0.0 1
12.48 0.0 1
12.49 0.0 1
12.5 0.0 1
12.51 0.0 1
12.52 0.0 1
12.53 145.31 1
12.54 141.12 1
12.55 140.64 1
12.56 138.02 1
12.57 136.39 1
12.58 136.11 1
12.59 136.34 1
12.6 136.2 1
12.61 137.06 1
12.62 138.07 1
12.63 137.72 1
12.64 138.03 1
12.65 138.27 1
12.66 138.13 1
12.67 138.42 1
12.68 138.97 1
12.69 139.0 1
12.7 139.15 1
12.71 139.02 1
12.72 137.95 1
12.73 137.17 1
12.74 137.03 1
12.75 136.91 1
12.76 137.42 1
12.77 137.56 1
12.78 137.6 1
12.79 137.57 1
12.8 137.82 1
12.81 138.03 1
12.82 138.47 1
12.83 138.37 1
12.84 137.61 1
12.85 138.27 1
12.86 138.03 1
12.87 138.04 1
12.88 138.03 1
12.89 138.05 1
12.9 137.2 1
12.91 139.67 1
12.92 139.8 1
12.93 127.27 1
12.94 134.67 1
12.95 141.57 1
12.96 142.48 1
12.97 137.05 1
12.98 146.27 1
12.99 154.73 1
13.0 158.49 1
13.01 158.93 1
13.02 160.65 1
13.03 163.4 1
13.04 163.21 1
13.05 157.86 1
13.06 154.41 1
13.07 152.82 1
13.08 151.54 1
13.09 151.29 1
13.1 151.16 1
13.11 151.85 1
13.12 154.1 1
13.13 156.18 1
13.14 159.38 1
13.15 162.13 1
13.16 164.5 1
13.17 166.64 1
13.18 167.49 1
13.19 167.05 1
13.2 165.32 1
13.21 163.03 1
13.22 160.08 1
13.23 156.87 1
13.24 154.47 1
13.25 153.61 1
13.26 152.81 1
13.27 152.71 1
13.28 152.69 1
13.29 153.65 1
13.3 154.37 1
13.31 155.55 1
13.32 157.03 1
13.33 158.71 1
13.34 160.65 1
13.35 162.41 1
13.36 147.74 1
13.37 170.91 1
13.38 171.93 1
13.39 180.25 1
13.4 182.17 1
13.41 186.09 1
13.42 184.6 1
13.43 182.82 1
13.44 181.33 1
13.45 153.07 1
13.46 172.18 1
13.47 165.4 1
13.48 162.99 1
13.49 160.56 1
13.5 158.92 1
13.51 156.6 1
13.52 155.87 1
13.53 154.96 1
13.54 153.64 1
13.55 153.53 1
13.56 152.7 1
13.57 152.62 1
13.58 152.85 1
13.59 153.66 1
13.6 155.96 1
13.61 159.73 1
13.62 168.63 1
13.63 179.04 1
13.64 185.86 1
13.65 196.56 1
13.66 201.8 1
13.67 207.53 1
13.68 210.4 1
13.69 213.06 1
13.7 213.4 1
13.71 213.35 1
13.72 211.96 1
13.73 208.17 1
13.74 204.71 1
13.75 196.89 1
13.76 186.48 1
13.77 178.71 1
13.78 173.96 1
13.79 168.03 1
13.8 165.08 1
13.81 164.06 1
13.82 160.07 1
13.83 0.0 1
13.84 0.0 1
13.85 0.0 1
13.86 0.0 1
13.87 0.0 1
13.88 0.0 1
13.89 0.0 1
13.9 0.0 1
13.91 0.0 1
13.92 0.0 1
13.93 195.56 1
13.94 207.57 1
13.95 205.59 1
13.96 205.98 1
13.97 206.25 1
13.98 206.56 1
13.99 207.42 1
14.0 206.56 1
14.01 205.99 1
14.02 205.47 1
14.03 204.65 1
14.04 205.54 1
14.05 204.65 1
14.06 205.6 1
14.07 206.43 1
14.08 205.6 1
14.09 204.65 1
14.1 204.64 1
14.11 204.36 1
14.12 204.56 1
14.13 203.7 1
14.14 203.97 1
14.15 204.59 1
14.16 203.72 1
14.17 206.23 1
14.18 206.25 1
14.19 204.66 1
14.2 205.41 1
14.21 204.66 1
14.22 205.61 1
14.23 205.61 1
14.24 205.61 1
14.25 206.57 1
14.26 205.61 1
14.27 204.66 1
14.28 205.61 1
14.29 208.52 1
14.3 207.55 1
14.31 200.92 1
14.32 213.21 1
14.33 211.51 1
14.34 209.0 1
14.35 210.34 1
14.36 210.09 1
14.37 209.5 1
14.38 211.51 1
14.39 213.08 1
14.4 210.95 1
14.41 207.54 1
14.42 209.92 1
14.43 209.5 1
14.44 207.54 1
14.45 208.55 1
14.46 208.39 1
14.47 206.56 1
14.48 206.08 1
14.49 204.98 1
14.5 203.43 1
14.51 203.04 1
14.52 203.55 1
14.53 205.79 1
14.54 210.44 1
14.55 216.0 1
14.56 221.81 1
14.57 226.74 1
14.58 231.51 1
14.59 238.28 1
14.6 242.78 1
14.61 246.47 1
14.62 249.83 1
14.63 251.1 1
14.64 251.76 1
14.65 250.97 1
14.66 248.44 1
14.67 246.4 1
14.68 242.79 1
14.69 240.54 1
14.7 237.27 1
14.71 235.27 1
14.72 232.65 1
14.73 230.97 1
14.74 229.53 1
14.75 229.41 1
14.76 229.1 1
14.77 231.94 1
14.78 235.26 1
14.79 240.04 1
14.8 244.59 1
14.81 250.86 1
14.82 256.6 1
14.83 261.71 1
14.84 264.86 1
14.85 265.78 1
14.86 261.94 1
14.87 253.85 1
14.88 207.01 1
14.89 186.56 1
14.9 192.16 1
14.91 191.58 1
