0.01 203.68 1
0.02 251.29 1
0.03 209.16 1
0.04 209.42 1
0.05 207.6 1
0.06 203.7 1
0.07 204.65 1
0.08 206.44 1
0.09 206.56 1
0.1 206.56 1
0.11 208.49 1
0.12 208.51 1
0.13 209.06 1
0.14 210.03 1
0.15 208.51 1
0.16 208.51 1
0.17 209.48 1
0.18 210.34 1
0.19 210.2 1
0.2 210.43 1
0.21 210.28 1
0.22 210.75 1
0.23 211.05 1
0.24 210.63 1
0.25 211.06 1
0.26 211.04 1
0.27 211.59 1
0.28 211.94 1
0.29 211.56 1
0.3 211.63 1
0.31 211.52 1
0.32 211.53 1
0.33 211.42 1
0.34 211.48 1
0.35 210.95 1
0.36 207.14 1
0.37 206.56 1
0.38 207.53 1
0.39 205.59 1
0.4 205.6 1
0.41 206.85 1
0.42 207.79 1
0.43 222.71 1
0.44 214.6 1
0.45 210.17 1
0.46 209.47 1
0.47 208.51 1
0.48 207.53 1
0.49 208.56 1
0.5 208.4 1
0.51 208.2 1
0.52 207.54 1
0.53 208.2 1
0.54 207.53 1
0.55 207.87 1
0.56 207.53 1
0.57 207.17 1
0.58 207.24 1
0.59 207.53 1
0.6 207.53 1
0.61 207.48 1
0.62 207.53 1
0.63 207.59 1
0.64 207.5 1
0.65 207.53 1
0.66 207.51 1
0.67 207.45 1
0.68 207.49 1
0.69 207.44 1
0.7 206.56 1
0.71 206.56 1
0.72 205.76 1
0.73 204.08 1
0.74 201.79 1
0.75 198.81 1
0.76 195.91 1
0.77 188.87 1
0.78 181.9 1
0.79 173.98 1
0.8 167.3 1
0.81 163.06 1
0.82 161.83 1
0.83 162.11 1
0.84 163.2 1
0.85 163.83 1
0.86 158.35 1
0.87 157.79 1
0.88 173.14 1
0.89 173.85 1
0.9 175.35 1
0.91 180.05 1
0.92 189.49 1
0.93 183.99 1
0.94 191.37 1
0.95 196.39 1
0.96 199.1 1
0.97 202.76 1
0.98 206.21 1
0.99 207.53 1
1.0 208.25 1
1.01 208.57 1
1.02 208.7 1
1.03 207.53 1
1.04 208.74 1
1.05 208.61 1
1.06 207.79 1
1.07 206.75 1
1.08 205.7 1
1.09 203.07 1
1.1 199.91 1
1.11 193.01 1
1.12 189.26 1
1.13 185.28 1
1.14 180.86 1
1.15 178.01 1
1.16 175.1 1
1.17 173.48 1
1.18 172.65 1
1.19 172.11 1
1.2 172.61 1
1.21 175.56 1
1.22 178.44 1
1.23 182.4 1
1.24 187.89 1
1.25 191.22 1
1.26 195.36 1
1.27 201.59 1
1.28 213.37 1
1.29 218.46 1
1.3 221.42 1
1.31 208.51 1
1.32 209.27 1
1.33 214.6 1
1.34 239.58 1
1.35 241.64 1
1.36 241.38 1
1.37 240.6 1
1.38 242.2 1
1.39 241.99 1
1.4 244.06 1
1.41 244.28 1
1.42 245.27 1
1.43 246.12 1
1.44 245.82 1
1.45 245.45 1
1.46 245.18 1
1.47 244.36 1
1.48 243.95 1
1.49 243.4 1
1.5 242.3 1
1.51 241.17 1
1.52 239.72 1
1.53 237.72 1
1.54 235.77 1
1.55 232.74 1
1.56 230.3 1
1.57 227.92 1
1.58 225.31 1
1.59 222.36 1
1.6 216.99 1
1.61 214.72 1
1.62 211.17 1
1.63 206.57 1
1.64 206.56 1
1.65 204.65 1
1.66 204.16 1
1.67 203.7 1
1.68 203.7 1
1.69 203.7 1
1.7 204.64 1
1.71 204.65 1
1.72 207.53 1
1.73 205.6 1
1.74 205.6 1
1.75 184.86 1
1.76 172.61 1
1.77 0.0 1
1.78 0.0 1
1.79 0.0 1
1.8 0.0 1
1.81 0.0 1
1.82 0.0 1
1.83 0.0 1
1.84 250.71 1
1.85 221.74 1
1.86 213.26 1
1.87 213.04 1
1.88 212.16 1
1.89 211.62 1
1.9 209.84 1
1.91 206.57 1
1.92 207.53 1
1.93 207.53 1
1.94 207.54 1
1.95 208.51 1
1.96 209.5 1
1.97 210.15 1
1.98 207.56 1
1.99 210.36 1
2.0 211.8 1
2.01 213.15 1
2.02 214.6 1
2.03 217.76 1
2.04 218.85 1
2.05 221.68 1
2.06 224.83 1
2.07 227.92 1
2.08 230.31 1
2.09 232.73 1
2.1 240.53 1
2.11 244.77 1
2.12 248.21 1
2.13 253.72 1
2.14 255.69 1
2.15 260.22 1
2.16 261.78 1
2.17 266.48 1
2.18 271.36 1
2.19 271.83 1
2.2 272.47 1
2.21 273.03 1
2.22 274.09 1
2.23 280.63 1
2.24 285.37 1
2.25 287.96 1
2.26 285.99 1
2.27 264.86 1
2.28 266.47 1
2.29 265.01 1
2.3 254.18 1
2.31 259.0 1
2.32 258.66 1
2.33 276.48 1
2.34 276.15 1
2.35 275.21 1
2.36 273.65 1
2.37 272.61 1
2.38 272.08 1
2.39 272.07 1
2.4 272.55 1
2.41 272.99 1
2.42 272.25 1
2.43 272.11 1
2.44 272.38 1
2.45 271.58 1
2.46 271.41 1
2.47 272.22 1
2.48 272.97 1
2.49 274.11 1
2.5 274.73 1
2.51 275.53 1
2.52 276.21 1
2.53 276.62 1
2.54 275.39 1
2.55 273.91 1
2.56 271.7 1
2.57 267.68 1
2.58 264.99 1
2.59 260.18 1
2.6 254.19 1
2.61 246.0 1
2.62 237.09 1
2.63 225.55 1
2.64 216.81 1
2.65 211.38 1
2.66 210.07 1
2.67 211.91 1
2.68 215.35 1
2.69 219.94 1
2.7 224.88 1
2.71 226.67 1
2.72 227.91 1
2.73 208.88 1
2.74 212.06 1
2.75 272.93 1
2.76 272.18 1
2.77 276.06 1
2.78 278.29 1
2.79 280.88 1
2.8 283.48 1
2.81 283.17 1
2.82 281.56 1
2.83 279.38 1
2.84 274.96 1
2.85 270.37 1
2.86 265.44 1
2.87 260.4 1
2.88 254.2 1
2.89 248.83 1
2.9 244.64 1
2.91 239.21 1
2.92 235.68 1
2.93 230.29 1
2.94 229.87 1
2.95 228.36 1
2.96 227.2 1
2.97 226.51 1
2.98 226.48 1
2.99 227.27 1
3.0 229.09 1
3.01 231.94 1
3.02 237.82 1
3.03 246.47 1
3.04 257.15 1
3.05 270.38 1
3.06 283.06 1
3.07 293.04 1
3.08 307.85 1
3.09 318.04 1
3.1 324.93 1
3.11 329.99 1
3.12 331.06 1
3.13 323.73 1
3.14 313.31 1
3.15 296.97 1
3.16 286.92 1
3.17 0.0 1
3.18 0.0 1
3.19 0.0 1
3.2 0.0 1
3.21 0.0 1
3.22 0.0 1
3.23 0.0 1
3.24 0.0 1
3.25 309.53 1
3.26 283.13 1
3.27 276.48 1
3.28 270.15 1
3.29 266.0 1
3.3 266.37 1
3.31 267.68 1
3.32 271.33 1
3.33 273.03 1
3.34 275.03 1
3.35 274.77 1
3.36 275.38 1
3.37 278.79 1
3.38 278.22 1
3.39 273.06 1
3.4 263.35 1
3.41 261.93 1
3.42 273.07 1
3.43 276.4 1
3.44 281.74 1
3.45 0.0 1
3.46 0.0 1
3.47 0.0 1
3.48 0.0 1
3.49 0.0 1
3.5 0.0 1
3.51 0.0 1
3.52 0.0 1
3.53 0.0 1
3.54 0.0 1
3.55 0.0 1
3.56 0.0 1
3.57 0.0 1
3.58 0.0 1
3.59 0.0 1
3.6 0.0 1
3.61 0.0 1
3.62 0.0 1
3.63 69.16 1
3.64 69.38 1
3.65 69.04 1
3.66 69.27 1
3.67 69.45 1
3.68 69.15 1
3.69 69.34 1
3.7 69.35 1
3.71 69.26 1
3.72 84.08 1
3.73 164.86 1
3.74 177.85 1
3.75 176.76 1
3.76 156.56 1
3.77 177.47 1
3.78 171.29 1
3.79 177.46 1
3.8 184.9 1
3.81 196.42 1
3.82 196.43 1
3.83 197.31 1
3.84 198.71 1
3.85 200.14 1
3.86 199.88 1
3.87 201.36 1
3.88 201.02 1
3.89 202.25 1
3.9 203.7 1
3.91 204.39 1
3.92 204.65 1
3.93 206.57 1
3.94 207.55 1
3.95 210.51 1
3.96 213.43 1
3.97 214.68 1
3.98 214.82 1
3.99 217.78 1
4.0 219.42 1
4.01 219.91 1
4.02 221.99 1
4.03 225.72 1
4.04 228.39 1
4.05 230.33 1
4.06 236.32 1
4.07 241.77 1
4.08 247.38 1
4.09 254.18 1
4.1 261.76 1
4.11 274.72 1
4.12 281.33 1
4.13 287.93 1
4.14 293.08 1
4.15 299.03 1
4.16 306.06 1
4.17 309.72 1
4.18 311.94 1
4.19 314.54 1
4.2 315.4 1
4.21 322.28 1
4.22 332.36 1
4.23 334.85 1
4.24 330.33 1
4.25 329.4 1
4.26 326.16 1
4.27 322.23 1
4.28 307.36 1
4.29 292.38 1
4.3 322.95 1
4.31 344.39 1
4.32 307.38 1
4.33 291.12 1
4.34 296.65 1
4.35 303.11 1
4.36 299.23 1
4.37 299.57 1
4.38 298.68 1
4.39 298.98 1
4.4 300.95 1
4.41 302.09 1
4.42 301.59 1
4.43 301.18 1
4.44 300.77 1
4.45 301.98 1
4.46 302.59 1
4.47 304.67 1
4.48 306.6 1
4.49 308.2 1
4.5 309.17 1
4.51 309.16 1
4.52 310.12 1
4.53 310.73 1
4.54 310.67 1
4.55 311.3 1
4.56 310.74 1
4.57 309.88 1
4.58 309.53 1
4.59 309.81 1
4.6 311.26 1
4.61 313.19 1
4.62 313.28 1
4.63 305.68 1
4.64 288.37 1
4.65 273.15 1
4.66 0.0 1
4.67 0.0 1
4.68 0.0 1
4.69 0.0 1
4.7 0.0 1
4.71 0.0 1
4.72 0.0 1
4.73 0.0 1
4.74 0.0 1
4.75 268.79 1
4.76 303.12 1
4.77 275.65 1
4.78 271.25 1
4.79 268.48 1
4.8 266.25 1
4.81 267.22 1
4.82 268.49 1
4.83 268.93 1
4.84 269.51 1
4.85 269.6 1
4.86 268.98 1
4.87 269.7 1
4.88 270.03 1
4.89 270.24 1
4.9 271.38 1
4.91 272.59 1
4.92 273.41 1
4.93 273.06 1
4.94 273.06 1
4.95 273.04 1
4.96 272.61 1
4.97 273.05 1
4.98 273.06 1
4.99 276.48 1
5.0 274.75 1
5.01 274.74 1
5.02 274.74 1
5.03 274.76 1
5.04 277.27 1
5.05 277.01 1
5.06 277.46 1
5.07 277.45 1
5.08 276.4 1
5.09 275.33 1
5.1 277.54 1
5.11 278.43 1
5.12 277.09 1
5.13 259.68 1
5.14 258.42 1
5.15 258.2 1
5.16 259.29 1
5.17 260.52 1
5.18 258.66 1
5.19 258.66 1
5.2 268.08 1
5.21 271.74 1
5.22 271.58 1
5.23 269.85 1
5.24 270.28 1
5.25 269.9 1
5.26 269.65 1
5.27 269.76 1
5.28 268.11 1
5.29 270.36 1
5.3 270.49 1
5.31 270.91 1
5.32 271.89 1
5.33 272.78 1
5.34 274.81 1
5.35 275.51 1
5.36 277.28 1
5.37 278.71 1
5.38 278.43 1
5.39 277.38 1
5.4 275.64 1
5.41 273.24 1
5.42 268.96 1
5.43 263.2 1
5.44 254.96 1
5.45 241.53 1
5.46 231.51 1
5.47 216.7 1
5.48 215.09 1
5.49 217.12 1
5.5 220.22 1
5.51 223.65 1
5.52 230.16 1
5.53 237.64 1
5.54 240.82 1
5.55 239.07 1
5.56 232.62 1
5.57 216.89 1
5.58 221.05 1
5.59 225.58 1
5.6 0.0 1
5.61 0.0 1
5.62 0.0 1
5.63 0.0 1
5.64 286.74 1
5.65 269.71 1
5.66 257.21 1
5.67 252.85 1
5.68 242.63 1
5.69 231.5 1
5.7 224.13 1
5.71 221.57 1
5.72 222.03 1
5.73 225.03 1
5.74 229.09 1
5.75 233.68 1
5.76 236.21 1
5.77 244.32 1
5.78 248.24 1
5.79 253.31 1
5.8 255.66 1
5.81 255.72 1
5.82 261.33 1
5.83 260.23 1
5.84 257.19 1
5.85 255.66 1
5.86 250.52 1
5.87 245.09 1
5.88 237.72 1
5.89 230.3 1
5.9 224.63 1
5.91 220.05 1
5.92 214.33 1
5.93 210.85 1
5.94 205.62 1
5.95 206.56 1
5.96 201.54 1
5.97 201.82 1
5.98 203.7 1
5.99 207.3 1
6.0 203.71 1
6.01 202.38 1
6.02 184.14 1
6.03 205.23 1
6.04 200.48 1
6.05 204.51 1
6.06 204.55 1
6.07 205.0 1
6.08 203.46 1
6.09 206.08 1
6.1 207.55 1
6.11 209.29 1
6.12 209.51 1
6.13 210.5 1
6.14 211.09 1
6.15 211.2 1
6.16 211.51 1
6.17 211.93 1
6.18 211.99 1
6.19 211.73 1
6.2 210.93 1
6.21 210.29 1
6.22 210.13 1
6.23 209.53 1
6.24 208.86 1
6.25 209.26 1
6.26 212.05 1
6.27 217.91 1
6.28 225.58 1
6.29 233.96 1
6.3 250.52 1
6.31 254.21 1
6.32 269.69 1
6.33 272.46 1
6.34 276.05 1
6.35 274.4 1
6.36 266.02 1
6.37 250.85 1
6.38 240.3 1
6.39 232.73 1
6.4 213.23 1
6.41 198.33 1
6.42 176.94 1
6.43 0.0 1
6.44 0.0 1
6.45 0.0 1
6.46 0.0 1
6.47 0.0 1
6.48 0.0 1
6.49 0.0 1
6.5 0.0 1
6.51 284.14 1
6.52 275.68 1
6.53 270.71 1
6.54 270.25 1
6.55 269.72 1
6.56 270.07 1
6.57 271.36 1
6.58 271.32 1
6.59 271.8 1
6.6 272.39 1
6.61 271.92 1
6.62 275.07 1
6.63 273.77 1
6.64 274.84 1
6.65 275.71 1
6.66 276.59 1
6.67 276.98 1
6.68 276.74 1
6.69 276.45 1
6.7 276.77 1
6.71 277.47 1
6.72 277.99 1
6.73 277.46 1
6.74 276.69 1
6.75 277.09 1
6.76 277.8 1
6.77 278.36 1
6.78 279.62 1
6.79 281.05 1
6.8 281.47 1
6.81 281.17 1
6.82 280.62 1
6.83 279.91 1
6.84 278.53 1
6.85 276.44 1
6.86 273.21 1
6.87 287.3 1
6.88 281.12 1
6.89 268.09 1
6.9 273.18 1
6.91 323.09 1
6.92 274.76 1
6.93 293.52 1
6.94 306.45 1
6.95 306.2 1
6.96 305.36 1
6.97 308.0 1
6.98 306.78 1
6.99 305.93 1
7.0 306.31 1
7.01 305.71 1
7.02 304.91 1
7.03 304.38 1
7.04 303.66 1
7.05 304.2 1
7.06 303.7 1
7.07 305.4 1
7.08 306.38 1
7.09 307.59 1
7.1 307.67 1
7.11 306.7 1
7.12 307.94 1
7.13 308.99 1
7.14 310.38 1
7.15 311.27 1
7.16 310.09 1
7.17 309.95 1
7.18 309.84 1
7.19 308.87 1
7.2 309.88 1
7.21 310.49 1
7.22 308.68 1
7.23 309.34 1
7.24 308.63 1
7.25 307.14 1
7.26 307.11 1
7.27 306.21 1
7.28 307.59 1
7.29 308.27 1
7.3 305.19 1
7.31 298.99 1
7.32 264.28 1
7.33 231.49 1
7.34 233.95 1
7.35 235.2 1
7.36 243.66 1
7.37 214.18 1
7.38 241.63 1
7.39 307.66 1
7.4 314.01 1
7.41 307.65 1
7.42 305.89 1
7.43 304.11 1
7.44 302.74 1
7.45 299.24 1
7.46 299.28 1
7.47 300.25 1
7.48 301.04 1
7.49 302.53 1
7.5 305.06 1
7.51 306.46 1
7.52 307.02 1
7.53 307.83 1
7.54 307.65 1
7.55 308.09 1
7.56 307.33 1
7.57 307.23 1
7.58 306.81 1
7.59 305.2 1
7.6 301.09 1
7.61 303.1 1
7.62 304.05 1
7.63 305.52 1
7.64 306.08 1
7.65 305.22 1
7.66 306.85 1
7.67 306.59 1
7.68 305.75 1
7.69 304.59 1
7.7 301.09 1
7.71 299.05 1
7.72 299.05 1
7.73 299.06 1
7.74 301.06 1
7.75 303.15 1
7.76 308.15 1
7.77 311.11 1
7.78 314.15 1
7.79 317.43 1
7.8 318.75 1
7.81 320.32 1
7.82 321.31 1
7.83 321.57 1
7.84 321.9 1
7.85 320.7 1
7.86 318.37 1
7.87 315.27 1
7.88 313.86 1
7.89 309.84 1
7.9 308.17 1
7.91 307.25 1
7.92 307.35 1
7.93 307.35 1
7.94 308.12 1
7.95 307.8 1
7.96 305.23 1
7.97 305.2 1
7.98 301.05 1
7.99 295.03 1
8.0 291.16 1
8.01 296.99 1
8.02 302.12 1
8.03 291.16 1
8.04 307.31 1
8.05 324.33 1
8.06 285.3 1
8.07 299.98 1
8.08 325.37 1
8.09 324.02 1
8.1 323.93 1
8.11 324.92 1
8.12 327.21 1
8.13 327.16 1
8.14 327.65 1
8.15 327.43 1
8.16 327.06 1
8.17 326.21 1
8.18 324.82 1
8.19 323.97 1
8.2 321.08 1
8.21 318.58 1
8.22 314.28 1
8.23 310.52 1
8.24 307.83 1
8.25 301.94 1
8.26 297.53 1
8.27 290.61 1
8.28 285.33 1
8.29 278.97 1
8.3 275.69 1
8.31 274.77 1
8.32 274.72 1
8.33 275.21 1
8.34 277.46 1
8.35 279.34 1
8.36 281.63 1
8.37 286.64 1
8.38 291.42 1
8.39 296.06 1
8.4 301.22 1
8.41 305.11 1
8.42 309.49 1
8.43 311.36 1
8.44 311.55 1
8.45 311.45 1
8.46 310.68 1
8.47 309.58 1
8.48 308.71 1
8.49 309.07 1
8.5 309.78 1
8.51 310.32 1
8.52 311.53 1
8.53 312.07 1
8.54 312.26 1
8.55 313.38 1
8.56 313.15 1
8.57 312.96 1
8.58 312.38 1
8.59 311.39 1
8.6 307.43 1
8.61 299.42 1
8.62 288.16 1
8.63 268.09 1
8.64 0.0 1
8.65 0.0 1
8.66 0.0 1
8.67 0.0 1
8.68 0.0 1
8.69 0.0 1
8.7 0.0 1
8.71 0.0 1
8.72 305.2 1
8.73 306.78 1
8.74 280.97 1
8.75 279.99 1
8.76 275.52 1
8.77 273.3 1
8.78 272.99 1
8.79 272.98 1
8.8 272.43 1
8.81 272.04 1
8.82 270.92 1
8.83 271.36 1
8.84 268.57 1
8.85 268.22 1
8.86 268.59 1
8.87 269.1 1
8.88 269.7 1
8.89 269.42 1
8.9 271.37 1
8.91 271.36 1
8.92 269.75 1
8.93 271.6 1
8.94 273.43 1
8.95 274.75 1
8.96 276.45 1
8.97 276.45 1
8.98 274.76 1
8.99 274.74 1
9.0 274.96 1
9.01 274.9 1
9.02 275.42 1
9.03 273.59 1
9.04 270.05 1
9.05 261.8 1
9.06 276.63 1
9.07 277.03 1
9.08 274.76 1
9.09 263.3 1
9.1 249.23 1
9.11 247.93 1
9.12 241.35 1
9.13 239.65 1
9.14 237.63 1
9.15 235.7 1
9.16 235.61 1
9.17 236.36 1
9.18 234.91 1
9.19 232.53 1
9.2 230.74 1
9.21 229.33 1
9.22 228.32 1
9.23 228.0 1
9.24 228.2 1
9.25 227.91 1
9.26 230.29 1
9.27 231.86 1
9.28 233.67 1
9.29 235.94 1
9.3 238.01 1
9.31 239.18 1
9.32 239.25 1
9.33 241.0 1
9.34 242.97 1
9.35 243.23 1
9.36 243.11 1
9.37 243.3 1
9.38 241.75 1
9.39 241.18 1
9.4 241.51 1
9.41 240.95 1
9.42 239.69 1
9.43 238.72 1
9.44 237.74 1
9.45 236.38 1
9.46 234.61 1
9.47 232.89 1
9.48 232.17 1
9.49 231.21 1
9.5 230.67 1
9.51 230.97 1
9.52 231.5 1
9.53 233.35 1
9.54 234.48 1
9.55 235.92 1
9.56 238.34 1
9.57 240.36 1
9.58 243.1 1
9.59 245.07 1
9.6 246.19 1
9.61 246.07 1
9.62 246.3 1
9.63 245.43 1
9.64 244.32 1
9.65 242.79 1
9.66 242.13 1
9.67 241.19 1
9.68 239.68 1
9.69 238.69 1
9.7 238.08 1
9.71 237.8 1
9.72 237.74 1
9.73 237.45 1
9.74 237.28 1
9.75 237.26 1
9.76 237.23 1
9.77 237.03 1
9.78 237.07 1
9.79 238.43 1
9.8 241.52 1
9.81 245.78 1
9.82 250.73 1
9.83 255.57 1
9.84 261.72 1
9.85 262.4 1
9.86 263.73 1
9.87 264.94 1
9.88 262.17 1
9.89 98.74 1
9.9 108.22 1
9.91 101.24 1
9.92 99.21 1
9.93 92.36 1
9.94 91.18 1
9.95 94.94 1
9.96 102.92 1
9.97 97.56 1
9.98 0.0 1
9.99 0.0 1
10.0 0.0 1
10.01 0.0 1
10.02 0.0 1
10.03 213.5 1
10.04 202.45 1
10.05 201.22 1
10.06 200.76 1
10.07 201.44 1
10.08 202.94 1
10.09 202.73 1
10.1 203.77 1
10.11 203.7 1
10.12 204.64 1
10.13 205.18 1
10.14 205.43 1
10.15 206.51 1
10.16 206.56 1
10.17 207.73 1
10.18 207.53 1
10.19 207.43 1
10.2 205.6 1
10.21 205.03 1
10.22 202.76 1
10.23 202.54 1
10.24 201.98 1
10.25 201.04 1
10.26 200.07 1
10.27 199.75 1
10.28 199.97 1
10.29 201.32 1
10.3 202.5 1
10.31 203.9 1
10.32 203.72 1
10.33 205.6 1
10.34 204.66 1
10.35 203.72 1
10.36 204.64 1
10.37 204.65 1
10.38 204.66 1
10.39 205.61 1
10.4 205.6 1
10.41 204.65 1
10.42 203.93 1
10.43 203.12 1
10.44 202.77 1
10.45 203.7 1
10.46 203.72 1
10.47 205.6 1
10.48 206.56 1
10.49 207.54 1
10.5 208.52 1
10.51 210.38 1
10.52 209.51 1
10.53 205.6 1
10.54 205.32 1
10.55 202.78 1
10.56 201.86 1
10.57 200.01 1
10.58 201.11 1
10.59 164.56 1
10.6 170.6 1
10.61 183.98 1
10.62 180.61 1
10.63 181.74 1
10.64 182.55 1
10.65 181.58 1
10.66 183.17 1
10.67 181.98 1
10.68 179.37 1
10.69 179.02 1
10.7 177.89 1
10.71 176.91 1
10.72 176.85 1
10.73 176.38 1
10.74 174.65 1
10.75 180.42 1
10.76 0.0 1
10.77 0.0 1
10.78 0.0 1
10.79 0.0 1
10.8 0.0 1
10.81 0.0 1
10.82 0.0 1
10.83 0.0 1
10.84 0.0 1
10.85 0.0 1
10.86 0.0 1
10.87 0.0 1
10.88 0.0 1
10.89 0.0 1
10.9 0.0 1
10.91 0.0 1
10.92 0.0 1
10.93 0.0 1
10.94 0.0 1
10.95 0.0 1
10.96 0.0 1
10.97 0.0 1
10.98 0.0 1
10.99 0.0 1
11.0 0.0 1
11.01 0.0 1
11.02 0.0 1
11.03 0.0 1
11.04 0.0 1
11.05 0.0 1
11.06 0.0 1
11.07 0.0 1
11.08 0.0 1
11.09 0.0 1
11.1 0.0 1
11.11 0.0 1
11.12 0.0 1
11.13 0.0 1
11.14 194.99 1
11.15 173.28 1
11.16 173.53 1
11.17 171.26 1
11.18 171.26 1
11.19 173.28 1
11.2 165.48 1
11.21 167.04 1
11.22 173.89 1
11.23 179.36 1
11.24 184.9 1
11.25 185.79 1
11.26 186.73 1
11.27 187.0 1
11.28 186.62 1
11.29 187.18 1
11.3 186.42 1
11.31 186.71 1
11.32 186.92 1
11.33 186.29 1
11.34 186.6 1
11.35 186.56 1
11.36 186.12 1
11.37 184.91 1
11.38 184.57 1
11.39 182.61 1
11.4 181.92 1
11.41 181.21 1
11.42 180.53 1
11.43 179.97 1
11.44 177.81 1
11.45 176.74 1
11.46 174.52 1
11.47 172.57 1
11.48 171.2 1
11.49 168.96 1
11.5 165.44 1
11.51 163.92 1
11.52 162.94 1
11.53 160.28 1
11.54 157.74 1
11.55 156.28 1
11.56 155.68 1
11.57 154.78 1
11.58 154.81 1
11.59 154.4 1
11.6 154.96 1
11.61 155.19 1
11.62 154.96 1
11.63 154.62 1
11.64 153.15 1
11.65 152.32 1
11.66 149.98 1
11.67 148.24 1
11.68 142.51 1
11.69 141.06 1
11.7 140.67 1
11.71 143.68 1
11.72 141.57 1
11.73 135.49 1
11.74 147.25 1
11.75 144.83 1
11.76 152.33 1
11.77 151.29 1
11.78 156.09 1
11.79 154.93 1
11.8 151.55 1
11.81 150.91 1
11.82 151.73 1
11.83 152.09 1
11.84 152.23 1
11.85 153.15 1
11.86 152.81 1
11.87 152.94 1
11.88 152.57 1
11.89 151.98 1
11.9 152.01 1
11.91 152.09 1
11.92 152.66 1
11.93 153.43 1
11.94 154.05 1
11.95 154.02 1
11.96 154.38 1
11.97 153.51 1
11.98 152.1 1
11.99 151.45 1
12.0 150.37 1
12.01 150.91 1
12.02 151.6 1
12.03 152.71 1
12.04 154.82 1
12.05 156.66 1
12.06 157.22 1
12.07 157.97 1
12.08 161.2 1
12.09 161.7 1
12.1 155.56 1
12.11 159.49 1
12.12 155.57 1
12.13 145.31 1
12.14 147.25 1
12.15 152.35 1
12.16 147.37 1
12.17 145.31 1
12.18 149.24 1
12.19 150.77 1
12.2 151.82 1
12.21 153.8 1
12.22 153.56 1
12.23 154.11 1
12.24 155.13 1
12.25 155.84 1
12.26 155.66 1
12.27 156.4 1
12.28 155.56 1
12.29 156.81 1
12.3 156.87 1
12.31 155.85 1
12.32 155.89 1
12.33 155.4 1
12.34 154.25 1
12.35 154.77 1
12.36 153.55 1
12.37 152.62 1
12.38 150.98 1
12.39 149.5 1
12.4 149.58 1
12.41 148.65 1
12.42 149.24 1
12.43 146.76 1
12.44 143.79 1
12.45 140.09 1
12.46 0.0 1
12.47 0.0 1
12.48 0.0 1
12.49 0.0 1
12.5 0.0 1
12.51 0.0 1
12.52 0.0 1
12.53 0.0 1
12.54 0.0 1
12.55 0.0 1
12.56 0.0 1
12.57 0.0 1
12.58 0.0 1
12.59 138.02 1
12.6 129.13 1
12.61 128.02 1
12.62 128.08 1
12.63 128.69 1
12.64 130.66 1
12.65 131.38 1
12.66 132.23 1
12.67 132.41 1
12.68 132.63 1
12.69 133.32 1
12.7 133.7 1
12.71 134.38 1
12.72 135.48 1
12.73 136.92 1
12.74 136.75 1
12.75 137.86 1
12.76 138.29 1
12.77 138.57 1
12.78 138.39 1
12.79 139.24 1
12.8 138.62 1
12.81 139.61 1
12.82 139.66 1
12.83 141.04 1
12.84 141.31 1
12.85 141.02 1
12.86 141.47 1
12.87 141.14 1
12.88 140.48 1
12.89 139.94 1
12.9 138.46 1
12.91 135.92 1
12.92 106.26 1
12.93 145.79 1
12.94 134.25 1
12.95 133.96 1
12.96 131.84 1
12.97 132.62 1
12.98 135.07 1
12.99 130.67 1
13.0 146.56 1
13.01 150.32 1
13.02 156.46 1
13.03 156.89 1
13.04 156.2 1
13.05 153.4 1
13.06 152.19 1
13.07 150.5 1
13.08 147.94 1
13.09 146.93 1
13.1 146.17 1
13.11 146.27 1
13.12 148.57 1
13.13 150.65 1
13.14 153.71 1
13.15 157.93 1
13.16 160.84 1
13.17 161.95 1
13.18 163.69 1
13.19 164.85 1
13.2 163.86 1
13.21 162.47 1
13.22 161.06 1
13.23 159.41 1
13.24 156.67 1
13.25 155.82 1
13.26 155.09 1
13.27 154.69 1
13.28 153.6 1
13.29 153.09 1
13.3 151.01 1
13.31 149.9 1
13.32 148.07 1
13.33 146.17 1
13.34 137.25 1
13.35 139.78 1
13.36 137.3 1
13.37 137.07 1
13.38 138.19 1
13.39 141.26 1
13.4 144.35 1
13.41 153.93 1
13.42 158.1 1
13.43 165.88 1
13.44 173.89 1
13.45 179.9 1
13.46 181.8 1
13.47 184.72 1
13.48 190.73 1
13.49 192.15 1
13.5 190.71 1
13.51 191.04 1
13.52 191.86 1
13.53 191.2 1
13.54 190.19 1
13.55 189.1 1
13.56 187.73 1
13.57 186.47 1
13.58 187.0 1
13.59 186.14 1
13.6 186.29 1
13.61 185.58 1
13.62 185.5 1
13.63 186.47 1
13.64 185.69 1
13.65 186.47 1
13.66 187.26 1
13.67 187.26 1
13.68 188.46 1
13.69 187.27 1
13.7 188.02 1
13.71 187.24 1
13.72 186.81 1
13.73 185.9 1
13.74 184.79 1
13.75 184.85 1
13.76 184.14 1
13.77 185.67 1
13.78 187.26 1
13.79 187.26 1
13.8 184.14 1
13.81 182.38 1
13.82 185.33 1
13.83 0.0 1
13.84 0.0 1
13.85 0.0 1
13.86 0.0 1
13.87 0.0 1
13.88 0.0 1
13.89 0.0 1
13.9 0.0 1
13.91 0.0 1
13.92 269.72 1
13.93 219.66 1
13.94 211.94 1
13.95 210.55 1
13.96 210.86 1
13.97 210.58 1
13.98 210.34 1
13.99 210.5 1
14.0 210.74 1
14.01 210.65 1
14.02 210.01 1
14.03 209.49 1
14.04 209.13 1
14.05 208.5 1
14.06 208.28 1
14.07 207.53 1
14.08 206.56 1
14.09 206.56 1
14.1 205.6 1
14.11 205.6 1
14.12 206.17 1
14.13 205.6 1
14.14 205.6 1
14.15 206.45 1
14.16 205.6 1
14.17 206.56 1
14.18 206.56 1
14.19 206.57 1
14.2 206.57 1
14.21 207.54 1
14.22 206.57 1
14.23 207.53 1
14.24 206.58 1
14.25 207.85 1
14.26 207.2 1
14.27 205.61 1
14.28 203.7 1
14.29 187.92 1
14.3 179.64 1
14.31 200.97 1
14.32 199.69 1
14.33 200.29 1
14.34 203.7 1
14.35 203.1 1
14.36 207.83 1
14.37 209.31 1
14.38 205.6 1
14.39 207.43 1
14.4 207.54 1
14.41 204.65 1
14.42 207.53 1
14.43 210.07 1
14.44 209.46 1
14.45 208.52 1
14.46 210.98 1
14.47 211.16 1
14.48 210.51 1
14.49 210.6 1
14.5 209.51 1
14.51 210.07 1
14.52 208.51 1
14.53 207.53 1
14.54 209.47 1
14.55 209.04 1
14.56 207.53 1
14.57 210.23 1
14.58 213.4 1
14.59 214.87 1
14.6 218.22 1
14.61 222.12 1
14.62 222.97 1
14.63 233.78 1
14.64 237.99 1
14.65 244.17 1
14.66 247.63 1
14.67 252.9 1
14.68 253.96 1
14.69 254.14 1
14.7 251.51 1
14.71 246.62 1
14.72 241.06 1
14.73 235.75 1
14.74 221.32 1
14.75 213.39 1
14.76 0.0 1
14.77 0.0 1
14.78 0.0 1
14.79 0.0 1
14.8 0.0 1
14.81 0.0 1
14.82 0.0 1
14.83 0.0 1
14.84 0.0 1
14.85 0.0 1
