0.01 262.33 1
0.02 217.32 1
0.03 208.65 1
0.04 205.79 1
0.05 208.85 1
0.06 208.58 1
0.07 207.54 1
0.08 210.11 1
0.09 209.5 1
0.1 210.46 1
0.11 210.78 1
0.12 210.71 1
0.13 210.24 1
0.14 210.06 1
0.15 209.78 1
0.16 209.42 1
0.17 208.3 1
0.18 207.38 1
0.19 207.52 1
0.2 207.09 1
0.21 207.14 1
0.22 208.28 1
0.23 208.45 1
0.24 208.34 1
0.25 208.51 1
0.26 209.26 1
0.27 208.51 1
0.28 208.85 1
0.29 208.89 1
0.3 208.51 1
0.31 208.21 1
0.32 207.53 1
0.33 207.26 1
0.34 206.75 1
0.35 206.56 1
0.36 207.2 1
0.37 206.56 1
0.38 207.89 1
0.39 208.05 1
0.4 206.57 1
0.41 208.36 1
0.42 208.94 1
0.43 208.2 1
0.44 208.31 1
0.45 208.47 1
0.46 207.71 1
0.47 207.17 1
0.48 207.48 1
0.49 207.46 1
0.5 205.6 1
0.51 207.87 1
0.52 208.15 1
0.53 206.56 1
0.54 207.53 1
0.55 207.79 1
0.56 206.56 1
0.57 206.56 1
0.58 206.57 1
0.59 206.56 1
0.6 207.06 1
0.61 206.57 1
0.62 207.51 1
0.63 207.72 1
0.64 207.53 1
0.65 208.13 1
0.66 208.17 1
0.67 208.18 1
0.68 208.49 1
0.69 208.51 1
0.7 209.33 1
0.71 209.97 1
0.72 210.16 1
0.73 210.6 1
0.74 211.24 1
0.75 210.77 1
0.76 210.04 1
0.77 209.14 1
0.78 209.22 1
0.79 209.18 1
0.8 208.47 1
0.81 208.51 1
0.82 208.69 1
0.83 208.45 1
0.84 208.51 1
0.85 210.15 1
0.86 210.44 1
0.87 211.82 1
0.88 212.16 1
0.89 212.04 1
0.9 211.66 1
0.91 209.5 1
0.92 208.72 1
0.93 207.53 1
0.94 205.89 1
0.95 205.57 1
0.96 206.56 1
0.97 206.56 1
0.98 206.56 1
0.99 208.36 1
1.0 209.07 1
1.01 208.51 1
1.02 209.23 1
1.03 208.86 1
1.04 207.54 1
1.05 208.22 1
1.06 208.92 1
1.07 208.51 1
1.08 209.56 1
1.09 210.24 1
1.1 210.5 1
1.11 208.9 1
1.12 203.7 1
1.13 203.7 1
1.14 202.77 1
1.15 202.19 1
1.16 201.4 1
1.17 204.39 1
1.18 202.16 1
1.19 203.46 1
1.2 202.76 1
1.21 203.96 1
1.22 205.88 1
1.23 206.36 1
1.24 204.25 1
1.25 205.85 1
1.26 204.65 1
1.27 204.86 1
1.28 205.48 1
1.29 205.6 1
1.3 206.09 1
1.31 207.09 1
1.32 206.3 1
1.33 205.6 1
1.34 206.44 1
1.35 205.6 1
1.36 205.06 1
1.37 205.34 1
1.38 203.7 1
1.39 204.43 1
1.4 204.16 1
1.41 202.68 1
1.42 202.38 1
1.43 200.57 1
1.44 198.89 1
1.45 196.47 1
1.46 193.95 1
1.47 190.72 1
1.48 188.7 1
1.49 186.14 1
1.5 183.27 1
1.51 181.4 1
1.52 179.8 1
1.53 178.65 1
1.54 177.42 1
1.55 177.34 1
1.56 178.52 1
1.57 180.92 1
1.58 185.93 1
1.59 191.53 1
1.6 199.33 1
1.61 206.56 1
1.62 212.62 1
1.63 216.86 1
1.64 218.14 1
1.65 216.52 1
1.66 214.33 1
1.67 210.51 1
1.68 205.95 1
1.69 200.43 1
1.7 189.68 1
1.71 181.11 1
1.72 180.04 1
1.73 183.88 1
1.74 178.05 1
1.75 178.06 1
1.76 178.45 1
1.77 179.38 1
1.78 179.76 1
1.79 180.98 1
1.8 180.7 1
1.81 180.97 1
1.82 181.8 1
1.83 182.19 1
1.84 182.62 1
1.85 184.2 1
1.86 185.1 1
1.87 187.24 1
1.88 184.93 1
1.89 186.86 1
1.9 187.38 1
1.91 186.74 1
1.92 186.1 1
1.93 184.16 1
1.94 185.3 1
1.95 185.25 1
1.96 184.91 1
1.97 183.9 1
1.98 184.48 1
1.99 184.32 1
2.0 184.14 1
2.01 184.75 1
2.02 185.7 1
2.03 187.25 1
2.04 187.27 1
2.05 187.28 1
2.06 188.27 1
2.07 188.22 1
2.08 187.72 1
2.09 185.71 1
2.1 186.44 1
2.11 186.47 1
2.12 186.3 1
2.13 186.7 1
2.14 187.03 1
2.15 187.29 1
2.16 186.84 1
2.17 187.09 1
2.18 187.32 1
2.19 187.06 1
2.2 187.15 1
2.21 187.24 1
2.22 186.47 1
2.23 186.01 1
2.24 185.68 1
2.25 184.95 1
2.26 184.1 1
2.27 183.42 1
2.28 182.38 1
2.29 181.25 1
2.3 179.77 1
2.31 177.54 1
2.32 174.65 1
2.33 170.88 1
2.34 167.94 1
2.35 165.48 1
2.36 163.01 1
2.37 161.48 1
2.38 159.62 1
2.39 156.67 1
2.4 156.82 1
2.41 156.92 1
2.42 155.68 1
2.43 155.98 1
2.44 155.02 1
2.45 154.58 1
2.46 149.32 1
2.47 151.81 1
2.48 154.13 1
2.49 151.8 1
2.5 151.63 1
2.51 150.82 1
2.52 150.26 1
2.53 151.81 1
2.54 153.14 1
2.55 152.02 1
2.56 151.84 1
2.57 152.44 1
2.58 151.62 1
2.59 152.19 1
2.6 152.52 1
2.61 152.11 1
2.62 152.22 1
2.63 151.0 1
2.64 151.91 1
2.65 151.83 1
2.66 150.24 1
2.67 156.86 1
2.68 153.74 1
2.69 154.36 1
2.7 154.55 1
2.71 154.08 1
2.72 154.96 1
2.73 155.25 1
2.74 145.63 1
2.75 154.86 1
2.76 154.91 1
2.77 154.3 1
2.78 156.11 1
2.79 153.39 1
2.8 156.4 1
2.81 154.22 1
2.82 153.92 1
2.83 153.93 1
2.84 154.31 1
2.85 154.98 1
2.86 156.45 1
2.87 152.34 1
2.88 157.68 1
2.89 158.42 1
2.9 160.07 1
2.91 161.53 1
2.92 162.61 1
2.93 163.97 1
2.94 163.37 1
2.95 161.25 1
2.96 161.13 1
2.97 161.83 1
2.98 158.01 1
2.99 156.89 1
3.0 156.87 1
3.01 156.31 1
3.02 155.56 1
3.03 157.0 1
3.04 154.83 1
3.05 154.99 1
3.06 154.08 1
3.07 148.74 1
3.08 153.5 1
3.09 153.8 1
3.1 154.1 1
3.11 155.28 1
3.12 153.4 1
3.13 157.19 1
3.14 156.03 1
3.15 155.01 1
3.16 156.22 1
3.17 156.25 1
3.18 155.16 1
3.19 157.3 1
3.2 155.56 1
3.21 156.65 1
3.22 156.86 1
3.23 156.11 1
3.24 155.56 1
3.25 158.88 1
3.26 159.7 1
3.27 160.07 1
3.28 161.87 1
3.29 163.49 1
3.3 162.45 1
3.31 161.13 1
3.32 159.8 1
3.33 158.71 1
3.34 153.39 1
3.35 149.7 1
3.36 133.01 1
3.37 139.77 1
3.38 119.67 1
3.39 120.66 1
3.4 125.46 1
3.41 119.7 1
3.42 125.46 1
3.43 124.38 1
3.44 128.78 1
3.45 124.4 1
3.46 130.13 1
3.47 135.91 1
3.48 131.84 1
3.49 136.33 1
3.5 68.64 1
3.51 68.34 1
3.52 68.68 1
3.53 69.28 1
3.54 69.12 1
3.55 69.21 1
3.56 69.39 1
3.57 69.18 1
3.58 69.39 1
3.59 69.7 1
3.6 69.5 1
3.61 69.71 1
3.62 69.83 1
3.63 69.61 1
3.64 70.11 1
3.65 69.96 1
3.66 69.63 1
3.67 69.72 1
3.68 69.74 1
3.69 69.08 1
3.7 69.27 1
3.71 69.28 1
3.72 69.1 1
3.73 69.24 1
3.74 68.79 1
3.75 68.48 1
3.76 68.85 1
3.77 67.77 1
3.78 68.27 1
3.79 68.96 1
3.8 68.09 1
3.81 68.43 1
3.82 68.94 1
3.83 69.18 1
3.84 69.37 1
3.85 69.98 1
3.86 148.11 1
3.87 138.18 1
3.88 136.33 1
3.89 137.96 1
3.9 135.57 1
3.91 134.66 1
3.92 136.32 1
3.93 134.67 1
3.94 135.87 1
3.95 134.67 1
3.96 134.66 1
3.97 136.32 1
3.98 136.16 1
3.99 135.69 1
4.0 136.08 1
4.01 136.94 1
4.02 137.39 1
4.03 137.56 1
4.04 137.6 1
4.05 138.17 1
4.06 138.27 1
4.07 137.17 1
4.08 138.02 1
4.09 138.46 1
4.1 137.6 1
4.11 137.92 1
4.12 138.03 1
4.13 136.75 1
4.14 135.9 1
4.15 134.5 1
4.16 131.85 1
4.17 131.75 1
4.18 128.78 1
4.19 126.19 1
4.2 125.96 1
4.21 123.52 1
4.22 118.28 1
4.23 116.51 1
4.24 113.73 1
4.25 112.75 1
4.26 111.33 1
4.27 110.84 1
4.28 109.95 1
4.29 110.21 1
4.3 110.39 1
4.31 111.11 1
4.32 111.99 1
4.33 112.64 1
4.34 113.52 1
4.35 114.99 1
4.36 115.84 1
4.37 122.41 1
4.38 124.42 1
4.39 129.49 1
4.4 130.66 1
4.41 132.62 1
4.42 133.85 1
4.43 135.47 1
4.44 134.41 1
4.45 133.43 1
4.46 132.47 1
4.47 131.41 1
4.48 128.28 1
4.49 126.42 1
4.5 124.05 1
4.51 120.35 1
4.52 119.03 1
4.53 117.75 1
4.54 115.96 1
4.55 114.84 1
4.56 112.07 1
4.57 108.31 1
4.58 99.88 1
4.59 68.86 1
4.6 69.5 1
4.61 69.18 1
4.62 69.24 1
4.63 69.54 1
4.64 69.18 1
4.65 69.34 1
4.66 69.41 1
4.67 68.95 1
4.68 69.51 1
4.69 69.41 1
4.7 68.91 1
4.71 69.53 1
4.72 0.0 1
4.73 0.0 1
4.74 137.65 1
4.75 139.31 1
4.76 126.54 1
4.77 120.99 1
4.78 118.07 1
4.79 117.18 1
4.8 115.76 1
4.81 116.49 1
4.82 115.9 1
4.83 113.7 1
4.84 113.5 1
4.85 113.22 1
4.86 113.81 1
4.87 114.72 1
4.88 114.61 1
4.89 115.64 1
4.9 116.34 1
4.91 119.03 1
4.92 120.27 1
4.93 121.6 1
4.94 122.3 1
4.95 123.4 1
4.96 122.86 1
4.97 122.51 1
4.98 120.83 1
4.99 118.23 1
5.0 117.39 1
5.01 116.15 1
5.02 115.83 1
5.03 114.47 1
5.04 112.92 1
5.05 111.25 1
5.06 109.8 1
5.07 108.42 1
5.08 104.38 1
5.09 99.6 1
5.1 99.76 1
5.11 99.43 1
5.12 99.21 1
5.13 100.8 1
5.14 100.3 1
5.15 101.03 1
5.16 101.03 1
5.17 100.79 1
5.18 98.33 1
5.19 102.31 1
5.2 102.23 1
5.21 103.1 1
5.22 101.37 1
5.23 101.81 1
5.24 102.6 1
5.25 101.36 1
5.26 103.11 1
5.27 100.79 1
5.28 103.06 1
5.29 99.85 1
5.3 102.53 1
5.31 100.26 1
5.32 102.14 1
5.33 101.72 1
5.34 101.97 1
5.35 103.16 1
5.36 102.64 1
5.37 102.51 1
5.38 102.96 1
5.39 102.22 1
5.4 102.19 1
5.41 102.44 1
5.42 105.47 1
5.43 107.89 1
5.44 111.17 1
5.45 115.1 1
5.46 119.68 1
5.47 126.91 1
5.48 135.9 1
5.49 139.58 1
5.5 142.26 1
5.51 142.7 1
5.52 141.99 1
5.53 137.75 1
5.54 133.38 1
5.55 131.05 1
5.56 127.28 1
5.57 125.74 1
5.58 124.05 1
5.59 119.28 1
5.6 116.51 1
5.61 112.98 1
5.62 110.66 1
5.63 109.65 1
5.64 109.39 1
5.65 110.63 1
5.66 114.29 1
5.67 116.96 1
5.68 120.0 1
5.69 121.32 1
5.7 127.54 1
5.71 131.88 1
5.72 137.89 1
5.73 140.48 1
5.74 140.53 1
5.75 142.74 1
5.76 139.16 1
5.77 132.69 1
5.78 132.4 1
5.79 69.17 1
5.8 69.31 1
5.81 69.36 1
5.82 64.91 1
5.83 69.39 1
5.84 69.33 1
5.85 69.28 1
5.86 69.36 1
5.87 69.18 1
5.88 69.34 1
5.89 69.36 1
5.9 69.26 1
5.91 69.43 1
5.92 69.72 1
5.93 69.32 1
5.94 69.51 1
5.95 69.57 1
5.96 69.18 1
5.97 69.39 1
5.98 69.5 1
5.99 69.07 1
6.0 69.4 1
6.01 69.03 1
6.02 69.4 1
6.03 69.11 1
6.04 69.42 1
6.05 69.39 1
6.06 69.38 1
6.07 69.57 1
6.08 69.61 1
6.09 69.18 1
6.1 69.39 1
6.11 69.3 1
6.12 69.33 1
6.13 69.46 1
6.14 69.18 1
6.15 69.29 1
6.16 69.33 1
6.17 69.34 1
6.18 69.39 1
6.19 69.23 1
6.2 69.29 1
6.21 69.39 1
6.22 69.29 1
6.23 165.47 1
6.24 160.53 1
6.25 158.11 1
6.26 160.1 1
6.27 160.86 1
6.28 162.76 1
6.29 161.63 1
6.3 165.57 1
6.31 163.7 1
6.32 164.15 1
6.33 167.67 1
6.34 163.79 1
6.35 164.92 1
6.36 163.08 1
6.37 163.59 1
6.38 162.77 1
6.39 160.64 1
6.4 161.0 1
6.41 159.93 1
6.42 159.03 1
6.43 158.68 1
6.44 158.21 1
6.45 158.52 1
6.46 158.04 1
6.47 157.76 1
6.48 157.15 1
6.49 155.68 1
6.5 155.93 1
6.51 155.51 1
6.52 154.87 1
6.53 154.5 1
6.54 155.7 1
6.55 154.66 1
6.56 155.92 1
6.57 156.16 1
6.58 157.32 1
6.59 156.77 1
6.6 157.35 1
6.61 155.56 1
6.62 155.33 1
6.63 153.79 1
6.64 153.87 1
6.65 153.24 1
6.66 152.95 1
6.67 152.54 1
6.68 152.48 1
6.69 151.78 1
6.7 151.24 1
6.71 151.52 1
6.72 151.21 1
6.73 151.91 1
6.74 152.81 1
6.75 153.31 1
6.76 152.14 1
6.77 149.04 1
6.78 145.95 1
6.79 144.27 1
6.8 140.75 1
6.81 134.52 1
6.82 110.44 1
6.83 117.13 1
6.84 117.35 1
6.85 110.84 1
6.86 108.22 1
6.87 0.0 1
6.88 0.0 1
6.89 0.0 1
6.9 0.0 1
6.91 0.0 1
6.92 0.0 1
6.93 0.0 1
6.94 112.09 1
6.95 113.5 1
6.96 119.36 1
6.97 125.87 1
6.98 128.36 1
6.99 134.85 1
7.0 133.85 1
7.01 138.04 1
7.02 138.48 1
7.03 140.61 1
7.04 140.24 1
7.05 141.03 1
7.06 141.47 1
7.07 140.69 1
7.08 140.77 1
7.09 140.22 1
7.1 140.34 1
7.11 139.1 1
7.12 139.39 1
7.13 138.04 1
7.14 137.13 1
7.15 136.38 1
7.16 135.46 1
7.17 133.71 1
7.18 135.02 1
7.19 130.31 1
7.2 128.48 1
7.21 127.65 1
7.22 124.77 1
7.23 121.96 1
7.24 117.79 1
7.25 116.92 1
7.26 115.89 1
7.27 114.4 1
7.28 113.09 1
7.29 112.82 1
7.3 112.29 1
7.31 112.34 1
7.32 112.29 1
7.33 112.32 1
7.34 112.01 1
7.35 111.61 1
7.36 111.72 1
7.37 111.8 1
7.38 112.07 1
7.39 112.93 1
7.4 112.65 1
7.41 113.52 1
7.42 114.11 1
7.43 115.94 1
7.44 117.76 1
7.45 119.85 1
7.46 120.74 1
7.47 121.66 1
7.48 123.11 1
7.49 125.08 1
7.5 124.94 1
7.51 125.77 1
7.52 126.51 1
7.53 129.12 1
7.54 129.15 1
7.55 129.9 1
7.56 131.55 1
7.57 132.47 1
7.58 133.2 1
7.59 134.37 1
7.6 135.04 1
7.61 135.56 1
7.62 135.77 1
7.63 135.76 1
7.64 135.19 1
7.65 134.91 1
7.66 135.15 1
7.67 135.66 1
7.68 136.32 1
7.69 136.33 1
7.7 137.96 1
7.71 139.17 1
7.72 139.61 1
7.73 139.96 1
7.74 139.73 1
7.75 139.47 1
7.76 139.77 1
7.77 139.5 1
7.78 139.02 1
7.79 139.36 1
7.8 139.1 1
7.81 139.12 1
7.82 138.96 1
7.83 139.34 1
7.84 139.33 1
7.85 139.05 1
7.86 138.92 1
7.87 138.49 1
7.88 138.53 1
7.89 138.5 1
7.9 138.86 1
7.91 139.06 1
7.92 139.58 1
7.93 139.9 1
7.94 140.0 1
7.95 140.81 1
7.96 140.9 1
7.97 140.95 1
7.98 141.13 1
7.99 140.58 1
8.0 140.18 1
8.01 140.16 1
8.02 140.04 1
8.03 139.48 1
8.04 139.05 1
8.05 138.38 1
8.06 138.0 1
8.07 138.12 1
8.08 138.95 1
8.09 139.34 1
8.1 139.12 1
8.11 139.65 1
8.12 140.02 1
8.13 140.29 1
8.14 140.56 1
8.15 140.68 1
8.16 140.59 1
8.17 140.22 1
8.18 139.6 1
8.19 139.04 1
8.2 138.9 1
8.21 138.85 1
8.22 138.9 1
8.23 139.19 1
8.24 139.78 1
8.25 138.47 1
8.26 140.3 1
8.27 140.82 1
8.28 140.45 1
8.29 140.32 1
8.3 140.14 1
8.31 140.0 1
8.32 140.22 1
8.33 139.66 1
8.34 139.56 1
8.35 139.77 1
8.36 138.61 1
8.37 139.34 1
8.38 139.11 1
8.39 140.67 1
8.4 138.47 1
8.41 139.71 1
8.42 140.66 1
8.43 139.33 1
8.44 138.81 1
8.45 139.77 1
8.46 137.99 1
8.47 137.18 1
8.48 139.33 1
8.49 138.89 1
8.5 137.18 1
8.51 137.94 1
8.52 138.52 1
8.53 137.18 1
8.54 138.03 1
8.55 140.21 1
8.56 138.47 1
8.57 138.04 1
8.58 140.66 1
8.59 138.66 1
8.6 136.75 1
8.61 139.77 1
8.62 138.56 1
8.63 136.75 1
8.64 138.71 1
8.65 139.33 1
8.66 136.33 1
8.67 138.82 1
8.68 140.66 1
8.69 138.04 1
8.7 138.03 1
8.71 140.66 1
8.72 139.51 1
8.73 137.6 1
8.74 141.56 1
8.75 140.08 1
8.76 139.64 1
8.77 141.11 1
8.78 140.44 1
8.79 140.54 1
8.8 142.02 1
8.81 138.47 1
8.82 140.09 1
8.83 142.02 1
8.84 137.18 1
8.85 139.31 1
8.86 140.66 1
8.87 138.47 1
8.88 137.18 1
8.89 140.21 1
8.9 138.46 1
8.91 135.91 1
8.92 138.46 1
8.93 139.33 1
8.94 135.49 1
8.95 137.63 1
8.96 140.21 1
8.97 135.91 1
8.98 136.75 1
8.99 139.77 1
9.0 138.23 1
9.01 135.91 1
9.02 140.21 1
9.03 140.22 1
9.04 137.17 1
9.05 140.66 1
9.06 141.56 1
9.07 138.04 1
9.08 140.31 1
9.09 142.02 1
9.1 138.91 1
9.11 138.81 1
9.12 138.59 1
9.13 137.18 1
9.14 135.92 1
9.15 138.45 1
9.16 137.67 1
9.17 135.49 1
9.18 138.46 1
9.19 140.21 1
9.2 135.49 1
9.21 138.55 1
9.22 141.11 1
9.23 137.18 1
9.24 136.33 1
9.25 141.56 1
9.26 137.61 1
9.27 133.84 1
9.28 140.66 1
9.29 140.15 1
9.3 138.91 1
9.31 140.67 1
9.32 140.44 1
9.33 140.61 1
9.34 141.11 1
9.35 137.6 1
9.36 140.67 1
9.37 142.02 1
9.38 139.35 1
9.39 139.82 1
9.4 141.11 1
9.41 139.5 1
9.42 139.34 1
9.43 139.22 1
9.44 139.78 1
9.45 139.68 1
9.46 140.67 1
9.47 140.24 1
9.48 141.57 1
9.49 140.29 1
9.5 134.67 1
9.51 134.66 1
9.52 127.28 1
9.53 110.2 1
9.54 115.6 1
9.55 111.22 1
9.56 111.22 1
9.57 111.19 1
9.58 111.33 1
9.59 111.44 1
9.6 111.23 1
9.61 109.98 1
9.62 109.28 1
9.63 109.02 1
9.64 109.25 1
9.65 108.99 1
9.66 108.67 1
9.67 109.77 1
9.68 112.69 1
9.69 113.14 1
9.7 113.22 1
9.71 114.87 1
9.72 114.64 1
9.73 115.9 1
9.74 122.99 1
9.75 134.0 1
9.76 129.82 1
9.77 136.99 1
9.78 137.6 1
9.79 141.57 1
9.8 142.85 1
9.81 144.12 1
9.82 144.13 1
9.83 142.73 1
9.84 142.34 1
9.85 135.8 1
9.86 142.49 1
9.87 140.22 1
9.88 131.84 1
9.89 135.81 1
9.9 133.5 1
9.91 133.14 1
9.92 126.18 1
9.93 126.9 1
9.94 120.66 1
9.95 120.96 1
9.96 117.61 1
9.97 117.13 1
9.98 115.37 1
9.99 114.32 1
10.0 114.1 1
10.01 113.3 1
10.02 112.65 1
10.03 113.69 1
10.04 113.3 1
10.05 114.69 1
10.06 115.9 1
10.07 119.35 1
10.08 124.27 1
10.09 136.98 1
10.1 129.67 1
10.11 144.35 1
10.12 140.46 1
10.13 134.23 1
10.14 141.28 1
10.15 142.83 1
10.16 141.3 1
10.17 143.09 1
10.18 140.39 1
10.19 143.41 1
10.2 145.12 1
10.21 142.35 1
10.22 141.55 1
10.23 140.06 1
10.24 138.98 1
10.25 143.15 1
10.26 141.7 1
10.27 139.53 1
10.28 142.18 1
10.29 140.15 1
10.3 146.76 1
10.31 144.4 1
10.32 139.88 1
10.33 141.82 1
10.34 139.42 1
10.35 142.03 1
10.36 141.12 1
10.37 135.49 1
10.38 139.78 1
10.39 141.12 1
10.4 136.75 1
10.41 139.01 1
10.42 141.57 1
10.43 138.46 1
10.44 136.33 1
10.45 138.96 1
10.46 138.03 1
10.47 135.07 1
10.48 140.67 1
10.49 142.68 1
10.5 144.35 1
10.51 149.21 1
10.52 148.86 1
10.53 152.67 1
10.54 151.81 1
10.55 155.27 1
10.56 157.59 1
10.57 156.97 1
10.58 156.11 1
10.59 158.85 1
10.6 156.11 1
10.61 156.11 1
10.62 157.82 1
10.63 154.69 1
10.64 156.82 1
10.65 155.31 1
10.66 155.01 1
10.67 154.53 1
10.68 154.66 1
10.69 154.05 1
10.7 155.31 1
10.71 155.19 1
10.72 154.8 1
10.73 155.02 1
10.74 155.29 1
10.75 155.59 1
10.76 155.65 1
10.77 154.68 1
10.78 155.6 1
10.79 155.26 1
10.8 155.85 1
10.81 155.08 1
10.82 155.26 1
10.83 153.65 1
10.84 155.91 1
10.85 153.78 1
10.86 157.17 1
10.87 156.39 1
10.88 154.55 1
10.89 157.38 1
10.9 155.11 1
10.91 154.93 1
10.92 155.48 1
10.93 152.36 1
10.94 153.41 1
10.95 153.02 1
10.96 152.01 1
10.97 153.66 1
10.98 153.99 1
10.99 153.74 1
11.0 153.73 1
11.01 152.71 1
11.02 154.05 1
11.03 151.11 1
11.04 153.2 1
11.05 153.77 1
11.06 152.2 1
11.07 153.83 1
11.08 153.68 1
11.09 152.91 1
11.1 153.34 1
11.11 152.8 1
11.12 153.55 1
11.13 152.78 1
11.14 153.53 1
11.15 152.65 1
11.16 153.06 1
11.17 153.78 1
11.18 149.24 1
11.19 153.08 1
11.2 152.73 1
11.21 152.86 1
11.22 153.31 1
11.23 152.65 1
11.24 154.44 1
11.25 150.26 1
11.26 152.77 1
11.27 154.28 1
11.28 152.95 1
11.29 154.36 1
11.3 152.86 1
11.31 156.44 1
11.32 156.06 1
11.33 157.09 1
11.34 160.09 1
11.35 161.24 1
11.36 163.0 1
11.37 163.96 1
11.38 164.83 1
11.39 164.79 1
11.4 164.83 1
11.41 163.78 1
11.42 159.89 1
11.43 158.71 1
11.44 158.28 1
11.45 155.25 1
11.46 156.02 1
11.47 156.51 1
11.48 156.22 1
11.49 156.93 1
11.5 158.28 1
11.51 153.93 1
11.52 156.44 1
11.53 155.8 1
11.54 154.5 1
11.55 156.1 1
11.56 154.98 1
11.57 153.39 1
11.58 155.58 1
11.59 155.07 1
11.6 155.61 1
11.61 155.94 1
11.62 153.39 1
11.63 156.08 1
11.64 155.27 1
11.65 154.03 1
11.66 156.42 1
11.67 154.56 1
11.68 154.74 1
11.69 156.26 1
11.7 156.08 1
11.71 156.44 1
11.72 157.31 1
11.73 156.11 1
11.74 157.75 1
11.75 160.08 1
11.76 158.87 1
11.77 155.56 1
11.78 155.79 1
11.79 151.29 1
11.8 149.49 1
11.81 141.86 1
11.82 135.75 1
11.83 137.17 1
11.84 129.9 1
11.85 130.66 1
11.86 126.91 1
11.87 131.03 1
11.88 131.19 1
11.89 133.03 1
11.9 132.66 1
11.91 132.92 1
11.92 131.06 1
11.93 132.68 1
11.94 130.29 1
11.95 131.83 1
11.96 126.18 1
11.97 68.43 1
11.98 69.18 1
11.99 69.04 1
12.0 69.05 1
12.01 69.42 1
12.02 69.39 1
12.03 69.35 1
12.04 69.49 1
12.05 68.93 1
12.06 68.87 1
12.07 69.43 1
12.08 69.38 1
12.09 69.95 1
12.1 69.35 1
12.11 68.82 1
12.12 69.95 1
12.13 69.31 1
12.14 68.7 1
12.15 69.61 1
12.16 69.4 1
12.17 68.96 1
12.18 69.76 1
12.19 69.67 1
12.2 68.85 1
12.21 70.03 1
12.22 165.47 1
12.23 184.14 1
12.24 175.35 1
12.25 168.18 1
12.26 184.14 1
12.27 176.53 1
12.28 170.61 1
12.29 181.23 1
12.3 180.37 1
12.31 176.48 1
12.32 193.85 1
12.33 184.1 1
12.34 179.78 1
12.35 182.54 1
12.36 173.66 1
12.37 170.01 1
12.38 159.3 1
12.39 157.22 1
12.4 153.61 1
12.41 152.86 1
12.42 150.0 1
12.43 149.74 1
12.44 148.63 1
12.45 148.87 1
12.46 149.42 1
12.47 149.82 1
12.48 151.27 1
12.49 151.6 1
12.5 154.06 1
12.51 155.83 1
12.52 159.72 1
12.53 162.21 1
12.54 164.45 1
12.55 166.79 1
12.56 168.59 1
12.57 169.38 1
12.58 168.14 1
12.59 166.01 1
12.6 164.11 1
12.61 161.95 1
12.62 159.55 1
12.63 156.9 1
12.64 154.89 1
12.65 153.89 1
12.66 152.85 1
12.67 152.01 1
12.68 153.62 1
12.69 154.59 1
12.7 157.23 1
12.71 159.84 1
12.72 162.42 1
12.73 164.76 1
12.74 165.63 1
12.75 166.37 1
12.76 164.45 1
12.77 163.02 1
12.78 159.36 1
12.79 155.32 1
12.8 151.8 1
12.81 150.96 1
12.82 150.5 1
12.83 151.17 1
12.84 152.36 1
12.85 154.39 1
12.86 155.56 1
12.87 157.37 1
12.88 157.51 1
12.89 159.06 1
12.9 160.85 1
12.91 164.41 1
12.92 171.05 1
12.93 177.51 1
12.94 181.78 1
12.95 184.91 1
12.96 187.27 1
12.97 189.45 1
12.98 189.69 1
12.99 190.3 1
13.0 189.83 1
13.01 190.12 1
13.02 189.48 1
13.03 188.08 1
13.04 188.81 1
13.05 188.06 1
13.06 187.27 1
13.07 187.48 1
13.08 185.7 1
13.09 186.45 1
13.1 185.77 1
13.11 184.81 1
13.12 184.91 1
13.13 184.83 1
13.14 184.14 1
13.15 184.15 1
13.16 184.68 1
13.17 183.36 1
13.18 181.11 1
13.19 180.37 1
13.2 177.08 1
13.21 176.75 1
13.22 173.6 1
13.23 178.34 1
13.24 175.55 1
13.25 177.46 1
13.26 192.55 1
13.27 201.2 1
13.28 204.6 1
13.29 203.57 1
13.3 202.94 1
13.31 203.98 1
13.32 205.67 1
13.33 207.0 1
13.34 207.45 1
13.35 207.53 1
13.36 208.06 1
13.37 208.31 1
13.38 207.54 1
13.39 208.09 1
13.4 208.33 1
13.41 208.14 1
13.42 207.46 1
13.43 207.73 1
13.44 207.36 1
13.45 205.6 1
13.46 205.98 1
13.47 205.63 1
13.48 205.11 1
13.49 205.43 1
13.5 204.65 1
13.51 205.46 1
13.52 205.6 1
13.53 206.56 1
13.54 207.53 1
13.55 206.58 1
13.56 207.53 1
13.57 206.56 1
13.58 205.6 1
13.59 202.36 1
13.6 202.49 1
13.61 207.34 1
13.62 205.04 1
13.63 205.06 1
13.64 204.8 1
13.65 206.43 1
13.66 206.35 1
13.67 205.54 1
13.68 206.93 1
13.69 206.32 1
13.7 206.84 1
13.71 204.63 1
13.72 206.69 1
13.73 206.64 1
13.74 206.56 1
13.75 207.05 1
13.76 206.2 1
13.77 206.69 1
13.78 206.87 1
13.79 205.92 1
13.8 206.97 1
13.81 207.56 1
13.82 206.79 1
13.83 207.53 1
13.84 208.95 1
13.85 206.92 1
13.86 207.53 1
13.87 210.13 1
13.88 212.3 1
13.89 216.63 1
13.9 223.83 1
13.91 227.63 1
13.92 238.39 1
13.93 242.27 1
13.94 254.43 1
13.95 264.35 1
13.96 266.24 1
13.97 269.91 1
13.98 264.87 1
13.99 257.91 1
14.0 247.13 1
14.01 211.76 1
14.02 205.97 1
14.03 173.29 1
