0.01 0.0 1
0.02 0.0 1
0.03 0.0 1
0.04 0.0 1
0.05 0.0 1
0.06 0.0 1
0.07 0.0 1
0.08 0.0 1
0.09 0.0 1
0.1 233.43 1
0.11 216.62 1
0.12 209.08 1
0.13 201.9 1
0.14 202.76 1
0.15 204.06 1
0.16 204.8 1
0.17 204.64 1
0.18 204.65 1
0.19 205.6 1
0.2 206.96 1
0.21 207.53 1
0.22 207.54 1
0.23 208.75 1
0.24 209.97 1
0.25 210.09 1
0.26 210.37 1
0.27 209.51 1
0.28 210.41 1
0.29 210.48 1
0.3 210.15 1
0.31 209.8 1
0.32 209.5 1
0.33 209.9 1
0.34 210.08 1
0.35 210.28 1
0.36 210.42 1
0.37 209.97 1
0.38 209.84 1
0.39 209.51 1
0.4 209.29 1
0.41 206.57 1
0.42 206.56 1
0.43 203.48 1
0.44 200.68 1
0.45 194.71 1
0.46 187.28 1
0.47 180.33 1
0.48 175.1 1
0.49 173.29 1
0.5 174.99 1
0.51 175.49 1
0.52 176.04 1
0.53 176.46 1
0.54 178.45 1
0.55 181.56 1
0.56 183.75 1
0.57 186.01 1
0.58 186.69 1
0.59 187.26 1
0.6 186.54 1
0.61 185.64 1
0.62 185.05 1
0.63 183.47 1
0.64 181.87 1
0.65 181.21 1
0.66 181.31 1
0.67 181.32 1
0.68 181.99 1
0.69 181.85 1
0.7 182.66 1
0.71 183.69 1
0.72 185.22 1
0.73 186.74 1
0.74 188.46 1
0.75 190.34 1
0.76 191.5 1
0.77 192.98 1
0.78 193.58 1
0.79 193.45 1
0.8 192.77 1
0.81 190.89 1
0.82 189.33 1
0.83 187.41 1
0.84 185.27 1
0.85 183.36 1
0.86 181.78 1
0.87 179.86 1
0.88 178.3 1
0.89 177.56 1
0.9 177.36 1
0.91 177.63 1
0.92 178.39 1
0.93 178.69 1
0.94 181.34 1
0.95 183.05 1
0.96 184.15 1
0.97 188.06 1
0.98 189.53 1
0.99 191.42 1
1.0 191.83 1
1.01 191.9 1
1.02 190.36 1
1.03 189.28 1
1.04 186.83 1
1.05 184.57 1
1.06 179.64 1
1.07 176.74 1
1.08 171.96 1
1.09 174.36 1
1.1 174.94 1
1.11 176.91 1
1.12 178.26 1
1.13 180.75 1
1.14 183.93 1
1.15 187.85 1
1.16 190.94 1
1.17 193.43 1
1.18 195.53 1
1.19 196.19 1
1.2 195.97 1
1.21 195.9 1
1.22 193.84 1
1.23 190.75 1
1.24 187.65 1
1.25 181.82 1
1.26 178.08 1
1.27 176.41 1
1.28 174.68 1
1.29 175.47 1
1.3 176.18 1
1.31 177.93 1
1.32 176.76 1
1.33 166.81 1
1.34 173.36 1
1.35 181.84 1
1.36 186.48 1
1.37 191.04 1
1.38 193.39 1
1.39 198.18 1
1.4 198.73 1
1.41 200.47 1
1.42 208.93 1
1.43 198.2 1
1.44 199.76 1
1.45 198.58 1
1.46 197.18 1
1.47 192.54 1
1.48 188.31 1
1.49 184.49 1
1.5 179.64 1
1.51 178.16 1
1.52 174.04 1
1.53 176.71 1
1.54 175.56 1
1.55 176.88 1
1.56 177.96 1
1.57 179.94 1
1.58 183.02 1
1.59 186.35 1
1.6 188.07 1
1.61 191.09 1
1.62 192.85 1
1.63 192.9 1
1.64 192.21 1
1.65 190.06 1
1.66 188.54 1
1.67 184.2 1
1.68 180.1 1
1.69 177.44 1
1.7 171.33 1
1.71 172.36 1
1.72 171.74 1
1.73 172.4 1
1.74 176.0 1
1.75 177.52 1
1.76 183.44 1
1.77 188.07 1
1.78 193.97 1
1.79 202.76 1
1.8 212.19 1
1.81 220.64 1
1.82 227.91 1
1.83 235.84 1
1.84 241.81 1
1.85 247.0 1
1.86 249.64 1
1.87 250.15 1
1.88 248.81 1
1.89 247.7 1
1.9 248.31 1
1.91 249.25 1
1.92 249.84 1
1.93 247.63 1
1.94 248.95 1
1.95 247.25 1
1.96 247.11 1
1.97 243.87 1
1.98 241.69 1
1.99 238.76 1
2.0 235.54 1
2.01 231.51 1
2.02 229.1 1
2.03 226.01 1
2.04 223.11 1
2.05 221.18 1
2.06 219.95 1
2.07 218.25 1
2.08 217.98 1
2.09 216.71 1
2.1 215.14 1
2.11 213.33 1
2.12 211.92 1
2.13 211.05 1
2.14 210.37 1
2.15 209.51 1
2.16 209.99 1
2.17 209.72 1
2.18 208.51 1
2.19 208.41 1
2.2 207.53 1
2.21 206.04 1
2.22 205.1 1
2.23 203.7 1
2.24 204.64 1
2.25 204.64 1
2.26 203.92 1
2.27 204.09 1
2.28 203.38 1
2.29 204.19 1
2.3 202.39 1
2.31 203.24 1
2.32 202.59 1
2.33 203.65 1
2.34 203.7 1
2.35 204.5 1
2.36 205.15 1
2.37 205.41 1
2.38 205.6 1
2.39 206.02 1
2.4 206.03 1
2.41 206.65 1
2.42 205.61 1
2.43 207.4 1
2.44 207.87 1
2.45 206.56 1
2.46 207.42 1
2.47 207.32 1
2.48 206.37 1
2.49 206.17 1
2.5 205.6 1
2.51 205.44 1
2.52 205.49 1
2.53 205.32 1
2.54 205.6 1
2.55 205.6 1
2.56 205.32 1
2.57 205.6 1
2.58 206.56 1
2.59 206.56 1
2.6 207.53 1
2.61 207.53 1
2.62 207.53 1
2.63 208.34 1
2.64 208.08 1
2.65 206.57 1
2.66 207.75 1
2.67 207.53 1
2.68 206.56 1
2.69 207.53 1
2.7 206.56 1
2.71 205.6 1
2.72 205.6 1
2.73 203.14 1
2.74 199.8 1
2.75 198.21 1
2.76 201.11 1
2.77 203.04 1
2.78 202.58 1
2.79 207.61 1
2.8 215.28 1
2.81 216.42 1
2.82 218.81 1
2.83 222.22 1
2.84 245.62 1
2.85 247.42 1
2.86 256.6 1
2.87 263.03 1
2.88 249.61 1
2.89 256.9 1
2.9 251.51 1
2.91 253.26 1
2.92 250.78 1
2.93 249.91 1
2.94 248.61 1
2.95 246.8 1
2.96 244.9 1
2.97 242.1 1
2.98 239.15 1
2.99 234.2 1
3.0 230.95 1
3.01 226.5 1
3.02 222.93 1
3.03 219.37 1
3.04 215.12 1
3.05 209.61 1
3.06 209.15 1
3.07 204.64 1
3.08 199.09 1
3.09 198.66 1
3.1 192.58 1
3.11 193.0 1
3.12 190.53 1
3.13 188.25 1
3.14 187.48 1
3.15 185.12 1
3.16 184.84 1
3.17 183.29 1
3.18 183.05 1
3.19 182.2 1
3.2 181.3 1
3.21 179.74 1
3.22 179.96 1
3.23 180.03 1
3.24 179.86 1
3.25 180.4 1
3.26 182.28 1
3.27 182.34 1
3.28 179.82 1
3.29 181.18 1
3.3 178.37 1
3.31 179.98 1
3.32 178.0 1
3.33 180.69 1
3.34 180.43 1
3.35 181.34 1
3.36 186.95 1
3.37 191.27 1
3.38 192.47 1
3.39 197.66 1
3.4 200.7 1
3.41 205.6 1
3.42 202.33 1
3.43 207.53 1
3.44 209.17 1
3.45 207.6 1
3.46 207.53 1
3.47 209.01 1
3.48 206.6 1
3.49 207.54 1
3.5 209.73 1
3.51 208.51 1
3.52 207.49 1
3.53 210.19 1
3.54 210.57 1
3.55 207.53 1
3.56 206.56 1
3.57 207.84 1
3.58 203.72 1
3.59 203.22 1
3.6 201.71 1
3.61 202.9 1
3.62 206.14 1
3.63 192.64 1
3.64 183.14 1
3.65 173.28 1
3.66 182.61 1
3.67 188.84 1
3.68 183.65 1
3.69 179.66 1
3.7 184.16 1
3.71 183.21 1
3.72 178.04 1
3.73 177.48 1
3.74 180.38 1
3.75 179.64 1
3.76 232.62 1
3.77 226.73 1
3.78 219.45 1
3.79 212.76 1
3.8 209.14 1
3.81 210.75 1
3.82 210.98 1
3.83 211.02 1
3.84 210.51 1
3.85 211.1 1
3.86 212.52 1
3.87 211.01 1
3.88 210.48 1
3.89 210.73 1
3.9 210.67 1
3.91 211.13 1
3.92 209.51 1
3.93 209.24 1
3.94 209.13 1
3.95 208.18 1
3.96 206.57 1
3.97 207.62 1
3.98 206.47 1
3.99 203.71 1
4.0 204.37 1
4.01 202.76 1
4.02 201.52 1
4.03 199.44 1
4.04 196.65 1
4.05 194.27 1
4.06 191.21 1
4.07 188.87 1
4.08 186.52 1
4.09 184.74 1
4.1 183.52 1
4.11 181.94 1
4.12 180.5 1
4.13 178.39 1
4.14 176.7 1
4.15 172.6 1
4.16 173.58 1
4.17 171.51 1
4.18 168.37 1
4.19 165.68 1
4.2 164.45 1
4.21 162.14 1
4.22 161.22 1
4.23 159.42 1
4.24 160.02 1
4.25 161.06 1
4.26 162.02 1
4.27 162.5 1
4.28 161.3 1
4.29 161.33 1
4.3 160.82 1
4.31 159.36 1
4.32 158.46 1
4.33 157.86 1
4.34 158.63 1
4.35 158.23 1
4.36 157.78 1
4.37 157.26 1
4.38 157.69 1
4.39 157.23 1
4.4 158.38 1
4.41 158.49 1
4.42 158.06 1
4.43 158.67 1
4.44 158.88 1
4.45 160.14 1
4.46 159.23 1
4.47 159.45 1
4.48 159.55 1
4.49 159.1 1
4.5 159.05 1
4.51 159.03 1
4.52 158.75 1
4.53 158.35 1
4.54 158.77 1
4.55 158.65 1
4.56 158.71 1
4.57 158.18 1
4.58 157.63 1
4.59 158.13 1
4.6 157.88 1
4.61 158.25 1
4.62 157.22 1
4.63 157.24 1
4.64 156.66 1
4.65 156.8 1
4.66 156.2 1
4.67 155.89 1
4.68 155.3 1
4.69 155.37 1
4.7 154.77 1
4.71 155.14 1
4.72 154.55 1
4.73 155.18 1
4.74 154.11 1
4.75 155.61 1
4.76 155.15 1
4.77 156.08 1
4.78 155.56 1
4.79 155.76 1
4.8 155.05 1
4.81 154.72 1
4.82 154.26 1
4.83 154.64 1
4.84 154.74 1
4.85 154.94 1
4.86 155.08 1
4.87 155.61 1
4.88 155.72 1
4.89 156.1 1
4.9 155.41 1
4.91 155.27 1
4.92 154.89 1
4.93 154.38 1
4.94 153.09 1
4.95 153.46 1
4.96 153.03 1
4.97 153.25 1
4.98 154.18 1
4.99 155.06 1
5.0 156.66 1
5.01 158.86 1
5.02 159.5 1
5.03 161.2 1
5.04 162.89 1
5.05 164.49 1
5.06 165.03 1
5.07 165.47 1
5.08 164.62 1
5.09 162.99 1
5.1 160.87 1
5.11 158.92 1
5.12 156.11 1
5.13 153.65 1
5.14 151.54 1
5.15 149.9 1
5.16 149.24 1
5.17 149.3 1
5.18 149.28 1
5.19 148.97 1
5.2 149.08 1
5.21 149.58 1
5.22 151.8 1
5.23 152.69 1
5.24 155.49 1
5.25 156.68 1
5.26 155.15 1
5.27 154.33 1
5.28 154.36 1
5.29 153.88 1
5.3 153.4 1
5.31 152.99 1
5.32 153.92 1
5.33 155.22 1
5.34 156.62 1
5.35 157.67 1
5.36 153.03 1
5.37 0.0 1
5.38 0.0 1
5.39 0.0 1
5.4 0.0 1
5.41 0.0 1
5.42 0.0 1
5.43 0.0 1
5.44 0.0 1
5.45 0.0 1
5.46 0.0 1
5.47 0.0 1
5.48 0.0 1
5.49 0.0 1
5.5 0.0 1
5.51 0.0 1
5.52 0.0 1
5.53 0.0 1
5.54 0.0 1
5.55 0.0 1
5.56 0.0 1
5.57 0.0 1
5.58 0.0 1
5.59 0.0 1
5.6 0.0 1
5.61 69.4 1
5.62 69.14 1
5.63 68.85 1
5.64 69.7 1
5.65 69.14 1
5.66 69.39 1
5.67 69.13 1
5.68 69.16 1
5.69 69.18 1
5.7 69.24 1
5.71 69.22 1
5.72 69.16 1
5.73 69.35 1
5.74 86.05 1
5.75 86.22 1
5.76 105.05 1
5.77 104.63 1
5.78 102.77 1
5.79 96.1 1
5.8 95.59 1
5.81 95.06 1
5.82 95.27 1
5.83 93.0 1
5.84 92.55 1
5.85 93.14 1
5.86 94.28 1
5.87 95.66 1
5.88 97.46 1
5.89 100.08 1
5.9 104.38 1
5.91 107.46 1
5.92 111.45 1
5.93 116.19 1
5.94 122.96 1
5.95 126.3 1
5.96 130.66 1
5.97 134.91 1
5.98 136.96 1
5.99 138.74 1
6.0 140.17 1
6.01 140.42 1
6.02 139.78 1
6.03 138.81 1
6.04 135.92 1
6.05 134.24 1
6.06 132.31 1
6.07 130.38 1
6.08 125.54 1
6.09 123.02 1
6.1 120.99 1
6.11 119.13 1
6.12 117.12 1
6.13 114.85 1
6.14 113.43 1
6.15 112.1 1
6.16 110.18 1
6.17 109.36 1
6.18 107.39 1
6.19 107.3 1
6.2 107.02 1
6.21 107.7 1
6.22 108.22 1
6.23 111.51 1
6.24 113.52 1
6.25 116.68 1
6.26 119.36 1
6.27 123.34 1
6.28 126.55 1
6.29 129.24 1
6.3 136.86 1
6.31 138.4 1
6.32 138.47 1
6.33 140.91 1
6.34 140.9 1
6.35 140.36 1
6.36 140.34 1
6.37 140.73 1
6.38 140.45 1
6.39 140.39 1
6.4 140.12 1
6.41 140.66 1
6.42 139.39 1
6.43 136.33 1
6.44 137.6 1
6.45 138.89 1
6.46 136.12 1
6.47 136.44 1
6.48 135.89 1
6.49 135.91 1
6.5 137.73 1
6.51 137.18 1
6.52 139.54 1
6.53 139.77 1
6.54 139.62 1
6.55 139.78 1
6.56 140.86 1
6.57 139.97 1
6.58 139.45 1
6.59 137.18 1
6.6 136.97 1
6.61 133.85 1
6.62 135.49 1
6.63 135.85 1
6.64 134.67 1
6.65 136.33 1
6.66 140.53 1
6.67 142.05 1
6.68 145.3 1
6.69 147.24 1
6.7 148.88 1
6.71 150.76 1
6.72 151.81 1
6.73 152.55 1
6.74 153.98 1
6.75 155.2 1
6.76 155.85 1
6.77 156.31 1
6.78 155.85 1
6.79 156.53 1
6.8 156.07 1
6.81 156.88 1
6.82 157.07 1
6.83 158.12 1
6.84 158.32 1
6.85 158.94 1
6.86 158.92 1
6.87 158.81 1
6.88 157.79 1
6.89 158.69 1
6.9 158.69 1
6.91 159.02 1
6.92 158.88 1
6.93 159.23 1
6.94 161.65 1
6.95 160.6 1
6.96 160.33 1
6.97 160.68 1
6.98 159.38 1
6.99 159.65 1
7.0 157.74 1
7.01 157.22 1
7.02 155.95 1
7.03 155.54 1
7.04 155.85 1
7.05 155.75 1
7.06 155.42 1
7.07 153.93 1
7.08 153.5 1
7.09 153.22 1
7.1 153.5 1
7.11 153.29 1
7.12 154.91 1
7.13 155.22 1
7.14 155.67 1
7.15 156.87 1
7.16 156.76 1
7.17 156.43 1
7.18 155.62 1
7.19 155.67 1
7.2 156.08 1
7.21 156.37 1
7.22 156.53 1
7.23 156.57 1
7.24 156.8 1
7.25 156.3 1
7.26 155.92 1
7.27 155.52 1
7.28 155.71 1
7.29 155.97 1
7.3 155.56 1
7.31 157.0 1
7.32 156.16 1
7.33 155.99 1
7.34 154.92 1
7.35 155.68 1
7.36 154.98 1
7.37 156.09 1
7.38 156.3 1
7.39 157.37 1
7.4 156.66 1
7.41 158.55 1
7.42 157.78 1
7.43 160.39 1
7.44 161.37 1
7.45 162.31 1
7.46 163.61 1
7.47 163.92 1
7.48 164.01 1
7.49 164.15 1
7.5 163.74 1
7.51 162.77 1
7.52 162.14 1
7.53 160.48 1
7.54 157.76 1
7.55 158.31 1
7.56 156.29 1
7.57 156.78 1
7.58 157.06 1
7.59 157.34 1
7.6 157.25 1
7.61 157.22 1
7.62 157.54 1
7.63 158.3 1
7.64 156.95 1
7.65 156.76 1
7.66 157.36 1
7.67 158.39 1
7.68 158.99 1
7.69 158.73 1
7.7 158.94 1
7.71 157.1 1
7.72 159.05 1
7.73 157.75 1
7.74 157.65 1
7.75 158.1 1
7.76 157.74 1
7.77 158.57 1
7.78 157.78 1
7.79 158.77 1
7.8 157.78 1
7.81 157.93 1
7.82 158.84 1
7.83 158.14 1
7.84 158.12 1
7.85 158.15 1
7.86 158.35 1
7.87 158.47 1
7.88 157.79 1
7.89 158.42 1
7.9 157.22 1
7.91 156.62 1
7.92 155.01 1
7.93 150.02 1
7.94 144.83 1
7.95 131.05 1
7.96 140.22 1
7.97 139.19 1
7.98 131.44 1
7.99 138.89 1
8.0 138.39 1
8.01 134.29 1
8.02 135.48 1
8.03 135.49 1
8.04 137.48 1
8.05 138.03 1
8.06 139.32 1
8.07 140.04 1
8.08 141.34 1
8.09 142.14 1
8.1 142.17 1
8.11 141.91 1
8.12 141.56 1
8.13 142.17 1
8.14 141.34 1
8.15 141.34 1
8.16 140.72 1
8.17 139.89 1
8.18 139.33 1
8.19 137.6 1
8.2 137.24 1
8.21 137.42 1
8.22 137.22 1
8.23 138.2 1
8.24 138.98 1
8.25 139.12 1
8.26 139.56 1
8.27 139.99 1
8.28 139.71 1
8.29 139.6 1
8.3 139.03 1
8.31 139.74 1
8.32 139.53 1
8.33 138.04 1
8.34 137.87 1
8.35 137.11 1
8.36 136.65 1
8.37 137.19 1
8.38 137.07 1
8.39 136.75 1
8.4 137.92 1
8.41 138.57 1
8.42 138.75 1
8.43 139.07 1
8.44 139.73 1
8.45 139.64 1
8.46 139.33 1
8.47 139.91 1
8.48 139.68 1
8.49 139.62 1
8.5 139.33 1
8.51 138.98 1
8.52 137.21 1
8.53 139.77 1
8.54 139.08 1
8.55 138.03 1
8.56 138.82 1
8.57 138.31 1
8.58 137.17 1
8.59 138.31 1
8.6 138.19 1
8.61 138.46 1
8.62 138.97 1
8.63 139.4 1
8.64 139.06 1
8.65 138.95 1
8.66 139.78 1
8.67 139.75 1
8.68 138.03 1
8.69 139.45 1
8.7 138.74 1
8.71 138.39 1
8.72 138.43 1
8.73 138.46 1
8.74 137.6 1
8.75 136.75 1
8.76 138.03 1
8.77 136.33 1
8.78 136.75 1
8.79 136.82 1
8.8 136.33 1
8.81 137.19 1
8.82 135.91 1
8.83 136.75 1
8.84 138.14 1
8.85 138.17 1
8.86 139.09 1
8.87 139.03 1
8.88 139.16 1
8.89 139.02 1
8.9 139.16 1
8.91 139.05 1
8.92 138.96 1
8.93 139.61 1
8.94 139.48 1
8.95 139.22 1
8.96 139.19 1
8.97 139.48 1
8.98 139.33 1
8.99 139.33 1
9.0 138.53 1
9.01 138.54 1
9.02 138.89 1
9.03 138.14 1
9.04 137.76 1
9.05 138.08 1
9.06 138.0 1
9.07 138.46 1
9.08 138.7 1
9.09 139.29 1
9.1 139.43 1
9.11 139.68 1
9.12 140.66 1
9.13 139.08 1
9.14 138.32 1
9.15 138.02 1
9.16 135.04 1
9.17 130.28 1
9.18 125.12 1
9.19 119.04 1
9.2 112.08 1
9.21 106.67 1
9.22 104.62 1
9.23 101.97 1
9.24 101.95 1
9.25 95.35 1
9.26 100.11 1
9.27 95.13 1
9.28 69.35 1
9.29 69.25 1
9.3 69.18 1
9.31 69.18 1
9.32 69.2 1
9.33 69.36 1
9.34 69.33 1
9.35 69.2 1
9.36 69.2 1
9.37 68.96 1
9.38 69.33 1
9.39 69.36 1
9.4 69.25 1
9.41 69.83 1
9.42 141.43 1
9.43 142.95 1
9.44 128.79 1
9.45 127.15 1
9.46 124.16 1
9.47 121.99 1
9.48 119.11 1
9.49 116.11 1
9.5 114.39 1
9.51 112.97 1
9.52 111.79 1
9.53 110.94 1
9.54 110.42 1
9.55 110.93 1
9.56 111.77 1
9.57 113.52 1
9.58 116.71 1
9.59 119.35 1
9.6 121.74 1
9.61 123.65 1
9.62 124.45 1
9.63 126.19 1
9.64 128.63 1
9.65 129.14 1
9.66 128.4 1
9.67 126.93 1
9.68 128.19 1
9.69 126.19 1
9.7 124.75 1
9.71 123.46 1
9.72 121.47 1
9.73 119.61 1
9.74 118.29 1
9.75 114.7 1
9.76 115.29 1
9.77 112.6 1
9.78 111.39 1
9.79 109.61 1
9.8 107.7 1
9.81 105.56 1
9.82 103.9 1
9.83 104.13 1
9.84 102.74 1
9.85 102.59 1
9.86 102.71 1
9.87 101.27 1
9.88 102.08 1
9.89 101.33 1
9.9 101.52 1
9.91 101.08 1
9.92 101.46 1
9.93 101.81 1
9.94 101.26 1
9.95 101.5 1
9.96 101.5 1
9.97 102.92 1
9.98 102.2 1
9.99 102.84 1
10.0 102.76 1
10.01 103.88 1
10.02 103.42 1
10.03 102.68 1
10.04 102.65 1
10.05 102.07 1
10.06 101.16 1
10.07 100.77 1
10.08 100.55 1
10.09 100.48 1
10.1 100.57 1
10.11 102.55 1
10.12 104.38 1
10.13 111.1 1
10.14 119.55 1
10.15 132.74 1
10.16 134.66 1
10.17 136.11 1
10.18 141.11 1
10.19 136.75 1
10.2 140.72 1
10.21 140.6 1
10.22 139.33 1
10.23 136.64 1
10.24 134.81 1
10.25 128.39 1
10.26 126.6 1
10.27 122.31 1
10.28 118.8 1
10.29 115.38 1
10.3 112.94 1
10.31 111.56 1
10.32 110.1 1
10.33 110.72 1
10.34 113.45 1
10.35 116.14 1
10.36 119.68 1
10.37 127.65 1
10.38 134.66 1
10.39 136.32 1
10.4 138.47 1
10.41 139.34 1
10.42 140.25 1
10.43 143.0 1
10.44 148.12 1
10.45 146.27 1
10.46 147.19 1
10.47 146.76 1
10.48 146.76 1
10.49 147.39 1
10.5 146.76 1
10.51 145.79 1
10.52 145.3 1
10.53 143.99 1
10.54 142.13 1
10.55 138.98 1
10.56 137.42 1
10.57 136.1 1
10.58 135.07 1
10.59 134.25 1
10.6 135.08 1
10.61 135.97 1
10.62 135.49 1
10.63 136.03 1
10.64 134.66 1
10.65 134.64 1
10.66 132.24 1
10.67 133.51 1
10.68 131.49 1
10.69 134.81 1
10.7 133.29 1
10.71 135.69 1
10.72 139.05 1
10.73 143.68 1
10.74 147.97 1
10.75 151.05 1
10.76 152.16 1
10.77 153.27 1
10.78 152.74 1
10.79 153.41 1
10.8 154.43 1
10.81 152.88 1
10.82 153.18 1
10.83 152.84 1
10.84 152.74 1
10.85 153.39 1
10.86 152.91 1
10.87 154.1 1
10.88 153.85 1
10.89 155.43 1
10.9 156.84 1
10.91 158.33 1
10.92 158.92 1
10.93 158.36 1
10.94 159.54 1
10.95 158.77 1
10.96 157.95 1
10.97 157.79 1
10.98 156.67 1
10.99 156.11 1
11.0 156.13 1
11.01 155.78 1
11.02 155.56 1
11.03 156.53 1
11.04 156.39 1
11.05 157.53 1
11.06 157.12 1
11.07 155.56 1
11.08 153.97 1
11.09 152.39 1
11.1 143.41 1
11.11 146.73 1
11.12 150.32 1
11.13 142.47 1
11.14 144.12 1
11.15 140.66 1
11.16 138.12 1
11.17 137.92 1
11.18 136.77 1
11.19 137.25 1
11.2 137.6 1
11.21 139.75 1
11.22 179.6 1
11.23 178.18 1
11.24 180.83 1
11.25 173.16 1
11.26 175.78 1
11.27 178.48 1
11.28 181.06 1
11.29 181.55 1
11.3 181.94 1
11.31 182.4 1
11.32 182.99 1
11.33 182.79 1
11.34 183.36 1
11.35 180.01 1
11.36 180.45 1
11.37 179.83 1
11.38 179.42 1
11.39 179.53 1
11.4 177.35 1
11.41 177.15 1
11.42 174.65 1
11.43 173.73 1
11.44 172.24 1
11.45 171.52 1
11.46 169.59 1
11.47 168.56 1
11.48 168.67 1
11.49 168.55 1
11.5 168.53 1
11.51 167.8 1
11.52 166.82 1
11.53 165.92 1
11.54 164.99 1
11.55 164.98 1
11.56 165.44 1
11.57 166.47 1
11.58 167.28 1
11.59 167.28 1
11.6 166.93 1
11.61 166.52 1
11.62 166.49 1
11.63 166.55 1
11.64 166.91 1
11.65 168.09 1
11.66 168.94 1
11.67 168.64 1
11.68 172.59 1
11.69 177.8 1
11.7 188.53 1
11.71 195.77 1
11.72 200.47 1
11.73 207.51 1
11.74 206.89 1
11.75 206.5 1
11.76 207.53 1
11.77 201.65 1
11.78 193.18 1
11.79 183.51 1
11.8 175.29 1
11.81 162.84 1
11.82 155.2 1
11.83 149.15 1
11.84 151.37 1
11.85 150.85 1
11.86 152.87 1
11.87 153.02 1
11.88 152.53 1
11.89 153.51 1
11.9 152.62 1
11.91 153.03 1
11.92 151.59 1
11.93 152.25 1
11.94 152.23 1
11.95 151.17 1
11.96 152.15 1
11.97 151.43 1
11.98 152.02 1
11.99 151.48 1
12.0 153.5 1
12.01 152.23 1
12.02 152.09 1
12.03 152.54 1
12.04 152.37 1
12.05 153.56 1
12.06 153.48 1
12.07 153.64 1
12.08 153.77 1
12.09 152.68 1
12.1 154.28 1
12.11 152.19 1
12.12 153.15 1
12.13 152.96 1
12.14 150.66 1
12.15 152.29 1
12.16 151.42 1
12.17 151.95 1
12.18 152.08 1
12.19 153.38 1
12.2 152.95 1
12.21 153.01 1
12.22 154.1 1
12.23 154.55 1
12.24 154.01 1
12.25 154.97 1
12.26 154.25 1
12.27 154.98 1
12.28 154.4 1
12.29 152.76 1
12.3 154.17 1
12.31 153.22 1
12.32 154.74 1
12.33 155.7 1
12.34 155.11 1
12.35 157.92 1
12.36 159.48 1
12.37 160.24 1
12.38 159.99 1
12.39 161.92 1
12.4 163.98 1
12.41 164.39 1
12.42 164.61 1
12.43 163.95 1
12.44 163.29 1
12.45 161.97 1
12.46 159.66 1
12.47 155.86 1
12.48 152.51 1
12.49 148.56 1
12.5 146.11 1
12.51 141.72 1
12.52 138.46 1
12.53 134.66 1
12.54 132.35 1
12.55 130.47 1
12.56 128.31 1
12.57 127.95 1
12.58 128.29 1
12.59 0.0 1
12.6 0.0 1
12.61 0.0 1
12.62 0.0 1
12.63 0.0 1
12.64 0.0 1
12.65 0.0 1
12.66 0.0 1
12.67 0.0 1
12.68 0.0 1
12.69 0.0 1
12.7 0.0 1
12.71 0.0 1
12.72 0.0 1
12.73 0.0 1
12.74 0.0 1
12.75 0.0 1
12.76 0.0 1
12.77 0.0 1
12.78 0.0 1
12.79 0.0 1
12.8 0.0 1
12.81 166.65 1
12.82 170.67 1
12.83 177.45 1
12.84 173.18 1
12.85 171.94 1
12.86 180.29 1
12.87 170.55 1
12.88 174.65 1
12.89 178.88 1
12.9 170.61 1
12.91 173.81 1
12.92 178.9 1
12.93 169.97 1
12.94 173.71 1
12.95 179.63 1
12.96 206.91 1
12.97 172.58 1
12.98 173.0 1
12.99 162.56 1
13.0 157.78 1
13.01 154.92 1
13.02 149.63 1
13.03 146.08 1
13.04 143.26 1
13.05 143.36 1
13.06 142.73 1
13.07 143.57 1
13.08 144.54 1
13.09 145.07 1
13.1 147.09 1
13.11 149.0 1
13.12 152.44 1
13.13 155.66 1
13.14 159.28 1
13.15 163.17 1
13.16 167.06 1
13.17 166.21 1
13.18 168.34 1
13.19 168.85 1
13.2 168.48 1
13.21 165.76 1
13.22 163.43 1
13.23 161.23 1
13.24 157.22 1
13.25 154.65 1
13.26 151.08 1
13.27 150.07 1
13.28 150.28 1
13.29 149.64 1
13.3 151.23 1
13.31 151.69 1
13.32 154.29 1
13.33 157.04 1
13.34 160.55 1
13.35 164.1 1
13.36 168.25 1
13.37 172.02 1
13.38 173.81 1
13.39 175.86 1
13.4 176.47 1
13.41 175.9 1
13.42 172.31 1
13.43 168.78 1
13.44 165.79 1
13.45 161.92 1
13.46 158.24 1
13.47 148.84 1
13.48 149.33 1
13.49 147.43 1
13.5 147.98 1
13.51 152.9 1
13.52 156.07 1
13.53 160.57 1
13.54 164.7 1
13.55 170.28 1
13.56 174.14 1
13.57 176.63 1
13.58 181.48 1
13.59 183.13 1
13.6 183.1 1
13.61 184.49 1
13.62 182.84 1
13.63 180.82 1
13.64 179.98 1
13.65 179.52 1
13.66 179.33 1
13.67 179.76 1
13.68 179.15 1
13.69 180.34 1
13.7 179.76 1
13.71 181.52 1
13.72 181.45 1
13.73 183.95 1
13.74 179.89 1
13.75 178.34 1
13.76 176.12 1
13.77 172.6 1
13.78 174.48 1
13.79 176.61 1
13.8 177.11 1
13.81 185.32 1
13.82 186.47 1
13.83 192.35 1
13.84 195.74 1
13.85 198.98 1
13.86 199.96 1
13.87 200.8 1
13.88 201.67 1
13.89 200.91 1
13.9 202.15 1
13.91 201.73 1
13.92 202.83 1
13.93 203.3 1
13.94 203.55 1
13.95 204.52 1
13.96 204.64 1
13.97 204.65 1
13.98 206.37 1
13.99 207.25 1
14.0 206.56 1
14.01 208.19 1
14.02 208.51 1
14.03 209.5 1
14.04 209.85 1
14.05 210.42 1
14.06 209.5 1
14.07 210.07 1
14.08 209.21 1
14.09 208.4 1
14.1 207.6 1
14.11 208.41 1
14.12 210.5 1
14.13 195.56 1
14.14 201.44 1
14.15 203.7 1
14.16 202.62 1
14.17 205.73 1
14.18 195.2 1
14.19 201.24 1
14.2 201.82 1
14.21 201.29 1
14.22 202.33 1
14.23 203.14 1
14.24 203.36 1
14.25 203.43 1
14.26 203.42 1
14.27 204.29 1
14.28 204.41 1
14.29 204.53 1
14.3 204.42 1
14.31 204.24 1
14.32 204.24 1
14.33 204.09 1
14.34 204.24 1
14.35 204.64 1
14.36 204.64 1
14.37 205.39 1
14.38 205.43 1
14.39 206.56 1
14.4 208.43 1
14.41 212.06 1
14.42 219.49 1
14.43 226.75 1
14.44 236.46 1
14.45 248.2 1
14.46 253.44 1
14.47 255.66 1
14.48 258.7 1
14.49 258.75 1
14.5 260.2 1
