0.01 0.0 1
0.02 0.0 1
0.03 0.0 1
0.04 278.15 1
0.05 257.4 1
0.06 249.86 1
0.07 245.31 1
0.08 243.86 1
0.09 242.97 1
0.1 241.66 1
0.11 239.25 1
0.12 235.32 1
0.13 232.73 1
0.14 230.3 1
0.15 231.5 1
0.16 230.3 1
0.17 231.5 1
0.18 232.72 1
0.19 235.1 1
0.2 236.91 1
0.21 239.55 1
0.22 244.66 1
0.23 246.98 1
0.24 249.14 1
0.25 252.48 1
0.26 253.42 1
0.27 253.11 1
0.28 253.57 1
0.29 250.75 1
0.3 249.44 1
0.31 247.04 1
0.32 245.47 1
0.33 244.32 1
0.34 243.4 1
0.35 242.57 1
0.36 241.6 1
0.37 240.74 1
0.38 239.48 1
0.39 238.68 1
0.4 237.59 1
0.41 236.96 1
0.42 236.84 1
0.43 236.15 1
0.44 235.38 1
0.45 233.95 1
0.46 231.51 1
0.47 230.88 1
0.48 228.82 1
0.49 227.91 1
0.5 226.04 1
0.51 224.39 1
0.52 224.3 1
0.53 223.38 1
0.54 222.87 1
0.55 221.4 1
0.56 219.04 1
0.57 218.45 1
0.58 216.08 1
0.59 215.2 1
0.6 214.29 1
0.61 212.67 1
0.62 212.26 1
0.63 211.55 1
0.64 209.67 1
0.65 209.31 1
0.66 208.51 1
0.67 207.53 1
0.68 208.06 1
0.69 206.96 1
0.7 205.6 1
0.71 204.65 1
0.72 204.59 1
0.73 204.4 1
0.74 204.42 1
0.75 203.71 1
0.76 204.18 1
0.77 204.56 1
0.78 206.3 1
0.79 207.29 1
0.8 208.33 1
0.81 178.97 1
0.82 69.55 1
0.83 68.96 1
0.84 69.34 1
0.85 69.38 1
0.86 69.21 1
0.87 69.19 1
0.88 69.24 1
0.89 69.31 1
0.9 69.19 1
0.91 69.27 1
0.92 69.4 1
0.93 69.23 1
0.94 69.3 1
0.95 69.27 1
0.96 69.27 1
0.97 69.4 1
0.98 69.26 1
0.99 69.25 1
1.0 69.28 1
1.01 69.23 1
1.02 69.33 1
1.03 69.27 1
1.04 69.35 1
1.05 69.25 1
1.06 69.28 1
1.07 69.21 1
1.08 69.2 1
1.09 69.35 1
1.1 69.21 1
1.11 69.35 1
1.12 69.33 1
1.13 69.22 1
1.14 69.39 1
1.15 69.25 1
1.16 69.35 1
1.17 69.28 1
1.18 69.24 1
1.19 69.26 1
1.2 69.44 1
1.21 69.33 1
1.22 69.44 1
1.23 69.33 1
1.24 69.31 1
1.25 69.29 1
1.26 69.24 1
1.27 69.5 1
1.28 69.18 1
1.29 69.18 1
1.3 69.44 1
1.31 69.33 1
1.32 69.29 1
1.33 69.41 1
1.34 69.18 1
1.35 69.39 1
1.36 69.35 1
1.37 69.07 1
1.38 69.61 1
1.39 69.57 1
1.4 68.75 1
1.41 69.67 1
1.42 69.46 1
1.43 68.96 1
1.44 69.45 1
1.45 69.54 1
1.46 69.25 1
1.47 69.4 1
1.48 69.13 1
1.49 69.15 1
1.5 69.55 1
1.51 69.07 1
1.52 69.26 1
1.53 69.53 1
1.54 69.19 1
1.55 69.07 1
1.56 69.55 1
1.57 69.22 1
1.58 69.07 1
1.59 0.0 1
1.6 0.0 1
1.61 232.72 1
1.62 209.0 1
1.63 205.54 1
1.64 204.64 1
1.65 206.73 1
1.66 206.76 1
1.67 208.32 1
1.68 210.81 1
1.69 209.38 1
1.7 206.58 1
1.71 207.41 1
1.72 206.96 1
1.73 205.6 1
1.74 207.41 1
1.75 208.5 1
1.76 205.64 1
1.77 204.66 1
1.78 206.15 1
1.79 205.17 1
1.8 202.78 1
1.81 201.53 1
1.82 199.67 1
1.83 197.01 1
1.84 195.19 1
1.85 191.05 1
1.86 185.19 1
1.87 183.06 1
1.88 180.66 1
1.89 178.25 1
1.9 177.28 1
1.91 177.95 1
1.92 179.31 1
1.93 180.74 1
1.94 182.77 1
1.95 184.91 1
1.96 191.32 1
1.97 192.16 1
1.98 195.78 1
1.99 202.44 1
2.0 206.05 1
2.01 206.57 1
2.02 208.47 1
2.03 211.5 1
2.04 210.05 1
2.05 209.5 1
2.06 208.12 1
2.07 206.56 1
2.08 204.65 1
2.09 203.45 1
2.1 200.7 1
2.11 197.32 1
2.12 190.92 1
2.13 187.33 1
2.14 182.61 1
2.15 180.2 1
2.16 177.62 1
2.17 175.52 1
2.18 178.62 1
2.19 182.98 1
2.2 183.35 1
2.21 184.92 1
2.22 186.43 1
2.23 185.68 1
2.24 183.61 1
2.25 185.94 1
2.26 183.99 1
2.27 186.21 1
2.28 184.91 1
2.29 185.03 1
2.3 185.96 1
2.31 183.18 1
2.32 183.2 1
2.33 185.69 1
2.34 184.81 1
2.35 185.15 1
2.36 185.29 1
2.37 184.94 1
2.38 184.34 1
2.39 187.62 1
2.4 186.47 1
2.41 189.26 1
2.42 189.64 1
2.43 186.47 1
2.44 189.13 1
2.45 188.26 1
2.46 187.77 1
2.47 187.76 1
2.48 186.97 1
2.49 185.77 1
2.5 184.92 1
2.51 186.47 1
2.52 185.79 1
2.53 185.56 1
2.54 184.05 1
2.55 185.09 1
2.56 186.14 1
2.57 183.27 1
2.58 184.5 1
2.59 184.88 1
2.6 183.89 1
2.61 183.75 1
2.62 184.68 1
2.63 185.1 1
2.64 185.34 1
2.65 184.56 1
2.66 183.46 1
2.67 183.89 1
2.68 183.18 1
2.69 183.61 1
2.7 184.12 1
2.71 184.4 1
2.72 184.36 1
2.73 184.7 1
2.74 184.02 1
2.75 183.93 1
2.76 183.3 1
2.77 182.41 1
2.78 180.88 1
2.79 179.33 1
2.8 179.09 1
2.81 176.85 1
2.82 175.52 1
2.83 172.32 1
2.84 171.17 1
2.85 170.52 1
2.86 169.18 1
2.87 168.67 1
2.88 167.77 1
2.89 166.55 1
2.9 165.88 1
2.91 164.22 1
2.92 162.91 1
2.93 160.5 1
2.94 159.49 1
2.95 158.81 1
2.96 157.76 1
2.97 155.58 1
2.98 153.6 1
2.99 150.58 1
3.0 147.95 1
3.01 145.59 1
3.02 143.52 1
3.03 141.62 1
3.04 142.27 1
3.05 141.29 1
3.06 139.94 1
3.07 148.44 1
3.08 149.63 1
3.09 151.66 1
3.1 153.06 1
3.11 153.6 1
3.12 154.78 1
3.13 153.98 1
3.14 153.63 1
3.15 157.24 1
3.16 155.01 1
3.17 153.73 1
3.18 153.44 1
3.19 153.72 1
3.2 153.37 1
3.21 152.64 1
3.22 152.34 1
3.23 151.86 1
3.24 151.45 1
3.25 152.09 1
3.26 152.6 1
3.27 155.33 1
3.28 158.35 1
3.29 156.95 1
3.3 157.63 1
3.31 158.56 1
3.32 157.1 1
3.33 156.93 1
3.34 157.61 1
3.35 155.18 1
3.36 155.33 1
3.37 154.66 1
3.38 154.81 1
3.39 155.35 1
3.4 156.15 1
3.41 154.55 1
3.42 154.86 1
3.43 154.7 1
3.44 156.52 1
3.45 156.74 1
3.46 156.96 1
3.47 156.66 1
3.48 157.83 1
3.49 156.11 1
3.5 157.1 1
3.51 156.71 1
3.52 155.55 1
3.53 156.19 1
3.54 156.32 1
3.55 155.93 1
3.56 156.75 1
3.57 159.52 1
3.58 157.22 1
3.59 160.29 1
3.6 164.17 1
3.61 165.45 1
3.62 165.98 1
3.63 169.17 1
3.64 169.61 1
3.65 168.38 1
3.66 166.65 1
3.67 165.69 1
3.68 163.31 1
3.69 160.6 1
3.7 155.56 1
3.71 155.59 1
3.72 153.8 1
3.73 152.45 1
3.74 153.02 1
3.75 150.84 1
3.76 151.64 1
3.77 151.35 1
3.78 152.52 1
3.79 152.8 1
3.8 151.92 1
3.81 153.81 1
3.82 152.53 1
3.83 154.68 1
3.84 155.75 1
3.85 155.41 1
3.86 157.37 1
3.87 155.39 1
3.88 154.89 1
3.89 156.3 1
3.9 156.81 1
3.91 156.87 1
3.92 157.76 1
3.93 156.92 1
3.94 154.75 1
3.95 157.05 1
3.96 156.11 1
3.97 156.27 1
3.98 159.08 1
3.99 160.72 1
4.0 160.02 1
4.01 161.83 1
4.02 162.35 1
4.03 161.71 1
4.04 157.78 1
4.05 157.56 1
4.06 156.03 1
4.07 146.5 1
4.08 142.56 1
4.09 139.31 1
4.1 133.35 1
4.11 125.11 1
4.12 127.83 1
4.13 123.55 1
4.14 131.05 1
4.15 130.17 1
4.16 134.42 1
4.17 132.6 1
4.18 133.84 1
4.19 135.07 1
4.2 136.28 1
4.21 135.24 1
4.22 134.1 1
4.23 137.52 1
4.24 137.79 1
4.25 136.32 1
4.26 137.04 1
4.27 136.53 1
4.28 136.95 1
4.29 134.44 1
4.3 133.64 1
4.31 138.57 1
4.32 134.66 1
4.33 135.09 1
4.34 133.12 1
4.35 135.27 1
4.36 138.3 1
4.37 135.07 1
4.38 135.48 1
4.39 135.56 1
4.4 137.39 1
4.41 137.27 1
4.42 135.33 1
4.43 137.14 1
4.44 137.34 1
4.45 136.32 1
4.46 136.64 1
4.47 138.87 1
4.48 137.69 1
4.49 135.83 1
4.5 136.64 1
4.51 136.71 1
4.52 135.07 1
4.53 135.36 1
4.54 135.42 1
4.55 135.9 1
4.56 136.26 1
4.57 136.97 1
4.58 138.29 1
4.59 137.44 1
4.6 137.02 1
4.61 142.29 1
4.62 137.49 1
4.63 135.48 1
4.64 136.16 1
4.65 135.6 1
4.66 135.9 1
4.67 137.17 1
4.68 137.6 1
4.69 137.65 1
4.7 137.62 1
4.71 138.03 1
4.72 138.3 1
4.73 138.08 1
4.74 137.6 1
4.75 137.4 1
4.76 137.9 1
4.77 138.8 1
4.78 139.19 1
4.79 139.79 1
4.8 139.08 1
4.81 138.68 1
4.82 139.13 1
4.83 138.57 1
4.84 137.55 1
4.85 137.66 1
4.86 138.12 1
4.87 137.17 1
4.88 137.83 1
4.89 137.88 1
4.9 137.48 1
4.91 137.28 1
4.92 136.88 1
4.93 135.9 1
4.94 132.83 1
4.95 130.51 1
4.96 128.28 1
4.97 124.78 1
4.98 119.33 1
4.99 116.12 1
5.0 111.11 1
5.01 108.58 1
5.02 108.22 1
5.03 106.11 1
5.04 104.01 1
5.05 103.89 1
5.06 102.69 1
5.07 103.43 1
5.08 104.87 1
5.09 107.69 1
5.1 111.22 1
5.11 113.81 1
5.12 118.08 1
5.13 122.0 1
5.14 126.56 1
5.15 129.66 1
5.16 131.1 1
5.17 132.1 1
5.18 134.46 1
5.19 135.25 1
5.2 135.6 1
5.21 135.9 1
5.22 135.78 1
5.23 135.78 1
5.24 135.31 1
5.25 135.18 1
5.26 135.3 1
5.27 134.57 1
5.28 134.28 1
5.29 133.38 1
5.3 130.66 1
5.31 129.5 1
5.32 126.68 1
5.33 120.11 1
5.34 116.73 1
5.35 112.46 1
5.36 108.74 1
5.37 106.82 1
5.38 105.11 1
5.39 104.44 1
5.4 190.92 1
5.41 180.36 1
5.42 177.45 1
5.43 161.48 1
5.44 177.44 1
5.45 191.36 1
5.46 187.27 1
5.47 179.62 1
5.48 177.46 1
5.49 179.61 1
5.5 178.88 1
5.51 181.77 1
5.52 181.94 1
5.53 178.65 1
5.54 161.12 1
5.55 153.36 1
5.56 147.04 1
5.57 144.01 1
5.58 139.99 1
5.59 130.98 1
5.6 129.38 1
5.61 127.64 1
5.62 127.27 1
5.63 123.25 1
5.64 123.01 1
5.65 122.06 1
5.66 121.04 1
5.67 121.12 1
5.68 120.48 1
5.69 120.64 1
5.7 120.76 1
5.71 120.66 1
5.72 120.66 1
5.73 121.33 1
5.74 121.47 1
5.75 121.53 1
5.76 122.01 1
5.77 122.5 1
5.78 123.4 1
5.79 124.65 1
5.8 125.07 1
5.81 126.06 1
5.82 126.49 1
5.83 126.7 1
5.84 126.18 1
5.85 125.43 1
5.86 124.72 1
5.87 124.11 1
5.88 123.72 1
5.89 123.32 1
5.9 121.79 1
5.91 120.33 1
5.92 119.37 1
5.93 117.97 1
5.94 116.91 1
5.95 115.72 1
5.96 114.27 1
5.97 113.04 1
5.98 112.81 1
5.99 111.63 1
6.0 109.51 1
6.01 107.43 1
6.02 106.38 1
6.03 104.97 1
6.04 102.91 1
6.05 103.12 1
6.06 102.54 1
6.07 101.72 1
6.08 101.61 1
6.09 101.35 1
6.1 100.6 1
6.11 100.74 1
6.12 100.46 1
6.13 100.19 1
6.14 101.37 1
6.15 101.5 1
6.16 102.13 1
6.17 102.74 1
6.18 102.38 1
6.19 103.89 1
6.2 102.68 1
6.21 103.89 1
6.22 104.39 1
6.23 103.4 1
6.24 104.35 1
6.25 104.13 1
6.26 103.67 1
6.27 104.33 1
6.28 103.56 1
6.29 103.43 1
6.3 103.97 1
6.31 101.73 1
6.32 102.85 1
6.33 102.63 1
6.34 101.5 1
6.35 101.73 1
6.36 100.57 1
6.37 102.5 1
6.38 103.78 1
6.39 106.14 1
6.4 111.85 1
6.41 114.89 1
6.42 119.84 1
6.43 131.05 1
6.44 137.7 1
6.45 141.61 1
6.46 146.59 1
6.47 148.74 1
6.48 150.14 1
6.49 151.01 1
6.5 149.3 1
6.51 147.78 1
6.52 146.43 1
6.53 143.85 1
6.54 141.72 1
6.55 138.3 1
6.56 132.04 1
6.57 129.59 1
6.58 124.75 1
6.59 123.7 1
6.6 118.09 1
6.61 117.45 1
6.62 115.75 1
6.63 116.88 1
6.64 116.44 1
6.65 115.62 1
6.66 114.58 1
6.67 115.94 1
6.68 117.51 1
6.69 120.0 1
6.7 124.09 1
6.71 126.18 1
6.72 132.62 1
6.73 132.83 1
6.74 138.71 1
6.75 139.87 1
6.76 140.83 1
6.77 144.3 1
6.78 144.43 1
6.79 145.7 1
6.8 144.03 1
6.81 143.13 1
6.82 140.92 1
6.83 140.2 1
6.84 140.15 1
6.85 138.4 1
6.86 137.51 1
6.87 138.86 1
6.88 137.58 1
6.89 136.28 1
6.9 137.12 1
6.91 136.4 1
6.92 135.39 1
6.93 136.42 1
6.94 134.25 1
6.95 137.27 1
6.96 136.32 1
6.97 135.44 1
6.98 137.21 1
6.99 135.07 1
7.0 135.05 1
7.01 132.39 1
7.02 129.9 1
7.03 127.06 1
7.04 132.45 1
7.05 127.27 1
7.06 135.66 1
7.07 135.09 1
7.08 137.92 1
7.09 140.98 1
7.1 146.76 1
7.11 143.72 1
7.12 151.55 1
7.13 149.73 1
7.14 150.72 1
7.15 152.33 1
7.16 151.93 1
7.17 152.4 1
7.18 154.59 1
7.19 154.18 1
7.2 155.03 1
7.21 153.16 1
7.22 153.81 1
7.23 154.08 1
7.24 153.4 1
7.25 153.29 1
7.26 152.69 1
7.27 153.86 1
7.28 153.78 1
7.29 153.9 1
7.3 153.96 1
7.31 154.24 1
7.32 154.91 1
7.33 154.3 1
7.34 153.78 1
7.35 154.55 1
7.36 154.25 1
7.37 155.3 1
7.38 154.67 1
7.39 155.8 1
7.4 156.11 1
7.41 157.18 1
7.42 156.38 1
7.43 157.28 1
7.44 155.75 1
7.45 156.66 1
7.46 155.82 1
7.47 156.69 1
7.48 154.98 1
7.49 156.17 1
7.5 154.66 1
7.51 154.86 1
7.52 154.25 1
7.53 153.1 1
7.54 153.81 1
7.55 153.52 1
7.56 154.31 1
7.57 154.34 1
7.58 154.18 1
7.59 154.55 1
7.6 154.2 1
7.61 154.29 1
7.62 154.66 1
7.63 154.4 1
7.64 154.92 1
7.65 154.41 1
7.66 154.87 1
7.67 154.29 1
7.68 156.24 1
7.69 155.08 1
7.7 156.48 1
7.71 155.39 1
7.72 155.99 1
7.73 155.9 1
7.74 156.91 1
7.75 156.11 1
7.76 157.62 1
7.77 157.4 1
7.78 157.42 1
7.79 156.66 1
7.8 156.66 1
7.81 155.66 1
7.82 155.77 1
7.83 154.99 1
7.84 155.02 1
7.85 154.92 1
7.86 154.57 1
7.87 155.15 1
7.88 154.99 1
7.89 155.25 1
7.9 155.16 1
7.91 156.96 1
7.92 155.62 1
7.93 156.7 1
7.94 156.13 1
7.95 156.99 1
7.96 155.25 1
7.97 156.12 1
7.98 153.48 1
7.99 154.38 1
8.0 152.46 1
8.01 152.53 1
8.02 153.43 1
8.03 153.2 1
8.04 154.17 1
8.05 153.13 1
8.06 154.07 1
8.07 155.11 1
8.08 155.33 1
8.09 156.65 1
8.1 156.88 1
8.11 156.7 1
8.12 156.33 1
8.13 157.04 1
8.14 155.94 1
8.15 157.26 1
8.16 156.39 1
8.17 156.98 1
8.18 155.86 1
8.19 156.18 1
8.2 154.18 1
8.21 155.78 1
8.22 154.24 1
8.23 156.15 1
8.24 155.81 1
8.25 156.74 1
8.26 156.32 1
8.27 157.69 1
8.28 156.74 1
8.29 157.08 1
8.3 156.78 1
8.31 156.6 1
8.32 156.17 1
8.33 156.74 1
8.34 155.56 1
8.35 156.31 1
8.36 156.44 1
8.37 156.58 1
8.38 156.25 1
8.39 156.66 1
8.4 155.74 1
8.41 155.76 1
8.42 155.56 1
8.43 156.02 1
8.44 156.19 1
8.45 156.16 1
8.46 156.33 1
8.47 156.42 1
8.48 156.08 1
8.49 156.68 1
8.5 156.49 1
8.51 156.72 1
8.52 156.21 1
8.53 156.36 1
8.54 156.65 1
8.55 156.1 1
8.56 157.16 1
8.57 156.27 1
8.58 156.11 1
8.59 155.74 1
8.6 155.8 1
8.61 154.95 1
8.62 155.67 1
8.63 154.77 1
8.64 154.86 1
8.65 154.39 1
8.66 155.52 1
8.67 155.05 1
8.68 155.16 1
8.69 155.78 1
8.7 155.96 1
8.71 156.06 1
8.72 157.1 1
8.73 156.11 1
8.74 155.9 1
8.75 154.96 1
8.76 153.89 1
8.77 155.39 1
8.78 154.11 1
8.79 155.68 1
8.8 155.79 1
8.81 155.81 1
8.82 154.8 1
8.83 153.89 1
8.84 153.9 1
8.85 152.9 1
8.86 153.41 1
8.87 153.07 1
8.88 153.1 1
8.89 153.71 1
8.9 153.17 1
8.91 153.72 1
8.92 155.14 1
8.93 154.15 1
8.94 155.08 1
8.95 154.31 1
8.96 155.5 1
8.97 155.54 1
8.98 156.25 1
8.99 155.19 1
9.0 156.63 1
9.01 155.87 1
9.02 157.42 1
9.03 156.62 1
9.04 156.45 1
9.05 155.15 1
9.06 155.36 1
9.07 155.28 1
9.08 155.75 1
9.09 155.06 1
9.1 154.9 1
9.11 154.81 1
9.12 154.95 1
9.13 154.34 1
9.14 153.84 1
9.15 153.38 1
9.16 153.88 1
9.17 152.85 1
9.18 152.23 1
9.19 151.48 1
9.2 149.5 1
9.21 148.24 1
9.22 166.72 1
9.23 157.34 1
9.24 169.95 1
9.25 156.74 1
9.26 162.39 1
9.27 156.11 1
9.28 143.4 1
9.29 153.93 1
9.3 147.25 1
9.31 153.56 1
9.32 152.86 1
9.33 153.5 1
9.34 155.55 1
9.35 152.88 1
9.36 155.95 1
9.37 156.06 1
9.38 155.56 1
9.39 156.87 1
9.4 156.78 1
9.41 156.12 1
9.42 157.76 1
9.43 157.13 1
9.44 156.12 1
9.45 157.04 1
9.46 155.48 1
9.47 151.29 1
9.48 155.55 1
9.49 152.6 1
9.5 153.92 1
9.51 151.28 1
9.52 147.25 1
9.53 148.73 1
9.54 142.03 1
9.55 69.66 1
9.56 69.39 1
9.57 68.11 1
9.58 67.9 1
9.59 67.9 1
9.6 67.9 1
9.61 67.91 1
9.62 68.75 1
9.63 69.14 1
9.64 69.51 1
9.65 70.63 1
9.66 70.73 1
9.67 73.07 1
9.68 73.68 1
9.69 153.93 1
9.7 154.64 1
9.71 155.56 1
9.72 166.74 1
9.73 158.36 1
9.74 156.68 1
9.75 161.23 1
9.76 160.07 1
9.77 157.23 1
9.78 155.86 1
9.79 153.92 1
9.8 145.79 1
9.81 152.33 1
9.82 141.66 1
9.83 142.95 1
9.84 142.03 1
9.85 136.32 1
9.86 136.7 1
9.87 136.01 1
9.88 134.19 1
9.89 132.24 1
9.9 134.25 1
9.91 142.95 1
9.92 140.67 1
9.93 139.33 1
9.94 149.58 1
9.95 148.74 1
9.96 158.03 1
9.97 159.09 1
9.98 161.23 1
9.99 160.67 1
10.0 163.7 1
10.01 163.64 1
10.02 163.03 1
10.03 160.08 1
10.04 158.92 1
10.05 160.07 1
10.06 156.07 1
10.07 156.03 1
10.08 155.22 1
10.09 154.47 1
10.1 155.18 1
10.11 157.11 1
10.12 155.56 1
10.13 157.98 1
10.14 158.63 1
10.15 155.56 1
10.16 158.76 1
10.17 160.3 1
10.18 160.95 1
10.19 160.08 1
10.2 161.15 1
10.21 162.61 1
10.22 163.03 1
10.23 161.78 1
10.24 160.08 1
10.25 163.03 1
10.26 161.24 1
10.27 159.86 1
10.28 159.64 1
10.29 161.23 1
10.3 159.86 1
10.31 158.93 1
10.32 163.02 1
10.33 159.55 1
10.34 158.55 1
10.35 157.73 1
10.36 157.18 1
10.37 155.03 1
10.38 153.35 1
10.39 152.88 1
10.4 150.6 1
10.41 152.33 1
10.42 151.56 1
10.43 151.52 1
10.44 152.09 1
10.45 151.39 1
10.46 152.41 1
10.47 150.97 1
10.48 152.33 1
10.49 151.36 1
10.5 151.14 1
10.51 151.62 1
10.52 151.3 1
10.53 152.86 1
10.54 152.5 1
10.55 148.74 1
10.56 143.19 1
10.57 134.66 1
10.58 0.0 1
10.59 0.0 1
10.6 0.0 1
10.61 0.0 1
10.62 0.0 1
10.63 0.0 1
10.64 0.0 1
10.65 0.0 1
10.66 0.0 1
10.67 0.0 1
10.68 0.0 1
10.69 0.0 1
10.7 0.0 1
10.71 0.0 1
10.72 0.0 1
10.73 0.0 1
10.74 0.0 1
10.75 0.0 1
10.76 0.0 1
10.77 0.0 1
10.78 0.0 1
10.79 0.0 1
10.8 0.0 1
10.81 0.0 1
10.82 0.0 1
10.83 0.0 1
10.84 0.0 1
10.85 0.0 1
10.86 0.0 1
10.87 0.0 1
10.88 0.0 1
10.89 0.0 1
10.9 0.0 1
10.91 0.0 1
10.92 0.0 1
10.93 0.0 1
10.94 0.0 1
10.95 0.0 1
10.96 0.0 1
10.97 0.0 1
10.98 0.0 1
10.99 0.0 1
11.0 0.0 1
11.01 0.0 1
11.02 0.0 1
11.03 0.0 1
11.04 0.0 1
11.05 0.0 1
11.06 0.0 1
11.07 0.0 1
11.08 0.0 1
11.09 0.0 1
11.1 0.0 1
11.11 0.0 1
11.12 0.0 1
11.13 0.0 1
11.14 0.0 1
11.15 0.0 1
11.16 0.0 1
11.17 0.0 1
11.18 0.0 1
11.19 0.0 1
11.2 0.0 1
11.21 179.63 1
11.22 156.24 1
11.23 145.33 1
11.24 152.44 1
11.25 150.21 1
11.26 152.84 1
11.27 147.84 1
11.28 151.18 1
11.29 153.3 1
11.3 150.95 1
11.31 151.72 1
11.32 151.55 1
11.33 154.31 1
11.34 153.48 1
11.35 154.22 1
11.36 154.45 1
11.37 152.67 1
11.38 154.69 1
11.39 154.7 1
11.4 154.52 1
11.41 155.27 1
11.42 154.43 1
11.43 157.41 1
11.44 160.14 1
11.45 166.46 1
11.46 169.76 1
11.47 175.35 1
11.48 181.46 1
11.49 189.94 1
11.5 195.02 1
11.51 197.32 1
11.52 202.87 1
11.53 203.7 1
11.54 203.7 1
11.55 203.48 1
11.56 198.8 1
11.57 194.78 1
11.58 188.91 1
11.59 184.39 1
11.6 182.61 1
11.61 177.96 1
11.62 176.19 1
11.63 173.91 1
11.64 174.46 1
11.65 176.19 1
11.66 178.94 1
11.67 182.65 1
11.68 188.06 1
11.69 196.48 1
11.7 199.11 1
11.71 208.27 1
11.72 215.23 1
11.73 222.62 1
11.74 219.23 1
11.75 216.37 1
11.76 213.37 1
11.77 207.4 1
11.78 198.89 1
11.79 189.68 1
11.8 182.55 1
11.81 180.18 1
11.82 181.85 1
11.83 179.57 1
11.84 179.7 1
11.85 180.36 1
11.86 180.3 1
11.87 180.99 1
11.88 181.85 1
11.89 183.8 1
11.9 184.72 1
11.91 185.05 1
11.92 186.36 1
11.93 186.19 1
11.94 186.99 1
11.95 186.53 1
11.96 185.33 1
11.97 184.14 1
11.98 182.83 1
11.99 181.35 1
12.0 180.51 1
12.01 179.16 1
12.02 177.43 1
12.03 174.35 1
12.04 174.05 1
12.05 172.56 1
12.06 171.23 1
12.07 169.45 1
12.08 168.29 1
12.09 166.75 1
12.1 164.23 1
12.11 162.43 1
12.12 159.6 1
12.13 154.81 1
12.14 154.25 1
12.15 155.13 1
12.16 153.2 1
12.17 154.49 1
12.18 153.84 1
12.19 153.86 1
12.2 155.66 1
12.21 153.93 1
12.22 154.48 1
12.23 154.6 1
12.24 152.72 1
12.25 154.51 1
12.26 153.52 1
12.27 153.9 1
12.28 155.06 1
12.29 153.87 1
12.3 154.37 1
12.31 154.53 1
12.32 154.31 1
12.33 155.0 1
12.34 153.66 1
12.35 154.47 1
12.36 154.73 1
12.37 152.49 1
12.38 154.37 1
12.39 153.25 1
12.4 153.71 1
12.41 155.02 1
12.42 154.15 1
12.43 157.35 1
12.44 160.2 1
12.45 162.95 1
12.46 166.27 1
12.47 168.39 1
12.48 168.61 1
12.49 169.65 1
12.5 168.87 1
12.51 166.71 1
12.52 163.97 1
12.53 161.89 1
12.54 160.23 1
12.55 158.73 1
12.56 154.84 1
12.57 153.37 1
12.58 154.21 1
12.59 152.04 1
12.6 155.65 1
12.61 159.87 1
12.62 164.86 1
12.63 174.44 1
12.64 178.4 1
12.65 184.95 1
12.66 184.92 1
12.67 188.38 1
12.68 187.27 1
12.69 184.14 1
12.7 181.22 1
12.71 175.96 1
12.72 173.06 1
12.73 165.14 1
12.74 155.04 1
12.75 150.64 1
12.76 154.56 1
12.77 157.55 1
12.78 161.7 1
12.79 168.0 1
12.8 171.93 1
12.81 173.97 1
12.82 176.01 1
12.83 174.51 1
12.84 172.51 1
12.85 168.82 1
12.86 161.33 1
12.87 151.65 1
12.88 145.89 1
12.89 138.65 1
12.9 140.1 1
12.91 138.61 1
12.92 132.63 1
12.93 139.78 1
12.94 140.26 1
12.95 136.32 1
12.96 138.46 1
12.97 139.33 1
12.98 135.64 1
12.99 129.24 1
13.0 117.75 1
13.01 118.07 1
13.02 115.89 1
13.03 113.1 1
13.04 109.29 1
13.05 106.14 1
13.06 106.5 1
13.07 108.97 1
13.08 104.47 1
13.09 106.14 1
13.1 107.09 1
13.11 108.49 1
13.12 109.51 1
13.13 112.93 1
13.14 121.99 1
13.15 125.99 1
13.16 122.33 1
13.17 137.6 1
13.18 121.65 1
13.19 126.55 1
13.2 125.46 1
13.21 123.01 1
13.22 118.37 1
13.23 115.4 1
13.24 114.33 1
13.25 112.5 1
13.26 108.87 1
13.27 104.17 1
13.28 103.14 1
13.29 102.29 1
13.3 100.03 1
13.31 103.44 1
13.32 95.97 1
13.33 103.64 1
13.34 95.14 1
13.35 101.03 1
13.36 95.97 1
13.37 101.03 1
13.38 100.69 1
13.39 102.49 1
13.4 108.22 1
13.41 111.51 1
13.42 116.06 1
13.43 120.0 1
13.44 115.9 1
13.45 132.13 1
13.46 134.66 1
13.47 136.51 1
13.48 140.71 1
13.49 135.82 1
13.5 129.75 1
13.51 126.65 1
13.52 125.12 1
13.53 118.58 1
13.54 119.6 1
13.55 115.74 1
13.56 113.37 1
13.57 113.05 1
13.58 112.83 1
13.59 110.72 1
13.6 110.53 1
13.61 110.07 1
13.62 110.83 1
13.63 113.09 1
13.64 116.82 1
13.65 124.88 1
13.66 120.5 1
13.67 141.46 1
13.68 134.99 1
13.69 138.05 1
13.7 133.98 1
13.71 139.75 1
13.72 141.11 1
13.73 139.02 1
13.74 142.85 1
13.75 139.28 1
13.76 137.72 1
13.77 146.43 1
13.78 142.82 1
13.79 151.54 1
13.8 147.57 1
13.81 156.58 1
13.82 157.78 1
13.83 156.56 1
13.84 162.18 1
13.85 162.7 1
13.86 153.83 1
13.87 159.85 1
13.88 158.26 1
13.89 148.89 1
13.9 153.97 1
13.91 145.2 1
13.92 152.19 1
13.93 148.87 1
13.94 151.49 1
13.95 153.4 1
13.96 150.71 1
13.97 154.65 1
13.98 151.82 1
13.99 156.48 1
14.0 155.16 1
14.01 152.95 1
14.02 156.91 1
14.03 153.68 1
14.04 155.75 1
14.05 159.45 1
14.06 153.22 1
14.07 156.57 1
14.08 158.18 1
14.09 155.01 1
14.1 158.31 1
14.11 156.72 1
14.12 145.29 1
14.13 155.79 1
14.14 143.66 1
14.15 150.1 1
14.16 143.07 1
14.17 152.86 1
14.18 137.7 1
14.19 151.69 1
14.2 140.17 1
14.21 151.66 1
14.22 144.16 1
14.23 153.06 1
14.24 148.36 1
14.25 153.59 1
14.26 155.5 1
14.27 155.01 1
14.28 156.66 1
14.29 156.58 1
14.3 156.11 1
14.31 157.81 1
14.32 155.54 1
14.33 156.11 1
14.34 156.4 1
14.35 154.35 1
14.36 156.91 1
14.37 156.84 1
14.38 154.41 1
14.39 155.51 1
14.4 155.61 1
14.41 153.0 1
14.42 156.88 1
14.43 151.23 1
14.44 154.61 1
14.45 155.99 1
14.46 151.04 1
14.47 155.83 1
14.48 157.07 1
14.49 153.2 1
14.5 157.56 1
14.51 154.6 1
14.52 151.81 1
14.53 156.11 1
14.54 151.81 1
14.55 154.33 1
14.56 149.24 1
14.57 151.81 1
14.58 148.62 1
14.59 146.76 1
14.6 143.83 1
14.61 146.76 1
14.62 138.56 1
14.63 135.49 1
14.64 138.97 1
14.65 135.07 1
14.66 135.9 1
14.67 131.84 1
14.68 136.46 1
14.69 136.32 1
14.7 130.95 1
14.71 134.25 1
14.72 135.48 1
14.73 137.6 1
14.74 137.47 1
14.75 136.32 1
14.76 135.51 1
14.77 137.6 1
14.78 137.22 1
14.79 135.48 1
14.8 135.9 1
14.81 139.86 1
14.82 138.45 1
14.83 136.66 1
14.84 140.71 1
14.85 140.59 1
14.86 136.32 1
14.87 68.64 1
14.88 69.07 1
14.89 69.03 1
14.9 69.33 1
14.91 69.18 1
14.92 69.06 1
14.93 69.33 1
14.94 69.15 1
14.95 69.01 1
14.96 69.17 1
14.97 69.37 1
14.98 69.07 1
14.99 69.24 1
15.0 69.25 1
15.01 69.23 1
15.02 69.28 1
15.03 69.18 1
15.04 69.29 1
15.05 69.3 1
15.06 69.2 1
15.07 69.26 1
15.08 69.29 1
15.09 69.29 1
15.1 69.2 1
15.11 69.39 1
15.12 69.26 1
15.13 69.07 1
15.14 69.38 1
15.15 69.31 1
15.16 69.32 1
15.17 69.35 1
15.18 69.18 1
15.19 69.28 1
15.2 69.48 1
15.21 69.09 1
15.22 69.27 1
15.23 69.45 1
15.24 69.07 1
15.25 69.33 1
15.26 69.39 1
15.27 69.4 1
15.28 69.32 1
15.29 69.32 1
15.3 69.26 1
15.31 69.48 1
15.32 69.31 1
15.33 69.07 1
15.34 69.37 1
