0.01 228.42 1
0.02 226.71 1
0.03 222.74 1
0.04 218.97 1
0.05 210.94 1
0.06 204.43 1
0.07 205.21 1
0.08 204.33 1
0.09 205.06 1
0.1 204.95 1
0.11 204.53 1
0.12 204.8 1
0.13 205.48 1
0.14 205.6 1
0.15 207.48 1
0.16 208.31 1
0.17 206.57 1
0.18 209.6 1
0.19 210.49 1
0.2 210.67 1
0.21 211.66 1
0.22 213.07 1
0.23 216.09 1
0.24 219.27 1
0.25 223.15 1
0.26 226.53 1
0.27 233.06 1
0.28 236.0 1
0.29 240.2 1
0.3 243.42 1
0.31 246.22 1
0.32 247.91 1
0.33 248.53 1
0.34 248.67 1
0.35 248.67 1
0.36 248.82 1
0.37 248.83 1
0.38 248.33 1
0.39 247.51 1
0.4 246.53 1
0.41 246.01 1
0.42 246.24 1
0.43 246.13 1
0.44 245.53 1
0.45 244.94 1
0.46 243.62 1
0.47 242.92 1
0.48 242.23 1
0.49 240.78 1
0.5 239.88 1
0.51 238.75 1
0.52 237.73 1
0.53 236.25 1
0.54 234.87 1
0.55 234.07 1
0.56 232.73 1
0.57 232.09 1
0.58 231.9 1
0.59 232.71 1
0.6 232.72 1
0.61 234.57 1
0.62 235.23 1
0.63 239.02 1
0.64 240.42 1
0.65 242.51 1
0.66 244.09 1
0.67 245.58 1
0.68 247.32 1
0.69 248.6 1
0.7 249.14 1
0.71 249.1 1
0.72 248.5 1
0.73 248.02 1
0.74 247.52 1
0.75 247.98 1
0.76 248.19 1
0.77 248.43 1
0.78 248.36 1
0.79 248.54 1
0.8 248.09 1
0.81 247.29 1
0.82 245.92 1
0.83 244.58 1
0.84 243.11 1
0.85 242.1 1
0.86 240.48 1
0.87 238.61 1
0.88 237.74 1
0.89 236.06 1
0.9 235.85 1
0.91 233.97 1
0.92 233.53 1
0.93 232.28 1
0.94 231.76 1
0.95 231.06 1
0.96 231.52 1
0.97 232.17 1
0.98 233.17 1
0.99 234.43 1
1.0 235.51 1
1.01 237.03 1
1.02 238.56 1
1.03 240.08 1
1.04 242.34 1
1.05 243.79 1
1.06 244.68 1
1.07 245.43 1
1.08 245.87 1
1.09 246.28 1
1.1 245.92 1
1.11 245.22 1
1.12 244.52 1
1.13 243.8 1
1.14 242.73 1
1.15 241.66 1
1.16 240.98 1
1.17 239.95 1
1.18 239.62 1
1.19 238.62 1
1.2 237.12 1
1.21 236.05 1
1.22 234.98 1
1.23 235.81 1
1.24 236.86 1
1.25 237.96 1
1.26 238.22 1
1.27 236.53 1
1.28 231.51 1
1.29 216.29 1
1.3 207.37 1
1.31 0.0 1
1.32 0.0 1
1.33 0.0 1
1.34 0.0 1
1.35 0.0 1
1.36 0.0 1
1.37 0.0 1
1.38 0.0 1
1.39 0.0 1
1.4 0.0 1
1.41 0.0 1
1.42 0.0 1
1.43 303.1 1
1.44 282.71 1
1.45 277.29 1
1.46 274.76 1
1.47 273.37 1
1.48 272.57 1
1.49 272.81 1
1.5 273.9 1
1.51 274.22 1
1.52 274.8 1
1.53 274.32 1
1.54 274.53 1
1.55 275.74 1
1.56 277.56 1
1.57 280.06 1
1.58 282.25 1
1.59 283.96 1
1.6 282.13 1
1.61 271.31 1
1.62 275.26 1
1.63 270.75 1
1.64 265.78 1
1.65 255.68 1
1.66 245.21 1
1.67 236.76 1
1.68 228.87 1
1.69 226.42 1
1.7 227.88 1
1.71 233.3 1
1.72 244.23 1
1.73 254.79 1
1.74 265.04 1
1.75 275.61 1
1.76 283.92 1
1.77 289.8 1
1.78 292.95 1
1.79 293.4 1
1.8 288.6 1
1.81 284.34 1
1.82 247.06 1
1.83 218.85 1
1.84 244.68 1
1.85 241.63 1
1.86 275.93 1
1.87 245.68 1
1.88 275.42 1
1.89 216.69 1
1.9 208.67 1
1.91 203.7 1
1.92 202.62 1
1.93 202.61 1
1.94 202.87 1
1.95 204.3 1
1.96 206.25 1
1.97 208.12 1
1.98 210.5 1
1.99 211.47 1
2.0 211.45 1
2.01 209.5 1
2.02 208.81 1
2.03 206.39 1
2.04 210.96 1
2.05 203.7 1
2.06 198.42 1
2.07 190.5 1
2.08 187.16 1
2.09 180.93 1
2.1 179.9 1
2.11 187.26 1
2.12 178.49 1
2.13 181.85 1
2.14 181.52 1
2.15 182.56 1
2.16 183.04 1
2.17 183.59 1
2.18 183.42 1
2.19 183.54 1
2.2 183.23 1
2.21 182.86 1
2.22 182.41 1
2.23 182.07 1
2.24 180.61 1
2.25 179.0 1
2.26 176.06 1
2.27 173.98 1
2.28 164.86 1
2.29 161.96 1
2.3 162.43 1
2.31 148.76 1
2.32 148.25 1
2.33 146.27 1
2.34 148.58 1
2.35 147.69 1
2.36 148.8 1
2.37 148.58 1
2.38 149.28 1
2.39 149.58 1
2.4 151.03 1
2.41 150.37 1
2.42 151.32 1
2.43 151.67 1
2.44 151.42 1
2.45 149.97 1
2.46 150.13 1
2.47 153.21 1
2.48 153.5 1
2.49 156.11 1
2.5 149.74 1
2.51 154.33 1
2.52 159.96 1
2.53 155.9 1
2.54 155.62 1
2.55 158.56 1
2.56 158.83 1
2.57 156.73 1
2.58 153.73 1
2.59 151.74 1
2.6 151.08 1
2.61 150.26 1
2.62 150.87 1
2.63 152.09 1
2.64 156.11 1
2.65 165.19 1
2.66 187.13 1
2.67 198.98 1
2.68 203.7 1
2.69 207.53 1
2.7 207.31 1
2.71 206.56 1
2.72 213.07 1
2.73 200.91 1
2.74 179.63 1
2.75 179.2 1
2.76 183.17 1
2.77 168.4 1
2.78 160.67 1
2.79 148.24 1
2.8 146.23 1
2.81 145.3 1
2.82 146.7 1
2.83 150.33 1
2.84 157.42 1
2.85 165.31 1
2.86 169.22 1
2.87 173.27 1
2.88 172.28 1
2.89 171.24 1
2.9 167.37 1
2.91 156.8 1
2.92 155.5 1
2.93 145.22 1
2.94 116.51 1
2.95 115.56 1
2.96 120.3 1
2.97 126.21 1
2.98 134.97 1
2.99 133.83 1
3.0 134.46 1
3.01 132.96 1
3.02 134.59 1
3.03 135.14 1
3.04 135.64 1
3.05 136.29 1
3.06 137.21 1
3.07 137.6 1
3.08 138.2 1
3.09 137.6 1
3.1 136.32 1
3.11 136.95 1
3.12 133.04 1
3.13 132.54 1
3.14 125.42 1
3.15 115.27 1
3.16 127.97 1
3.17 122.28 1
3.18 118.71 1
3.19 118.24 1
3.2 117.09 1
3.21 118.07 1
3.22 111.66 1
3.23 109.02 1
3.24 107.4 1
3.25 106.92 1
3.26 106.98 1
3.27 107.13 1
3.28 108.1 1
3.29 109.5 1
3.3 110.76 1
3.31 112.08 1
3.32 117.34 1
3.33 119.03 1
3.34 123.7 1
3.35 120.33 1
3.36 124.26 1
3.37 125.47 1
3.38 126.17 1
3.39 123.71 1
3.4 125.92 1
3.41 130.67 1
3.42 124.4 1
3.43 126.18 1
3.44 125.46 1
3.45 125.19 1
3.46 122.67 1
3.47 124.4 1
3.48 123.62 1
3.49 120.33 1
3.5 122.72 1
3.51 122.36 1
3.52 120.99 1
3.53 121.65 1
3.54 118.71 1
3.55 116.99 1
3.56 115.29 1
3.57 112.48 1
3.58 111.51 1
3.59 111.08 1
3.6 109.56 1
3.61 109.56 1
3.62 108.81 1
3.63 109.1 1
3.64 109.3 1
3.65 111.94 1
3.66 113.23 1
3.67 115.87 1
3.68 119.03 1
3.69 122.77 1
3.7 125.82 1
3.71 128.38 1
3.72 128.02 1
3.73 128.39 1
3.74 128.69 1
3.75 127.18 1
3.76 124.23 1
3.77 122.32 1
3.78 118.71 1
3.79 114.99 1
3.8 110.39 1
3.81 78.82 1
3.82 68.74 1
3.83 69.21 1
3.84 69.38 1
3.85 69.58 1
3.86 69.32 1
3.87 69.24 1
3.88 69.55 1
3.89 69.22 1
3.9 69.13 1
3.91 0.0 1
3.92 0.0 1
3.93 0.0 1
3.94 0.0 1
3.95 0.0 1
3.96 0.0 1
3.97 0.0 1
3.98 0.0 1
3.99 0.0 1
4.0 0.0 1
4.01 68.99 1
4.02 70.25 1
4.03 69.04 1
4.04 69.07 1
4.05 69.62 1
4.06 69.07 1
4.07 69.43 1
4.08 69.49 1
4.09 68.85 1
4.1 69.83 1
4.11 69.62 1
4.12 68.9 1
4.13 69.61 1
4.14 0.0 1
4.15 0.0 1
4.16 0.0 1
4.17 0.0 1
4.18 0.0 1
4.19 0.0 1
4.2 145.84 1
4.21 149.63 1
4.22 137.6 1
4.23 137.02 1
4.24 136.67 1
4.25 136.26 1
4.26 137.0 1
4.27 137.03 1
4.28 136.61 1
4.29 135.5 1
4.3 138.03 1
4.31 138.99 1
4.32 140.58 1
4.33 140.97 1
4.34 138.9 1
4.35 140.79 1
4.36 141.33 1
4.37 138.77 1
4.38 132.6 1
4.39 129.9 1
4.4 127.64 1
4.41 115.03 1
4.42 106.14 1
4.43 105.35 1
4.44 106.48 1
4.45 108.48 1
4.46 113.22 1
4.47 116.52 1
4.48 120.24 1
4.49 134.66 1
4.5 140.01 1
4.51 152.77 1
4.52 156.11 1
4.53 157.7 1
4.54 131.05 1
4.55 0.0 1
4.56 0.0 1
4.57 0.0 1
4.58 0.0 1
4.59 0.0 1
4.6 0.0 1
4.61 0.0 1
4.62 0.0 1
4.63 0.0 1
4.64 121.24 1
4.65 114.99 1
4.66 103.46 1
4.67 98.8 1
4.68 102.97 1
4.69 103.89 1
4.7 103.3 1
4.71 103.15 1
4.72 104.54 1
4.73 104.44 1
4.74 104.26 1
4.75 102.44 1
4.76 99.3 1
4.77 91.59 1
4.78 94.94 1
4.79 92.46 1
4.8 95.14 1
4.81 96.39 1
4.82 94.13 1
4.83 93.73 1
4.84 95.15 1
4.85 88.54 1
4.86 98.54 1
4.87 110.65 1
4.88 121.95 1
4.89 125.42 1
4.9 130.66 1
4.91 134.85 1
4.92 139.78 1
4.93 142.86 1
4.94 142.52 1
4.95 138.29 1
4.96 131.73 1
4.97 138.56 1
4.98 136.76 1
4.99 139.78 1
5.0 140.66 1
5.01 138.9 1
5.02 137.6 1
5.03 138.04 1
5.04 138.38 1
5.05 134.67 1
5.06 138.46 1
5.07 114.1 1
5.08 99.3 1
5.09 103.15 1
5.1 102.44 1
5.11 102.44 1
5.12 103.89 1
5.13 104.5 1
5.14 105.11 1
5.15 106.86 1
5.16 107.17 1
5.17 107.43 1
5.18 108.22 1
5.19 108.76 1
5.2 108.49 1
5.21 109.03 1
5.22 107.43 1
5.23 104.56 1
5.24 103.19 1
5.25 102.45 1
5.26 100.43 1
5.27 99.47 1
5.28 100.8 1
5.29 105.5 1
5.3 111.79 1
5.31 116.87 1
5.32 121.66 1
5.33 132.63 1
5.34 145.79 1
5.35 155.01 1
5.36 162.15 1
5.37 166.08 1
5.38 166.41 1
5.39 166.46 1
5.4 161.14 1
5.41 145.31 1
5.42 142.49 1
5.43 0.0 1
5.44 0.0 1
5.45 0.0 1
5.46 0.0 1
5.47 0.0 1
5.48 0.0 1
5.49 0.0 1
5.5 0.0 1
5.51 149.23 1
5.52 138.88 1
5.53 134.55 1
5.54 133.43 1
5.55 133.34 1
5.56 134.03 1
5.57 132.48 1
5.58 132.62 1
5.59 133.1 1
5.6 133.57 1
5.61 134.51 1
5.62 135.91 1
5.63 135.11 1
5.64 135.52 1
5.65 135.93 1
5.66 134.27 1
5.67 153.45 1
5.68 152.33 1
5.69 133.84 1
5.7 133.84 1
5.71 138.9 1
5.72 156.52 1
5.73 147.66 1
5.74 153.11 1
5.75 153.86 1
5.76 153.98 1
5.77 154.96 1
5.78 156.3 1
5.79 157.22 1
5.8 158.27 1
5.81 161.24 1
5.82 161.24 1
5.83 160.21 1
5.84 160.19 1
5.85 158.91 1
5.86 157.22 1
5.87 152.48 1
5.88 148.02 1
5.89 142.99 1
5.9 135.9 1
5.91 124.41 1
5.92 118.72 1
5.93 117.13 1
5.94 114.99 1
5.95 118.08 1
5.96 124.48 1
5.97 133.05 1
5.98 135.32 1
5.99 146.09 1
6.0 163.04 1
6.01 175.36 1
6.02 179.32 1
6.03 182.12 1
6.04 177.26 1
6.05 168.32 1
6.06 0.0 1
6.07 0.0 1
6.08 0.0 1
6.09 0.0 1
6.1 0.0 1
6.11 0.0 1
6.12 0.0 1
6.13 0.0 1
6.14 0.0 1
6.15 148.22 1
6.16 142.51 1
6.17 133.52 1
6.18 134.0 1
6.19 134.15 1
6.2 135.92 1
6.21 137.74 1
6.22 139.16 1
6.23 139.73 1
6.24 140.11 1
6.25 140.81 1
6.26 140.56 1
6.27 140.26 1
6.28 138.89 1
6.29 136.33 1
6.3 135.4 1
6.31 149.22 1
6.32 137.6 1
6.33 128.49 1
6.34 135.49 1
6.35 142.94 1
6.36 136.34 1
6.37 140.22 1
6.38 145.74 1
6.39 147.72 1
6.4 149.76 1
6.41 151.34 1
6.42 152.09 1
6.43 152.69 1
6.44 152.08 1
6.45 152.92 1
6.46 153.29 1
6.47 153.74 1
6.48 156.0 1
6.49 153.56 1
6.5 153.74 1
6.51 158.35 1
6.52 158.35 1
6.53 159.38 1
6.54 155.88 1
6.55 155.57 1
6.56 148.88 1
6.57 145.26 1
6.58 146.76 1
6.59 153.04 1
6.6 163.56 1
6.61 181.93 1
6.62 194.24 1
6.63 203.71 1
6.64 214.97 1
6.65 226.6 1
6.66 232.73 1
6.67 236.73 1
6.68 231.51 1
6.69 225.6 1
6.7 183.38 1
6.71 169.52 1
6.72 0.0 1
6.73 0.0 1
6.74 0.0 1
6.75 0.0 1
6.76 0.0 1
6.77 0.0 1
6.78 191.82 1
6.79 196.64 1
6.8 202.08 1
6.81 203.69 1
6.82 205.58 1
6.83 207.53 1
6.84 210.14 1
6.85 211.87 1
6.86 212.77 1
6.87 212.82 1
6.88 213.47 1
6.89 213.31 1
6.9 214.14 1
6.91 214.22 1
6.92 212.92 1
6.93 202.76 1
6.94 210.3 1
6.95 213.54 1
6.96 210.73 1
6.97 211.24 1
6.98 209.91 1
6.99 206.21 1
7.0 202.09 1
7.01 201.49 1
7.02 205.19 1
7.03 211.51 1
7.04 223.59 1
7.05 231.5 1
7.06 248.1 1
7.07 260.18 1
7.08 271.38 1
7.09 279.33 1
7.1 282.36 1
7.11 277.8 1
7.12 268.09 1
7.13 260.19 1
7.14 226.74 1
7.15 211.51 1
7.16 301.07 1
7.17 271.37 1
