0.01 0.0 1
0.02 0.0 1
0.03 0.0 1
0.04 228.76 1
0.05 214.59 1
0.06 207.32 1
0.07 204.51 1
0.08 203.64 1
0.09 202.31 1
0.1 202.76 1
0.11 204.48 1
0.12 208.3 1
0.13 213.83 1
0.14 221.08 1
0.15 226.57 1
0.16 236.47 1
0.17 245.61 1
0.18 253.97 1
0.19 263.2 1
0.2 270.21 1
0.21 273.12 1
0.22 275.11 1
0.23 276.22 1
0.24 277.06 1
0.25 277.32 1
0.26 276.98 1
0.27 277.29 1
0.28 277.67 1
0.29 278.28 1
0.3 277.63 1
0.31 275.77 1
0.32 273.05 1
0.33 268.74 1
0.34 260.27 1
0.35 255.7 1
0.36 251.07 1
0.37 245.24 1
0.38 239.67 1
0.39 235.87 1
0.4 233.96 1
0.41 232.12 1
0.42 231.5 1
0.43 230.29 1
0.44 228.87 1
0.45 226.75 1
0.46 227.91 1
0.47 227.93 1
0.48 229.13 1
0.49 230.33 1
0.5 232.74 1
0.51 236.35 1
0.52 241.64 1
0.53 244.85 1
0.54 250.07 1
0.55 254.18 1
0.56 257.17 1
0.57 261.59 1
0.58 263.32 1
0.59 264.9 1
0.6 266.32 1
0.61 266.47 1
0.62 266.54 1
0.63 265.88 1
0.64 267.57 1
0.65 269.37 1
0.66 271.09 1
0.67 272.17 1
0.68 273.61 1
0.69 273.89 1
0.7 274.81 1
0.71 274.98 1
0.72 275.61 1
0.73 277.03 1
0.74 277.87 1
0.75 278.81 1
0.76 279.8 1
0.77 280.31 1
0.78 280.22 1
0.79 279.45 1
0.8 279.49 1
0.81 280.58 1
0.82 280.08 1
0.83 279.66 1
0.84 280.14 1
0.85 280.95 1
0.86 281.59 1
0.87 281.5 1
0.88 281.34 1
0.89 281.35 1
0.9 281.12 1
0.91 280.36 1
0.92 279.31 1
0.93 278.12 1
0.94 277.31 1
0.95 276.81 1
0.96 277.63 1
0.97 278.29 1
0.98 279.06 1
0.99 279.26 1
1.0 279.1 1
1.01 278.67 1
1.02 278.29 1
1.03 278.57 1
1.04 278.69 1
1.05 277.7 1
1.06 277.04 1
1.07 277.47 1
1.08 277.62 1
1.09 277.78 1
1.1 278.52 1
1.11 278.9 1
1.12 279.04 1
1.13 278.18 1
1.14 277.02 1
1.15 276.81 1
1.16 277.25 1
1.17 277.04 1
1.18 277.85 1
1.19 277.33 1
1.2 277.17 1
1.21 277.84 1
1.22 277.95 1
1.23 277.46 1
1.24 277.79 1
1.25 277.83 1
1.26 278.29 1
1.27 279.39 1
1.28 282.4 1
1.29 260.18 1
1.3 267.5 1
1.31 262.15 1
1.32 260.18 1
1.33 260.18 1
1.34 281.79 1
1.35 282.27 1
1.36 279.7 1
1.37 276.42 1
1.38 275.07 1
1.39 275.81 1
1.4 276.2 1
1.41 276.56 1
1.42 276.79 1
1.43 277.33 1
1.44 276.84 1
1.45 276.98 1
1.46 276.61 1
1.47 277.74 1
1.48 277.92 1
1.49 277.85 1
1.5 278.41 1
1.51 278.52 1
1.52 278.57 1
1.53 278.54 1
1.54 277.94 1
1.55 277.17 1
1.56 276.12 1
1.57 273.06 1
1.58 266.48 1
1.59 254.26 1
1.6 235.2 1
1.61 224.73 1
1.62 212.69 1
1.63 214.23 1
1.64 220.75 1
1.65 230.29 1
1.66 244.31 1
1.67 255.17 1
1.68 266.93 1
1.69 275.71 1
1.7 282.05 1
1.71 281.68 1
1.72 278.27 1
1.73 267.2 1
1.74 254.21 1
1.75 249.86 1
1.76 233.59 1
1.77 212.01 1
1.78 200.0 1
1.79 196.42 1
1.8 197.31 1
1.81 198.2 1
1.82 198.96 1
1.83 199.74 1
1.84 201.56 1
1.85 203.4 1
1.86 204.64 1
1.87 204.64 1
1.88 205.59 1
1.89 205.6 1
1.9 204.66 1
1.91 202.78 1
1.92 199.1 1
1.93 197.36 1
1.94 182.61 1
1.95 192.16 1
1.96 198.2 1
1.97 176.69 1
1.98 180.06 1
1.99 181.87 1
2.0 196.58 1
2.01 161.83 1
2.02 172.6 1
2.03 173.6 1
2.04 178.09 1
2.05 179.04 1
2.06 180.56 1
2.07 180.67 1
2.08 182.1 1
2.09 184.33 1
2.1 185.69 1
2.11 186.47 1
2.12 186.93 1
2.13 187.26 1
2.14 186.47 1
2.15 186.03 1
2.16 185.22 1
2.17 183.71 1
2.18 183.61 1
2.19 183.67 1
2.2 183.76 1
2.21 183.95 1
2.22 184.75 1
2.23 186.22 1
2.24 188.39 1
2.25 190.45 1
2.26 191.43 1
2.27 190.64 1
2.28 187.75 1
2.29 184.71 1
2.3 181.68 1
2.31 177.89 1
2.32 178.79 1
2.33 183.03 1
2.34 189.7 1
2.35 192.56 1
2.36 196.44 1
2.37 197.18 1
2.38 177.04 1
2.39 182.61 1
2.4 189.68 1
2.41 186.47 1
2.42 189.68 1
2.43 0.0 1
2.44 0.0 1
2.45 0.0 1
2.46 181.73 1
2.47 153.33 1
2.48 151.26 1
2.49 149.17 1
2.5 149.0 1
2.51 148.82 1
2.52 150.07 1
2.53 150.94 1
2.54 152.19 1
2.55 152.53 1
2.56 154.06 1
2.57 154.23 1
2.58 155.77 1
2.59 157.14 1
2.6 157.93 1
2.61 158.65 1
2.62 158.44 1
2.63 157.72 1
2.64 156.46 1
2.65 155.82 1
2.66 155.49 1
2.67 153.66 1
2.68 153.04 1
2.69 152.75 1
2.7 151.99 1
2.71 151.76 1
2.72 151.84 1
2.73 152.39 1
2.74 155.56 1
2.75 161.68 1
2.76 168.21 1
2.77 178.05 1
2.78 184.14 1
2.79 197.31 1
2.8 195.37 1
2.81 194.79 1
2.82 192.79 1
2.83 187.36 1
2.84 180.86 1
2.85 171.14 1
2.86 166.31 1
2.87 162.67 1
2.88 155.65 1
2.89 151.99 1
2.9 150.37 1
2.91 150.7 1
2.92 151.98 1
2.93 153.14 1
2.94 155.73 1
2.95 157.07 1
2.96 157.36 1
2.97 156.48 1
2.98 157.03 1
2.99 154.5 1
3.0 147.25 1
3.01 142.49 1
3.02 0.0 1
3.03 0.0 1
3.04 0.0 1
3.05 0.0 1
3.06 0.0 1
3.07 0.0 1
3.08 0.0 1
3.09 0.0 1
3.1 0.0 1
3.11 0.0 1
3.12 0.0 1
3.13 0.0 1
3.14 0.0 1
3.15 144.35 1
3.16 135.8 1
3.17 134.94 1
3.18 131.61 1
3.19 134.85 1
3.2 132.06 1
3.21 131.52 1
3.22 131.46 1
3.23 128.33 1
3.24 135.87 1
3.25 137.13 1
3.26 137.79 1
3.27 139.62 1
3.28 139.26 1
3.29 138.69 1
3.3 139.0 1
3.31 139.36 1
3.32 138.83 1
3.33 140.17 1
3.34 139.95 1
3.35 138.72 1
3.36 139.3 1
3.37 139.1 1
3.38 137.6 1
3.39 138.85 1
3.4 140.13 1
3.41 138.89 1
3.42 140.1 1
3.43 141.44 1
3.44 141.28 1
3.45 140.56 1
3.46 141.09 1
3.47 139.9 1
3.48 139.6 1
3.49 139.03 1
3.5 137.17 1
3.51 134.66 1
3.52 134.66 1
3.53 139.66 1
3.54 135.07 1
3.55 135.07 1
3.56 138.77 1
3.57 143.41 1
3.58 139.78 1
3.59 162.41 1
3.6 156.56 1
3.61 160.22 1
3.62 162.76 1
3.63 164.87 1
3.64 167.93 1
3.65 169.86 1
3.66 170.71 1
3.67 170.84 1
3.68 170.16 1
3.69 169.15 1
3.7 167.53 1
3.71 164.79 1
3.72 162.95 1
3.73 160.65 1
3.74 159.19 1
3.75 157.2 1
3.76 156.93 1
3.77 156.29 1
3.78 156.62 1
3.79 156.48 1
3.8 156.11 1
3.81 156.07 1
3.82 155.59 1
3.83 155.73 1
3.84 155.09 1
3.85 155.17 1
3.86 154.82 1
3.87 154.86 1
3.88 155.33 1
3.89 156.08 1
3.9 156.35 1
3.91 156.85 1
3.92 156.13 1
3.93 157.02 1
3.94 157.2 1
3.95 157.18 1
3.96 156.77 1
3.97 156.91 1
3.98 157.48 1
3.99 157.6 1
4.0 158.07 1
4.01 157.78 1
4.02 157.96 1
4.03 157.79 1
4.04 158.41 1
4.05 159.54 1
4.06 161.01 1
4.07 163.86 1
4.08 165.88 1
4.09 168.56 1
4.1 169.98 1
4.11 170.83 1
4.12 170.82 1
4.13 170.76 1
4.14 169.25 1
4.15 167.23 1
4.16 164.73 1
4.17 162.31 1
4.18 160.1 1
4.19 157.18 1
4.2 155.43 1
4.21 152.64 1
4.22 149.56 1
4.23 147.57 1
4.24 144.93 1
4.25 142.54 1
4.26 141.78 1
4.27 141.05 1
4.28 140.51 1
4.29 140.62 1
4.3 140.53 1
4.31 141.34 1
4.32 141.65 1
4.33 141.49 1
4.34 141.23 1
4.35 140.9 1
4.36 140.61 1
4.37 140.13 1
4.38 138.9 1
4.39 136.76 1
4.4 135.07 1
4.41 137.18 1
4.42 135.07 1
4.43 134.65 1
4.44 134.1 1
4.45 136.5 1
4.46 140.67 1
4.47 138.9 1
4.48 139.47 1
4.49 140.67 1
4.5 140.97 1
4.51 140.97 1
4.52 139.07 1
4.53 135.55 1
4.54 138.51 1
4.55 0.0 1
4.56 0.0 1
4.57 0.0 1
4.58 0.0 1
4.59 0.0 1
4.6 0.0 1
4.61 0.0 1
4.62 0.0 1
4.63 0.0 1
4.64 0.0 1
4.65 0.0 1
4.66 0.0 1
4.67 0.0 1
4.68 0.0 1
4.69 0.0 1
4.7 0.0 1
4.71 0.0 1
4.72 0.0 1
4.73 0.0 1
4.74 0.0 1
4.75 0.0 1
4.76 0.0 1
4.77 0.0 1
4.78 69.61 1
4.79 68.63 1
4.8 69.5 1
4.81 69.05 1
4.82 69.34 1
4.83 70.05 1
4.84 68.98 1
4.85 69.25 1
4.86 69.8 1
4.87 69.24 1
4.88 0.0 1
4.89 0.0 1
4.9 0.0 1
4.91 0.0 1
4.92 91.59 1
4.93 92.16 1
4.94 98.74 1
4.95 100.81 1
4.96 106.14 1
4.97 114.4 1
4.98 114.41 1
4.99 152.21 1
5.0 148.24 1
5.01 165.53 1
5.02 164.16 1
5.03 163.72 1
5.04 161.83 1
5.05 156.11 1
5.06 139.9 1
5.07 129.14 1
5.08 113.33 1
5.09 105.79 1
5.1 102.65 1
5.11 103.13 1
5.12 103.24 1
5.13 103.81 1
5.14 106.11 1
5.15 107.79 1
5.16 111.72 1
5.17 113.67 1
5.18 122.37 1
5.19 126.18 1
5.2 134.14 1
5.21 134.52 1
5.22 138.23 1
5.23 137.6 1
5.24 139.21 1
5.25 139.44 1
5.26 138.65 1
5.27 138.18 1
5.28 137.38 1
5.29 136.26 1
5.3 135.52 1
5.31 135.89 1
5.32 137.13 1
5.33 140.71 1
5.34 143.01 1
5.35 146.27 1
5.36 150.1 1
5.37 153.39 1
5.38 151.08 1
5.39 151.87 1
5.4 151.69 1
5.41 152.01 1
5.42 152.51 1
5.43 153.01 1
5.44 153.78 1
5.45 153.67 1
5.46 154.09 1
5.47 153.84 1
5.48 153.6 1
5.49 153.22 1
5.5 152.62 1
5.51 152.55 1
5.52 153.18 1
5.53 153.82 1
5.54 153.76 1
5.55 153.97 1
5.56 153.66 1
5.57 153.89 1
5.58 154.1 1
5.59 154.85 1
5.6 155.28 1
5.61 155.61 1
5.62 156.74 1
5.63 157.85 1
5.64 158.35 1
5.65 158.19 1
5.66 157.78 1
5.67 156.67 1
5.68 156.1 1
5.69 156.02 1
5.7 157.16 1
5.71 159.5 1
5.72 162.42 1
5.73 165.2 1
5.74 168.3 1
5.75 169.95 1
5.76 172.6 1
5.77 172.99 1
5.78 171.72 1
5.79 169.37 1
5.8 165.91 1
5.81 161.56 1
5.82 158.06 1
5.83 155.85 1
5.84 151.91 1
5.85 151.29 1
5.86 151.06 1
5.87 152.09 1
5.88 154.23 1
5.89 155.56 1
5.9 158.92 1
5.91 162.64 1
5.92 166.19 1
5.93 170.61 1
5.94 173.51 1
5.95 174.76 1
5.96 168.02 1
5.97 164.26 1
5.98 166.14 1
5.99 164.18 1
6.0 155.81 1
6.01 146.25 1
6.02 141.47 1
6.03 136.24 1
6.04 135.05 1
6.05 133.93 1
6.06 137.74 1
6.07 133.67 1
6.08 132.43 1
6.09 133.46 1
6.1 133.53 1
6.11 133.77 1
6.12 134.99 1
6.13 135.07 1
6.14 135.35 1
6.15 133.43 1
6.16 132.85 1
6.17 127.34 1
6.18 133.84 1
6.19 135.49 1
6.2 137.6 1
6.21 69.27 1
6.22 69.16 1
6.23 69.3 1
6.24 69.24 1
6.25 69.3 1
6.26 0.0 1
6.27 0.0 1
6.28 0.0 1
6.29 182.2 1
6.3 177.76 1
6.31 169.64 1
6.32 162.43 1
6.33 157.58 1
6.34 153.25 1
6.35 149.25 1
6.36 148.84 1
6.37 150.82 1
6.38 151.28 1
6.39 153.53 1
6.4 155.49 1
6.41 158.35 1
6.42 162.17 1
6.43 165.64 1
6.44 168.86 1
6.45 170.78 1
6.46 170.6 1
6.47 169.9 1
6.48 168.64 1
6.49 166.77 1
6.5 164.52 1
6.51 163.31 1
6.52 161.95 1
6.53 159.76 1
6.54 156.67 1
6.55 157.58 1
6.56 158.02 1
6.57 159.68 1
6.58 163.56 1
6.59 168.36 1
6.6 178.9 1
6.61 188.69 1
6.62 198.52 1
6.63 204.64 1
6.64 209.81 1
6.65 212.56 1
6.66 214.13 1
6.67 210.85 1
6.68 206.56 1
6.69 203.43 1
6.7 192.41 1
6.71 184.31 1
6.72 171.93 1
6.73 165.31 1
6.74 164.86 1
6.75 168.99 1
6.76 176.16 1
6.77 184.6 1
6.78 195.94 1
6.79 200.83 1
6.8 206.56 1
6.81 212.19 1
6.82 216.04 1
6.83 216.77 1
6.84 218.45 1
6.85 218.33 1
6.86 216.98 1
6.87 215.73 1
6.88 215.65 1
6.89 210.4 1
6.9 193.85 1
6.91 219.95 1
6.92 215.79 1
6.93 215.09 1
6.94 213.61 1
6.95 214.01 1
6.96 213.29 1
6.97 213.81 1
6.98 214.6 1
6.99 214.6 1
7.0 212.69 1
7.01 213.27 1
7.02 215.91 1
7.03 221.51 1
7.04 226.74 1
7.05 234.18 1
7.06 241.64 1
7.07 249.85 1
7.08 249.0 1
7.09 248.12 1
