0.01 0.0 1
0.02 0.0 1
0.03 208.92 1
0.04 203.19 1
0.05 200.75 1
0.06 201.26 1
0.07 201.87 1
0.08 202.21 1
0.09 202.82 1
0.1 202.76 1
0.11 202.76 1
0.12 202.76 1
0.13 203.63 1
0.14 203.71 1
0.15 204.64 1
0.16 204.65 1
0.17 206.39 1
0.18 206.57 1
0.19 206.57 1
0.2 206.57 1
0.21 206.57 1
0.22 207.54 1
0.23 207.55 1
0.24 208.52 1
0.25 208.52 1
0.26 204.65 1
0.27 200.02 1
0.28 207.86 1
0.29 207.2 1
0.3 207.25 1
0.31 206.5 1
0.32 206.39 1
0.33 208.36 1
0.34 208.66 1
0.35 206.67 1
0.36 209.44 1
0.37 207.99 1
0.38 206.56 1
0.39 207.41 1
0.4 207.34 1
0.41 207.39 1
0.42 208.01 1
0.43 208.13 1
0.44 207.66 1
0.45 208.36 1
0.46 209.43 1
0.47 211.5 1
0.48 215.31 1
0.49 221.04 1
0.5 226.74 1
0.51 233.96 1
0.52 244.31 1
0.53 251.57 1
0.54 257.97 1
0.55 260.22 1
0.56 268.93 1
0.57 272.75 1
0.58 276.02 1
0.59 277.91 1
0.6 278.14 1
0.61 277.8 1
0.62 277.2 1
0.63 276.91 1
0.64 277.18 1
0.65 279.03 1
0.66 279.34 1
0.67 278.07 1
0.68 273.92 1
0.69 267.91 1
0.7 260.18 1
0.71 251.0 1
0.72 239.69 1
0.73 232.25 1
0.74 227.43 1
0.75 225.34 1
0.76 225.3 1
0.77 221.81 1
0.78 200.54 1
0.79 0.0 1
0.8 0.0 1
0.81 0.0 1
0.82 0.0 1
0.83 0.0 1
0.84 0.0 1
0.85 0.0 1
0.86 0.0 1
0.87 0.0 1
0.88 0.0 1
0.89 0.0 1
0.9 305.2 1
0.91 282.2 1
0.92 281.17 1
0.93 279.45 1
0.94 278.31 1
0.95 275.89 1
0.96 274.88 1
0.97 274.76 1
0.98 274.76 1
0.99 275.64 1
1.0 276.32 1
1.01 276.68 1
1.02 277.26 1
1.03 277.98 1
1.04 278.98 1
1.05 279.36 1
1.06 279.69 1
1.07 280.12 1
1.08 280.27 1
1.09 279.87 1
1.1 279.85 1
1.11 280.12 1
1.12 279.09 1
1.13 278.06 1
1.14 277.59 1
1.15 276.7 1
1.16 276.48 1
1.17 275.77 1
1.18 276.49 1
1.19 275.63 1
1.2 276.13 1
1.21 273.44 1
1.22 270.99 1
1.23 269.63 1
1.24 266.49 1
1.25 275.2 1
1.26 271.38 1
1.27 254.19 1
1.28 276.9 1
1.29 273.5 1
1.3 254.18 1
1.31 285.43 1
1.32 305.14 1
1.33 297.88 1
1.34 302.62 1
1.35 306.33 1
1.36 308.56 1
1.37 309.87 1
1.38 310.71 1
1.39 309.84 1
1.4 309.97 1
1.41 309.88 1
1.42 310.41 1
1.43 312.26 1
1.44 313.06 1
1.45 313.86 1
1.46 313.14 1
1.47 310.03 1
1.48 304.62 1
1.49 292.66 1
1.5 287.06 1
1.51 0.0 1
1.52 0.0 1
1.53 0.0 1
1.54 69.83 1
1.55 69.29 1
1.56 69.18 1
1.57 69.31 1
1.58 69.4 1
1.59 68.72 1
1.6 69.51 1
1.61 69.53 1
1.62 69.16 1
1.63 69.1 1
1.64 69.29 1
1.65 0.0 1
1.66 0.0 1
1.67 0.0 1
1.68 0.0 1
1.69 0.0 1
1.7 0.0 1
1.71 0.0 1
1.72 0.0 1
1.73 0.0 1
1.74 0.0 1
1.75 176.83 1
1.76 171.95 1
1.77 172.61 1
1.78 176.16 1
1.79 171.28 1
1.8 179.0 1
1.81 175.47 1
1.82 176.05 1
1.83 181.54 1
1.84 175.35 1
1.85 177.47 1
1.86 196.43 1
1.87 185.68 1
1.88 180.98 1
1.89 184.11 1
1.9 177.67 1
1.91 180.19 1
1.92 172.57 1
1.93 216.77 1
1.94 229.56 1
1.95 233.94 1
1.96 229.82 1
1.97 231.31 1
1.98 232.07 1
1.99 232.41 1
2.0 231.52 1
2.01 231.52 1
2.02 232.72 1
2.03 233.96 1
2.04 235.2 1
2.05 235.68 1
2.06 235.52 1
2.07 234.62 1
2.08 234.32 1
2.09 235.34 1
2.1 237.13 1
2.11 238.98 1
2.12 242.92 1
2.13 244.31 1
2.14 247.35 1
2.15 251.99 1
2.16 255.68 1
2.17 263.3 1
2.18 271.58 1
2.19 281.14 1
2.2 288.19 1
2.21 295.0 1
2.22 301.05 1
2.23 306.39 1
2.24 308.94 1
2.25 310.22 1
2.26 313.49 1
2.27 316.54 1
2.28 323.67 1
2.29 328.52 1
2.3 329.96 1
2.31 328.79 1
2.32 326.95 1
2.33 325.99 1
2.34 312.73 1
2.35 305.19 1
2.36 296.62 1
2.37 308.43 1
2.38 291.09 1
2.39 286.94 1
2.4 294.96 1
2.41 300.29 1
2.42 301.64 1
2.43 304.64 1
2.44 304.87 1
2.45 305.33 1
2.46 304.96 1
2.47 307.24 1
2.48 308.81 1
2.49 309.97 1
2.5 311.02 1
2.51 311.32 1
2.52 311.34 1
2.53 312.11 1
2.54 312.28 1
2.55 312.49 1
2.56 312.69 1
2.57 312.86 1
2.58 312.4 1
2.59 312.97 1
2.6 312.75 1
2.61 311.93 1
2.62 313.03 1
2.63 313.19 1
2.64 314.42 1
2.65 314.77 1
2.66 314.69 1
2.67 314.4 1
2.68 312.92 1
2.69 312.5 1
2.7 312.26 1
2.71 312.53 1
2.72 311.96 1
2.73 312.7 1
2.74 314.26 1
2.75 313.59 1
2.76 314.01 1
2.77 314.22 1
2.78 314.55 1
2.79 315.26 1
2.8 314.77 1
2.81 314.83 1
2.82 314.64 1
2.83 313.19 1
2.84 309.86 1
2.85 285.89 1
2.86 287.23 1
2.87 306.01 1
2.88 306.88 1
2.89 305.98 1
2.9 303.94 1
2.91 300.0 1
2.92 293.99 1
2.93 283.49 1
2.94 269.72 1
2.95 259.33 1
2.96 255.82 1
2.97 263.83 1
2.98 268.09 1
2.99 273.92 1
3.0 282.93 1
3.01 287.94 1
3.02 294.59 1
3.03 296.99 1
3.04 303.67 1
3.05 306.49 1
3.06 309.88 1
3.07 311.34 1
3.08 310.85 1
3.09 308.7 1
3.1 307.78 1
3.11 306.63 1
3.12 306.42 1
3.13 307.63 1
3.14 308.64 1
3.15 309.48 1
3.16 311.55 1
3.17 312.49 1
3.18 312.57 1
3.19 312.03 1
3.2 312.8 1
3.21 312.72 1
3.22 312.62 1
3.23 313.08 1
3.24 313.08 1
3.25 313.62 1
3.26 312.43 1
3.27 307.33 1
3.28 298.99 1
3.29 276.46 1
3.3 265.03 1
3.31 230.26 1
3.32 226.73 1
3.33 259.74 1
3.34 272.94 1
3.35 306.95 1
3.36 318.37 1
3.37 311.83 1
3.38 310.62 1
3.39 307.69 1
3.4 305.73 1
3.41 300.19 1
3.42 298.1 1
3.43 298.5 1
3.44 301.02 1
3.45 301.04 1
3.46 301.05 1
3.47 301.03 1
3.48 303.09 1
3.49 303.1 1
3.5 303.1 1
3.51 303.1 1
3.52 304.66 1
3.53 304.92 1
3.54 304.35 1
3.55 304.73 1
3.56 303.12 1
3.57 304.89 1
3.58 305.09 1
3.59 305.52 1
3.6 305.83 1
3.61 305.87 1
3.62 305.44 1
3.63 305.21 1
3.64 307.39 1
3.65 308.61 1
3.66 310.01 1
3.67 311.81 1
3.68 317.58 1
3.69 323.36 1
3.7 324.75 1
3.71 323.95 1
3.72 323.62 1
3.73 322.29 1
3.74 320.47 1
3.75 318.66 1
3.76 315.88 1
3.77 282.96 1
3.78 280.01 1
3.79 274.56 1
3.8 282.98 1
3.81 298.44 1
3.82 300.3 1
3.83 301.12 1
3.84 306.38 1
3.85 308.62 1
3.86 309.17 1
3.87 308.7 1
3.88 308.43 1
3.89 308.87 1
3.9 308.62 1
3.91 308.44 1
3.92 309.68 1
3.93 310.53 1
3.94 311.97 1
3.95 312.26 1
3.96 313.23 1
3.97 313.63 1
3.98 312.96 1
3.99 313.28 1
4.0 313.18 1
4.01 313.86 1
4.02 313.05 1
4.03 312.48 1
4.04 312.9 1
4.05 312.85 1
4.06 314.09 1
4.07 313.17 1
4.08 313.01 1
4.09 313.41 1
4.1 312.96 1
4.11 313.33 1
4.12 313.81 1
4.13 313.4 1
4.14 311.94 1
4.15 312.03 1
4.16 311.55 1
4.17 310.81 1
4.18 312.23 1
4.19 312.61 1
4.2 312.35 1
4.21 313.63 1
4.22 313.97 1
4.23 314.79 1
4.24 314.13 1
4.25 313.79 1
4.26 313.2 1
4.27 300.44 1
4.28 276.49 1
4.29 297.68 1
4.3 315.15 1
4.31 312.59 1
4.32 312.64 1
4.33 315.54 1
4.34 317.42 1
4.35 318.94 1
4.36 317.85 1
4.37 316.7 1
4.38 314.28 1
4.39 312.22 1
4.4 308.79 1
4.41 303.76 1
4.42 297.66 1
4.43 291.93 1
4.44 285.87 1
4.45 279.41 1
4.46 274.65 1
4.47 271.7 1
4.48 269.35 1
4.49 270.93 1
4.5 273.25 1
4.51 275.53 1
4.52 278.77 1
4.53 284.28 1
4.54 290.89 1
4.55 296.98 1
4.56 303.96 1
4.57 308.7 1
4.58 315.0 1
4.59 320.47 1
4.6 322.88 1
4.61 322.13 1
4.62 320.01 1
4.63 316.7 1
4.64 303.1 1
4.65 290.49 1
4.66 274.24 1
4.67 0.0 1
4.68 0.0 1
4.69 0.0 1
4.7 0.0 1
4.71 0.0 1
4.72 0.0 1
4.73 0.0 1
4.74 0.0 1
4.75 0.0 1
4.76 308.75 1
4.77 288.82 1
4.78 277.21 1
4.79 274.6 1
4.8 273.06 1
4.81 271.84 1
4.82 271.84 1
4.83 271.63 1
4.84 273.05 1
4.85 273.48 1
4.86 273.94 1
4.87 274.13 1
4.88 274.76 1
4.89 275.12 1
4.9 276.47 1
4.91 277.23 1
4.92 277.25 1
4.93 278.24 1
4.94 278.75 1
4.95 279.22 1
4.96 279.39 1
4.97 279.42 1
4.98 279.64 1
4.99 279.8 1
5.0 279.74 1
5.01 280.1 1
5.02 280.61 1
5.03 280.33 1
5.04 280.51 1
5.05 279.93 1
5.06 279.15 1
5.07 277.38 1
5.08 277.22 1
5.09 279.0 1
5.1 281.67 1
5.11 275.32 1
5.12 272.45 1
5.13 271.88 1
5.14 261.13 1
5.15 260.0 1
5.16 258.89 1
5.17 262.69 1
5.18 274.28 1
5.19 279.46 1
5.2 279.45 1
5.21 279.99 1
5.22 278.51 1
5.23 277.36 1
5.24 277.89 1
5.25 278.43 1
5.26 279.04 1
5.27 279.47 1
5.28 279.27 1
5.29 278.53 1
5.3 278.4 1
5.31 278.45 1
5.32 277.93 1
5.33 278.72 1
5.34 279.54 1
5.35 279.85 1
5.36 279.86 1
5.37 280.22 1
5.38 280.33 1
5.39 280.63 1
5.4 280.08 1
5.41 278.91 1
5.42 277.45 1
5.43 275.16 1
5.44 271.98 1
5.45 265.75 1
5.46 256.93 1
5.47 243.04 1
5.48 232.64 1
5.49 224.73 1
5.5 223.56 1
5.51 225.01 1
5.52 227.02 1
5.53 209.56 1
5.54 192.88 1
5.55 202.76 1
5.56 194.82 1
5.57 180.36 1
5.58 184.13 1
5.59 178.18 1
5.6 179.63 1
5.61 194.37 1
5.62 362.65 1
5.63 280.29 1
5.64 271.49 1
5.65 269.24 1
5.66 266.05 1
5.67 258.69 1
5.68 253.75 1
5.69 245.32 1
5.7 233.97 1
5.71 229.06 1
5.72 226.48 1
5.73 225.58 1
5.74 226.05 1
5.75 227.92 1
5.76 231.5 1
5.77 235.01 1
5.78 238.33 1
5.79 244.32 1
5.8 247.32 1
5.81 251.25 1
5.82 253.71 1
5.83 255.68 1
5.84 255.69 1
5.85 255.66 1
5.86 254.2 1
5.87 253.58 1
5.88 248.45 1
5.89 245.24 1
5.9 239.02 1
5.91 237.45 1
5.92 230.3 1
5.93 224.95 1
5.94 217.46 1
5.95 212.3 1
5.96 207.56 1
5.97 206.58 1
5.98 208.38 1
5.99 205.61 1
6.0 207.53 1
6.01 203.47 1
6.02 209.5 1
6.03 207.71 1
6.04 204.62 1
6.05 205.59 1
6.06 205.35 1
6.07 206.56 1
6.08 205.86 1
6.09 205.92 1
6.1 209.04 1
6.11 208.32 1
6.12 207.53 1
6.13 208.19 1
6.14 208.77 1
6.15 208.52 1
6.16 210.0 1
6.17 209.86 1
6.18 210.35 1
6.19 211.56 1
6.2 211.35 1
6.21 211.3 1
6.22 211.86 1
6.23 210.59 1
6.24 210.53 1
6.25 210.31 1
6.26 208.71 1
6.27 208.92 1
6.28 212.44 1
6.29 216.99 1
6.3 226.44 1
6.31 237.74 1
6.32 257.23 1
6.33 273.06 1
6.34 276.5 1
6.35 286.92 1
6.36 285.88 1
6.37 283.31 1
6.38 273.42 1
6.39 256.27 1
6.4 240.04 1
6.41 230.68 1
6.42 0.0 1
6.43 0.0 1
6.44 0.0 1
6.45 0.0 1
6.46 0.0 1
6.47 0.0 1
6.48 0.0 1
6.49 0.0 1
6.5 0.0 1
6.51 0.0 1
6.52 268.08 1
6.53 237.73 1
6.54 232.7 1
6.55 223.9 1
6.56 222.87 1
6.57 220.63 1
6.58 220.43 1
6.59 219.11 1
6.6 218.18 1
6.61 218.92 1
6.62 220.1 1
6.63 221.71 1
6.64 225.92 1
6.65 231.51 1
6.66 237.37 1
6.67 247.97 1
6.68 253.07 1
6.69 259.76 1
6.7 265.33 1
6.71 270.82 1
6.72 274.42 1
6.73 277.62 1
6.74 279.0 1
6.75 279.53 1
6.76 278.72 1
6.77 276.7 1
6.78 274.51 1
6.79 272.35 1
6.8 269.89 1
6.81 267.84 1
6.82 263.3 1
6.83 260.19 1
6.84 254.21 1
6.85 250.33 1
6.86 245.68 1
6.87 243.35 1
6.88 240.34 1
6.89 237.47 1
6.9 235.71 1
6.91 231.52 1
6.92 230.3 1
6.93 227.92 1
6.94 225.78 1
6.95 223.81 1
6.96 223.38 1
6.97 223.49 1
6.98 224.69 1
6.99 229.11 1
7.0 233.96 1
7.01 239.27 1
7.02 245.1 1
7.03 251.76 1
7.04 258.66 1
7.05 263.31 1
7.06 268.64 1
7.07 272.14 1
7.08 274.42 1
7.09 276.31 1
7.1 276.96 1
7.11 277.09 1
7.12 276.33 1
7.13 277.24 1
7.14 278.36 1
7.15 279.03 1
7.16 279.11 1
7.17 278.77 1
7.18 278.07 1
7.19 276.97 1
7.2 276.93 1
7.21 277.05 1
7.22 277.65 1
7.23 276.96 1
7.24 275.41 1
7.25 276.49 1
7.26 277.26 1
7.27 278.22 1
7.28 279.31 1
7.29 279.41 1
7.3 279.34 1
7.31 278.49 1
7.32 278.24 1
7.33 278.4 1
7.34 278.64 1
7.35 278.91 1
7.36 279.1 1
7.37 278.14 1
7.38 277.97 1
7.39 278.41 1
7.4 278.23 1
7.41 277.82 1
7.42 277.67 1
7.43 278.48 1
7.44 278.99 1
7.45 279.14 1
7.46 278.46 1
7.47 275.43 1
7.48 271.13 1
7.49 282.67 1
7.5 281.77 1
7.51 240.53 1
7.52 281.75 1
7.53 287.25 1
7.54 0.0 1
7.55 0.0 1
7.56 0.0 1
7.57 289.66 1
7.58 246.49 1
7.59 290.72 1
7.6 298.64 1
7.61 284.37 1
7.62 301.41 1
7.63 314.39 1
7.64 314.41 1
7.65 314.07 1
7.66 316.18 1
7.67 315.56 1
7.68 314.67 1
7.69 314.44 1
7.7 315.02 1
7.71 312.93 1
7.72 310.45 1
7.73 309.66 1
7.74 308.43 1
7.75 308.08 1
7.76 308.34 1
7.77 308.07 1
7.78 308.37 1
7.79 308.29 1
7.8 309.19 1
7.81 310.94 1
7.82 311.91 1
7.83 312.11 1
7.84 311.56 1
7.85 312.07 1
7.86 312.68 1
7.87 312.64 1
7.88 312.01 1
7.89 312.13 1
7.9 312.54 1
7.91 311.11 1
7.92 310.97 1
7.93 311.23 1
7.94 310.91 1
7.95 312.4 1
7.96 312.25 1
7.97 311.83 1
7.98 311.83 1
7.99 312.7 1
8.0 313.09 1
8.01 312.67 1
8.02 312.74 1
8.03 311.74 1
8.04 312.84 1
8.05 313.31 1
8.06 312.36 1
8.07 313.42 1
8.08 313.54 1
8.09 312.33 1
8.1 314.71 1
8.11 314.33 1
8.12 313.85 1
8.13 314.9 1
8.14 315.16 1
8.15 314.5 1
8.16 314.8 1
8.17 316.42 1
8.18 316.99 1
8.19 318.17 1
8.2 318.29 1
8.21 316.92 1
8.22 315.51 1
8.23 316.27 1
8.24 315.69 1
8.25 315.0 1
8.26 314.65 1
8.27 313.19 1
8.28 309.65 1
8.29 304.66 1
8.3 281.53 1
8.31 280.51 1
8.32 263.82 1
8.33 250.7 1
8.34 252.29 1
8.35 244.48 1
8.36 254.18 1
8.37 259.3 1
8.38 260.18 1
8.39 263.28 1
8.4 271.29 1
8.41 275.19 1
8.42 287.65 1
8.43 302.99 1
8.44 296.98 1
8.45 291.17 1
8.46 279.59 1
8.47 254.42 1
8.48 235.31 1
8.49 232.34 1
8.5 233.7 1
8.51 237.02 1
8.52 241.75 1
8.53 245.53 1
8.54 248.01 1
8.55 249.39 1
8.56 249.2 1
8.57 247.21 1
8.58 243.45 1
8.59 239.25 1
8.6 234.97 1
8.61 230.2 1
8.62 222.85 1
8.63 217.76 1
8.64 217.03 1
8.65 220.55 1
8.66 225.52 1
8.67 229.09 1
8.68 235.08 1
8.69 238.47 1
8.7 242.84 1
8.71 244.55 1
8.72 245.67 1
8.73 246.5 1
8.74 247.34 1
8.75 246.75 1
8.76 244.64 1
8.77 239.31 1
8.78 229.09 1
8.79 225.58 1
8.8 211.51 1
8.81 0.0 1
8.82 0.0 1
8.83 0.0 1
8.84 0.0 1
8.85 0.0 1
8.86 0.0 1
8.87 0.0 1
8.88 0.0 1
8.89 0.0 1
8.9 0.0 1
8.91 0.0 1
8.92 0.0 1
8.93 0.0 1
8.94 0.0 1
8.95 0.0 1
8.96 0.0 1
8.97 0.0 1
8.98 0.0 1
8.99 0.0 1
9.0 0.0 1
9.01 0.0 1
9.02 0.0 1
9.03 0.0 1
9.04 0.0 1
9.05 69.25 1
9.06 69.6 1
9.07 69.18 1
9.08 69.09 1
9.09 68.85 1
9.1 68.64 1
9.11 69.45 1
9.12 69.58 1
9.13 69.15 1
9.14 69.5 1
9.15 69.39 1
9.16 68.99 1
9.17 69.39 1
9.18 69.19 1
9.19 69.12 1
9.2 69.47 1
9.21 69.24 1
9.22 69.22 1
9.23 69.4 1
9.24 69.03 1
9.25 69.5 1
9.26 69.06 1
9.27 0.0 1
9.28 0.0 1
9.29 213.03 1
9.3 205.28 1
9.31 205.23 1
9.32 203.7 1
9.33 205.6 1
9.34 206.56 1
9.35 208.51 1
9.36 207.53 1
9.37 208.23 1
9.38 209.5 1
9.39 211.32 1
9.4 209.21 1
9.41 209.46 1
9.42 207.53 1
9.43 207.53 1
9.44 205.54 1
9.45 207.53 1
9.46 207.91 1
9.47 206.57 1
9.48 207.54 1
9.49 208.52 1
9.5 209.16 1
9.51 208.52 1
9.52 210.12 1
9.53 210.3 1
9.54 210.41 1
9.55 210.47 1
9.56 210.5 1
9.57 210.56 1
9.58 209.51 1
9.59 209.22 1
9.6 208.51 1
9.61 207.53 1
9.62 204.65 1
9.63 203.73 1
9.64 203.7 1
9.65 206.66 1
9.66 204.64 1
9.67 206.56 1
9.68 208.16 1
9.69 207.4 1
9.7 206.99 1
9.71 214.03 1
9.72 210.98 1
9.73 209.05 1
9.74 206.56 1
9.75 207.01 1
9.76 206.56 1
9.77 207.53 1
9.78 209.02 1
9.79 208.52 1
9.8 209.1 1
9.81 209.14 1
9.82 209.22 1
9.83 209.35 1
9.84 209.51 1
9.85 209.43 1
9.86 209.49 1
9.87 208.85 1
9.88 208.26 1
9.89 207.02 1
9.9 204.06 1
9.91 200.94 1
9.92 197.52 1
9.93 193.89 1
9.94 189.68 1
9.95 188.8 1
9.96 186.75 1
9.97 185.5 1
9.98 185.69 1
9.99 186.3 1
10.0 186.49 1
10.01 187.28 1
10.02 188.08 1
10.03 187.29 1
10.04 188.87 1
10.05 186.5 1
10.06 184.16 1
10.07 179.65 1
10.08 170.6 1
10.09 177.62 1
10.1 168.64 1
10.11 172.62 1
10.12 178.16 1
10.13 183.9 1
10.14 190.39 1
10.15 192.07 1
10.16 190.29 1
10.17 188.87 1
10.18 188.54 1
10.19 188.36 1
10.2 188.15 1
10.21 188.24 1
10.22 188.16 1
10.23 187.27 1
10.24 187.95 1
10.25 188.29 1
10.26 188.87 1
10.27 189.56 1
10.28 189.67 1
10.29 189.87 1
10.3 189.25 1
10.31 188.59 1
10.32 188.2 1
10.33 186.89 1
10.34 185.74 1
10.35 183.48 1
10.36 181.05 1
10.37 179.07 1
10.38 176.51 1
10.39 173.74 1
10.4 171.41 1
10.41 167.24 1
10.42 163.8 1
10.43 160.25 1
10.44 158.75 1
10.45 157.07 1
10.46 156.33 1
10.47 156.37 1
10.48 156.96 1
10.49 156.9 1
10.5 157.22 1
10.51 158.19 1
10.52 156.09 1
10.53 151.82 1
10.54 150.26 1
10.55 148.24 1
10.56 150.77 1
10.57 142.03 1
10.58 152.34 1
10.59 144.83 1
10.6 144.47 1
10.61 146.75 1
10.62 149.74 1
10.63 153.14 1
10.64 153.61 1
10.65 151.29 1
10.66 149.73 1
10.67 149.49 1
10.68 150.09 1
10.69 150.51 1
10.7 151.42 1
10.71 151.54 1
10.72 151.79 1
10.73 151.98 1
10.74 151.94 1
10.75 152.2 1
10.76 152.43 1
10.77 152.2 1
10.78 152.44 1
10.79 152.74 1
10.8 152.8 1
10.81 152.97 1
10.82 153.1 1
10.83 153.28 1
10.84 152.91 1
10.85 153.12 1
10.86 153.05 1
10.87 153.36 1
10.88 153.67 1
10.89 153.89 1
10.9 153.89 1
10.91 153.33 1
10.92 152.88 1
10.93 152.5 1
10.94 152.05 1
10.95 152.4 1
10.96 153.1 1
10.97 154.44 1
10.98 157.02 1
10.99 159.84 1
11.0 163.07 1
11.01 166.38 1
11.02 168.65 1
11.03 169.3 1
11.04 170.61 1
11.05 168.65 1
11.06 166.95 1
11.07 164.91 1
11.08 159.32 1
11.09 157.23 1
11.1 163.64 1
11.11 157.94 1
11.12 136.75 1
11.13 156.11 1
11.14 151.92 1
11.15 154.79 1
11.16 159.12 1
11.17 159.4 1
11.18 158.92 1
11.19 159.18 1
11.2 159.76 1
11.21 158.43 1
11.22 158.46 1
11.23 158.11 1
11.24 158.38 1
11.25 157.58 1
11.26 157.06 1
11.27 156.46 1
11.28 155.56 1
11.29 154.66 1
11.3 155.04 1
11.31 155.09 1
11.32 154.61 1
11.33 154.35 1
11.34 154.21 1
11.35 153.85 1
11.36 154.15 1
11.37 154.64 1
11.38 156.76 1
11.39 158.09 1
11.4 159.92 1
11.41 160.84 1
11.42 160.61 1
11.43 160.67 1
11.44 155.02 1
11.45 148.67 1
11.46 144.14 1
11.47 0.0 1
11.48 0.0 1
11.49 0.0 1
11.5 0.0 1
11.51 0.0 1
11.52 0.0 1
11.53 0.0 1
11.54 0.0 1
11.55 0.0 1
11.56 0.0 1
11.57 0.0 1
11.58 136.65 1
11.59 137.01 1
11.6 135.19 1
11.61 133.37 1
11.62 132.31 1
11.63 132.41 1
11.64 133.31 1
11.65 134.4 1
11.66 135.74 1
11.67 137.32 1
11.68 138.06 1
11.69 138.5 1
11.7 138.7 1
11.71 138.58 1
11.72 139.2 1
11.73 139.7 1
11.74 139.8 1
11.75 139.71 1
11.76 139.91 1
11.77 140.07 1
11.78 140.03 1
11.79 139.67 1
11.8 139.41 1
11.81 139.37 1
11.82 138.98 1
11.83 138.79 1
11.84 138.93 1
11.85 139.68 1
11.86 139.92 1
11.87 140.01 1
11.88 139.98 1
11.89 139.83 1
11.9 139.69 1
11.91 138.9 1
11.92 136.75 1
11.93 137.17 1
11.94 136.32 1
11.95 130.18 1
11.96 142.01 1
11.97 139.8 1
11.98 139.07 1
11.99 138.22 1
12.0 138.29 1
12.01 137.79 1
12.02 137.57 1
12.03 137.07 1
12.04 139.04 1
12.05 137.6 1
12.06 137.19 1
12.07 137.92 1
12.08 138.12 1
12.09 138.03 1
12.1 137.71 1
12.11 137.89 1
12.12 137.98 1
12.13 138.38 1
12.14 139.05 1
12.15 139.16 1
12.16 139.34 1
12.17 139.42 1
12.18 138.61 1
12.19 137.37 1
12.2 135.57 1
12.21 131.84 1
12.22 125.39 1
12.23 117.39 1
12.24 109.56 1
12.25 110.66 1
12.26 111.39 1
12.27 117.36 1
12.28 126.16 1
12.29 133.82 1
12.3 144.9 1
12.31 162.13 1
12.32 177.46 1
12.33 184.91 1
12.34 198.78 1
12.35 197.32 1
12.36 191.19 1
12.37 180.45 1
12.38 175.34 1
12.39 0.0 1
12.4 0.0 1
12.41 0.0 1
12.42 0.0 1
12.43 0.0 1
12.44 0.0 1
12.45 0.0 1
12.46 0.0 1
12.47 0.0 1
12.48 0.0 1
12.49 147.85 1
12.5 142.02 1
12.51 141.55 1
12.52 139.77 1
12.53 140.24 1
12.54 140.71 1
12.55 141.28 1
12.56 141.16 1
12.57 141.23 1
12.58 141.12 1
12.59 139.9 1
12.6 138.9 1
12.61 137.48 1
12.62 136.78 1
12.63 135.91 1
12.64 136.33 1
12.65 136.35 1
12.66 137.18 1
12.67 137.05 1
12.68 137.18 1
12.69 137.29 1
12.7 137.17 1
12.71 137.18 1
12.72 138.44 1
12.73 137.65 1
12.74 137.62 1
12.75 138.9 1
12.76 139.08 1
12.77 139.53 1
12.78 139.88 1
12.79 139.69 1
12.8 136.78 1
12.81 138.41 1
12.82 136.19 1
12.83 68.51 1
12.84 68.96 1
12.85 69.03 1
12.86 68.62 1
12.87 69.56 1
12.88 69.18 1
12.89 70.84 1
12.9 79.91 1
12.91 161.36 1
12.92 153.73 1
12.93 166.59 1
12.94 169.46 1
12.95 177.2 1
12.96 177.42 1
12.97 174.56 1
12.98 171.84 1
12.99 168.78 1
13.0 163.43 1
13.01 159.49 1
13.02 155.79 1
13.03 152.87 1
13.04 152.33 1
13.05 151.96 1
13.06 152.61 1
13.07 153.93 1
13.08 157.14 1
13.09 161.85 1
13.1 165.07 1
13.11 168.15 1
13.12 170.6 1
13.13 174.66 1
13.14 177.7 1
13.15 178.3 1
13.16 176.06 1
13.17 172.94 1
13.18 167.65 1
13.19 160.67 1
13.2 155.01 1
13.21 150.93 1
13.22 150.33 1
13.23 152.56 1
13.24 156.42 1
13.25 165.28 1
13.26 171.81 1
13.27 181.17 1
13.28 198.02 1
13.29 186.47 1
13.3 198.2 1
13.31 198.16 1
13.32 202.67 1
13.33 202.13 1
13.34 199.15 1
13.35 194.62 1
13.36 186.97 1
13.37 182.35 1
13.38 176.75 1
13.39 163.14 1
13.4 157.22 1
13.41 152.96 1
13.42 148.56 1
13.43 147.22 1
13.44 145.8 1
13.45 148.02 1
13.46 149.62 1
13.47 154.04 1
13.48 158.92 1
13.49 169.96 1
13.5 182.49 1
13.51 189.54 1
13.52 195.52 1
13.53 202.48 1
13.54 207.54 1
13.55 212.94 1
13.56 216.56 1
13.57 217.58 1
13.58 217.9 1
13.59 216.84 1
13.6 215.65 1
13.61 213.72 1
13.62 210.5 1
13.63 207.53 1
13.64 204.35 1
13.65 199.83 1
13.66 194.7 1
13.67 186.89 1
13.68 178.95 1
13.69 172.22 1
13.7 166.05 1
13.71 163.06 1
13.72 161.16 1
13.73 156.57 1
13.74 159.27 1
13.75 171.27 1
13.76 164.85 1
13.77 167.35 1
13.78 167.36 1
13.79 164.85 1
13.8 172.61 1
13.81 165.47 1
13.82 166.71 1
13.83 174.66 1
13.84 240.84 1
13.85 216.99 1
13.86 209.82 1
13.87 209.81 1
13.88 209.84 1
13.89 209.84 1
13.9 209.93 1
13.91 211.1 1
13.92 211.62 1
13.93 212.1 1
13.94 211.92 1
13.95 211.98 1
13.96 212.65 1
13.97 213.27 1
13.98 213.07 1
13.99 212.53 1
14.0 210.84 1
14.01 210.98 1
14.02 211.51 1
14.03 210.0 1
14.04 208.52 1
14.05 208.99 1
14.06 208.52 1
14.07 208.51 1
14.08 208.51 1
14.09 209.39 1
14.1 209.78 1
14.11 209.51 1
14.12 211.01 1
14.13 212.85 1
14.14 212.85 1
14.15 207.97 1
14.16 208.5 1
14.17 210.11 1
14.18 203.71 1
14.19 211.64 1
14.2 213.55 1
14.21 211.79 1
14.22 209.71 1
14.23 207.55 1
14.24 208.3 1
14.25 211.29 1
14.26 204.82 1
14.27 204.49 1
14.28 208.02 1
14.29 209.6 1
14.3 209.46 1
14.31 208.51 1
14.32 210.39 1
14.33 209.92 1
14.34 208.51 1
14.35 208.08 1
14.36 208.68 1
14.37 208.46 1
14.38 207.53 1
14.39 213.5 1
14.4 217.27 1
14.41 225.27 1
14.42 232.72 1
14.43 249.59 1
14.44 248.98 1
14.45 259.38 1
14.46 260.2 1
14.47 274.44 1
14.48 279.23 1
14.49 282.71 1
14.5 283.77 1
14.51 279.57 1
14.52 274.67 1
14.53 271.71 1
14.54 268.59 1
14.55 264.82 1
14.56 260.27 1
14.57 255.66 1
14.58 248.79 1
14.59 242.83 1
14.6 233.96 1
14.61 230.81 1
14.62 226.02 1
14.63 219.72 1
14.64 213.9 1
14.65 192.05 1
14.66 180.69 1
14.67 169.94 1
14.68 187.93 1
14.69 207.89 1
