0.01 0.0 1
0.02 0.0 1
0.03 297.84 1
0.04 278.81 1
0.05 273.22 1
0.06 268.31 1
0.07 267.48 1
0.08 268.42 1
0.09 269.97 1
0.1 273.03 1
0.11 273.73 1
0.12 274.58 1
0.13 274.72 1
0.14 274.18 1
0.15 276.39 1
0.16 277.17 1
0.17 277.68 1
0.18 276.63 1
0.19 274.76 1
0.2 271.57 1
0.21 270.38 1
0.22 266.48 1
0.23 264.88 1
0.24 261.73 1
0.25 257.2 1
0.26 254.0 1
0.27 250.21 1
0.28 245.46 1
0.29 241.94 1
0.3 239.01 1
0.31 232.72 1
0.32 229.13 1
0.33 227.93 1
0.34 227.17 1
0.35 225.54 1
0.36 225.7 1
0.37 224.85 1
0.38 225.88 1
0.39 226.4 1
0.4 226.76 1
0.41 227.94 1
0.42 231.52 1
0.43 235.29 1
0.44 238.19 1
0.45 242.96 1
0.46 246.09 1
0.47 252.06 1
0.48 257.15 1
0.49 258.71 1
0.5 264.91 1
0.51 268.83 1
0.52 271.36 1
0.53 272.34 1
0.54 274.27 1
0.55 275.14 1
0.56 277.13 1
0.57 279.13 1
0.58 279.8 1
0.59 280.17 1
0.6 278.9 1
0.61 276.96 1
0.62 275.38 1
0.63 273.98 1
0.64 272.73 1
0.65 273.05 1
0.66 273.49 1
0.67 273.39 1
0.68 274.35 1
0.69 275.53 1
0.7 276.07 1
0.71 276.14 1
0.72 276.56 1
0.73 276.92 1
0.74 276.8 1
0.75 276.68 1
0.76 276.58 1
0.77 277.14 1
0.78 277.09 1
0.79 277.79 1
0.8 277.5 1
0.81 278.41 1
0.82 278.38 1
0.83 277.77 1
0.84 278.26 1
0.85 277.99 1
0.86 277.23 1
0.87 276.57 1
0.88 275.49 1
0.89 274.49 1
0.9 274.58 1
0.91 275.09 1
0.92 275.3 1
0.93 275.34 1
0.94 275.41 1
0.95 275.64 1
0.96 276.67 1
0.97 277.89 1
0.98 278.75 1
0.99 279.05 1
1.0 278.93 1
1.01 278.92 1
1.02 278.79 1
1.03 278.14 1
1.04 278.64 1
1.05 278.46 1
1.06 278.28 1
1.07 277.95 1
1.08 278.1 1
1.09 277.14 1
1.1 275.98 1
1.11 276.48 1
1.12 275.57 1
1.13 276.0 1
1.14 276.55 1
1.15 276.57 1
1.16 276.6 1
1.17 276.44 1
1.18 275.73 1
1.19 275.48 1
1.2 274.18 1
1.21 272.29 1
1.22 271.3 1
1.23 273.62 1
1.24 274.8 1
1.25 260.22 1
1.26 264.77 1
1.27 264.87 1
1.28 266.41 1
1.29 281.78 1
1.3 281.63 1
1.31 279.95 1
1.32 276.75 1
1.33 275.22 1
1.34 275.6 1
1.35 275.39 1
1.36 275.12 1
1.37 275.78 1
1.38 276.08 1
1.39 275.8 1
1.4 275.47 1
1.41 274.86 1
1.42 274.98 1
1.43 275.56 1
1.44 276.18 1
1.45 276.34 1
1.46 276.57 1
1.47 275.65 1
1.48 274.18 1
1.49 273.05 1
1.5 269.41 1
1.51 260.26 1
1.52 255.7 1
1.53 240.3 1
1.54 226.77 1
1.55 215.84 1
1.56 211.68 1
1.57 212.15 1
1.58 217.11 1
1.59 230.54 1
1.6 231.56 1
1.61 248.5 1
1.62 255.69 1
1.63 266.35 1
1.64 273.5 1
1.65 276.05 1
1.66 275.83 1
1.67 269.75 1
1.68 252.72 1
1.69 242.56 1
1.7 234.44 1
1.71 213.68 1
1.72 201.97 1
1.73 196.44 1
1.74 195.58 1
1.75 198.05 1
1.76 200.52 1
1.77 203.4 1
1.78 205.31 1
1.79 205.55 1
1.8 206.4 1
1.81 206.56 1
1.82 207.53 1
1.83 208.38 1
1.84 208.51 1
1.85 207.54 1
1.86 202.74 1
1.87 212.52 1
1.88 207.54 1
1.89 200.92 1
1.9 199.1 1
1.91 208.54 1
1.92 196.21 1
1.93 189.68 1
1.94 176.01 1
1.95 181.12 1
1.96 169.91 1
1.97 181.1 1
1.98 182.62 1
1.99 184.28 1
2.0 187.14 1
2.01 185.48 1
2.02 184.91 1
2.03 185.69 1
2.04 184.91 1
2.05 184.83 1
2.06 185.57 1
2.07 185.12 1
2.08 184.57 1
2.09 185.23 1
2.1 186.74 1
2.11 187.87 1
2.12 188.67 1
2.13 188.06 1
2.14 187.96 1
2.15 187.26 1
2.16 187.12 1
2.17 188.54 1
2.18 188.06 1
2.19 188.73 1
2.2 187.02 1
2.21 184.49 1
2.22 183.37 1
2.23 183.09 1
2.24 182.73 1
2.25 184.46 1
2.26 186.48 1
2.27 188.06 1
2.28 191.88 1
2.29 193.12 1
2.3 193.13 1
2.31 184.93 1
2.32 166.72 1
2.33 173.28 1
2.34 172.25 1
2.35 178.18 1
2.36 179.61 1
2.37 192.16 1
2.38 186.42 1
2.39 176.14 1
2.4 168.53 1
2.41 182.83 1
2.42 145.79 1
2.43 152.72 1
2.44 151.14 1
2.45 149.67 1
2.46 149.16 1
2.47 149.21 1
2.48 148.58 1
2.49 147.59 1
2.5 147.24 1
2.51 147.37 1
2.52 148.3 1
2.53 149.66 1
2.54 151.39 1
2.55 152.1 1
2.56 153.66 1
2.57 153.35 1
2.58 153.42 1
2.59 153.27 1
2.6 152.62 1
2.61 151.96 1
2.62 150.66 1
2.63 150.17 1
2.64 149.48 1
2.65 149.8 1
2.66 150.28 1
2.67 151.57 1
2.68 153.43 1
2.69 154.86 1
2.7 159.0 1
2.71 162.05 1
2.72 165.6 1
2.73 167.86 1
2.74 169.66 1
2.75 170.43 1
2.76 169.49 1
2.77 168.14 1
2.78 165.48 1
2.79 161.44 1
2.8 156.13 1
2.81 151.87 1
2.82 149.65 1
2.83 148.27 1
2.84 147.25 1
2.85 148.21 1
2.86 148.24 1
2.87 150.32 1
2.88 151.95 1
2.89 153.94 1
2.9 155.15 1
2.91 155.35 1
2.92 154.79 1
2.93 153.05 1
2.94 145.79 1
2.95 0.0 1
2.96 0.0 1
2.97 0.0 1
2.98 0.0 1
2.99 0.0 1
3.0 0.0 1
3.01 0.0 1
3.02 0.0 1
3.03 0.0 1
3.04 0.0 1
3.05 0.0 1
3.06 0.0 1
3.07 0.0 1
3.08 0.0 1
3.09 138.24 1
3.1 131.59 1
3.11 131.19 1
3.12 130.82 1
3.13 131.65 1
3.14 135.49 1
3.15 133.74 1
3.16 130.67 1
3.17 136.6 1
3.18 137.17 1
3.19 138.68 1
3.2 139.3 1
3.21 138.93 1
3.22 139.78 1
3.23 139.49 1
3.24 139.29 1
3.25 139.88 1
3.26 138.97 1
3.27 139.3 1
3.28 138.57 1
3.29 138.08 1
3.3 137.93 1
3.31 137.57 1
3.32 137.38 1
3.33 136.9 1
3.34 135.9 1
3.35 136.39 1
3.36 135.9 1
3.37 135.48 1
3.38 135.89 1
3.39 136.32 1
3.4 136.76 1
3.41 135.49 1
3.42 135.9 1
3.43 137.38 1
3.44 135.49 1
3.45 136.32 1
3.46 135.49 1
3.47 136.32 1
3.48 140.22 1
3.49 140.67 1
3.5 141.57 1
3.51 155.08 1
3.52 151.81 1
3.53 157.11 1
3.54 157.89 1
3.55 160.67 1
3.56 161.45 1
3.57 162.48 1
3.58 164.23 1
3.59 164.49 1
3.6 164.45 1
3.61 163.63 1
3.62 162.09 1
3.63 160.52 1
3.64 158.87 1
3.65 157.78 1
3.66 156.11 1
3.67 155.57 1
3.68 154.32 1
3.69 153.04 1
3.7 152.27 1
3.71 151.15 1
3.72 151.28 1
3.73 151.25 1
3.74 151.82 1
3.75 151.8 1
3.76 151.89 1
3.77 152.01 1
3.78 152.76 1
3.79 153.84 1
3.8 154.62 1
3.81 155.9 1
3.82 156.56 1
3.83 156.66 1
3.84 157.02 1
3.85 156.84 1
3.86 156.41 1
3.87 155.63 1
3.88 154.99 1
3.89 153.77 1
3.9 152.83 1
3.91 151.8 1
3.92 151.26 1
3.93 150.39 1
3.94 150.16 1
3.95 150.96 1
3.96 152.73 1
3.97 155.56 1
3.98 158.29 1
3.99 161.24 1
4.0 162.07 1
4.01 163.37 1
4.02 163.87 1
4.03 163.38 1
4.04 162.97 1
4.05 161.96 1
4.06 160.79 1
4.07 159.22 1
4.08 158.1 1
4.09 155.81 1
4.1 154.35 1
4.11 153.61 1
4.12 151.8 1
4.13 150.58 1
4.14 149.24 1
4.15 147.83 1
4.16 145.6 1
4.17 144.83 1
4.18 143.02 1
4.19 141.75 1
4.2 140.83 1
4.21 140.82 1
4.22 140.38 1
4.23 140.27 1
4.24 139.96 1
4.25 139.9 1
4.26 139.95 1
4.27 139.34 1
4.28 139.16 1
4.29 139.34 1
4.3 138.77 1
4.31 137.6 1
4.32 138.62 1
4.33 139.72 1
4.34 138.46 1
4.35 138.59 1
4.36 135.49 1
4.37 135.71 1
4.38 135.07 1
4.39 134.26 1
4.4 138.03 1
4.41 140.75 1
4.42 142.38 1
4.43 143.41 1
4.44 141.93 1
4.45 142.15 1
4.46 141.69 1
4.47 140.22 1
4.48 139.78 1
4.49 139.38 1
4.5 69.57 1
4.51 69.34 1
4.52 69.37 1
4.53 69.52 1
4.54 69.83 1
4.55 69.29 1
4.56 69.4 1
4.57 0.0 1
4.58 0.0 1
4.59 0.0 1
4.6 0.0 1
4.61 0.0 1
4.62 0.0 1
4.63 0.0 1
4.64 0.0 1
4.65 0.0 1
4.66 0.0 1
4.67 0.0 1
4.68 0.0 1
4.69 0.0 1
4.7 0.0 1
4.71 0.0 1
4.72 0.0 1
4.73 68.95 1
4.74 69.57 1
4.75 69.07 1
4.76 69.31 1
4.77 68.9 1
4.78 69.42 1
4.79 69.7 1
4.8 69.13 1
4.81 69.18 1
4.82 69.56 1
4.83 69.11 1
4.84 69.38 1
4.85 69.75 1
4.86 68.98 1
4.87 69.5 1
4.88 85.05 1
4.89 105.45 1
4.9 107.96 1
4.91 105.89 1
4.92 101.03 1
4.93 101.73 1
4.94 104.26 1
4.95 109.83 1
4.96 112.0 1
4.97 113.45 1
4.98 125.35 1
4.99 129.99 1
5.0 136.32 1
5.01 142.76 1
5.02 141.16 1
5.03 141.57 1
5.04 138.43 1
5.05 130.86 1
5.06 114.69 1
5.07 109.98 1
5.08 105.36 1
5.09 103.86 1
5.1 102.91 1
5.11 104.34 1
5.12 107.83 1
5.13 106.83 1
5.14 109.25 1
5.15 114.27 1
5.16 125.88 1
5.17 127.41 1
5.18 129.14 1
5.19 133.45 1
5.2 137.45 1
5.21 138.16 1
5.22 139.77 1
5.23 139.54 1
5.24 138.82 1
5.25 137.54 1
5.26 135.98 1
5.27 135.05 1
5.28 134.11 1
5.29 132.4 1
5.3 132.63 1
5.31 134.16 1
5.32 138.16 1
5.33 139.73 1
5.34 142.25 1
5.35 145.49 1
5.36 150.18 1
5.37 151.93 1
5.38 148.85 1
5.39 149.24 1
5.4 149.51 1
5.41 150.38 1
5.42 152.21 1
5.43 152.61 1
5.44 153.31 1
5.45 153.68 1
5.46 154.54 1
5.47 155.89 1
5.48 156.16 1
5.49 155.29 1
5.5 154.3 1
5.51 153.33 1
5.52 152.58 1
5.53 152.56 1
5.54 152.3 1
5.55 152.49 1
5.56 152.4 1
5.57 152.43 1
5.58 152.36 1
5.59 152.7 1
5.6 152.6 1
5.61 152.99 1
5.62 154.23 1
5.63 154.09 1
5.64 154.24 1
5.65 154.24 1
5.66 153.56 1
5.67 153.46 1
5.68 153.12 1
5.69 153.69 1
5.7 153.56 1
5.71 153.36 1
5.72 153.89 1
5.73 154.82 1
5.74 156.11 1
5.75 160.05 1
5.76 164.01 1
5.77 167.0 1
5.78 170.35 1
5.79 171.44 1
5.8 170.57 1
5.81 168.44 1
5.82 165.84 1
5.83 162.26 1
5.84 160.07 1
5.85 156.23 1
5.86 153.26 1
5.87 152.39 1
5.88 150.98 1
5.89 150.91 1
5.9 152.26 1
5.91 153.08 1
5.92 154.93 1
5.93 155.98 1
5.94 157.56 1
5.95 158.84 1
5.96 159.26 1
5.97 158.7 1
5.98 156.88 1
5.99 153.01 1
6.0 148.88 1
6.01 147.81 1
6.02 145.05 1
6.03 140.64 1
6.04 137.51 1
6.05 136.35 1
6.06 134.17 1
6.07 135.07 1
6.08 140.66 1
6.09 134.05 1
6.1 136.0 1
6.11 138.01 1
6.12 139.32 1
6.13 139.92 1
6.14 141.08 1
6.15 141.44 1
6.16 141.71 1
6.17 140.97 1
6.18 140.18 1
6.19 138.4 1
6.2 131.22 1
6.21 140.61 1
6.22 140.67 1
6.23 139.13 1
6.24 138.46 1
6.25 139.77 1
6.26 138.89 1
6.27 136.74 1
6.28 0.0 1
6.29 0.0 1
6.3 0.0 1
6.31 189.47 1
6.32 162.53 1
6.33 162.52 1
6.34 157.46 1
6.35 153.71 1
6.36 149.32 1
6.37 146.38 1
6.38 145.89 1
6.39 144.61 1
6.4 145.02 1
6.41 147.01 1
6.42 150.1 1
6.43 154.4 1
6.44 156.66 1
6.45 160.46 1
6.46 164.42 1
6.47 164.27 1
6.48 165.43 1
6.49 163.36 1
6.5 161.77 1
6.51 159.15 1
6.52 155.56 1
6.53 153.11 1
6.54 148.73 1
6.55 148.94 1
6.56 147.88 1
6.57 147.74 1
6.58 148.59 1
6.59 149.68 1
6.6 154.86 1
6.61 159.83 1
6.62 169.03 1
6.63 180.4 1
6.64 184.91 1
6.65 196.08 1
6.66 200.74 1
6.67 205.23 1
6.68 208.65 1
6.69 208.52 1
6.7 210.18 1
6.71 207.97 1
6.72 203.4 1
6.73 196.71 1
6.74 189.93 1
6.75 177.99 1
6.76 165.0 1
6.77 159.02 1
6.78 158.24 1
6.79 158.92 1
6.8 164.64 1
6.81 175.3 1
6.82 182.24 1
6.83 189.68 1
6.84 199.48 1
6.85 205.6 1
6.86 210.17 1
6.87 209.51 1
6.88 213.45 1
6.89 213.43 1
6.9 206.56 1
6.91 216.29 1
6.92 205.6 1
6.93 215.65 1
6.94 215.06 1
6.95 211.22 1
6.96 210.76 1
6.97 210.72 1
6.98 210.33 1
6.99 209.95 1
7.0 207.84 1
7.01 207.01 1
7.02 207.55 1
7.03 211.98 1
7.04 215.22 1
7.05 219.67 1
7.06 229.09 1
7.07 230.3 1
7.08 236.47 1
