0.01 0.0 1
0.02 0.0 1
0.03 0.0 1
0.04 228.05 1
0.05 218.51 1
0.06 212.65 1
0.07 212.72 1
0.08 212.98 1
0.09 214.99 1
0.1 214.66 1
0.11 213.96 1
0.12 216.78 1
0.13 222.59 1
0.14 227.92 1
0.15 237.42 1
0.16 246.29 1
0.17 252.04 1
0.18 258.66 1
0.19 263.31 1
0.2 269.33 1
0.21 274.75 1
0.22 274.4 1
0.23 274.39 1
0.24 273.25 1
0.25 271.46 1
0.26 270.59 1
0.27 270.22 1
0.28 270.9 1
0.29 271.37 1
0.3 269.64 1
0.31 267.8 1
0.32 260.25 1
0.33 258.66 1
0.34 253.1 1
0.35 246.95 1
0.36 242.97 1
0.37 240.31 1
0.38 234.73 1
0.39 231.5 1
0.4 227.91 1
0.41 226.36 1
0.42 225.88 1
0.43 225.76 1
0.44 226.74 1
0.45 227.91 1
0.46 229.1 1
0.47 232.73 1
0.48 240.86 1
0.49 245.97 1
0.5 250.78 1
0.51 257.14 1
0.52 262.95 1
0.53 267.51 1
0.54 271.98 1
0.55 273.79 1
0.56 274.63 1
0.57 275.98 1
0.58 276.83 1
0.59 277.31 1
0.6 278.27 1
0.61 278.32 1
0.62 278.13 1
0.63 279.79 1
0.64 280.34 1
0.65 280.34 1
0.66 281.19 1
0.67 281.47 1
0.68 281.17 1
0.69 280.95 1
0.7 278.71 1
0.71 278.64 1
0.72 278.6 1
0.73 278.14 1
0.74 278.9 1
0.75 278.44 1
0.76 277.15 1
0.77 276.08 1
0.78 276.12 1
0.79 276.47 1
0.8 276.15 1
0.81 277.11 1
0.82 277.84 1
0.83 278.98 1
0.84 281.09 1
0.85 282.64 1
0.86 283.68 1
0.87 282.61 1
0.88 280.8 1
0.89 280.4 1
0.9 279.68 1
0.91 279.58 1
0.92 278.86 1
0.93 278.36 1
0.94 279.58 1
0.95 278.68 1
0.96 278.18 1
0.97 278.76 1
0.98 278.61 1
0.99 278.52 1
1.0 279.38 1
1.01 279.85 1
1.02 279.61 1
1.03 280.26 1
1.04 281.1 1
1.05 282.7 1
1.06 283.5 1
1.07 282.92 1
1.08 283.82 1
1.09 283.11 1
1.1 282.44 1
1.11 283.69 1
1.12 282.87 1
1.13 282.67 1
1.14 282.44 1
1.15 281.86 1
1.16 281.84 1
1.17 280.31 1
1.18 279.19 1
1.19 278.8 1
1.2 279.17 1
1.21 278.34 1
1.22 277.1 1
1.23 278.32 1
1.24 278.17 1
1.25 276.7 1
1.26 278.04 1
1.27 277.8 1
1.28 276.45 1
1.29 277.38 1
1.3 280.19 1
1.31 278.08 1
1.32 278.0 1
1.33 279.46 1
1.34 277.57 1
1.35 276.02 1
1.36 278.23 1
1.37 275.59 1
1.38 273.16 1
1.39 276.89 1
1.4 275.46 1
1.41 269.43 1
1.42 257.16 1
1.43 272.69 1
1.44 287.88 1
1.45 140.09 1
1.46 69.11 1
1.47 68.96 1
1.48 69.32 1
1.49 69.18 1
1.5 69.44 1
1.51 69.33 1
1.52 68.9 1
1.53 69.5 1
1.54 69.58 1
1.55 69.14 1
1.56 69.47 1
1.57 69.45 1
1.58 69.44 1
1.59 69.35 1
1.6 69.18 1
1.61 69.32 1
1.62 69.75 1
1.63 69.12 1
1.64 69.19 1
1.65 69.36 1
1.66 69.29 1
1.67 69.02 1
1.68 69.19 1
1.69 69.4 1
1.7 69.1 1
1.71 69.25 1
1.72 69.36 1
1.73 69.29 1
1.74 69.34 1
1.75 69.25 1
1.76 69.41 1
1.77 69.37 1
1.78 69.3 1
1.79 69.57 1
1.8 69.3 1
1.81 69.22 1
1.82 69.49 1
1.83 69.43 1
1.84 69.23 1
1.85 69.42 1
1.86 69.08 1
1.87 69.49 1
1.88 69.31 1
1.89 68.99 1
1.9 69.41 1
1.91 69.3 1
1.92 68.91 1
1.93 69.27 1
1.94 69.16 1
1.95 69.04 1
1.96 69.5 1
1.97 69.12 1
1.98 69.27 1
1.99 69.61 1
2.0 68.91 1
2.01 69.38 1
2.02 69.83 1
2.03 69.06 1
2.04 69.37 1
2.05 69.69 1
2.06 69.03 1
2.07 69.49 1
2.08 69.64 1
2.09 68.97 1
2.1 69.72 1
2.11 69.43 1
2.12 68.93 1
2.13 69.82 1
2.14 69.1 1
2.15 68.69 1
2.16 70.17 1
2.17 69.59 1
2.18 68.81 1
2.19 69.59 1
2.2 86.7 1
2.21 87.23 1
2.22 86.87 1
2.23 87.07 1
2.24 87.12 1
2.25 87.59 1
2.26 86.9 1
2.27 86.22 1
2.28 87.66 1
2.29 87.17 1
2.3 86.05 1
2.31 87.23 1
2.32 87.2 1
2.33 85.55 1
2.34 86.75 1
2.35 86.72 1
2.36 85.05 1
2.37 86.1 1
2.38 86.85 1
2.39 85.05 1
2.4 85.01 1
2.41 86.62 1
2.42 86.39 1
2.43 83.91 1
2.44 66.16 1
2.45 69.02 1
2.46 69.16 1
2.47 69.94 1
2.48 68.33 1
2.49 69.5 1
2.5 69.19 1
2.51 103.76 1
2.52 104.87 1
2.53 103.92 1
2.54 104.01 1
2.55 103.93 1
2.56 104.37 1
2.57 102.69 1
2.58 104.62 1
2.59 104.38 1
2.6 102.69 1
2.61 104.13 1
2.62 105.62 1
2.63 105.11 1
2.64 127.62 1
2.65 135.51 1
2.66 137.18 1
2.67 138.9 1
2.68 69.22 1
2.69 69.42 1
2.7 68.11 1
2.71 68.96 1
2.72 69.68 1
2.73 69.21 1
2.74 69.4 1
2.75 69.18 1
2.76 69.12 1
2.77 69.5 1
2.78 69.14 1
2.79 69.26 1
2.8 69.61 1
2.81 0.0 1
2.82 0.0 1
2.83 197.76 1
2.84 192.12 1
2.85 189.74 1
2.86 188.27 1
2.87 189.54 1
2.88 198.5 1
2.89 196.82 1
2.9 199.89 1
2.91 198.11 1
2.92 198.53 1
2.93 199.42 1
2.94 198.48 1
2.95 201.03 1
2.96 200.04 1
2.97 201.93 1
2.98 202.75 1
2.99 204.2 1
3.0 205.6 1
3.01 205.6 1
3.02 211.05 1
3.03 215.84 1
3.04 221.77 1
3.05 229.1 1
3.06 240.24 1
3.07 248.76 1
3.08 255.03 1
3.09 262.27 1
3.1 266.75 1
3.11 273.01 1
3.12 274.07 1
3.13 275.34 1
3.14 276.92 1
3.15 277.49 1
3.16 278.73 1
3.17 280.14 1
3.18 280.43 1
3.19 280.19 1
3.2 280.25 1
3.21 280.48 1
3.22 280.67 1
3.23 280.75 1
3.24 280.74 1
3.25 279.89 1
3.26 278.83 1
3.27 277.94 1
3.28 276.87 1
3.29 276.44 1
3.3 275.27 1
3.31 274.9 1
3.32 275.28 1
3.33 275.01 1
3.34 276.03 1
3.35 276.21 1
3.36 276.77 1
3.37 278.45 1
3.38 279.09 1
3.39 278.37 1
3.4 277.14 1
3.41 275.9 1
3.42 274.77 1
3.43 272.43 1
3.44 270.2 1
3.45 264.92 1
3.46 260.22 1
3.47 254.21 1
3.48 243.22 1
3.49 231.52 1
3.5 224.64 1
3.51 218.03 1
3.52 214.87 1
3.53 215.56 1
3.54 216.73 1
3.55 219.12 1
3.56 221.87 1
3.57 225.58 1
3.58 232.73 1
3.59 237.92 1
3.6 249.23 1
3.61 254.21 1
3.62 266.35 1
3.63 260.21 1
3.64 258.68 1
3.65 254.05 1
3.66 244.35 1
3.67 236.33 1
3.68 227.11 1
3.69 211.95 1
3.7 200.48 1
3.71 195.56 1
3.72 193.0 1
3.73 193.01 1
3.74 195.6 1
3.75 197.6 1
3.76 198.64 1
3.77 200.52 1
3.78 201.62 1
3.79 202.92 1
3.8 203.32 1
3.81 203.43 1
3.82 203.7 1
3.83 204.58 1
3.84 205.27 1
3.85 205.6 1
3.86 205.6 1
3.87 205.6 1
3.88 205.6 1
3.89 204.65 1
3.9 203.2 1
3.91 198.21 1
3.92 187.44 1
3.93 183.1 1
3.94 185.68 1
3.95 196.42 1
3.96 180.95 1
3.97 171.27 1
3.98 183.37 1
3.99 177.49 1
4.0 173.3 1
4.01 180.39 1
4.02 176.77 1
4.03 0.0 1
4.04 0.0 1
4.05 0.0 1
4.06 0.0 1
4.07 0.0 1
4.08 0.0 1
4.09 0.0 1
4.1 199.1 1
4.11 187.5 1
4.12 178.33 1
4.13 178.29 1
4.14 178.69 1
4.15 177.93 1
4.16 179.03 1
4.17 180.53 1
4.18 180.27 1
4.19 182.07 1
4.2 184.04 1
4.21 186.47 1
4.22 189.44 1
4.23 192.47 1
4.24 192.62 1
4.25 192.3 1
4.26 191.11 1
4.27 188.3 1
4.28 184.89 1
4.29 182.5 1
4.3 180.38 1
4.31 177.09 1
4.32 173.28 1
4.33 173.82 1
4.34 174.1 1
4.35 175.24 1
4.36 177.47 1
4.37 179.63 1
4.38 180.91 1
4.39 181.77 1
4.4 181.4 1
4.41 182.09 1
4.42 181.66 1
4.43 181.82 1
4.44 182.41 1
4.45 182.9 1
4.46 183.61 1
4.47 184.48 1
4.48 184.67 1
4.49 184.37 1
4.5 184.0 1
4.51 183.62 1
4.52 184.37 1
4.53 185.94 1
4.54 187.12 1
4.55 187.18 1
4.56 186.02 1
4.57 185.05 1
4.58 182.98 1
4.59 182.3 1
4.6 183.36 1
4.61 185.15 1
4.62 186.47 1
4.63 188.06 1
4.64 188.06 1
4.65 187.26 1
4.66 185.97 1
4.67 184.8 1
4.68 184.16 1
4.69 183.73 1
4.7 183.72 1
4.71 184.16 1
4.72 184.82 1
4.73 184.92 1
4.74 183.39 1
4.75 171.23 1
4.76 171.26 1
4.77 173.93 1
4.78 171.17 1
4.79 171.72 1
4.8 176.76 1
4.81 173.09 1
4.82 173.47 1
4.83 177.71 1
4.84 172.84 1
4.85 170.6 1
4.86 177.9 1
4.87 170.59 1
4.88 169.94 1
4.89 246.06 1
4.9 204.66 1
4.91 184.14 1
4.92 184.69 1
4.93 186.4 1
4.94 188.63 1
4.95 189.29 1
4.96 192.01 1
4.97 191.33 1
4.98 192.57 1
4.99 192.49 1
5.0 192.76 1
5.01 192.16 1
5.02 191.75 1
5.03 190.84 1
5.04 189.45 1
5.05 187.99 1
5.06 186.43 1
5.07 184.52 1
5.08 182.96 1
5.09 180.82 1
5.1 178.6 1
5.11 177.21 1
5.12 174.68 1
5.13 173.55 1
5.14 171.68 1
5.15 168.79 1
5.16 167.64 1
5.17 165.33 1
5.18 163.38 1
5.19 163.02 1
5.2 161.42 1
5.21 161.05 1
5.22 160.52 1
5.23 159.4 1
5.24 159.02 1
5.25 157.22 1
5.26 156.59 1
5.27 156.06 1
5.28 155.01 1
5.29 153.97 1
5.3 153.41 1
5.31 152.88 1
5.32 153.36 1
5.33 154.81 1
5.34 156.45 1
5.35 156.66 1
5.36 158.73 1
5.37 160.24 1
5.38 158.35 1
5.39 157.96 1
5.4 157.02 1
5.41 156.92 1
5.42 156.11 1
5.43 157.99 1
5.44 157.76 1
5.45 156.99 1
5.46 156.44 1
5.47 155.22 1
5.48 154.21 1
5.49 153.83 1
5.5 153.25 1
5.51 152.91 1
5.52 153.56 1
5.53 154.46 1
5.54 154.98 1
5.55 155.13 1
5.56 154.02 1
5.57 153.81 1
5.58 153.99 1
5.59 154.57 1
5.6 155.54 1
5.61 157.19 1
5.62 157.78 1
5.63 161.05 1
5.64 162.99 1
5.65 164.59 1
5.66 165.89 1
5.67 166.41 1
5.68 166.77 1
5.69 165.52 1
5.7 162.99 1
5.71 159.76 1
5.72 153.93 1
5.73 152.12 1
5.74 148.73 1
5.75 148.75 1
5.76 147.74 1
5.77 150.06 1
5.78 150.12 1
5.79 150.53 1
5.8 150.39 1
5.81 149.81 1
5.82 149.75 1
5.83 149.11 1
5.84 149.48 1
5.85 150.75 1
5.86 152.77 1
5.87 153.75 1
5.88 155.01 1
5.89 156.17 1
5.9 156.33 1
5.91 156.6 1
5.92 158.01 1
5.93 158.5 1
5.94 160.06 1
5.95 160.93 1
5.96 161.55 1
5.97 161.62 1
5.98 160.65 1
5.99 160.03 1
6.0 159.19 1
6.01 158.02 1
6.02 157.78 1
6.03 159.44 1
6.04 160.65 1
6.05 162.37 1
6.06 165.84 1
6.07 165.41 1
6.08 162.41 1
6.09 0.0 1
6.1 0.0 1
6.11 0.0 1
6.12 0.0 1
6.13 0.0 1
6.14 0.0 1
6.15 0.0 1
6.16 0.0 1
6.17 0.0 1
6.18 0.0 1
6.19 0.0 1
6.2 0.0 1
6.21 0.0 1
6.22 0.0 1
6.23 0.0 1
6.24 0.0 1
6.25 0.0 1
6.26 0.0 1
6.27 0.0 1
6.28 163.63 1
6.29 131.21 1
6.3 128.87 1
6.31 124.89 1
6.32 123.56 1
6.33 123.79 1
6.34 125.6 1
6.35 125.9 1
6.36 127.61 1
6.37 127.1 1
6.38 132.35 1
6.39 136.32 1
6.4 138.34 1
6.41 135.91 1
6.42 139.78 1
6.43 140.22 1
6.44 138.46 1
6.45 138.98 1
6.46 139.78 1
6.47 134.66 1
6.48 136.32 1
6.49 135.49 1
6.5 136.29 1
6.51 135.49 1
6.52 132.72 1
6.53 137.91 1
6.54 135.07 1
6.55 137.17 1
6.56 137.6 1
6.57 135.49 1
6.58 139.64 1
6.59 138.31 1
6.6 135.49 1
6.61 139.98 1
6.62 139.01 1
6.63 134.66 1
6.64 138.89 1
6.65 140.01 1
6.66 134.66 1
6.67 135.91 1
6.68 138.2 1
6.69 135.82 1
6.7 136.75 1
6.71 68.75 1
6.72 68.99 1
6.73 69.29 1
6.74 69.45 1
6.75 69.51 1
6.76 69.64 1
6.77 69.55 1
6.78 69.6 1
6.79 69.68 1
6.8 69.7 1
6.81 69.43 1
6.82 68.85 1
6.83 68.44 1
6.84 68.44 1
6.85 68.0 1
6.86 67.79 1
6.87 67.48 1
6.88 67.69 1
6.89 68.37 1
6.9 68.75 1
6.91 69.1 1
6.92 69.16 1
6.93 69.41 1
6.94 69.34 1
6.95 69.7 1
6.96 69.94 1
6.97 70.08 1
6.98 69.66 1
6.99 68.66 1
7.0 69.07 1
7.01 68.43 1
7.02 69.07 1
7.03 69.25 1
7.04 68.53 1
7.05 68.75 1
7.06 69.13 1
7.07 69.18 1
7.08 69.5 1
7.09 141.76 1
7.1 167.36 1
7.11 156.51 1
7.12 161.26 1
7.13 162.23 1
7.14 163.22 1
7.15 164.29 1
7.16 165.08 1
7.17 167.94 1
7.18 167.67 1
7.19 167.96 1
7.2 166.98 1
7.21 165.78 1
7.22 164.4 1
7.23 163.9 1
7.24 163.27 1
7.25 161.65 1
7.26 162.32 1
7.27 162.43 1
7.28 161.94 1
7.29 161.16 1
7.3 161.43 1
7.31 160.33 1
7.32 160.26 1
7.33 158.92 1
7.34 159.87 1
7.35 158.69 1
7.36 156.58 1
7.37 155.55 1
7.38 154.98 1
7.39 155.1 1
7.4 153.97 1
7.41 155.61 1
7.42 155.49 1
7.43 155.99 1
7.44 158.16 1
7.45 157.23 1
7.46 159.1 1
7.47 157.79 1
7.48 159.18 1
7.49 158.69 1
7.5 156.67 1
7.51 155.72 1
7.52 154.66 1
7.53 156.02 1
7.54 154.94 1
7.55 155.31 1
7.56 157.08 1
7.57 153.64 1
7.58 156.24 1
7.59 157.65 1
7.6 158.45 1
7.61 159.09 1
7.62 158.42 1
7.63 158.35 1
7.64 157.22 1
7.65 156.34 1
7.66 156.08 1
7.67 157.35 1
7.68 157.19 1
7.69 156.66 1
7.7 158.25 1
7.71 159.28 1
7.72 159.79 1
7.73 158.35 1
7.74 155.57 1
7.75 156.64 1
7.76 154.69 1
7.77 153.77 1
7.78 152.91 1
7.79 151.33 1
7.8 152.86 1
7.81 150.26 1
7.82 151.28 1
7.83 150.47 1
7.84 150.0 1
7.85 149.05 1
7.86 149.74 1
7.87 148.15 1
7.88 147.25 1
7.89 147.06 1
7.9 146.62 1
7.91 144.18 1
7.92 143.54 1
7.93 142.09 1
7.94 141.91 1
7.95 140.95 1
7.96 140.78 1
7.97 140.52 1
7.98 141.57 1
7.99 140.45 1
8.0 138.9 1
8.01 139.19 1
8.02 138.65 1
8.03 139.6 1
8.04 139.22 1
8.05 140.4 1
8.06 140.58 1
8.07 139.89 1
8.08 140.65 1
8.09 140.06 1
8.1 139.91 1
8.11 139.08 1
8.12 138.48 1
8.13 137.9 1
8.14 137.05 1
8.15 137.11 1
8.16 137.12 1
8.17 136.66 1
8.18 136.19 1
8.19 135.49 1
8.2 135.66 1
8.21 135.83 1
8.22 135.49 1
8.23 135.92 1
8.24 136.33 1
8.25 137.85 1
8.26 138.85 1
8.27 138.79 1
8.28 138.72 1
8.29 138.54 1
8.3 138.43 1
8.31 137.85 1
8.32 137.36 1
8.33 136.76 1
8.34 135.72 1
8.35 135.66 1
8.36 134.58 1
8.37 135.07 1
8.38 137.0 1
8.39 136.32 1
8.4 138.9 1
8.41 138.67 1
8.42 137.6 1
8.43 139.34 1
8.44 139.16 1
8.45 136.75 1
8.46 138.02 1
8.47 137.87 1
8.48 136.32 1
8.49 138.4 1
8.5 138.0 1
8.51 136.32 1
8.52 138.83 1
8.53 139.11 1
8.54 137.6 1
8.55 138.33 1
8.56 139.56 1
8.57 138.85 1
8.58 138.43 1
8.59 139.34 1
8.6 138.5 1
8.61 136.75 1
8.62 138.52 1
8.63 138.76 1
8.64 137.17 1
8.65 139.75 1
8.66 141.12 1
8.67 139.85 1
8.68 140.52 1
8.69 139.9 1
8.7 140.32 1
8.71 139.13 1
8.72 137.17 1
8.73 137.94 1
8.74 137.17 1
8.75 136.75 1
8.76 136.33 1
8.77 131.32 1
8.78 138.68 1
8.79 134.66 1
8.8 135.07 1
8.81 134.25 1
8.82 136.69 1
8.83 141.12 1
8.84 139.72 1
8.85 139.17 1
8.86 139.34 1
8.87 139.26 1
8.88 139.36 1
8.89 139.94 1
8.9 140.9 1
8.91 141.12 1
8.92 140.28 1
8.93 138.72 1
8.94 139.77 1
8.95 69.4 1
8.96 69.33 1
8.97 69.4 1
8.98 69.31 1
8.99 69.35 1
9.0 69.3 1
9.01 69.36 1
9.02 69.36 1
9.03 69.39 1
9.04 69.29 1
9.05 69.28 1
9.06 69.34 1
9.07 69.3 1
9.08 69.18 1
9.09 69.22 1
9.1 69.5 1
9.11 69.31 1
9.12 69.42 1
9.13 69.26 1
9.14 69.43 1
9.15 68.97 1
9.16 69.13 1
9.17 69.35 1
9.18 69.01 1
9.19 69.11 1
9.2 69.29 1
9.21 69.18 1
9.22 69.37 1
9.23 69.26 1
9.24 69.01 1
9.25 69.28 1
9.26 69.29 1
9.27 69.33 1
9.28 69.3 1
9.29 69.5 1
9.3 69.41 1
9.31 69.29 1
9.32 69.28 1
9.33 69.2 1
9.34 69.29 1
9.35 69.32 1
9.36 69.4 1
9.37 69.35 1
9.38 69.34 1
9.39 69.56 1
9.4 69.14 1
9.41 69.44 1
9.42 68.76 1
9.43 69.34 1
9.44 69.4 1
9.45 69.2 1
9.46 69.39 1
9.47 69.3 1
9.48 69.18 1
9.49 69.4 1
9.5 69.39 1
9.51 69.51 1
9.52 69.29 1
9.53 69.32 1
9.54 69.07 1
9.55 69.29 1
9.56 69.3 1
9.57 68.54 1
9.58 69.49 1
9.59 69.51 1
9.6 65.77 1
9.61 72.95 1
9.62 73.92 1
9.63 70.09 1
9.64 140.72 1
9.65 124.5 1
9.66 117.94 1
9.67 115.7 1
9.68 115.0 1
9.69 117.93 1
9.7 118.71 1
9.71 111.89 1
9.72 108.28 1
9.73 106.23 1
9.74 105.95 1
9.75 106.05 1
9.76 106.09 1
9.77 105.88 1
9.78 103.31 1
9.79 107.67 1
9.8 109.65 1
9.81 110.49 1
9.82 114.23 1
9.83 119.95 1
9.84 121.37 1
9.85 123.01 1
9.86 129.9 1
9.87 133.98 1
9.88 137.31 1
9.89 137.6 1
9.9 138.75 1
9.91 137.6 1
9.92 138.03 1
9.93 139.08 1
9.94 139.78 1
9.95 140.71 1
9.96 141.01 1
9.97 140.96 1
9.98 140.02 1
9.99 138.46 1
10.0 135.04 1
10.01 131.06 1
10.02 126.38 1
10.03 117.96 1
10.04 117.79 1
10.05 111.68 1
10.06 111.02 1
10.07 106.39 1
10.08 106.89 1
10.09 105.34 1
10.1 104.75 1
10.11 105.27 1
10.12 106.65 1
10.13 107.75 1
10.14 110.53 1
10.15 113.41 1
10.16 116.99 1
10.17 120.14 1
10.18 124.4 1
10.19 130.84 1
10.2 134.66 1
10.21 136.75 1
10.22 140.06 1
10.23 141.92 1
10.24 142.14 1
10.25 141.36 1
10.26 138.9 1
10.27 135.82 1
10.28 134.81 1
10.29 134.42 1
10.3 134.02 1
10.31 132.63 1
10.32 134.2 1
10.33 133.97 1
10.34 134.85 1
10.35 135.49 1
10.36 137.15 1
10.37 139.77 1
10.38 141.57 1
10.39 141.99 1
10.4 142.32 1
10.41 143.7 1
10.42 144.37 1
10.43 144.36 1
10.44 145.46 1
10.45 144.36 1
10.46 143.56 1
10.47 143.05 1
10.48 140.06 1
10.49 138.52 1
10.5 136.75 1
10.51 136.12 1
10.52 135.9 1
10.53 135.77 1
10.54 138.82 1
10.55 139.78 1
10.56 142.66 1
10.57 145.79 1
10.58 149.52 1
10.59 152.81 1
10.6 154.84 1
10.61 161.83 1
10.62 157.68 1
10.63 158.61 1
10.64 159.59 1
10.65 159.39 1
10.66 158.65 1
10.67 157.32 1
10.68 157.25 1
10.69 156.37 1
10.7 155.5 1
10.71 154.26 1
10.72 153.54 1
10.73 152.04 1
10.74 151.98 1
10.75 152.06 1
10.76 152.8 1
10.77 155.09 1
10.78 154.66 1
10.79 154.24 1
10.8 154.11 1
10.81 154.86 1
10.82 155.62 1
10.83 155.18 1
10.84 155.37 1
10.85 155.36 1
10.86 154.57 1
10.87 154.94 1
10.88 155.1 1
10.89 155.33 1
10.9 155.78 1
10.91 157.08 1
10.92 156.11 1
10.93 155.28 1
10.94 155.5 1
10.95 155.56 1
10.96 156.07 1
10.97 155.58 1
10.98 154.8 1
10.99 154.63 1
11.0 153.69 1
11.01 153.23 1
11.02 152.63 1
11.03 152.69 1
11.04 152.84 1
11.05 152.54 1
11.06 152.81 1
11.07 153.49 1
11.08 153.8 1
11.09 154.36 1
11.1 154.41 1
11.11 154.28 1
11.12 153.97 1
11.13 153.89 1
11.14 153.53 1
11.15 153.11 1
11.16 153.58 1
11.17 153.98 1
11.18 154.28 1
11.19 154.29 1
11.2 154.22 1
11.21 154.18 1
11.22 154.41 1
11.23 154.66 1
11.24 154.27 1
11.25 154.19 1
11.26 153.97 1
11.27 153.88 1
11.28 153.71 1
11.29 154.39 1
11.3 154.82 1
11.31 155.63 1
11.32 155.84 1
11.33 155.81 1
11.34 155.84 1
11.35 155.35 1
11.36 155.11 1
11.37 154.54 1
11.38 154.02 1
11.39 153.66 1
11.4 155.06 1
11.41 157.1 1
11.42 160.35 1
11.43 162.88 1
11.44 165.72 1
11.45 168.51 1
11.46 171.93 1
11.47 172.95 1
11.48 171.27 1
11.49 169.68 1
11.5 166.77 1
11.51 162.28 1
11.52 159.01 1
11.53 156.39 1
11.54 151.56 1
11.55 151.86 1
11.56 151.18 1
11.57 152.19 1
11.58 153.28 1
11.59 153.41 1
11.6 153.87 1
11.61 154.7 1
11.62 154.24 1
11.63 154.73 1
11.64 154.74 1
11.65 154.42 1
11.66 154.2 1
11.67 154.21 1
11.68 153.94 1
11.69 153.12 1
11.7 152.6 1
11.71 153.34 1
11.72 153.5 1
11.73 153.8 1
11.74 154.05 1
11.75 154.03 1
11.76 154.34 1
11.77 157.22 1
11.78 157.78 1
11.79 157.99 1
11.8 156.54 1
11.81 156.88 1
11.82 155.15 1
11.83 155.29 1
11.84 154.77 1
11.85 149.13 1
11.86 147.19 1
11.87 140.67 1
11.88 133.64 1
11.89 123.99 1
11.9 125.82 1
11.91 124.83 1
11.92 125.57 1
11.93 128.76 1
11.94 128.01 1
11.95 146.12 1
11.96 132.54 1
11.97 137.34 1
11.98 139.06 1
11.99 139.24 1
12.0 140.29 1
12.01 141.34 1
12.02 141.66 1
12.03 142.87 1
12.04 142.14 1
12.05 141.84 1
12.06 142.89 1
12.07 141.66 1
12.08 141.99 1
12.09 140.35 1
12.1 139.98 1
12.11 140.46 1
12.12 140.58 1
12.13 141.12 1
12.14 141.68 1
12.15 142.25 1
12.16 143.91 1
12.17 142.91 1
12.18 141.69 1
12.19 140.67 1
12.2 137.17 1
12.21 134.25 1
12.22 138.73 1
12.23 140.22 1
12.24 135.08 1
12.25 68.43 1
12.26 69.18 1
12.27 69.24 1
12.28 69.34 1
12.29 69.21 1
12.3 69.23 1
12.31 69.29 1
12.32 68.75 1
12.33 69.43 1
12.34 69.26 1
12.35 0.0 1
12.36 0.0 1
12.37 216.71 1
12.38 181.76 1
12.39 170.6 1
12.4 165.92 1
12.41 161.84 1
12.42 159.6 1
12.43 157.74 1
12.44 156.52 1
12.45 155.87 1
12.46 154.96 1
12.47 154.99 1
12.48 155.16 1
12.49 155.47 1
12.5 156.18 1
12.51 156.66 1
12.52 158.77 1
12.53 161.61 1
12.54 164.63 1
12.55 167.95 1
12.56 172.72 1
12.57 171.97 1
12.58 173.96 1
12.59 174.1 1
12.6 172.37 1
12.61 170.35 1
12.62 167.59 1
12.63 164.26 1
12.64 160.41 1
12.65 157.54 1
12.66 153.11 1
12.67 152.21 1
12.68 150.05 1
12.69 151.44 1
12.7 150.58 1
12.71 152.15 1
12.72 154.43 1
12.73 156.0 1
12.74 158.92 1
12.75 162.09 1
12.76 164.21 1
12.77 165.71 1
12.78 168.41 1
12.79 168.07 1
12.8 167.76 1
12.81 165.53 1
12.82 163.0 1
12.83 160.46 1
12.84 156.46 1
12.85 153.47 1
12.86 150.96 1
12.87 149.06 1
12.88 147.73 1
12.89 147.04 1
12.9 147.74 1
12.91 149.24 1
12.92 152.09 1
12.93 155.49 1
12.94 157.78 1
12.95 164.27 1
12.96 167.93 1
12.97 174.61 1
12.98 178.33 1
12.99 180.43 1
13.0 181.67 1
13.01 183.86 1
13.02 183.9 1
13.03 184.26 1
13.04 183.11 1
13.05 182.7 1
13.06 182.76 1
13.07 183.01 1
13.08 183.76 1
13.09 184.08 1
13.1 185.78 1
13.11 187.82 1
13.12 188.06 1
13.13 189.15 1
13.14 188.68 1
13.15 188.73 1
13.16 187.26 1
13.17 188.12 1
13.18 188.06 1
13.19 187.68 1
13.2 186.75 1
13.21 184.88 1
13.22 182.45 1
13.23 179.26 1
13.24 181.55 1
13.25 184.78 1
13.26 190.74 1
13.27 196.66 1
13.28 195.49 1
13.29 205.38 1
13.3 209.37 1
13.31 211.72 1
13.32 211.56 1
13.33 209.31 1
13.34 208.41 1
13.35 207.1 1
13.36 206.56 1
13.37 206.22 1
13.38 204.95 1
13.39 203.83 1
13.4 202.66 1
13.41 201.28 1
13.42 200.63 1
13.43 200.76 1
13.44 201.16 1
13.45 201.84 1
13.46 204.2 1
13.47 206.56 1
13.48 209.87 1
13.49 210.75 1
13.5 211.98 1
13.51 212.66 1
13.52 213.7 1
13.53 213.78 1
13.54 214.09 1
13.55 212.96 1
13.56 211.62 1
13.57 211.25 1
13.58 210.5 1
13.59 210.14 1
13.6 209.5 1
13.61 210.05 1
13.62 211.14 1
13.63 211.26 1
13.64 211.86 1
13.65 212.09 1
13.66 211.52 1
13.67 212.06 1
13.68 205.61 1
13.69 206.57 1
13.7 203.7 1
13.71 195.24 1
13.72 202.86 1
13.73 207.0 1
13.74 205.49 1
13.75 207.48 1
13.76 208.63 1
13.77 209.64 1
13.78 209.93 1
13.79 210.7 1
13.8 211.54 1
13.81 211.69 1
13.82 212.24 1
13.83 212.17 1
13.84 212.33 1
13.85 211.89 1
13.86 209.51 1
13.87 209.81 1
13.88 209.32 1
13.89 210.47 1
13.9 213.56 1
13.91 216.35 1
13.92 226.5 1
13.93 225.58 1
13.94 237.18 1
13.95 243.03 1
13.96 246.4 1
13.97 249.07 1
13.98 251.6 1
13.99 253.38 1
14.0 253.61 1
14.01 250.86 1
14.02 247.86 1
14.03 243.91 1
14.04 239.78 1
14.05 234.3 1
14.06 229.12 1
14.07 227.92 1
14.08 228.65 1
14.09 230.29 1
14.1 232.72 1
14.11 236.56 1
14.12 241.96 1
14.13 246.86 1
14.14 252.09 1
14.15 256.12 1
14.16 257.17 1
14.17 257.17 1
14.18 258.67 1
14.19 258.66 1
14.2 254.88 1
14.21 249.0 1
14.22 234.53 1
14.23 225.58 1
