0.01 209.49 1
0.02 207.53 1
0.03 208.17 1
0.04 212.66 1
0.05 209.52 1
0.06 201.34 1
0.07 202.76 1
0.08 190.5 1
0.09 186.03 1
0.1 186.05 1
0.11 184.13 1
0.12 188.83 1
0.13 181.29 1
0.14 181.37 1
0.15 177.39 1
0.16 179.86 1
0.17 181.8 1
0.18 180.17 1
0.19 180.52 1
0.2 181.94 1
0.21 185.6 1
0.22 200.8 1
0.23 203.7 1
0.24 208.48 1
0.25 212.27 1
0.26 213.84 1
0.27 212.8 1
0.28 210.5 1
0.29 212.75 1
0.3 213.83 1
0.31 213.74 1
0.32 212.49 1
0.33 209.89 1
0.34 210.13 1
0.35 211.4 1
0.36 217.27 1
0.37 228.32 1
0.38 238.37 1
0.39 264.77 1
0.4 284.3 1
0.41 311.54 1
0.42 348.62 1
0.43 357.09 1
0.44 368.85 1
0.45 368.6 1
0.46 357.09 1
0.47 349.98 1
0.48 339.97 1
0.49 316.66 1
0.5 290.71 1
0.51 284.28 1
0.52 268.93 1
0.53 268.49 1
0.54 271.22 1
0.55 274.84 1
0.56 277.02 1
0.57 275.72 1
0.58 273.44 1
0.59 266.97 1
0.6 257.14 1
0.61 249.24 1
0.62 241.09 1
0.63 239.02 1
0.64 245.66 1
0.65 268.31 1
0.66 283.43 1
0.67 302.32 1
0.68 326.19 1
0.69 340.87 1
0.7 345.88 1
0.71 348.48 1
0.72 350.13 1
0.73 349.0 1
0.74 348.62 1
0.75 339.62 1
0.76 371.58 1
0.77 335.28 1
0.78 235.57 1
0.79 236.47 1
0.8 239.76 1
0.81 242.96 1
0.82 245.66 1
0.83 244.77 1
0.84 247.02 1
0.85 245.37 1
0.86 244.32 1
0.87 244.87 1
0.88 245.89 1
0.89 245.81 1
0.9 245.5 1
0.91 244.32 1
0.92 243.7 1
0.93 241.52 1
0.94 240.31 1
0.95 236.64 1
0.96 234.13 1
0.97 229.12 1
0.98 225.59 1
0.99 225.04 1
1.0 222.73 1
1.01 224.97 1
1.02 226.99 1
1.03 229.09 1
1.04 230.3 1
1.05 235.55 1
1.06 239.01 1
1.07 239.27 1
1.08 240.86 1
1.09 242.66 1
1.1 242.97 1
1.11 242.96 1
1.12 242.05 1
1.13 245.64 1
1.14 242.48 1
1.15 241.96 1
1.16 244.29 1
1.17 242.96 1
1.18 242.58 1
1.19 244.31 1
1.2 242.74 1
1.21 242.97 1
1.22 242.97 1
1.23 240.33 1
1.24 238.9 1
1.25 237.97 1
1.26 236.01 1
1.27 236.52 1
1.28 233.96 1
1.29 233.76 1
1.3 231.5 1
1.31 230.3 1
1.32 230.29 1
1.33 231.2 1
1.34 230.18 1
1.35 228.19 1
1.36 227.15 1
1.37 226.74 1
1.38 226.74 1
1.39 227.91 1
1.4 231.05 1
1.41 233.0 1
1.42 235.49 1
1.43 237.33 1
1.44 238.79 1
1.45 241.64 1
1.46 242.54 1
1.47 244.32 1
1.48 243.18 1
1.49 242.97 1
1.5 241.88 1
1.51 241.66 1
1.52 241.64 1
1.53 241.71 1
1.54 241.96 1
1.55 241.97 1
1.56 242.97 1
1.57 243.36 1
1.58 244.3 1
1.59 242.31 1
1.6 242.0 1
1.61 241.63 1
1.62 241.63 1
1.63 240.33 1
1.64 240.33 1
1.65 239.26 1
1.66 238.49 1
1.67 237.42 1
1.68 235.8 1
1.69 235.08 1
1.7 233.51 1
1.71 233.58 1
1.72 231.5 1
1.73 230.93 1
1.74 230.5 1
1.75 231.09 1
1.76 230.29 1
1.77 230.29 1
1.78 230.29 1
1.79 230.11 1
1.8 229.53 1
1.81 229.09 1
1.82 230.29 1
1.83 231.5 1
1.84 235.1 1
1.85 237.36 1
1.86 239.68 1
1.87 241.49 1
1.88 243.5 1
1.89 245.35 1
1.9 245.68 1
1.91 246.21 1
1.92 244.93 1
1.93 243.12 1
1.94 242.17 1
1.95 242.08 1
1.96 241.64 1
1.97 241.64 1
1.98 241.45 1
1.99 241.21 1
2.0 240.4 1
2.01 239.56 1
2.02 240.32 1
2.03 242.95 1
2.04 238.19 1
2.05 237.08 1
2.06 236.26 1
2.07 235.21 1
2.08 235.64 1
2.09 234.75 1
2.1 233.94 1
2.11 231.5 1
2.12 231.92 1
2.13 232.25 1
2.14 232.87 1
2.15 232.69 1
2.16 231.5 1
2.17 232.13 1
2.18 231.5 1
2.19 231.86 1
2.2 231.14 1
2.21 229.1 1
2.22 231.5 1
2.23 232.69 1
2.24 235.05 1
2.25 236.23 1
2.26 237.63 1
2.27 238.45 1
2.28 240.09 1
2.29 241.88 1
2.3 241.03 1
2.31 240.25 1
2.32 239.13 1
2.33 238.81 1
2.34 237.15 1
2.35 234.57 1
2.36 233.28 1
2.37 231.77 1
2.38 232.44 1
2.39 233.69 1
2.4 236.37 1
2.41 238.91 1
2.42 241.33 1
2.43 244.0 1
2.44 245.78 1
2.45 245.86 1
2.46 246.4 1
2.47 244.23 1
2.48 242.97 1
2.49 240.55 1
2.5 239.12 1
2.51 236.68 1
2.52 234.51 1
2.53 231.5 1
2.54 230.23 1
2.55 227.72 1
2.56 226.94 1
2.57 225.65 1
2.58 225.11 1
2.59 224.24 1
2.6 222.77 1
2.61 213.03 1
2.62 217.39 1
2.63 223.44 1
2.64 227.16 1
2.65 231.04 1
2.66 237.98 1
2.67 239.53 1
2.68 242.84 1
2.69 274.24 1
2.7 271.2 1
2.71 275.48 1
2.72 276.9 1
2.73 278.88 1
2.74 279.91 1
2.75 278.92 1
2.76 277.49 1
2.77 275.78 1
2.78 274.24 1
2.79 272.12 1
2.8 271.38 1
2.81 270.08 1
2.82 268.49 1
2.83 266.3 1
2.84 264.19 1
2.85 260.29 1
2.86 254.26 1
2.87 249.1 1
2.88 242.96 1
2.89 234.1 1
2.9 228.23 1
2.91 223.48 1
2.92 219.12 1
2.93 221.42 1
2.94 223.97 1
2.95 232.99 1
2.96 242.49 1
2.97 253.19 1
2.98 273.05 1
2.99 290.56 1
3.0 314.73 1
3.01 333.71 1
3.02 347.39 1
3.03 357.92 1
3.04 380.16 1
3.05 402.48 1
3.06 406.97 1
3.07 397.68 1
3.08 381.86 1
3.09 359.04 1
3.1 323.64 1
3.11 290.2 1
3.12 279.99 1
3.13 276.02 1
3.14 274.88 1
3.15 273.44 1
3.16 272.62 1
3.17 271.46 1
3.18 270.69 1
3.19 271.33 1
3.2 271.59 1
3.21 271.06 1
3.22 270.87 1
3.23 270.6 1
3.24 271.35 1
3.25 267.2 1
3.26 261.79 1
3.27 258.71 1
3.28 251.42 1
3.29 250.08 1
3.3 244.3 1
3.31 238.85 1
3.32 237.22 1
3.33 233.67 1
3.34 231.09 1
3.35 229.53 1
3.36 228.8 1
3.37 227.5 1
3.38 227.01 1
3.39 226.21 1
3.4 225.54 1
3.41 226.49 1
3.42 228.17 1
3.43 229.1 1
3.44 233.46 1
3.45 236.48 1
3.46 244.19 1
3.47 250.44 1
3.48 255.71 1
3.49 255.72 1
3.5 259.39 1
3.51 257.48 1
3.52 251.84 1
3.53 246.77 1
3.54 236.47 1
3.55 228.91 1
3.56 222.16 1
3.57 210.33 1
3.58 205.62 1
3.59 205.61 1
3.6 205.47 1
3.61 205.78 1
3.62 206.57 1
3.63 208.12 1
3.64 209.48 1
3.65 210.51 1
3.66 211.92 1
3.67 212.66 1
3.68 212.53 1
3.69 212.6 1
3.7 212.9 1
3.71 213.14 1
3.72 212.79 1
3.73 213.0 1
3.74 212.88 1
3.75 212.62 1
3.76 212.15 1
3.77 211.19 1
3.78 210.09 1
3.79 209.51 1
3.8 210.08 1
3.81 209.51 1
3.82 210.16 1
3.83 210.2 1
3.84 209.5 1
3.85 209.01 1
3.86 206.68 1
3.87 203.75 1
3.88 187.24 1
3.89 183.37 1
3.9 186.61 1
3.91 186.41 1
3.92 180.83 1
3.93 174.64 1
3.94 172.62 1
3.95 169.73 1
3.96 169.3 1
3.97 170.6 1
3.98 173.97 1
3.99 171.94 1
4.0 176.74 1
4.01 179.7 1
4.02 181.12 1
4.03 183.67 1
4.04 185.41 1
4.05 186.46 1
4.06 186.47 1
4.07 187.07 1
4.08 187.38 1
4.09 185.7 1
4.1 185.62 1
4.11 184.13 1
4.12 183.86 1
4.13 183.21 1
4.14 182.84 1
4.15 181.13 1
4.16 182.21 1
4.17 183.04 1
4.18 184.88 1
4.19 186.25 1
4.2 188.06 1
4.21 189.67 1
4.22 190.5 1
4.23 190.84 1
4.24 189.96 1
4.25 187.27 1
4.26 184.64 1
4.27 180.37 1
4.28 176.57 1
4.29 171.98 1
4.3 172.92 1
4.31 175.31 1
4.32 177.9 1
4.33 181.53 1
4.34 184.5 1
4.35 183.7 1
4.36 180.56 1
4.37 176.03 1
4.38 169.28 1
4.39 168.65 1
4.4 173.28 1
4.41 172.61 1
4.42 164.2 1
4.43 177.46 1
4.44 177.82 1
4.45 173.3 1
4.46 178.9 1
4.47 0.0 1
4.48 0.0 1
4.49 0.0 1
4.5 0.0 1
4.51 0.0 1
4.52 0.0 1
4.53 0.0 1
4.54 0.0 1
4.55 0.0 1
4.56 0.0 1
4.57 0.0 1
4.58 0.0 1
4.59 0.0 1
4.6 0.0 1
4.61 0.0 1
4.62 0.0 1
4.63 0.0 1
4.64 0.0 1
4.65 0.0 1
4.66 0.0 1
4.67 0.0 1
4.68 0.0 1
4.69 69.32 1
4.7 69.09 1
4.71 69.56 1
4.72 69.22 1
4.73 69.17 1
4.74 69.42 1
4.75 0.0 1
4.76 0.0 1
4.77 184.15 1
4.78 179.95 1
4.79 181.31 1
4.8 181.54 1
4.81 179.68 1
4.82 177.93 1
4.83 175.73 1
4.84 177.67 1
4.85 180.27 1
4.86 180.07 1
4.87 181.03 1
4.88 181.76 1
4.89 183.93 1
4.9 182.39 1
4.91 182.99 1
4.92 184.02 1
4.93 184.67 1
4.94 185.04 1
4.95 186.06 1
4.96 187.8 1
4.97 189.25 1
4.98 190.06 1
4.99 190.65 1
5.0 190.34 1
5.01 189.88 1
5.02 189.5 1
5.03 188.79 1
5.04 188.06 1
5.05 186.49 1
5.06 187.61 1
5.07 187.04 1
5.08 185.69 1
5.09 185.72 1
5.1 184.77 1
5.11 183.74 1
5.12 182.61 1
5.13 182.24 1
5.14 179.82 1
5.15 178.31 1
5.16 177.25 1
5.17 175.64 1
5.18 173.26 1
5.19 171.61 1
5.2 170.08 1
5.21 168.97 1
5.22 166.73 1
5.23 165.48 1
5.24 163.09 1
5.25 160.83 1
5.26 159.09 1
5.27 155.42 1
5.28 154.33 1
5.29 153.82 1
5.3 154.06 1
5.31 153.75 1
5.32 153.84 1
5.33 153.05 1
5.34 151.7 1
5.35 150.4 1
5.36 149.79 1
5.37 149.56 1
5.38 150.67 1
5.39 151.69 1
5.4 152.99 1
5.41 153.65 1
5.42 153.71 1
5.43 154.07 1
5.44 153.8 1
5.45 152.95 1
5.46 151.87 1
5.47 151.07 1
5.48 151.28 1
5.49 151.22 1
5.5 151.63 1
5.51 151.85 1
5.52 151.31 1
5.53 151.22 1
5.54 150.71 1
5.55 149.99 1
5.56 149.67 1
5.57 149.51 1
5.58 149.84 1
5.59 149.69 1
5.6 149.99 1
5.61 150.07 1
5.62 150.2 1
5.63 150.18 1
5.64 150.21 1
5.65 150.81 1
5.66 151.46 1
5.67 152.32 1
5.68 153.09 1
5.69 153.23 1
5.7 153.6 1
5.71 154.38 1
5.72 155.57 1
5.73 158.13 1
5.74 159.5 1
5.75 160.09 1
5.76 160.68 1
5.77 161.57 1
5.78 159.89 1
5.79 157.23 1
5.8 153.18 1
5.81 151.33 1
5.82 149.46 1
5.83 148.26 1
5.84 148.26 1
5.85 149.23 1
5.86 149.24 1
5.87 149.29 1
5.88 150.26 1
5.89 150.31 1
5.9 150.91 1
5.91 151.47 1
5.92 152.0 1
5.93 151.84 1
5.94 151.73 1
5.95 151.17 1
5.96 151.35 1
5.97 151.32 1
5.98 151.0 1
5.99 150.99 1
6.0 150.34 1
6.01 150.27 1
6.02 149.99 1
6.03 149.64 1
6.04 149.74 1
6.05 149.5 1
6.06 149.78 1
6.07 149.78 1
6.08 150.24 1
6.09 150.97 1
6.1 152.86 1
6.11 154.98 1
6.12 156.68 1
6.13 158.35 1
6.14 157.8 1
6.15 157.8 1
6.16 157.21 1
6.17 151.81 1
6.18 149.24 1
6.19 150.76 1
6.2 146.27 1
6.21 143.33 1
6.22 138.46 1
6.23 134.16 1
6.24 128.02 1
6.25 131.04 1
6.26 126.91 1
6.27 127.38 1
6.28 127.63 1
6.29 127.27 1
6.3 128.38 1
6.31 126.18 1
6.32 129.52 1
6.33 137.17 1
6.34 144.7 1
6.35 132.64 1
6.36 135.09 1
6.37 135.95 1
6.38 135.9 1
6.39 135.89 1
6.4 136.05 1
6.41 135.1 1
6.42 136.46 1
6.43 136.34 1
6.44 137.21 1
6.45 137.88 1
6.46 136.76 1
6.47 137.44 1
6.48 137.13 1
6.49 135.94 1
6.5 137.45 1
6.51 137.63 1
6.52 136.77 1
6.53 137.85 1
6.54 138.68 1
6.55 137.6 1
6.56 138.21 1
6.57 138.67 1
6.58 137.62 1
6.59 138.95 1
6.6 138.68 1
6.61 136.77 1
6.62 138.12 1
6.63 138.46 1
6.64 137.19 1
6.65 137.69 1
6.66 137.73 1
6.67 136.76 1
6.68 136.33 1
6.69 136.51 1
6.7 136.78 1
6.71 135.49 1
6.72 135.49 1
6.73 135.5 1
6.74 136.31 1
6.75 137.08 1
6.76 138.27 1
6.77 139.4 1
6.78 140.23 1
6.79 139.98 1
6.8 140.28 1
6.81 139.96 1
6.82 139.33 1
6.83 139.02 1
6.84 139.31 1
6.85 140.07 1
6.86 140.29 1
6.87 140.69 1
6.88 140.55 1
6.89 140.49 1
6.9 139.93 1
6.91 139.91 1
6.92 140.22 1
6.93 139.4 1
6.94 138.91 1
6.95 138.77 1
6.96 138.38 1
6.97 137.61 1
6.98 137.76 1
6.99 137.61 1
7.0 134.57 1
7.01 134.66 1
7.02 135.08 1
7.03 134.42 1
7.04 132.22 1
7.05 133.02 1
7.06 132.85 1
7.07 133.75 1
7.08 137.6 1
7.09 135.91 1
7.1 135.07 1
7.11 136.62 1
7.12 135.07 1
7.13 134.66 1
7.14 139.32 1
7.15 137.51 1
7.16 139.84 1
7.17 144.67 1
7.18 150.27 1
7.19 158.95 1
7.2 160.11 1
7.21 163.74 1
7.22 163.72 1
7.23 166.52 1
7.24 166.4 1
7.25 163.94 1
7.26 163.55 1
7.27 164.88 1
7.28 163.23 1
7.29 163.98 1
7.3 162.07 1
7.31 160.36 1
7.32 158.35 1
7.33 158.92 1
7.34 155.55 1
7.35 155.64 1
7.36 155.68 1
7.37 154.2 1
7.38 154.35 1
7.39 154.53 1
7.4 152.64 1
7.41 154.0 1
7.42 152.89 1
7.43 153.96 1
7.44 153.9 1
7.45 152.29 1
7.46 154.67 1
7.47 152.62 1
7.48 153.23 1
7.49 152.32 1
7.5 152.39 1
7.51 152.98 1
7.52 152.68 1
7.53 154.29 1
7.54 154.24 1
7.55 153.24 1
7.56 154.32 1
7.57 153.32 1
7.58 154.57 1
7.59 155.13 1
7.6 154.42 1
7.61 156.42 1
7.62 155.67 1
7.63 158.25 1
7.64 159.57 1
7.65 160.16 1
7.66 160.54 1
7.67 163.01 1
7.68 164.35 1
7.69 164.78 1
7.7 163.45 1
7.71 162.13 1
7.72 160.41 1
7.73 160.08 1
7.74 158.92 1
7.75 156.66 1
7.76 157.76 1
7.77 157.02 1
7.78 157.09 1
7.79 155.76 1
7.8 154.83 1
7.81 152.39 1
7.82 152.33 1
7.83 151.31 1
7.84 150.8 1
7.85 150.33 1
7.86 148.87 1
7.87 147.85 1
7.88 147.23 1
7.89 145.79 1
7.9 146.66 1
7.91 145.31 1
7.92 145.3 1
7.93 144.33 1
7.94 144.45 1
7.95 144.12 1
7.96 143.5 1
7.97 143.15 1
7.98 141.72 1
7.99 140.63 1
8.0 140.7 1
8.01 139.83 1
8.02 138.96 1
8.03 139.69 1
8.04 139.19 1
8.05 138.61 1
8.06 138.3 1
8.07 138.32 1
8.08 136.75 1
8.09 137.27 1
8.1 137.5 1
8.11 136.67 1
8.12 136.42 1
8.13 136.5 1
8.14 136.17 1
8.15 136.23 1
8.16 136.74 1
8.17 136.74 1
8.18 136.74 1
8.19 137.06 1
8.2 137.37 1
8.21 137.66 1
8.22 137.21 1
8.23 137.48 1
8.24 137.92 1
8.25 137.06 1
8.26 136.32 1
8.27 137.6 1
8.28 137.17 1
8.29 135.9 1
8.3 136.97 1
8.31 137.45 1
8.32 136.47 1
8.33 137.21 1
8.34 137.66 1
8.35 137.94 1
8.36 137.95 1
8.37 138.28 1
8.38 139.4 1
8.39 139.14 1
8.4 139.15 1
8.41 139.97 1
8.42 138.61 1
8.43 138.98 1
8.44 139.1 1
8.45 138.45 1
8.46 138.73 1
8.47 139.37 1
8.48 138.62 1
8.49 138.66 1
8.5 139.51 1
8.51 138.88 1
8.52 138.02 1
8.53 138.23 1
8.54 138.64 1
8.55 137.44 1
8.56 137.38 1
8.57 137.24 1
8.58 136.98 1
8.59 136.75 1
8.6 136.74 1
8.61 137.94 1
8.62 138.05 1
8.63 137.16 1
8.64 138.37 1
8.65 138.45 1
8.66 137.52 1
8.67 137.48 1
8.68 137.91 1
8.69 137.85 1
8.7 137.14 1
8.71 137.49 1
8.72 137.96 1
8.73 137.31 1
8.74 138.14 1
8.75 138.16 1
8.76 137.76 1
8.77 138.07 1
8.78 138.43 1
8.79 138.33 1
8.8 138.5 1
8.81 139.12 1
8.82 139.34 1
8.83 139.25 1
8.84 139.82 1
8.85 140.05 1
8.86 139.54 1
8.87 139.09 1
8.88 139.19 1
8.89 137.89 1
8.9 137.28 1
8.91 138.0 1
8.92 137.56 1
8.93 137.6 1
8.94 138.82 1
8.95 139.18 1
8.96 139.2 1
8.97 140.51 1
8.98 140.91 1
8.99 139.71 1
9.0 140.62 1
9.01 140.65 1
9.02 139.61 1
9.03 140.24 1
9.04 139.69 1
9.05 139.12 1
9.06 138.05 1
9.07 136.74 1
9.08 137.59 1
9.09 135.91 1
9.1 69.66 1
9.11 69.39 1
9.12 69.31 1
9.13 69.39 1
9.14 69.5 1
9.15 69.03 1
9.16 69.39 1
9.17 69.46 1
9.18 69.44 1
9.19 69.37 1
9.2 69.23 1
9.21 69.29 1
9.22 69.37 1
9.23 69.33 1
9.24 69.29 1
9.25 69.34 1
9.26 69.33 1
9.27 69.31 1
9.28 69.34 1
9.29 69.33 1
9.3 69.37 1
9.31 69.29 1
9.32 69.44 1
9.33 69.22 1
9.34 69.29 1
9.35 69.34 1
9.36 69.28 1
9.37 69.4 1
9.38 69.33 1
9.39 69.28 1
9.4 69.61 1
9.41 69.24 1
9.42 69.37 1
9.43 69.62 1
9.44 68.98 1
9.45 69.51 1
9.46 69.61 1
9.47 68.96 1
9.48 69.49 1
9.49 69.7 1
9.5 69.11 1
9.51 69.39 1
9.52 69.35 1
9.53 69.16 1
9.54 69.5 1
9.55 69.19 1
9.56 69.18 1
9.57 69.39 1
9.58 69.56 1
9.59 69.26 1
9.6 69.43 1
9.61 69.34 1
9.62 69.34 1
9.63 69.37 1
9.64 69.18 1
9.65 69.28 1
9.66 0.0 1
9.67 0.0 1
9.68 0.0 1
9.69 0.0 1
9.7 0.0 1
9.71 0.0 1
9.72 0.0 1
9.73 0.0 1
9.74 0.0 1
9.75 0.0 1
9.76 0.0 1
9.77 176.05 1
9.78 149.39 1
9.79 144.23 1
9.8 129.89 1
9.81 142.94 1
9.82 137.18 1
9.83 143.88 1
9.84 145.29 1
9.85 145.8 1
9.86 147.21 1
9.87 144.36 1
9.88 144.2 1
9.89 143.33 1
9.9 142.8 1
9.91 143.41 1
9.92 142.89 1
9.93 142.1 1
9.94 141.21 1
9.95 140.54 1
9.96 141.11 1
9.97 139.3 1
9.98 138.05 1
9.99 139.97 1
10.0 139.68 1
10.01 139.92 1
10.02 141.58 1
10.03 143.67 1
10.04 146.29 1
10.05 151.02 1
10.06 153.4 1
10.07 156.12 1
10.08 162.42 1
10.09 164.21 1
10.1 167.09 1
10.11 169.29 1
10.12 169.3 1
10.13 170.6 1
10.14 172.12 1
10.15 171.59 1
10.16 171.71 1
10.17 171.54 1
10.18 171.93 1
10.19 173.48 1
10.2 175.87 1
10.21 177.86 1
10.22 180.04 1
10.23 181.99 1
10.24 182.54 1
10.25 182.86 1
10.26 182.75 1
10.27 182.9 1
10.28 183.54 1
10.29 184.23 1
10.3 184.16 1
10.31 185.66 1
10.32 185.68 1
10.33 186.37 1
10.34 186.49 1
10.35 187.24 1
10.36 186.91 1
10.37 186.31 1
10.38 186.1 1
10.39 186.37 1
10.4 186.46 1
10.41 186.8 1
10.42 186.5 1
10.43 187.68 1
10.44 187.29 1
10.45 184.95 1
10.46 185.09 1
10.47 183.31 1
10.48 180.36 1
10.49 176.2 1
10.5 171.48 1
10.51 166.73 1
10.52 161.24 1
10.53 154.53 1
10.54 148.87 1
10.55 146.77 1
10.56 144.83 1
10.57 145.31 1
10.58 146.28 1
10.59 148.25 1
10.6 145.8 1
10.61 149.19 1
10.62 146.27 1
10.63 148.03 1
10.64 146.28 1
10.65 165.5 1
10.66 171.27 1
10.67 179.22 1
10.68 181.03 1
10.69 182.01 1
10.7 181.93 1
10.71 182.43 1
10.72 182.62 1
10.73 182.23 1
10.74 182.18 1
10.75 180.98 1
10.76 180.74 1
10.77 181.66 1
10.78 182.78 1
10.79 184.36 1
10.8 184.78 1
10.81 185.33 1
10.82 185.36 1
10.83 184.46 1
10.84 183.14 1
10.85 180.88 1
10.86 178.38 1
10.87 175.93 1
10.88 172.6 1
10.89 169.3 1
10.9 168.03 1
10.91 165.62 1
10.92 163.6 1
10.93 160.65 1
10.94 157.22 1
10.95 154.52 1
10.96 151.92 1
10.97 148.76 1
10.98 148.35 1
10.99 146.75 1
11.0 145.32 1
11.01 145.79 1
11.02 145.79 1
11.03 147.26 1
11.04 151.11 1
11.05 156.12 1
11.06 164.86 1
11.07 174.65 1
11.08 183.41 1
11.09 187.27 1
11.1 193.36 1
11.11 198.71 1
11.12 202.42 1
11.13 205.12 1
11.14 206.46 1
11.15 207.54 1
11.16 208.34 1
11.17 208.65 1
11.18 208.93 1
11.19 209.5 1
11.2 210.11 1
11.21 210.5 1
11.22 211.07 1
11.23 210.94 1
11.24 210.02 1
11.25 208.89 1
11.26 207.41 1
11.27 205.59 1
11.28 202.53 1
11.29 198.98 1
11.3 194.7 1
11.31 186.0 1
11.32 182.58 1
11.33 178.2 1
11.34 174.67 1
11.35 168.68 1
11.36 153.94 1
11.37 164.64 1
11.38 164.72 1
11.39 166.92 1
11.4 171.53 1
11.41 163.05 1
11.42 168.64 1
11.43 171.26 1
11.44 174.47 1
11.45 174.02 1
11.46 176.98 1
11.47 187.73 1
11.48 202.61 1
11.49 211.51 1
11.5 210.46 1
11.51 212.9 1
11.52 214.91 1
11.53 215.51 1
11.54 216.2 1
11.55 216.01 1
11.56 215.3 1
11.57 214.11 1
11.58 213.4 1
11.59 212.68 1
11.6 211.7 1
11.61 210.04 1
11.62 208.73 1
11.63 207.54 1
11.64 205.59 1
11.65 203.27 1
11.66 200.47 1
11.67 197.23 1
11.68 194.7 1
11.69 190.85 1
11.7 189.41 1
11.71 186.08 1
11.72 184.79 1
11.73 182.92 1
11.74 181.55 1
11.75 180.3 1
11.76 180.13 1
11.77 179.91 1
11.78 179.23 1
11.79 178.98 1
11.8 179.39 1
11.81 180.15 1
11.82 182.02 1
11.83 184.91 1
11.84 188.87 1
11.85 195.22 1
11.86 201.84 1
11.87 214.58 1
11.88 221.09 1
11.89 228.22 1
11.9 236.1 1
11.91 239.87 1
11.92 244.86 1
11.93 248.52 1
11.94 249.46 1
11.95 248.07 1
11.96 248.14 1
11.97 247.95 1
11.98 247.45 1
11.99 245.62 1
12.0 243.75 1
12.01 240.68 1
12.02 238.11 1
12.03 234.14 1
12.04 231.33 1
12.05 229.1 1
12.06 227.64 1
12.07 225.98 1
12.08 223.82 1
12.09 221.89 1
12.1 220.76 1
12.11 217.69 1
12.12 215.76 1
12.13 214.1 1
12.14 212.02 1
12.15 209.5 1
12.16 208.52 1
12.17 207.41 1
12.18 205.6 1
12.19 205.59 1
12.2 205.6 1
12.21 205.6 1
12.22 204.65 1
12.23 204.64 1
12.24 202.52 1
12.25 202.78 1
12.26 201.84 1
12.27 193.39 1
12.28 185.68 1
12.29 193.2 1
12.3 171.27 1
12.31 173.98 1
12.32 187.25 1
12.33 179.64 1
12.34 180.92 1
12.35 0.0 1
12.36 0.0 1
12.37 0.0 1
12.38 0.0 1
12.39 0.0 1
12.4 200.91 1
12.41 198.2 1
12.42 199.51 1
12.43 202.96 1
12.44 204.22 1
12.45 204.76 1
12.46 201.6 1
12.47 207.24 1
12.48 206.24 1
12.49 204.03 1
12.5 208.08 1
12.51 207.41 1
12.52 206.09 1
12.53 207.39 1
12.54 208.8 1
12.55 207.39 1
12.56 208.16 1
12.57 210.1 1
12.58 208.3 1
12.59 206.52 1
12.6 208.77 1
12.61 206.71 1
12.62 205.17 1
12.63 206.55 1
12.64 204.74 1
12.65 206.55 1
12.66 206.56 1
12.67 203.7 1
12.68 207.53 1
12.69 206.93 1
12.7 205.51 1
12.71 208.91 1
12.72 208.6 1
12.73 206.42 1
12.74 206.94 1
12.75 207.84 1
12.76 206.09 1
12.77 206.23 1
12.78 206.14 1
12.79 205.27 1
12.8 206.34 1
12.81 205.98 1
12.82 205.6 1
12.83 207.53 1
12.84 206.74 1
12.85 206.56 1
12.86 208.2 1
12.87 207.41 1
12.88 206.48 1
12.89 207.11 1
12.9 206.35 1
12.91 206.24 1
12.92 208.72 1
12.93 212.89 1
12.94 216.46 1
12.95 224.9 1
12.96 230.1 1
12.97 240.8 1
12.98 250.35 1
12.99 258.66 1
13.0 272.29 1
13.01 286.45 1
13.02 292.72 1
13.03 298.64 1
13.04 302.82 1
13.05 302.27 1
13.06 300.3 1
13.07 298.85 1
13.08 296.86 1
13.09 288.72 1
13.1 285.46 1
13.11 277.83 1
13.12 269.72 1
13.13 244.11 1
13.14 237.02 1
13.15 234.64 1
13.16 226.74 1
13.17 225.58 1
13.18 223.12 1
13.19 218.59 1
13.2 217.75 1
13.21 218.63 1
13.22 221.03 1
13.23 225.78 1
13.24 202.76 1
13.25 199.27 1
13.26 206.79 1
13.27 229.83 1
13.28 244.86 1
13.29 251.07 1
13.3 248.45 1
13.31 269.72 1
13.32 262.86 1
13.33 259.41 1
13.34 253.34 1
13.35 241.67 1
13.36 239.66 1
13.37 232.06 1
13.38 226.14 1
13.39 222.34 1
13.4 220.92 1
13.41 220.95 1
13.42 221.94 1
13.43 224.34 1
13.44 226.64 1
13.45 230.81 1
13.46 233.97 1
13.47 239.13 1
13.48 241.79 1
13.49 246.78 1
13.5 249.08 1
13.51 250.09 1
13.52 250.21 1
13.53 250.02 1
13.54 248.2 1
13.55 246.74 1
13.56 245.14 1
13.57 243.27 1
13.58 241.5 1
13.59 239.29 1
13.6 236.92 1
13.61 233.8 1
13.62 231.17 1
13.63 226.39 1
13.64 223.33 1
13.65 219.07 1
13.66 216.39 1
13.67 211.62 1
13.68 208.99 1
13.69 205.05 1
13.7 201.18 1
13.71 198.53 1
13.72 194.3 1
13.73 191.33 1
13.74 188.11 1
13.75 184.91 1
13.76 180.94 1
13.77 176.72 1
13.78 175.04 1
13.79 173.81 1
13.8 173.28 1
13.81 174.02 1
13.82 174.73 1
13.83 175.44 1
13.84 177.0 1
13.85 180.09 1
13.86 183.56 1
13.87 188.28 1
13.88 192.04 1
13.89 195.57 1
13.9 200.76 1
13.91 204.64 1
13.92 207.41 1
13.93 210.21 1
13.94 213.54 1
13.95 213.11 1
13.96 210.52 1
13.97 212.2 1
13.98 212.14 1
13.99 211.89 1
14.0 211.51 1
14.01 211.08 1
14.02 210.51 1
14.03 211.82 1
14.04 212.71 1
14.05 213.05 1
14.06 213.47 1
14.07 213.59 1
14.08 213.41 1
14.09 213.16 1
14.1 212.99 1
14.11 212.57 1
