0.01 0.0 1
0.02 0.0 1
0.03 0.0 1
0.04 0.0 1
0.05 0.0 1
0.06 0.0 1
0.07 0.0 1
0.08 0.0 1
0.09 0.0 1
0.1 266.47 1
0.11 237.77 1
0.12 222.29 1
0.13 216.54 1
0.14 214.59 1
0.15 213.57 1
0.16 206.5 1
0.17 210.5 1
0.18 213.17 1
0.19 217.22 1
0.2 224.68 1
0.21 229.11 1
0.22 242.97 1
0.23 254.2 1
0.24 255.73 1
0.25 269.66 1
0.26 274.15 1
0.27 279.86 1
0.28 282.28 1
0.29 283.52 1
0.3 282.9 1
0.31 281.66 1
0.32 280.59 1
0.33 279.66 1
0.34 279.63 1
0.35 280.97 1
0.36 282.33 1
0.37 282.36 1
0.38 280.23 1
0.39 274.84 1
0.4 269.32 1
0.41 260.2 1
0.42 253.89 1
0.43 247.09 1
0.44 241.72 1
0.45 236.45 1
0.46 231.87 1
0.47 229.12 1
0.48 227.92 1
0.49 227.69 1
0.5 227.93 1
0.51 228.99 1
0.52 230.33 1
0.53 231.5 1
0.54 235.82 1
0.55 239.0 1
0.56 241.64 1
0.57 247.14 1
0.58 254.2 1
0.59 258.69 1
0.6 265.75 1
0.61 269.73 1
0.62 273.61 1
0.63 275.7 1
0.64 278.4 1
0.65 280.67 1
0.66 280.88 1
0.67 281.3 1
0.68 280.98 1
0.69 280.73 1
0.7 280.69 1
0.71 281.73 1
0.72 282.13 1
0.73 281.26 1
0.74 280.9 1
0.75 279.76 1
0.76 278.72 1
0.77 277.84 1
0.78 277.66 1
0.79 276.86 1
0.8 276.39 1
0.81 276.24 1
0.82 275.72 1
0.83 275.8 1
0.84 275.97 1
0.85 276.36 1
0.86 277.15 1
0.87 277.77 1
0.88 277.97 1
0.89 277.99 1
0.9 278.66 1
0.91 279.09 1
0.92 274.85 1
0.93 274.03 1
0.94 273.07 1
0.95 271.42 1
0.96 276.15 1
0.97 138.46 1
0.98 69.5 1
0.99 69.18 1
1.0 69.61 1
1.01 69.25 1
1.02 69.18 1
1.03 69.29 1
1.04 69.04 1
1.05 69.35 1
1.06 68.65 1
1.07 69.16 1
1.08 69.36 1
1.09 69.24 1
1.1 69.18 1
1.11 69.4 1
1.12 69.18 1
1.13 69.21 1
1.14 69.37 1
1.15 69.24 1
1.16 69.07 1
1.17 69.28 1
1.18 68.75 1
1.19 69.28 1
1.2 68.94 1
1.21 69.24 1
1.22 69.36 1
1.23 69.21 1
1.24 69.31 1
1.25 69.5 1
1.26 69.05 1
1.27 69.18 1
1.28 69.21 1
1.29 69.46 1
1.3 68.85 1
1.31 69.45 1
1.32 69.2 1
1.33 69.14 1
1.34 69.33 1
1.35 69.22 1
1.36 69.36 1
1.37 69.4 1
1.38 0.0 1
1.39 0.0 1
1.4 0.0 1
1.41 0.0 1
1.42 0.0 1
1.43 0.0 1
1.44 321.79 1
1.45 291.09 1
1.46 281.7 1
1.47 276.47 1
1.48 276.49 1
1.49 278.38 1
1.5 279.95 1
1.51 280.26 1
1.52 281.61 1
1.53 282.33 1
1.54 282.05 1
1.55 281.62 1
1.56 281.08 1
1.57 280.86 1
1.58 279.93 1
1.59 278.33 1
1.6 273.97 1
1.61 268.13 1
1.62 279.27 1
1.63 289.13 1
1.64 274.77 1
1.65 283.48 1
1.66 278.77 1
1.67 278.01 1
1.68 276.49 1
1.69 278.62 1
1.7 285.44 1
1.71 292.52 1
1.72 301.04 1
1.73 317.97 1
1.74 326.51 1
1.75 331.63 1
1.76 341.09 1
1.77 346.75 1
1.78 351.42 1
1.79 353.63 1
1.8 346.7 1
1.81 318.79 1
1.82 306.28 1
1.83 319.7 1
1.84 293.72 1
1.85 285.82 1
1.86 263.91 1
1.87 252.82 1
1.88 243.08 1
1.89 234.03 1
1.9 229.12 1
1.91 229.36 1
1.92 229.71 1
1.93 232.49 1
1.94 238.6 1
1.95 243.56 1
1.96 252.95 1
1.97 259.01 1
1.98 263.66 1
1.99 272.28 1
2.0 272.27 1
2.01 230.92 1
2.02 231.5 1
2.03 232.18 1
2.04 0.0 1
2.05 0.0 1
2.06 0.0 1
2.07 270.02 1
2.08 273.46 1
2.09 250.97 1
2.1 240.31 1
2.11 233.96 1
2.12 229.1 1
2.13 232.71 1
2.14 237.37 1
2.15 242.9 1
2.16 247.29 1
2.17 260.98 1
2.18 271.38 1
2.19 278.62 1
2.2 284.14 1
2.21 285.8 1
2.22 283.8 1
2.23 278.43 1
2.24 207.54 1
2.25 218.85 1
2.26 193.84 1
2.27 193.59 1
2.28 173.14 1
2.29 197.31 1
2.3 206.96 1
2.31 208.51 1
2.32 206.69 1
2.33 205.23 1
2.34 204.98 1
2.35 204.41 1
2.36 203.19 1
2.37 202.72 1
2.38 202.88 1
2.39 204.13 1
2.4 205.6 1
2.41 205.6 1
2.42 207.54 1
2.43 208.19 1
2.44 205.6 1
2.45 205.6 1
2.46 199.1 1
2.47 200.91 1
2.48 205.89 1
2.49 206.18 1
2.5 202.76 1
2.51 200.18 1
2.52 199.06 1
2.53 200.21 1
2.54 202.76 1
2.55 210.36 1
2.56 221.21 1
2.57 232.52 1
2.58 247.41 1
2.59 261.34 1
2.6 274.7 1
2.61 285.43 1
2.62 285.8 1
2.63 283.49 1
2.64 271.14 1
2.65 245.44 1
2.66 216.31 1
2.67 206.28 1
2.68 181.4 1
2.69 180.37 1
2.7 178.48 1
2.71 183.48 1
2.72 174.39 1
2.73 181.6 1
2.74 181.54 1
2.75 181.16 1
2.76 181.84 1
2.77 183.64 1
2.78 184.04 1
2.79 185.49 1
2.8 186.46 1
2.81 186.48 1
2.82 188.06 1
2.83 186.47 1
2.84 182.61 1
2.85 165.48 1
2.86 174.16 1
2.87 183.25 1
2.88 182.96 1
2.89 182.62 1
2.9 176.76 1
2.91 178.65 1
2.92 209.15 1
2.93 210.89 1
2.94 209.3 1
2.95 208.12 1
2.96 207.54 1
2.97 208.61 1
2.98 208.77 1
2.99 209.03 1
3.0 209.2 1
3.01 209.5 1
3.02 210.58 1
3.03 210.51 1
3.04 209.93 1
3.05 207.54 1
3.06 204.93 1
3.07 198.13 1
3.08 189.68 1
3.09 177.41 1
3.1 158.34 1
3.11 162.55 1
3.12 155.56 1
3.13 147.07 1
3.14 144.35 1
3.15 146.51 1
3.16 146.94 1
3.17 149.27 1
3.18 148.8 1
3.19 151.2 1
3.2 149.73 1
3.21 150.91 1
3.22 151.46 1
3.23 151.49 1
3.24 152.37 1
3.25 152.93 1
3.26 154.87 1
3.27 155.56 1
3.28 155.01 1
3.29 154.44 1
3.3 149.74 1
3.31 160.17 1
3.32 151.28 1
3.33 160.66 1
3.34 164.07 1
3.35 166.63 1
3.36 164.25 1
3.37 159.21 1
3.38 155.48 1
3.39 151.64 1
3.4 148.89 1
3.41 147.25 1
3.42 152.14 1
3.43 161.82 1
3.44 180.06 1
3.45 195.71 1
3.46 202.69 1
3.47 212.05 1
3.48 216.17 1
3.49 215.26 1
3.5 211.24 1
3.51 206.83 1
3.52 215.29 1
3.53 194.7 1
3.54 198.98 1
3.55 178.9 1
3.56 164.08 1
3.57 156.85 1
3.58 151.29 1
3.59 151.26 1
3.6 151.56 1
3.61 151.88 1
3.62 152.85 1
3.63 153.35 1
3.64 154.55 1
3.65 154.65 1
3.66 154.35 1
3.67 155.18 1
3.68 154.35 1
3.69 154.51 1
3.7 154.42 1
3.71 153.79 1
3.72 154.03 1
3.73 142.98 1
3.74 156.6 1
3.75 142.03 1
3.76 150.64 1
3.77 150.77 1
3.78 154.56 1
3.79 155.79 1
3.8 154.57 1
3.81 154.75 1
3.82 155.38 1
3.83 155.02 1
3.84 156.24 1
3.85 156.46 1
3.86 155.9 1
3.87 155.87 1
3.88 155.07 1
3.89 153.63 1
3.9 154.34 1
3.91 154.25 1
3.92 155.97 1
3.93 157.22 1
3.94 153.39 1
3.95 163.03 1
3.96 167.5 1
3.97 175.77 1
3.98 167.37 1
3.99 180.34 1
4.0 181.57 1
4.01 172.61 1
4.02 168.82 1
4.03 163.03 1
4.04 158.42 1
4.05 154.19 1
4.06 153.56 1
4.07 158.42 1
4.08 167.79 1
4.09 199.34 1
4.1 204.46 1
4.11 213.79 1
4.12 217.08 1
4.13 219.09 1
4.14 220.75 1
4.15 225.58 1
4.16 201.12 1
4.17 189.98 1
4.18 153.78 1
4.19 177.13 1
4.2 167.76 1
4.21 161.24 1
4.22 155.6 1
4.23 150.41 1
4.24 150.94 1
4.25 152.59 1
4.26 154.51 1
4.27 157.78 1
4.28 163.86 1
4.29 167.53 1
4.3 172.93 1
4.31 169.94 1
4.32 169.29 1
4.33 173.96 1
4.34 0.0 1
4.35 0.0 1
4.36 0.0 1
4.37 0.0 1
4.38 0.0 1
4.39 0.0 1
4.4 0.0 1
4.41 0.0 1
4.42 166.07 1
4.43 148.06 1
4.44 142.65 1
4.45 140.22 1
4.46 138.9 1
4.47 138.9 1
4.48 138.55 1
4.49 138.58 1
4.5 139.19 1
4.51 138.82 1
4.52 136.76 1
4.53 134.25 1
4.54 134.66 1
4.55 65.29 1
4.56 69.0 1
4.57 69.03 1
4.58 69.18 1
4.59 69.38 1
4.6 69.26 1
4.61 69.28 1
4.62 69.42 1
4.63 69.16 1
4.64 69.25 1
4.65 69.23 1
4.66 69.39 1
4.67 69.51 1
4.68 69.14 1
4.69 69.07 1
4.7 69.38 1
4.71 69.18 1
4.72 69.46 1
4.73 69.38 1
4.74 69.26 1
4.75 69.36 1
4.76 69.38 1
4.77 69.22 1
4.78 69.18 1
4.79 69.34 1
4.8 69.19 1
4.81 69.36 1
4.82 69.33 1
4.83 69.27 1
4.84 82.2 1
4.85 97.01 1
4.86 112.07 1
4.87 104.0 1
4.88 103.93 1
4.89 107.41 1
4.9 108.49 1
4.91 113.13 1
4.92 117.13 1
4.93 124.18 1
4.94 130.28 1
4.95 137.12 1
4.96 141.59 1
4.97 149.39 1
4.98 153.31 1
4.99 155.62 1
5.0 147.74 1
5.01 148.74 1
5.02 0.0 1
5.03 0.0 1
5.04 0.0 1
5.05 0.0 1
5.06 0.0 1
5.07 0.0 1
5.08 0.0 1
5.09 0.0 1
5.1 126.45 1
5.11 124.72 1
5.12 127.27 1
5.13 128.76 1
5.14 128.8 1
5.15 131.04 1
5.16 131.17 1
5.17 132.86 1
5.18 133.5 1
5.19 134.38 1
5.2 135.25 1
5.21 134.67 1
5.22 135.09 1
5.23 136.35 1
5.24 136.35 1
5.25 138.04 1
5.26 133.43 1
5.27 146.27 1
5.28 118.71 1
5.29 120.66 1
5.3 129.52 1
5.31 144.83 1
5.32 142.08 1
5.33 144.68 1
5.34 150.39 1
5.35 151.26 1
5.36 151.91 1
5.37 152.86 1
5.38 152.38 1
5.39 152.86 1
5.4 152.73 1
5.41 153.26 1
5.42 154.54 1
5.43 154.71 1
5.44 155.03 1
5.45 154.16 1
5.46 146.76 1
5.47 151.81 1
5.48 143.41 1
5.49 149.78 1
5.5 136.9 1
5.51 154.2 1
5.52 153.39 1
5.53 154.96 1
5.54 157.56 1
5.55 156.46 1
5.56 156.77 1
5.57 156.94 1
5.58 157.09 1
5.59 157.77 1
5.6 158.58 1
5.61 158.92 1
5.62 164.03 1
5.63 167.17 1
5.64 169.95 1
5.65 171.78 1
5.66 178.9 1
5.67 179.65 1
5.68 179.17 1
5.69 163.64 1
5.7 178.62 1
5.71 176.76 1
5.72 140.22 1
5.73 164.87 1
5.74 160.66 1
5.75 152.78 1
5.76 152.05 1
5.77 151.82 1
5.78 152.64 1
5.79 154.39 1
5.8 158.48 1
5.81 163.71 1
5.82 166.94 1
5.83 173.14 1
5.84 172.54 1
5.85 174.65 1
5.86 171.03 1
5.87 166.84 1
5.88 0.0 1
5.89 0.0 1
5.9 0.0 1
5.91 0.0 1
5.92 0.0 1
5.93 0.0 1
5.94 0.0 1
5.95 0.0 1
5.96 137.58 1
5.97 136.32 1
5.98 134.07 1
5.99 134.65 1
6.0 134.58 1
6.01 135.37 1
6.02 136.09 1
6.03 137.5 1
6.04 138.73 1
6.05 140.47 1
6.06 141.22 1
6.07 142.19 1
6.08 141.79 1
6.09 141.85 1
6.1 139.69 1
6.11 140.6 1
6.12 134.66 1
6.13 138.03 1
6.14 129.38 1
6.15 147.25 1
6.16 150.04 1
6.17 135.91 1
6.18 147.25 1
6.19 148.74 1
6.2 151.12 1
6.21 152.36 1
6.22 153.27 1
6.23 155.89 1
6.24 157.15 1
6.25 158.33 1
6.26 159.33 1
6.27 159.03 1
6.28 150.72 1
6.29 163.28 1
6.3 164.86 1
6.31 162.21 1
6.32 165.78 1
6.33 164.91 1
6.34 163.72 1
6.35 161.46 1
6.36 176.42 1
6.37 149.38 1
6.38 147.3 1
6.39 145.78 1
6.4 152.08 1
6.41 158.35 1
6.42 173.12 1
6.43 189.68 1
6.44 203.09 1
6.45 214.54 1
6.46 223.78 1
6.47 229.1 1
6.48 232.72 1
6.49 226.74 1
6.5 219.11 1
6.51 203.7 1
6.52 197.32 1
6.53 176.76 1
6.54 150.77 1
6.55 161.5 1
6.56 163.04 1
6.57 171.92 1
6.58 174.73 1
6.59 180.69 1
6.6 184.1 1
6.61 189.22 1
6.62 192.7 1
6.63 197.08 1
6.64 200.03 1
6.65 204.59 1
6.66 205.6 1
6.67 206.56 1
6.68 210.14 1
6.69 212.91 1
6.7 213.3 1
6.71 214.25 1
6.72 209.44 1
6.73 214.6 1
6.74 213.46 1
6.75 212.17 1
6.76 212.83 1
6.77 210.8 1
6.78 208.77 1
6.79 207.06 1
6.8 203.37 1
6.81 205.65 1
6.82 212.69 1
6.83 221.94 1
6.84 234.93 1
6.85 244.14 1
6.86 258.33 1
6.87 281.76 1
6.88 280.05 1
6.89 285.78 1
6.9 285.93 1
6.91 272.8 1
6.92 0.0 1
6.93 0.0 1
