0.01 176.85 1
0.02 196.43 1
0.03 192.15 1
0.04 192.82 1
0.05 194.87 1
0.06 198.25 1
0.07 201.91 1
0.08 205.08 1
0.09 206.56 1
0.1 208.32 1
0.11 209.45 1
0.12 211.64 1
0.13 212.65 1
0.14 214.86 1
0.15 215.87 1
0.16 217.04 1
0.17 216.22 1
0.18 215.53 1
0.19 214.93 1
0.2 214.38 1
0.21 214.6 1
0.22 213.64 1
0.23 217.77 1
0.24 217.14 1
0.25 216.18 1
0.26 213.7 1
0.27 210.83 1
0.28 206.56 1
0.29 200.27 1
0.3 188.35 1
0.31 175.74 1
0.32 163.63 1
0.33 157.57 1
0.34 156.08 1
0.35 156.66 1
0.36 160.88 1
0.37 168.0 1
0.38 177.36 1
0.39 180.37 1
0.4 195.96 1
0.41 199.75 1
0.42 204.19 1
0.43 210.5 1
0.44 207.1 1
0.45 211.51 1
0.46 210.53 1
0.47 205.65 1
0.48 199.9 1
0.49 189.67 1
0.5 177.64 1
0.51 166.03 1
0.52 163.62 1
0.53 162.57 1
0.54 167.07 1
0.55 173.28 1
0.56 184.91 1
0.57 204.92 1
0.58 208.86 1
0.59 216.6 1
0.6 227.22 1
0.61 237.12 1
0.62 245.5 1
0.63 239.3 1
0.64 238.19 1
0.65 266.31 1
0.66 271.2 1
0.67 269.92 1
0.68 270.23 1
0.69 266.75 1
0.7 260.07 1
0.71 255.66 1
0.72 251.84 1
0.73 246.19 1
0.74 239.02 1
0.75 229.09 1
0.76 220.49 1
0.77 214.71 1
0.78 208.24 1
0.79 205.6 1
0.8 205.6 1
0.81 203.32 1
0.82 203.7 1
0.83 202.77 1
0.84 203.3 1
0.85 201.35 1
0.86 199.11 1
0.87 183.95 1
0.88 184.13 1
0.89 191.32 1
0.9 200.59 1
0.91 207.51 1
0.92 206.34 1
0.93 206.09 1
0.94 208.68 1
0.95 209.54 1
0.96 207.54 1
0.97 207.35 1
0.98 206.58 1
0.99 211.24 1
1.0 217.26 1
1.01 225.58 1
1.02 229.1 1
1.03 241.16 1
1.04 251.98 1
1.05 258.67 1
1.06 278.23 1
1.07 276.0 1
1.08 258.45 1
1.09 271.4 1
1.1 268.89 1
1.11 263.75 1
1.12 272.58 1
1.13 268.59 1
1.14 261.01 1
1.15 247.08 1
1.16 242.28 1
1.17 226.01 1
1.18 217.77 1
1.19 213.35 1
1.2 216.36 1
1.21 218.92 1
1.22 226.37 1
1.23 236.14 1
1.24 244.5 1
1.25 255.66 1
1.26 261.8 1
1.27 274.11 1
1.28 277.66 1
1.29 278.27 1
1.3 274.4 1
1.31 251.52 1
1.32 283.9 1
1.33 262.73 1
1.34 254.2 1
1.35 245.63 1
1.36 237.75 1
1.37 230.29 1
1.38 226.67 1
1.39 229.67 1
1.4 239.94 1
1.41 255.32 1
1.42 275.18 1
1.43 289.25 1
1.44 306.56 1
1.45 324.65 1
1.46 336.17 1
1.47 340.55 1
1.48 339.43 1
1.49 329.36 1
1.5 318.04 1
1.51 290.38 1
1.52 282.32 1
1.53 250.94 1
1.54 253.06 1
1.55 250.48 1
1.56 267.67 1
1.57 274.76 1
1.58 278.66 1
1.59 276.64 1
1.6 274.75 1
1.61 273.03 1
1.62 273.03 1
1.63 274.64 1
1.64 277.0 1
1.65 278.16 1
1.66 277.69 1
1.67 277.7 1
1.68 277.71 1
1.69 277.83 1
1.7 277.2 1
1.71 273.9 1
1.72 261.78 1
1.73 273.08 1
1.74 261.54 1
1.75 248.37 1
1.76 231.5 1
1.77 224.43 1
1.78 226.74 1
1.79 230.29 1
1.8 233.34 1
1.81 233.94 1
1.82 224.69 1
1.83 221.09 1
1.84 221.12 1
1.85 223.07 1
1.86 225.81 1
1.87 228.99 1
1.88 230.31 1
1.89 238.65 1
1.9 247.52 1
1.91 257.17 1
1.92 271.96 1
1.93 284.6 1
1.94 290.64 1
1.95 299.0 1
1.96 332.8 1
1.97 341.87 1
1.98 340.63 1
1.99 337.96 1
2.0 301.75 1
2.01 343.2 1
2.02 350.12 1
2.03 338.61 1
2.04 337.5 1
2.05 333.65 1
2.06 326.63 1
2.07 316.76 1
2.08 313.6 1
2.09 316.14 1
2.1 321.19 1
2.11 330.65 1
2.12 339.42 1
2.13 343.22 1
2.14 345.76 1
2.15 348.93 1
2.16 345.89 1
2.17 334.67 1
2.18 317.19 1
2.19 290.47 1
2.2 279.08 1
2.21 291.57 1
2.22 244.32 1
2.23 242.86 1
2.24 234.22 1
2.25 264.86 1
2.26 271.37 1
2.27 269.72 1
2.28 262.01 1
2.29 260.95 1
2.3 263.15 1
2.31 265.83 1
2.32 268.82 1
2.33 269.88 1
2.34 269.31 1
2.35 268.8 1
2.36 269.4 1
2.37 271.76 1
2.38 273.85 1
2.39 275.29 1
2.4 276.61 1
2.41 277.97 1
2.42 278.11 1
2.43 268.43 1
2.44 269.74 1
2.45 262.77 1
2.46 265.08 1
2.47 257.16 1
2.48 246.57 1
2.49 233.6 1
2.5 224.75 1
2.51 223.9 1
2.52 227.21 1
2.53 235.25 1
2.54 245.83 1
2.55 260.66 1
2.56 266.51 1
2.57 280.27 1
2.58 287.69 1
2.59 291.47 1
2.6 290.04 1
2.61 284.27 1
2.62 276.45 1
2.63 247.05 1
2.64 219.84 1
2.65 194.14 1
2.66 180.37 1
2.67 179.63 1
2.68 190.88 1
2.69 203.71 1
2.7 206.39 1
2.71 205.12 1
2.72 204.49 1
2.73 205.34 1
2.74 205.72 1
2.75 206.89 1
2.76 207.54 1
2.77 208.5 1
2.78 208.52 1
2.79 209.51 1
2.8 210.97 1
2.81 211.79 1
2.82 210.51 1
2.83 208.52 1
2.84 209.25 1
2.85 207.84 1
2.86 208.38 1
2.87 207.28 1
2.88 209.5 1
2.89 208.21 1
2.9 200.64 1
2.91 199.74 1
2.92 200.55 1
2.93 205.0 1
2.94 209.5 1
2.95 219.23 1
2.96 230.2 1
2.97 244.12 1
2.98 260.02 1
2.99 278.21 1
3.0 276.68 1
3.01 277.45 1
3.02 266.15 1
3.03 254.16 1
3.04 225.1 1
3.05 213.56 1
3.06 0.0 1
3.07 0.0 1
3.08 0.0 1
3.09 0.0 1
3.1 225.58 1
3.11 233.22 1
3.12 238.99 1
3.13 243.44 1
3.14 250.24 1
3.15 259.62 1
3.16 261.76 1
3.17 268.93 1
3.18 270.69 1
3.19 271.38 1
3.2 271.11 1
3.21 272.08 1
3.22 273.06 1
3.23 272.91 1
3.24 272.49 1
3.25 272.37 1
3.26 271.46 1
3.27 275.64 1
3.28 280.43 1
3.29 282.78 1
3.3 282.62 1
3.31 243.67 1
3.32 245.68 1
3.33 316.93 1
3.34 317.42 1
3.35 303.7 1
3.36 305.96 1
3.37 306.36 1
3.38 308.13 1
3.39 308.25 1
3.4 307.79 1
3.41 307.98 1
3.42 306.12 1
3.43 306.83 1
3.44 306.56 1
3.45 306.9 1
3.46 303.7 1
3.47 290.51 1
3.48 266.56 1
3.49 254.18 1
3.5 229.73 1
3.51 255.66 1
3.52 233.96 1
3.53 302.26 1
3.54 325.29 1
3.55 315.51 1
3.56 312.53 1
3.57 310.19 1
3.58 308.37 1
3.59 303.23 1
3.6 300.19 1
3.61 301.03 1
3.62 303.11 1
3.63 304.84 1
3.64 306.39 1
3.65 309.51 1
3.66 311.95 1
3.67 314.68 1
3.68 317.71 1
3.69 320.74 1
3.7 323.67 1
3.71 323.92 1
3.72 323.29 1
3.73 321.28 1
3.74 320.43 1
3.75 315.66 1
3.76 311.84 1
3.77 309.18 1
3.78 307.23 1
3.79 306.66 1
3.8 305.21 1
3.81 308.62 1
3.82 311.39 1
3.83 312.92 1
3.84 314.06 1
3.85 316.29 1
3.86 328.65 1
3.87 332.82 1
3.88 318.46 1
3.89 322.59 1
3.9 390.23 1
3.91 340.57 1
3.92 348.51 1
3.93 344.47 1
3.94 320.91 1
3.95 310.66 1
3.96 299.06 1
3.97 289.63 1
3.98 282.3 1
3.99 277.64 1
4.0 274.67 1
4.01 278.54 1
4.02 280.3 1
4.03 284.58 1
4.04 291.17 1
4.05 296.99 1
4.06 305.27 1
4.07 311.43 1
4.08 318.92 1
4.09 322.93 1
4.1 324.3 1
4.11 324.98 1
4.12 324.89 1
4.13 321.71 1
4.14 318.38 1
4.15 315.74 1
4.16 305.19 1
4.17 283.31 1
4.18 0.0 1
4.19 0.0 1
4.2 0.0 1
4.21 0.0 1
4.22 0.0 1
4.23 0.0 1
4.24 323.07 1
4.25 304.08 1
4.26 282.22 1
4.27 279.98 1
4.28 278.21 1
4.29 274.74 1
4.3 272.81 1
4.31 268.1 1
4.32 260.21 1
4.33 268.11 1
4.34 0.0 1
4.35 0.0 1
4.36 0.0 1
4.37 0.0 1
4.38 0.0 1
4.39 0.0 1
4.4 0.0 1
4.41 0.0 1
4.42 0.0 1
4.43 0.0 1
4.44 0.0 1
4.45 0.0 1
4.46 0.0 1
4.47 0.0 1
4.48 0.0 1
4.49 0.0 1
4.5 0.0 1
4.51 0.0 1
4.52 0.0 1
4.53 0.0 1
4.54 0.0 1
4.55 0.0 1
4.56 214.06 1
4.57 208.6 1
4.58 198.46 1
4.59 191.28 1
4.6 190.5 1
4.61 196.43 1
4.62 201.68 1
4.63 208.27 1
4.64 213.88 1
4.65 221.76 1
4.66 226.74 1
4.67 229.1 1
4.68 241.62 1
4.69 235.23 1
4.7 244.45 1
4.71 246.58 1
4.72 246.58 1
4.73 244.35 1
4.74 242.13 1
4.75 237.48 1
4.76 232.44 1
4.77 228.85 1
4.78 224.64 1
4.79 225.78 1
4.8 228.15 1
4.81 232.72 1
4.82 239.61 1
4.83 245.63 1
4.84 250.37 1
4.85 252.87 1
4.86 254.51 1
4.87 252.73 1
4.88 219.22 1
4.89 193.78 1
4.9 178.9 1
4.91 178.17 1
4.92 173.36 1
4.93 178.17 1
4.94 211.52 1
4.95 210.64 1
4.96 247.06 1
4.97 222.13 1
4.98 215.88 1
4.99 215.64 1
5.0 211.32 1
5.01 209.18 1
5.02 208.51 1
5.03 209.06 1
5.04 209.4 1
5.05 209.26 1
5.06 209.5 1
5.07 209.98 1
5.08 210.83 1
5.09 210.72 1
5.1 210.37 1
5.11 209.5 1
5.12 209.31 1
5.13 208.52 1
5.14 208.52 1
5.15 209.93 1
5.16 211.02 1
5.17 212.38 1
5.18 213.19 1
5.19 213.26 1
5.2 213.03 1
5.21 213.11 1
5.22 212.25 1
5.23 211.84 1
5.24 207.53 1
5.25 206.8 1
5.26 210.5 1
5.27 205.6 1
5.28 201.83 1
5.29 200.91 1
5.3 184.13 1
5.31 179.74 1
5.32 178.46 1
5.33 176.61 1
5.34 182.6 1
5.35 177.99 1
5.36 178.18 1
5.37 178.68 1
5.38 179.51 1
5.39 181.32 1
5.4 182.02 1
5.41 184.11 1
5.42 184.02 1
5.43 183.36 1
5.44 184.07 1
5.45 184.14 1
5.46 184.14 1
5.47 184.15 1
5.48 183.38 1
5.49 182.75 1
5.5 168.56 1
5.51 162.78 1
5.52 167.36 1
5.53 160.08 1
5.54 168.33 1
5.55 151.81 1
5.56 139.78 1
5.57 139.34 1
5.58 144.35 1
5.59 143.76 1
5.6 145.17 1
5.61 144.83 1
5.62 145.43 1
5.63 145.06 1
5.64 145.36 1
5.65 146.63 1
5.66 149.03 1
5.67 150.29 1
5.68 151.36 1
5.69 152.34 1
5.7 152.16 1
5.71 141.57 1
5.72 144.85 1
5.73 144.35 1
5.74 135.49 1
5.75 157.56 1
5.76 142.95 1
5.77 158.67 1
5.78 151.95 1
5.79 155.65 1
5.8 153.15 1
5.81 149.39 1
5.82 149.97 1
5.83 149.55 1
5.84 149.62 1
5.85 150.53 1
5.86 152.27 1
5.87 154.47 1
5.88 157.22 1
5.89 162.66 1
5.9 166.94 1
5.91 169.21 1
5.92 171.28 1
5.93 176.02 1
5.94 173.98 1
5.95 169.91 1
5.96 158.97 1
5.97 173.75 1
5.98 162.43 1
5.99 150.26 1
6.0 151.81 1
6.01 147.74 1
6.02 146.96 1
6.03 145.6 1
6.04 145.69 1
6.05 146.27 1
6.06 149.82 1
6.07 154.32 1
6.08 158.66 1
6.09 166.18 1
6.1 168.67 1
6.11 172.06 1
6.12 170.6 1
6.13 168.64 1
6.14 163.89 1
6.15 0.0 1
6.16 0.0 1
6.17 0.0 1
6.18 0.0 1
6.19 0.0 1
6.2 0.0 1
6.21 0.0 1
6.22 0.0 1
6.23 0.0 1
6.24 157.22 1
6.25 139.77 1
6.26 134.92 1
6.27 137.06 1
6.28 140.21 1
6.29 139.27 1
6.3 139.51 1
6.31 140.22 1
6.32 140.26 1
6.33 140.95 1
6.34 141.36 1
6.35 143.24 1
6.36 143.12 1
6.37 141.06 1
6.38 141.41 1
6.39 120.66 1
6.4 121.99 1
6.41 132.63 1
6.42 140.89 1
6.43 152.77 1
6.44 136.52 1
6.45 145.17 1
6.46 146.27 1
6.47 149.2 1
6.48 150.0 1
6.49 150.79 1
6.5 152.15 1
6.51 152.05 1
6.52 152.45 1
6.53 153.11 1
6.54 154.11 1
6.55 154.91 1
6.56 155.78 1
6.57 153.02 1
6.58 153.02 1
6.59 158.92 1
6.6 159.93 1
6.61 160.66 1
6.62 160.08 1
6.63 159.93 1
6.64 162.68 1
6.65 179.25 1
6.66 151.29 1
6.67 150.48 1
6.68 151.48 1
6.69 153.77 1
6.7 158.93 1
6.71 171.94 1
6.72 187.93 1
6.73 194.92 1
6.74 203.71 1
6.75 215.55 1
6.76 223.55 1
6.77 224.9 1
6.78 224.08 1
6.79 218.98 1
6.8 174.66 1
6.81 171.28 1
6.82 0.0 1
6.83 0.0 1
6.84 0.0 1
6.85 0.0 1
6.86 0.0 1
6.87 0.0 1
6.88 189.87 1
6.89 191.3 1
6.9 195.6 1
6.91 201.77 1
6.92 205.57 1
6.93 208.01 1
6.94 206.56 1
6.95 209.64 1
6.96 208.78 1
6.97 207.54 1
6.98 208.34 1
6.99 208.52 1
7.0 209.5 1
7.01 209.6 1
7.02 207.54 1
7.03 207.53 1
7.04 205.9 1
7.05 205.59 1
7.06 208.75 1
7.07 207.53 1
7.08 206.89 1
7.09 213.28 1
7.1 209.5 1
7.11 206.83 1
7.12 207.05 1
7.13 206.56 1
7.14 206.34 1
7.15 210.01 1
7.16 213.51 1
7.17 216.93 1
7.18 224.87 1
7.19 232.73 1
7.2 245.68 1
7.21 241.39 1
7.22 232.72 1
7.23 227.24 1
