0.01 242.97 1
0.02 281.77 1
0.03 277.89 1
0.04 280.26 1
0.05 280.42 1
0.06 277.79 1
0.07 276.86 1
0.08 277.91 1
0.09 278.84 1
0.1 278.99 1
0.11 280.02 1
0.12 281.39 1
0.13 280.92 1
0.14 280.34 1
0.15 279.4 1
0.16 278.97 1
0.17 277.62 1
0.18 278.38 1
0.19 284.44 1
0.2 286.89 1
0.21 271.41 1
0.22 285.42 1
0.23 318.53 1
0.24 312.29 1
0.25 313.07 1
0.26 315.01 1
0.27 315.37 1
0.28 313.94 1
0.29 312.13 1
0.3 310.15 1
0.31 308.19 1
0.32 308.78 1
0.33 310.17 1
0.34 311.26 1
0.35 313.47 1
0.36 315.52 1
0.37 318.34 1
0.38 316.47 1
0.39 308.39 1
0.4 301.18 1
0.41 303.48 1
0.42 315.22 1
0.43 319.04 1
0.44 318.76 1
0.45 319.44 1
0.46 316.12 1
0.47 312.09 1
0.48 309.16 1
0.49 307.57 1
0.5 302.5 1
0.51 298.99 1
0.52 311.47 1
0.53 315.15 1
0.54 320.68 1
0.55 335.44 1
0.56 335.37 1
0.57 331.53 1
0.58 327.87 1
0.59 324.63 1
0.6 320.17 1
0.61 294.98 1
0.62 299.41 1
0.63 289.44 1
0.64 278.9 1
0.65 247.08 1
0.66 229.29 1
0.67 215.34 1
0.68 207.13 1
0.69 203.71 1
0.7 206.94 1
0.71 212.96 1
0.72 220.38 1
0.73 228.05 1
0.74 233.95 1
0.75 242.97 1
0.76 246.28 1
0.77 250.76 1
0.78 251.81 1
0.79 245.61 1
0.8 222.05 1
0.81 219.95 1
0.82 204.67 1
0.83 193.56 1
0.84 222.18 1
0.85 245.01 1
0.86 252.38 1
0.87 245.67 1
0.88 241.62 1
0.89 235.36 1
0.9 233.97 1
0.91 234.62 1
0.92 237.7 1
0.93 240.42 1
0.94 247.24 1
0.95 257.15 1
0.96 264.87 1
0.97 270.56 1
0.98 274.89 1
0.99 298.35 1
1.0 301.03 1
1.01 301.37 1
1.02 301.2 1
1.03 254.19 1
1.04 309.93 1
1.05 300.88 1
1.06 289.33 1
1.07 283.77 1
1.08 276.9 1
1.09 271.02 1
1.1 269.88 1
1.11 273.62 1
1.12 284.04 1
1.13 299.26 1
1.14 314.29 1
1.15 324.94 1
1.16 346.99 1
1.17 357.09 1
1.18 369.94 1
1.19 373.16 1
1.2 342.72 1
1.21 331.56 1
1.22 298.23 1
1.23 196.44 1
1.24 198.2 1
1.25 188.06 1
1.26 189.08 1
1.27 196.43 1
1.28 196.85 1
1.29 201.28 1
1.3 205.64 1
1.31 209.53 1
1.32 210.69 1
1.33 211.72 1
1.34 211.79 1
1.35 212.27 1
1.36 213.22 1
1.37 214.13 1
1.38 215.06 1
1.39 216.23 1
1.4 216.26 1
1.41 215.89 1
1.42 213.76 1
1.43 210.29 1
1.44 209.03 1
1.45 205.27 1
1.46 202.51 1
1.47 196.59 1
1.48 194.42 1
1.49 191.37 1
1.5 189.53 1
1.51 191.35 1
1.52 199.96 1
1.53 207.54 1
1.54 220.16 1
1.55 239.42 1
1.56 237.31 1
1.57 266.5 1
1.58 276.5 1
1.59 281.56 1
1.6 279.6 1
1.61 267.35 1
1.62 241.25 1
1.63 222.3 1
1.64 209.5 1
1.65 0.0 1
1.66 0.0 1
1.67 0.0 1
1.68 0.0 1
1.69 0.0 1
1.7 285.57 1
1.71 267.59 1
1.72 272.01 1
1.73 272.34 1
1.74 274.77 1
1.75 274.88 1
1.76 276.3 1
1.77 278.36 1
1.78 279.29 1
1.79 279.67 1
1.8 280.2 1
1.81 279.86 1
1.82 277.01 1
1.83 273.92 1
1.84 271.48 1
1.85 261.73 1
1.86 255.67 1
1.87 252.82 1
1.88 242.96 1
1.89 220.23 1
1.9 201.28 1
1.91 179.84 1
1.92 164.07 1
1.93 156.35 1
1.94 153.99 1
1.95 155.18 1
1.96 158.1 1
1.97 163.63 1
1.98 168.55 1
1.99 173.1 1
2.0 177.19 1
2.01 179.03 1
2.02 180.83 1
2.03 179.56 1
2.04 173.96 1
2.05 162.4 1
2.06 173.22 1
2.07 175.82 1
2.08 171.94 1
2.09 172.99 1
2.1 179.56 1
2.11 192.33 1
2.12 190.36 1
2.13 192.15 1
2.14 188.88 1
2.15 188.87 1
2.16 188.88 1
2.17 192.71 1
2.18 196.2 1
2.19 199.98 1
2.2 202.77 1
2.21 207.55 1
2.22 209.53 1
2.23 216.12 1
2.24 219.65 1
2.25 220.95 1
2.26 222.64 1
2.27 221.07 1
2.28 228.24 1
2.29 218.62 1
2.3 223.37 1
2.31 221.78 1
2.32 216.7 1
2.33 208.52 1
2.34 207.53 1
2.35 209.04 1
2.36 209.5 1
2.37 213.11 1
2.38 218.56 1
2.39 227.88 1
2.4 234.4 1
2.41 249.27 1
2.42 251.29 1
2.43 274.76 1
2.44 267.5 1
2.45 273.06 1
2.46 256.23 1
2.47 250.91 1
2.48 242.75 1
2.49 206.53 1
2.5 192.48 1
2.51 201.33 1
2.52 176.04 1
2.53 160.67 1
2.54 146.27 1
2.55 142.79 1
2.56 142.15 1
2.57 143.42 1
2.58 147.98 1
2.59 148.74 1
2.6 153.53 1
2.61 154.74 1
2.62 158.91 1
2.63 164.86 1
2.64 167.61 1
2.65 169.36 1
2.66 170.13 1
2.67 160.57 1
2.68 168.76 1
2.69 166.11 1
2.7 164.63 1
2.71 162.83 1
2.72 143.36 1
2.73 138.9 1
2.74 133.33 1
2.75 133.43 1
2.76 132.97 1
2.77 140.22 1
2.78 148.74 1
2.79 156.11 1
2.8 165.13 1
2.81 175.33 1
2.82 179.94 1
2.83 188.04 1
2.84 191.76 1
2.85 195.02 1
2.86 195.0 1
2.87 193.11 1
2.88 187.27 1
2.89 188.06 1
2.9 192.95 1
2.91 180.48 1
2.92 174.27 1
2.93 175.97 1
2.94 166.52 1
2.95 176.75 1
2.96 180.5 1
2.97 90.5 1
2.98 97.24 1
2.99 101.73 1
3.0 110.51 1
3.01 111.67 1
3.02 112.93 1
3.03 115.09 1
3.04 114.4 1
3.05 111.0 1
3.06 108.83 1
3.07 103.16 1
3.08 90.04 1
3.09 0.0 1
3.1 0.0 1
3.11 0.0 1
3.12 0.0 1
3.13 0.0 1
3.14 0.0 1
3.15 0.0 1
3.16 0.0 1
3.17 119.36 1
3.18 120.65 1
3.19 119.7 1
3.2 121.64 1
3.21 122.34 1
3.22 124.4 1
3.23 126.07 1
3.24 127.28 1
3.25 129.14 1
3.26 133.49 1
3.27 134.26 1
3.28 136.33 1
3.29 139.13 1
3.3 138.47 1
3.31 135.91 1
3.32 154.15 1
3.33 162.44 1
3.34 138.03 1
3.35 141.88 1
3.36 137.29 1
3.37 137.51 1
3.38 136.34 1
3.39 133.47 1
3.4 132.41 1
3.41 132.25 1
3.42 135.08 1
3.43 136.76 1
3.44 142.01 1
3.45 146.77 1
3.46 152.85 1
3.47 157.41 1
3.48 161.19 1
3.49 163.05 1
3.5 161.08 1
3.51 160.08 1
3.52 164.45 1
3.53 164.61 1
3.54 163.0 1
3.55 159.05 1
3.56 152.88 1
3.57 167.61 1
3.58 145.65 1
3.59 145.68 1
3.6 146.84 1
3.61 151.21 1
3.62 156.04 1
3.63 162.9 1
3.64 174.55 1
3.65 178.58 1
3.66 184.14 1
3.67 194.15 1
3.68 197.25 1
3.69 201.69 1
3.7 200.73 1
3.71 197.24 1
3.72 181.96 1
3.73 189.33 1
3.74 173.28 1
3.75 156.66 1
3.76 146.76 1
3.77 119.03 1
3.78 114.74 1
3.79 109.0 1
3.8 102.35 1
3.81 110.12 1
3.82 106.14 1
3.83 106.14 1
3.84 110.67 1
3.85 114.1 1
3.86 117.41 1
3.87 123.19 1
3.88 133.45 1
3.89 135.49 1
3.9 142.02 1
3.91 130.73 1
3.92 0.0 1
3.93 0.0 1
3.94 0.0 1
3.95 0.0 1
3.96 0.0 1
3.97 0.0 1
3.98 0.0 1
3.99 119.58 1
4.0 126.9 1
4.01 128.81 1
4.02 132.62 1
4.03 133.81 1
4.04 134.37 1
4.05 134.84 1
4.06 135.98 1
4.07 137.17 1
4.08 138.79 1
4.09 140.16 1
4.1 138.04 1
4.11 136.76 1
4.12 135.08 1
4.13 133.85 1
4.14 132.63 1
4.15 127.65 1
4.16 132.63 1
4.17 135.62 1
4.18 131.56 1
4.19 131.84 1
4.2 144.62 1
4.21 148.24 1
4.22 156.77 1
4.23 158.89 1
4.24 159.48 1
4.25 156.73 1
4.26 156.12 1
4.27 155.56 1
4.28 155.26 1
4.29 155.4 1
4.3 156.26 1
4.31 158.6 1
4.32 158.35 1
4.33 152.33 1
4.34 160.18 1
4.35 158.35 1
4.36 153.35 1
4.37 151.69 1
4.38 153.11 1
4.39 140.67 1
4.4 138.9 1
4.41 139.85 1
4.42 144.36 1
4.43 157.23 1
4.44 170.6 1
4.45 185.71 1
4.46 197.53 1
4.47 206.57 1
4.48 217.32 1
4.49 222.93 1
4.5 223.48 1
4.51 216.52 1
4.52 208.51 1
4.53 0.0 1
4.54 0.0 1
4.55 0.0 1
4.56 0.0 1
4.57 0.0 1
4.58 0.0 1
4.59 190.78 1
4.6 189.03 1
4.61 189.58 1
4.62 190.87 1
4.63 194.76 1
4.64 197.5 1
4.65 201.49 1
4.66 204.17 1
4.67 204.64 1
4.68 202.76 1
4.69 200.07 1
4.7 193.11 1
4.71 197.32 1
4.72 201.64 1
4.73 188.06 1
4.74 190.49 1
4.75 0.0 1
4.76 0.0 1
4.77 0.0 1
4.78 0.0 1
4.79 0.0 1
4.8 0.0 1
4.81 0.0 1
4.82 0.0 1
4.83 0.0 1
4.84 0.0 1
4.85 0.0 1
4.86 0.0 1
4.87 68.85 1
4.88 68.66 1
4.89 69.39 1
4.9 69.4 1
4.91 69.27 1
4.92 69.48 1
4.93 69.11 1
4.94 69.27 1
4.95 69.36 1
4.96 69.25 1
4.97 69.37 1
4.98 69.12 1
4.99 0.0 1
5.0 0.0 1
5.01 0.0 1
5.02 0.0 1
5.03 0.0 1
5.04 286.63 1
5.05 277.93 1
5.06 276.48 1
5.07 273.04 1
5.08 271.65 1
5.09 271.38 1
5.1 272.56 1
5.11 273.84 1
5.12 275.38 1
5.13 276.48 1
5.14 275.7 1
5.15 275.85 1
5.16 275.09 1
5.17 273.96 1
5.18 273.71 1
5.19 271.61 1
5.2 275.58 1
5.21 281.67 1
5.22 286.61 1
5.23 282.32 1
5.24 293.47 1
5.25 310.45 1
5.26 302.13 1
5.27 310.14 1
5.28 315.02 1
5.29 318.13 1
5.3 319.05 1
5.31 320.47 1
5.32 320.43 1
5.33 319.55 1
5.34 317.68 1
5.35 316.86 1
5.36 315.9 1
5.37 315.09 1
5.38 312.96 1
5.39 306.16 1
5.4 288.97 1
5.41 266.49 1
5.42 259.16 1
5.43 255.66 1
5.44 283.59 1
5.45 283.69 1
5.46 281.93 1
5.47 271.38 1
5.48 263.37 1
5.49 262.78 1
5.5 258.72 1
5.51 258.72 1
5.52 266.55 1
5.53 273.05 1
5.54 281.99 1
5.55 288.79 1
5.56 295.0 1
5.57 305.19 1
5.58 331.04 1
5.59 326.61 1
5.6 345.93 1
5.61 339.48 1
5.62 348.68 1
5.63 343.25 1
5.64 335.48 1
5.65 294.98 1
5.66 294.34 1
5.67 326.1 1
5.68 318.4 1
5.69 310.49 1
5.7 308.81 1
5.71 310.28 1
5.72 312.42 1
5.73 314.3 1
5.74 316.12 1
5.75 315.17 1
5.76 312.94 1
5.77 313.78 1
5.78 312.38 1
5.79 311.6 1
5.8 312.61 1
5.81 314.0 1
5.82 314.88 1
5.83 314.15 1
5.84 310.47 1
5.85 307.33 1
5.86 298.94 1
5.87 289.07 1
5.88 292.93 1
5.89 283.77 1
5.9 269.99 1
5.91 258.67 1
5.92 257.17 1
5.93 261.76 1
5.94 274.75 1
5.95 293.03 1
5.96 307.32 1
5.97 326.66 1
5.98 338.56 1
5.99 347.65 1
6.0 352.83 1
6.01 353.89 1
6.02 346.71 1
6.03 331.31 1
6.04 286.24 1
6.05 276.95 1
6.06 299.03 1
6.07 327.87 1
6.08 311.69 1
6.09 285.86 1
6.1 280.75 1
6.11 292.42 1
6.12 284.35 1
6.13 278.23 1
6.14 278.22 1
6.15 273.92 1
6.16 274.76 1
6.17 276.57 1
6.18 277.99 1
6.19 278.41 1
6.2 277.09 1
6.21 274.6 1
6.22 274.49 1
6.23 275.59 1
6.24 274.9 1
6.25 274.52 1
6.26 274.89 1
6.27 0.0 1
6.28 0.0 1
6.29 0.0 1
6.3 0.0 1
6.31 0.0 1
6.32 288.9 1
6.33 295.32 1
6.34 285.49 1
6.35 282.31 1
6.36 279.24 1
6.37 274.76 1
6.38 275.74 1
6.39 276.83 1
6.4 277.74 1
6.41 279.1 1
6.42 279.21 1
6.43 278.91 1
6.44 277.81 1
6.45 277.82 1
6.46 280.13 1
6.47 282.43 1
6.48 277.57 1
6.49 276.19 1
6.5 273.87 1
6.51 280.2 1
6.52 281.21 1
6.53 278.65 1
6.54 276.92 1
6.55 269.84 1
6.56 264.45 1
6.57 255.03 1
6.58 239.04 1
6.59 225.08 1
6.6 220.63 1
6.61 220.53 1
6.62 223.76 1
6.63 229.09 1
6.64 236.05 1
