0.01 69.49 1
0.02 68.96 1
0.03 69.25 1
0.04 69.68 1
0.05 68.64 1
0.06 69.35 1
0.07 69.43 1
0.08 69.09 1
0.09 69.34 1
0.1 69.62 1
0.11 67.95 1
0.12 69.52 1
0.13 0.0 1
0.14 0.0 1
0.15 0.0 1
0.16 0.0 1
0.17 0.0 1
0.18 0.0 1
0.19 0.0 1
0.2 0.0 1
0.21 0.0 1
0.22 0.0 1
0.23 0.0 1
0.24 0.0 1
0.25 0.0 1
0.26 0.0 1
0.27 0.0 1
0.28 0.0 1
0.29 0.0 1
0.3 227.9 1
0.31 216.71 1
0.32 208.85 1
0.33 209.27 1
0.34 209.67 1
0.35 209.73 1
0.36 209.5 1
0.37 210.65 1
0.38 210.59 1
0.39 210.58 1
0.4 210.21 1
0.41 209.5 1
0.42 209.0 1
0.43 207.81 1
0.44 206.57 1
0.45 206.77 1
0.46 206.56 1
0.47 205.6 1
0.48 205.32 1
0.49 204.64 1
0.5 204.13 1
0.51 203.4 1
0.52 203.34 1
0.53 203.15 1
0.54 202.62 1
0.55 201.73 1
0.56 202.08 1
0.57 202.04 1
0.58 202.29 1
0.59 202.29 1
0.6 202.54 1
0.61 203.02 1
0.62 204.06 1
0.63 204.06 1
0.64 204.64 1
0.65 204.64 1
0.66 204.6 1
0.67 204.62 1
0.68 204.33 1
0.69 204.54 1
0.7 203.7 1
0.71 204.58 1
0.72 204.78 1
0.73 204.64 1
0.74 204.76 1
0.75 204.64 1
0.76 204.64 1
0.77 205.01 1
0.78 205.2 1
0.79 205.6 1
0.8 206.46 1
0.81 206.56 1
0.82 207.53 1
0.83 206.57 1
0.84 207.51 1
0.85 206.87 1
0.86 207.53 1
0.87 206.57 1
0.88 207.12 1
0.89 206.44 1
0.9 205.6 1
0.91 205.6 1
0.92 205.44 1
0.93 205.15 1
0.94 204.65 1
0.95 204.64 1
0.96 205.15 1
0.97 204.65 1
0.98 205.27 1
0.99 205.24 1
1.0 205.56 1
1.01 205.6 1
1.02 206.13 1
1.03 206.02 1
1.04 205.6 1
1.05 206.11 1
1.06 205.35 1
1.07 205.52 1
1.08 205.2 1
1.09 204.65 1
1.1 205.33 1
1.11 205.33 1
1.12 205.39 1
1.13 205.6 1
1.14 205.6 1
1.15 206.21 1
1.16 206.56 1
1.17 206.56 1
1.18 206.56 1
1.19 206.44 1
1.2 206.25 1
1.21 206.5 1
1.22 206.95 1
1.23 207.42 1
1.24 208.21 1
1.25 208.51 1
1.26 208.51 1
1.27 208.0 1
1.28 207.54 1
1.29 206.57 1
1.3 205.61 1
1.31 204.65 1
1.32 204.64 1
1.33 203.61 1
1.34 202.12 1
1.35 208.49 1
1.36 207.94 1
1.37 205.6 1
1.38 207.75 1
1.39 208.7 1
1.4 207.83 1
1.41 208.24 1
1.42 207.65 1
1.43 208.46 1
1.44 205.88 1
1.45 207.86 1
1.46 208.25 1
1.47 207.65 1
1.48 207.42 1
1.49 207.53 1
1.5 207.42 1
1.51 207.33 1
1.52 207.44 1
1.53 206.56 1
1.54 206.78 1
1.55 206.41 1
1.56 205.6 1
1.57 205.46 1
1.58 205.21 1
1.59 204.35 1
1.6 203.44 1
1.61 202.55 1
1.62 201.31 1
1.63 200.64 1
1.64 198.48 1
1.65 197.7 1
1.66 194.21 1
1.67 191.32 1
1.68 187.74 1
1.69 185.56 1
1.7 183.27 1
1.71 181.99 1
1.72 181.27 1
1.73 180.69 1
1.74 179.74 1
1.75 178.51 1
1.76 176.77 1
1.77 177.49 1
1.78 179.35 1
1.79 182.4 1
1.8 189.64 1
1.81 193.77 1
1.82 200.74 1
1.83 207.54 1
1.84 213.49 1
1.85 218.12 1
1.86 221.04 1
1.87 222.0 1
1.88 220.78 1
1.89 218.04 1
1.9 211.81 1
1.91 202.77 1
1.92 196.17 1
1.93 187.58 1
1.94 180.92 1
1.95 179.5 1
1.96 178.65 1
1.97 178.42 1
1.98 179.51 1
1.99 180.36 1
2.0 179.63 1
2.01 179.48 1
2.02 180.0 1
2.03 180.2 1
2.04 180.89 1
2.05 180.85 1
2.06 181.1 1
2.07 180.62 1
2.08 181.03 1
2.09 180.82 1
2.1 181.34 1
2.11 182.46 1
2.12 183.15 1
2.13 183.62 1
2.14 184.23 1
2.15 183.78 1
2.16 184.09 1
2.17 184.01 1
2.18 184.27 1
2.19 184.14 1
2.2 184.63 1
2.21 184.76 1
2.22 185.25 1
2.23 184.16 1
2.24 184.91 1
2.25 184.56 1
2.26 184.29 1
2.27 184.06 1
2.28 183.82 1
2.29 183.87 1
2.3 183.55 1
2.31 183.52 1
2.32 183.17 1
2.33 183.22 1
2.34 183.25 1
2.35 183.62 1
2.36 183.67 1
2.37 183.89 1
2.38 184.12 1
2.39 184.44 1
2.4 184.15 1
2.41 184.88 1
2.42 184.91 1
2.43 185.44 1
2.44 185.35 1
2.45 185.46 1
2.46 185.48 1
2.47 185.58 1
2.48 185.39 1
2.49 184.11 1
2.5 183.6 1
2.51 181.87 1
2.52 180.68 1
2.53 178.62 1
2.54 175.39 1
2.55 172.7 1
2.56 166.44 1
2.57 163.82 1
2.58 160.49 1
2.59 159.01 1
2.6 157.22 1
2.61 157.12 1
2.62 157.32 1
2.63 156.67 1
2.64 157.15 1
2.65 156.68 1
2.66 155.57 1
2.67 156.88 1
2.68 158.01 1
2.69 157.22 1
2.7 158.35 1
2.71 159.14 1
2.72 156.02 1
2.73 154.99 1
2.74 154.38 1
2.75 153.4 1
2.76 153.38 1
2.77 153.51 1
2.78 153.17 1
2.79 153.89 1
2.8 154.03 1
2.81 154.44 1
2.82 154.56 1
2.83 154.88 1
2.84 154.63 1
2.85 154.06 1
2.86 153.84 1
2.87 154.42 1
2.88 152.86 1
2.89 158.15 1
2.9 157.16 1
2.91 156.11 1
2.92 157.32 1
2.93 156.78 1
2.94 156.11 1
2.95 157.95 1
2.96 157.15 1
2.97 156.11 1
2.98 157.71 1
2.99 156.26 1
3.0 155.56 1
3.01 156.17 1
3.02 154.81 1
3.03 155.04 1
3.04 155.1 1
3.05 153.39 1
3.06 155.77 1
3.07 157.58 1
3.08 158.05 1
3.09 158.86 1
3.1 159.64 1
3.11 160.22 1
3.12 161.95 1
3.13 162.18 1
3.14 162.31 1
3.15 163.64 1
3.16 164.26 1
3.17 164.73 1
3.18 165.61 1
3.19 164.97 1
3.2 164.46 1
3.21 164.76 1
3.22 162.33 1
3.23 160.09 1
3.24 157.97 1
3.25 155.84 1
3.26 154.97 1
3.27 156.41 1
3.28 154.32 1
3.29 154.46 1
3.3 155.43 1
3.31 155.05 1
3.32 155.94 1
3.33 156.02 1
3.34 156.11 1
3.35 156.63 1
3.36 155.92 1
3.37 155.4 1
3.38 156.01 1
3.39 155.64 1
3.4 155.24 1
3.41 156.01 1
3.42 155.56 1
3.43 157.23 1
3.44 156.65 1
3.45 158.02 1
3.46 158.27 1
3.47 159.33 1
3.48 160.07 1
3.49 157.78 1
3.5 160.07 1
3.51 158.35 1
3.52 157.78 1
3.53 157.14 1
3.54 156.56 1
3.55 154.63 1
3.56 152.37 1
3.57 150.71 1
3.58 147.79 1
3.59 145.43 1
3.6 142.93 1
3.61 139.49 1
3.62 138.86 1
3.63 136.8 1
3.64 135.47 1
3.65 136.79 1
3.66 136.52 1
3.67 135.75 1
3.68 136.61 1
3.69 137.21 1
3.7 137.23 1
3.71 137.85 1
3.72 137.71 1
3.73 138.34 1
3.74 139.31 1
3.75 137.95 1
3.76 137.72 1
3.77 138.09 1
3.78 136.53 1
3.79 136.81 1
3.8 138.16 1
3.81 137.25 1
3.82 137.68 1
3.83 138.65 1
3.84 137.6 1
3.85 137.6 1
3.86 138.75 1
3.87 138.34 1
3.88 138.26 1
3.89 139.46 1
3.9 139.94 1
3.91 140.35 1
3.92 141.22 1
3.93 141.48 1
3.94 141.54 1
3.95 141.26 1
3.96 141.22 1
3.97 140.92 1
3.98 142.85 1
3.99 143.17 1
4.0 138.89 1
4.01 137.43 1
4.02 137.03 1
4.03 136.75 1
4.04 137.28 1
4.05 137.58 1
4.06 137.63 1
4.07 137.54 1
4.08 137.44 1
4.09 137.17 1
4.1 138.03 1
4.11 138.8 1
4.12 139.18 1
4.13 139.88 1
4.14 140.84 1
4.15 141.58 1
4.16 141.6 1
4.17 141.23 1
4.18 140.65 1
4.19 140.11 1
4.2 140.31 1
4.21 140.65 1
4.22 140.76 1
4.23 140.53 1
4.24 140.17 1
4.25 140.4 1
4.26 139.59 1
4.27 138.79 1
4.28 138.47 1
4.29 137.25 1
4.3 135.02 1
4.31 132.96 1
4.32 131.07 1
4.33 126.56 1
4.34 123.63 1
4.35 120.99 1
4.36 117.96 1
4.37 115.29 1
4.38 110.69 1
4.39 109.64 1
4.4 108.95 1
4.41 109.46 1
4.42 108.71 1
4.43 109.41 1
4.44 110.71 1
4.45 110.88 1
4.46 110.95 1
4.47 117.14 1
4.48 120.99 1
4.49 127.08 1
4.5 132.22 1
4.51 136.32 1
4.52 139.48 1
4.53 141.75 1
4.54 144.35 1
4.55 146.49 1
4.56 145.88 1
4.57 144.77 1
4.58 140.74 1
4.59 137.81 1
4.6 136.16 1
4.61 132.84 1
4.62 131.05 1
4.63 126.91 1
4.64 123.15 1
4.65 119.24 1
4.66 116.2 1
4.67 113.79 1
4.68 112.08 1
4.69 110.39 1
4.7 106.91 1
4.71 93.78 1
4.72 93.73 1
4.73 88.65 1
4.74 79.89 1
4.75 69.86 1
4.76 68.78 1
4.77 69.72 1
4.78 69.15 1
4.79 69.14 1
4.8 69.43 1
4.81 69.22 1
4.82 69.31 1
4.83 0.0 1
4.84 0.0 1
4.85 0.0 1
4.86 156.09 1
4.87 140.61 1
4.88 136.84 1
4.89 135.95 1
4.9 133.72 1
4.91 128.83 1
4.92 124.33 1
4.93 122.94 1
4.94 120.99 1
4.95 121.5 1
4.96 120.0 1
4.97 120.07 1
4.98 119.86 1
4.99 119.31 1
5.0 119.06 1
5.01 118.74 1
5.02 118.62 1
5.03 118.78 1
5.04 119.27 1
5.05 119.92 1
5.06 121.92 1
5.07 123.01 1
5.08 123.71 1
5.09 125.08 1
5.1 126.34 1
5.11 127.3 1
5.12 126.55 1
5.13 126.05 1
5.14 125.17 1
5.15 123.89 1
5.16 122.33 1
5.17 121.06 1
5.18 119.39 1
5.19 117.86 1
5.2 116.81 1
5.21 115.75 1
5.22 113.87 1
5.23 112.64 1
5.24 111.42 1
5.25 111.34 1
5.26 111.32 1
5.27 109.05 1
5.28 108.59 1
5.29 107.96 1
5.3 107.87 1
5.31 107.17 1
5.32 106.97 1
5.33 106.31 1
5.34 105.94 1
5.35 104.7 1
5.36 103.55 1
5.37 103.13 1
5.38 102.54 1
5.39 103.37 1
5.4 101.43 1
5.41 101.46 1
5.42 101.1 1
5.43 101.49 1
5.44 102.0 1
5.45 101.03 1
5.46 101.81 1
5.47 102.14 1
5.48 102.08 1
5.49 102.68 1
5.5 103.17 1
5.51 102.92 1
5.52 105.05 1
5.53 104.62 1
5.54 103.96 1
5.55 105.48 1
5.56 105.34 1
5.57 105.85 1
5.58 105.38 1
5.59 105.36 1
5.6 105.59 1
5.61 104.99 1
5.62 106.49 1
5.63 105.92 1
5.64 106.91 1
5.65 108.89 1
5.66 110.43 1
5.67 115.09 1
5.68 119.4 1
5.69 130.28 1
5.7 133.93 1
5.71 139.09 1
5.72 139.83 1
5.73 141.4 1
5.74 143.63 1
5.75 142.84 1
5.76 140.94 1
5.77 136.32 1
5.78 135.07 1
5.79 133.46 1
5.8 132.23 1
5.81 125.79 1
5.82 123.36 1
5.83 120.31 1
5.84 119.94 1
5.85 118.29 1
5.86 114.9 1
5.87 113.49 1
5.88 113.03 1
5.89 111.91 1
5.9 111.99 1
5.91 112.01 1
5.92 113.52 1
5.93 117.13 1
5.94 121.66 1
5.95 125.87 1
5.96 132.65 1
5.97 136.74 1
5.98 141.41 1
5.99 142.74 1
6.0 145.66 1
6.01 146.95 1
6.02 146.62 1
6.03 146.65 1
6.04 145.47 1
6.05 146.13 1
6.06 145.67 1
6.07 145.16 1
6.08 144.4 1
6.09 144.7 1
6.1 143.98 1
6.11 143.62 1
6.12 142.99 1
6.13 142.98 1
6.14 142.55 1
6.15 141.35 1
6.16 139.58 1
6.17 139.06 1
6.18 136.89 1
6.19 134.4 1
6.2 136.74 1
6.21 137.6 1
6.22 138.22 1
6.23 142.65 1
6.24 147.25 1
6.25 148.49 1
6.26 150.62 1
6.27 150.31 1
6.28 153.03 1
6.29 153.71 1
6.3 153.07 1
6.31 154.4 1
6.32 153.2 1
6.33 154.0 1
6.34 152.9 1
6.35 151.64 1
6.36 151.78 1
6.37 151.81 1
6.38 153.05 1
6.39 152.54 1
6.4 152.36 1
6.41 151.59 1
6.42 153.86 1
6.43 154.27 1
6.44 155.01 1
6.45 153.16 1
6.46 153.71 1
6.47 155.22 1
6.48 154.68 1
6.49 154.41 1
6.5 155.03 1
6.51 156.41 1
6.52 156.11 1
6.53 157.35 1
6.54 157.75 1
6.55 157.22 1
6.56 155.64 1
6.57 156.28 1
6.58 156.38 1
6.59 157.03 1
6.6 157.22 1
6.61 157.19 1
6.62 155.77 1
6.63 156.22 1
6.64 156.52 1
6.65 158.1 1
6.66 156.08 1
6.67 155.5 1
6.68 153.92 1
6.69 154.84 1
6.7 154.89 1
6.71 156.44 1
6.72 155.27 1
6.73 155.12 1
6.74 155.66 1
6.75 157.23 1
6.76 157.14 1
6.77 157.55 1
6.78 156.23 1
6.79 155.74 1
6.8 155.53 1
6.81 155.66 1
6.82 155.32 1
6.83 155.4 1
6.84 154.2 1
6.85 153.04 1
6.86 152.61 1
6.87 150.83 1
6.88 148.01 1
6.89 146.51 1
6.9 140.9 1
6.91 135.49 1
6.92 127.64 1
6.93 121.66 1
6.94 99.21 1
6.95 97.68 1
6.96 105.12 1
6.97 104.87 1
6.98 101.03 1
6.99 86.44 1
7.0 101.03 1
7.01 92.95 1
7.02 99.43 1
7.03 103.4 1
7.04 98.32 1
7.05 109.84 1
7.06 112.35 1
7.07 117.13 1
7.08 123.68 1
7.09 128.64 1
7.1 132.23 1
7.11 133.05 1
7.12 136.32 1
7.13 136.75 1
7.14 137.06 1
7.15 137.41 1
7.16 137.08 1
7.17 136.75 1
7.18 135.77 1
7.19 135.8 1
7.2 134.68 1
7.21 133.96 1
7.22 133.87 1
7.23 133.03 1
7.24 132.41 1
7.25 132.57 1
7.26 132.27 1
7.27 131.99 1
7.28 131.67 1
7.29 130.35 1
7.3 128.39 1
7.31 127.64 1
7.32 126.79 1
7.33 123.57 1
7.34 123.0 1
7.35 118.37 1
7.36 116.97 1
7.37 115.95 1
7.38 114.66 1
7.39 113.85 1
7.4 113.71 1
7.41 113.2 1
7.42 112.09 1
7.43 113.37 1
7.44 113.69 1
7.45 113.23 1
7.46 114.11 1
7.47 114.7 1
7.48 115.9 1
7.49 116.83 1
7.5 118.07 1
7.51 120.33 1
7.52 121.99 1
7.53 125.45 1
7.54 132.66 1
7.55 128.39 1
7.56 131.05 1
7.57 131.31 1
7.58 132.75 1
7.59 134.3 1
7.6 134.47 1
7.61 134.66 1
7.62 135.9 1
7.63 137.04 1
7.64 136.75 1
7.65 136.5 1
7.66 135.96 1
7.67 135.72 1
7.68 134.66 1
7.69 135.73 1
7.7 135.38 1
7.71 136.17 1
7.72 135.9 1
7.73 136.74 1
7.74 138.02 1
7.75 137.17 1
7.76 135.91 1
7.77 137.6 1
7.78 136.91 1
7.79 135.91 1
7.8 137.53 1
7.81 139.57 1
7.82 137.71 1
7.83 138.8 1
7.84 138.7 1
7.85 138.46 1
7.86 138.46 1
7.87 138.93 1
7.88 139.2 1
7.89 139.09 1
7.9 139.57 1
7.91 139.57 1
7.92 138.9 1
7.93 138.63 1
7.94 138.3 1
7.95 136.75 1
7.96 137.1 1
7.97 136.8 1
7.98 135.33 1
7.99 134.87 1
8.0 135.9 1
8.01 136.28 1
8.02 134.93 1
8.03 137.6 1
8.04 135.9 1
8.05 136.75 1
8.06 137.09 1
8.07 137.61 1
8.08 137.17 1
8.09 139.81 1
8.1 138.32 1
8.11 137.17 1
8.12 139.36 1
8.13 138.92 1
8.14 138.03 1
8.15 139.84 1
8.16 141.2 1
8.17 140.59 1
8.18 141.83 1
8.19 140.98 1
8.2 140.88 1
8.21 142.65 1
8.22 141.09 1
8.23 141.79 1
8.24 142.11 1
8.25 140.67 1
8.26 143.38 1
8.27 142.49 1
8.28 143.03 1
8.29 143.12 1
8.3 140.47 1
8.31 142.19 1
8.32 141.06 1
8.33 139.78 1
8.34 139.12 1
8.35 139.4 1
8.36 137.17 1
8.37 139.33 1
8.38 139.78 1
8.39 137.6 1
8.4 138.91 1
8.41 139.34 1
8.42 138.43 1
8.43 138.03 1
8.44 140.67 1
8.45 139.34 1
8.46 138.46 1
8.47 139.77 1
8.48 139.17 1
8.49 138.71 1
8.5 139.33 1
8.51 138.58 1
8.52 138.37 1
8.53 138.16 1
8.54 138.9 1
8.55 139.13 1
8.56 139.72 1
8.57 139.68 1
8.58 138.65 1
8.59 139.4 1
8.6 138.92 1
8.61 137.6 1
8.62 138.9 1
8.63 138.03 1
8.64 137.91 1
8.65 137.85 1
8.66 137.95 1
8.67 136.29 1
8.68 135.49 1
8.69 135.07 1
8.7 134.7 1
8.71 136.72 1
8.72 135.5 1
8.73 137.51 1
8.74 138.46 1
8.75 137.18 1
8.76 137.63 1
8.77 138.03 1
8.78 137.12 1
8.79 136.75 1
8.8 136.58 1
8.81 137.69 1
8.82 138.71 1
8.83 69.07 1
8.84 69.25 1
8.85 68.76 1
8.86 69.28 1
8.87 68.84 1
8.88 69.03 1
8.89 69.42 1
8.9 68.76 1
8.91 68.85 1
8.92 69.54 1
8.93 68.7 1
8.94 69.18 1
8.95 69.25 1
8.96 68.77 1
8.97 69.61 1
8.98 69.48 1
8.99 69.07 1
9.0 69.52 1
9.01 69.38 1
9.02 69.07 1
9.03 70.16 1
9.04 69.38 1
9.05 69.12 1
9.06 63.41 1
9.07 69.55 1
9.08 69.29 1
9.09 68.78 1
9.1 69.02 1
9.11 69.36 1
9.12 69.34 1
9.13 69.26 1
9.14 69.13 1
9.15 69.46 1
9.16 69.26 1
9.17 69.04 1
9.18 69.38 1
9.19 69.38 1
9.2 68.7 1
9.21 69.25 1
9.22 69.41 1
9.23 68.89 1
9.24 69.35 1
9.25 69.39 1
9.26 69.1 1
9.27 69.5 1
9.28 69.26 1
9.29 69.23 1
9.3 69.5 1
9.31 69.18 1
9.32 69.35 1
9.33 69.77 1
9.34 69.32 1
9.35 69.23 1
9.36 68.64 1
9.37 69.27 1
9.38 69.23 1
9.39 69.12 1
9.4 69.07 1
9.41 69.84 1
9.42 68.98 1
9.43 68.83 1
9.44 69.83 1
9.45 68.6 1
9.46 69.37 1
9.47 69.65 1
9.48 68.49 1
9.49 70.03 1
9.5 69.74 1
9.51 89.55 1
9.52 172.6 1
9.53 153.07 1
9.54 136.94 1
9.55 134.48 1
9.56 127.65 1
9.57 125.1 1
9.58 117.76 1
9.59 116.51 1
9.6 115.92 1
9.61 114.66 1
9.62 114.4 1
9.63 113.18 1
9.64 113.35 1
9.65 111.67 1
9.66 111.4 1
9.67 106.14 1
9.68 113.84 1
9.69 114.52 1
9.7 117.2 1
9.71 121.89 1
9.72 126.16 1
9.73 129.75 1
9.74 131.84 1
9.75 137.07 1
9.76 139.58 1
9.77 142.36 1
9.78 146.6 1
9.79 147.59 1
9.8 148.29 1
9.81 146.67 1
9.82 145.76 1
9.83 144.35 1
9.84 142.67 1
9.85 141.56 1
9.86 139.7 1
9.87 137.06 1
9.88 134.66 1
9.89 132.44 1
9.9 126.74 1
9.91 124.39 1
9.92 120.99 1
9.93 116.84 1
9.94 115.6 1
9.95 114.02 1
9.96 112.49 1
9.97 112.32 1
9.98 112.23 1
9.99 111.78 1
10.0 112.07 1
10.01 114.1 1
10.02 115.69 1
10.03 118.25 1
10.04 119.03 1
10.05 123.35 1
10.06 127.23 1
10.07 131.2 1
10.08 133.82 1
10.09 137.17 1
10.1 139.08 1
10.11 139.79 1
10.12 141.44 1
10.13 141.92 1
10.14 142.11 1
10.15 141.9 1
10.16 141.18 1
10.17 140.64 1
10.18 141.72 1
10.19 141.95 1
10.2 142.49 1
10.21 143.15 1
10.22 143.55 1
10.23 143.77 1
10.24 143.28 1
10.25 143.2 1
10.26 142.3 1
10.27 141.48 1
10.28 140.83 1
10.29 140.52 1
10.3 140.11 1
10.31 139.14 1
10.32 139.09 1
10.33 138.97 1
10.34 138.73 1
10.35 138.85 1
10.36 138.08 1
10.37 137.92 1
10.38 137.87 1
10.39 138.15 1
10.4 138.03 1
10.41 137.79 1
10.42 138.03 1
10.43 139.69 1
10.44 142.59 1
10.45 147.02 1
10.46 151.81 1
10.47 153.28 1
10.48 158.92 1
10.49 157.66 1
10.5 159.66 1
10.51 158.39 1
10.52 157.83 1
10.53 158.39 1
10.54 156.66 1
10.55 157.22 1
10.56 157.22 1
10.57 157.76 1
10.58 157.69 1
10.59 157.57 1
10.6 158.1 1
10.61 156.66 1
10.62 158.28 1
10.63 157.76 1
10.64 158.11 1
10.65 157.22 1
10.66 157.98 1
10.67 158.42 1
10.68 157.27 1
10.69 158.7 1
10.7 156.54 1
10.71 156.11 1
10.72 154.82 1
10.73 155.32 1
10.74 155.27 1
10.75 155.5 1
10.76 154.2 1
10.77 155.24 1
10.78 155.51 1
10.79 155.97 1
10.8 156.11 1
10.81 156.43 1
10.82 156.32 1
10.83 155.52 1
10.84 156.89 1
10.85 157.07 1
10.86 157.76 1
10.87 157.52 1
10.88 157.22 1
10.89 157.32 1
10.9 157.83 1
10.91 157.78 1
10.92 156.53 1
10.93 158.54 1
10.94 158.18 1
10.95 158.92 1
10.96 158.14 1
10.97 156.82 1
10.98 157.4 1
10.99 156.66 1
11.0 157.11 1
11.01 155.15 1
11.02 156.22 1
11.03 154.81 1
11.04 155.69 1
11.05 155.86 1
11.06 157.35 1
11.07 157.22 1
11.08 158.46 1
11.09 158.06 1
11.1 157.06 1
11.11 158.36 1
11.12 156.52 1
11.13 155.92 1
11.14 156.11 1
11.15 156.6 1
11.16 156.72 1
11.17 157.98 1
11.18 161.66 1
11.19 162.35 1
11.2 162.23 1
11.21 166.29 1
11.22 168.17 1
11.23 169.32 1
11.24 167.5 1
11.25 166.73 1
11.26 165.16 1
11.27 163.87 1
11.28 162.96 1
11.29 159.39 1
11.3 158.52 1
11.31 157.75 1
11.32 156.66 1
11.33 157.68 1
11.34 156.35 1
11.35 156.69 1
11.36 155.61 1
11.37 155.31 1
11.38 155.22 1
11.39 155.17 1
11.4 153.86 1
11.41 155.2 1
11.42 153.51 1
11.43 155.86 1
11.44 155.16 1
11.45 155.74 1
11.46 155.53 1
11.47 157.01 1
11.48 154.84 1
11.49 157.45 1
11.5 156.33 1
11.51 158.61 1
11.52 158.35 1
11.53 159.33 1
11.54 160.14 1
11.55 158.35 1
11.56 161.39 1
11.57 160.18 1
11.58 158.92 1
11.59 156.64 1
11.6 154.2 1
11.61 150.0 1
11.62 148.13 1
11.63 141.95 1
11.64 141.12 1
11.65 136.43 1
11.66 131.85 1
11.67 133.54 1
11.68 132.54 1
11.69 135.44 1
11.7 133.63 1
11.71 134.95 1
11.72 136.15 1
11.73 136.78 1
11.74 137.66 1
11.75 137.87 1
11.76 139.43 1
11.77 140.06 1
11.78 141.05 1
11.79 140.48 1
11.8 140.36 1
11.81 141.89 1
11.82 141.87 1
11.83 142.88 1
11.84 142.12 1
11.85 142.31 1
11.86 141.97 1
11.87 141.8 1
11.88 141.79 1
11.89 140.19 1
11.9 140.43 1
11.91 140.9 1
11.92 138.52 1
11.93 137.17 1
11.94 139.86 1
11.95 137.91 1
11.96 135.45 1
11.97 143.12 1
11.98 141.31 1
11.99 141.19 1
12.0 145.54 1
12.01 145.39 1
12.02 151.33 1
12.03 152.06 1
12.04 157.47 1
12.05 164.7 1
12.06 169.29 1
12.07 163.03 1
12.08 159.91 1
12.09 157.59 1
12.1 156.18 1
12.11 154.82 1
12.12 153.78 1
12.13 153.43 1
12.14 152.64 1
12.15 150.94 1
12.16 151.35 1
12.17 151.27 1
12.18 151.36 1
12.19 151.74 1
12.2 152.17 1
12.21 152.98 1
12.22 154.18 1
12.23 155.84 1
12.24 157.19 1
12.25 159.55 1
12.26 161.41 1
12.27 163.09 1
12.28 164.77 1
12.29 164.59 1
12.3 164.08 1
12.31 162.66 1
12.32 160.96 1
12.33 158.92 1
12.34 157.34 1
12.35 156.53 1
12.36 155.21 1
12.37 155.09 1
12.38 154.11 1
12.39 154.23 1
12.4 155.27 1
12.41 156.3 1
12.42 158.24 1
12.43 160.08 1
12.44 161.67 1
12.45 163.61 1
12.46 164.05 1
12.47 162.62 1
12.48 162.07 1
12.49 161.09 1
12.5 159.45 1
12.51 157.93 1
12.52 156.12 1
12.53 153.62 1
12.54 152.81 1
12.55 151.69 1
12.56 152.69 1
12.57 153.07 1
12.58 154.28 1
12.59 158.35 1
12.6 163.67 1
12.61 169.05 1
12.62 173.78 1
12.63 176.66 1
12.64 178.7 1
12.65 179.21 1
12.66 180.09 1
12.67 179.13 1
12.68 178.73 1
12.69 177.81 1
12.7 177.87 1
12.71 178.35 1
12.72 178.44 1
12.73 178.66 1
12.74 178.86 1
12.75 178.84 1
12.76 179.81 1
12.77 181.51 1
12.78 183.43 1
12.79 184.62 1
12.8 184.91 1
12.81 185.69 1
12.82 185.67 1
12.83 185.69 1
12.84 185.36 1
12.85 184.13 1
12.86 182.36 1
12.87 179.36 1
12.88 173.31 1
12.89 169.04 1
12.9 165.08 1
12.91 162.33 1
12.92 163.0 1
12.93 166.18 1
12.94 171.93 1
12.95 179.22 1
12.96 183.1 1
12.97 190.68 1
12.98 194.7 1
12.99 197.91 1
13.0 201.66 1
13.01 204.58 1
13.02 205.66 1
13.03 206.76 1
13.04 207.28 1
13.05 207.31 1
13.06 207.2 1
13.07 206.56 1
13.08 206.07 1
13.09 206.04 1
13.1 205.6 1
13.11 205.6 1
13.12 206.35 1
13.13 206.56 1
13.14 206.56 1
13.15 207.27 1
13.16 205.6 1
13.17 205.27 1
13.18 205.16 1
13.19 204.26 1
13.2 204.15 1
13.21 204.64 1
13.22 204.62 1
13.23 205.6 1
13.24 205.6 1
13.25 206.56 1
13.26 207.44 1
13.27 204.64 1
13.28 200.0 1
13.29 202.52 1
13.3 207.54 1
13.31 205.61 1
13.32 206.57 1
13.33 206.71 1
13.34 207.49 1
13.35 208.36 1
13.36 208.84 1
13.37 208.74 1
13.38 209.26 1
13.39 209.08 1
13.4 207.53 1
13.41 206.55 1
13.42 207.23 1
13.43 206.56 1
13.44 204.64 1
13.45 206.97 1
13.46 207.34 1
13.47 206.18 1
13.48 206.3 1
13.49 207.35 1
13.5 206.77 1
13.51 206.97 1
13.52 208.11 1
13.53 207.87 1
13.54 208.04 1
13.55 210.82 1
13.56 213.79 1
13.57 219.58 1
13.58 227.75 1
13.59 230.1 1
13.6 247.04 1
13.61 248.68 1
13.62 252.84 1
13.63 258.67 1
13.64 264.36 1
13.65 266.13 1
13.66 264.89 1
13.67 260.18 1
13.68 255.93 1
13.69 232.31 1
13.7 215.03 1
13.71 224.69 1
13.72 0.0 1
13.73 0.0 1
13.74 0.0 1
13.75 0.0 1
13.76 0.0 1
13.77 0.0 1
13.78 0.0 1
13.79 0.0 1
13.8 0.0 1
13.81 0.0 1
