0.01 0.0 1
0.02 0.0 1
0.03 0.0 1
0.04 0.0 1
0.05 220.65 1
0.06 216.7 1
0.07 207.94 1
0.08 202.42 1
0.09 202.46 1
0.1 201.58 1
0.11 203.2 1
0.12 204.31 1
0.13 204.66 1
0.14 207.32 1
0.15 208.51 1
0.16 209.5 1
0.17 211.13 1
0.18 212.12 1
0.19 212.05 1
0.2 208.52 1
0.21 204.64 1
0.22 200.52 1
0.23 195.57 1
0.24 189.68 1
0.25 188.49 1
0.26 181.88 1
0.27 179.14 1
0.28 177.17 1
0.29 178.9 1
0.3 178.64 1
0.31 180.43 1
0.32 182.07 1
0.33 183.34 1
0.34 183.15 1
0.35 183.07 1
0.36 182.23 1
0.37 181.57 1
0.38 181.27 1
0.39 181.64 1
0.4 182.5 1
0.41 183.8 1
0.42 184.91 1
0.43 186.48 1
0.44 190.42 1
0.45 192.81 1
0.46 195.43 1
0.47 197.75 1
0.48 199.0 1
0.49 199.56 1
0.5 198.6 1
0.51 195.61 1
0.52 193.45 1
0.53 190.26 1
0.54 187.59 1
0.55 183.86 1
0.56 179.8 1
0.57 179.25 1
0.58 181.28 1
0.59 185.82 1
0.6 189.68 1
0.61 192.05 1
0.62 194.33 1
0.63 185.51 1
0.64 206.0 1
0.65 209.03 1
0.66 206.56 1
0.67 210.34 1
0.68 219.05 1
0.69 205.6 1
0.7 204.1 1
0.71 200.86 1
0.72 194.58 1
0.73 185.69 1
0.74 173.87 1
0.75 163.93 1
0.76 161.69 1
0.77 164.86 1
0.78 177.41 1
0.79 188.29 1
0.8 203.71 1
0.81 224.58 1
0.82 243.3 1
0.83 254.18 1
0.84 268.78 1
0.85 279.77 1
0.86 283.42 1
0.87 276.31 1
0.88 265.2 1
0.89 248.63 1
0.9 232.17 1
0.91 218.42 1
0.92 202.76 1
0.93 202.59 1
0.94 203.27 1
0.95 205.47 1
0.96 206.81 1
0.97 208.52 1
0.98 210.39 1
0.99 210.51 1
1.0 211.11 1
1.01 211.64 1
1.02 212.25 1
1.03 213.42 1
1.04 214.75 1
1.05 215.89 1
1.06 215.76 1
1.07 216.08 1
1.08 215.19 1
1.09 214.25 1
1.1 212.66 1
1.11 211.78 1
1.12 210.25 1
1.13 207.47 1
1.14 204.2 1
1.15 201.74 1
1.16 199.66 1
1.17 201.69 1
1.18 206.24 1
1.19 214.65 1
1.2 225.59 1
1.21 234.58 1
1.22 247.12 1
1.23 252.8 1
1.24 261.73 1
1.25 273.06 1
1.26 270.9 1
1.27 260.2 1
1.28 249.21 1
1.29 229.32 1
1.3 214.36 1
1.31 202.04 1
1.32 184.91 1
1.33 178.21 1
1.34 177.13 1
1.35 187.81 1
1.36 176.71 1
1.37 180.63 1
1.38 182.82 1
1.39 186.1 1
1.4 184.27 1
1.41 185.69 1
1.42 183.92 1
1.43 182.32 1
1.44 179.59 1
1.45 182.55 1
1.46 181.96 1
1.47 184.15 1
1.48 182.0 1
1.49 183.78 1
1.5 181.73 1
1.51 182.67 1
1.52 180.27 1
1.53 184.09 1
1.54 185.51 1
1.55 189.39 1
1.56 195.39 1
1.57 197.45 1
1.58 202.15 1
1.59 205.6 1
1.6 206.56 1
1.61 209.24 1
1.62 208.83 1
1.63 208.76 1
1.64 208.11 1
1.65 206.56 1
1.66 206.12 1
1.67 207.51 1
1.68 205.58 1
1.69 195.57 1
1.7 176.75 1
1.71 206.56 1
1.72 199.75 1
1.73 193.7 1
1.74 0.0 1
1.75 0.0 1
1.76 0.0 1
1.77 0.0 1
1.78 281.51 1
1.79 225.26 1
1.8 218.33 1
1.81 215.57 1
1.82 214.9 1
1.83 215.66 1
1.84 215.94 1
1.85 215.35 1
1.86 214.67 1
1.87 213.76 1
1.88 213.22 1
1.89 212.03 1
1.9 211.01 1
1.91 209.44 1
1.92 206.57 1
1.93 204.74 1
1.94 202.72 1
1.95 199.07 1
1.96 194.33 1
1.97 190.55 1
1.98 187.39 1
1.99 184.75 1
2.0 181.38 1
2.01 178.74 1
2.02 174.0 1
2.03 173.42 1
2.04 171.65 1
2.05 169.95 1
2.06 168.86 1
2.07 166.37 1
2.08 165.61 1
2.09 164.43 1
2.1 161.08 1
2.11 159.49 1
2.12 157.93 1
2.13 157.03 1
2.14 156.48 1
2.15 156.13 1
2.16 155.88 1
2.17 155.29 1
2.18 154.7 1
2.19 154.74 1
2.2 153.78 1
2.21 154.51 1
2.22 154.39 1
2.23 155.82 1
2.24 155.8 1
2.25 157.73 1
2.26 157.46 1
2.27 156.68 1
2.28 155.43 1
2.29 155.65 1
2.3 154.94 1
2.31 155.9 1
2.32 156.92 1
2.33 159.09 1
2.34 160.81 1
2.35 163.19 1
2.36 165.79 1
2.37 168.5 1
2.38 169.33 1
2.39 174.08 1
2.4 175.17 1
2.41 172.65 1
2.42 171.95 1
2.43 170.93 1
2.44 165.46 1
2.45 158.92 1
2.46 155.01 1
2.47 151.28 1
2.48 151.27 1
2.49 150.77 1
2.5 153.39 1
2.51 155.76 1
2.52 156.6 1
2.53 154.04 1
2.54 154.43 1
2.55 154.39 1
2.56 154.78 1
2.57 154.85 1
2.58 154.97 1
2.59 155.56 1
2.6 156.24 1
2.61 156.66 1
2.62 156.12 1
2.63 157.03 1
2.64 156.59 1
2.65 152.98 1
2.66 142.95 1
2.67 147.94 1
2.68 145.62 1
2.69 138.73 1
2.7 131.15 1
2.71 121.32 1
2.72 118.07 1
2.73 110.66 1
2.74 104.87 1
2.75 102.77 1
2.76 102.87 1
2.77 102.43 1
2.78 103.58 1
2.79 105.69 1
2.8 106.66 1
2.81 109.3 1
2.82 114.11 1
2.83 119.35 1
2.84 134.25 1
2.85 136.78 1
2.86 139.1 1
2.87 138.5 1
2.88 136.32 1
2.89 133.17 1
2.9 124.18 1
2.91 119.14 1
2.92 114.1 1
2.93 108.22 1
2.94 105.27 1
2.95 103.71 1
2.96 103.89 1
2.97 105.62 1
2.98 106.33 1
2.99 110.11 1
3.0 115.5 1
3.01 119.36 1
3.02 127.51 1
3.03 130.88 1
3.04 135.07 1
3.05 139.42 1
3.06 138.03 1
3.07 139.78 1
3.08 140.48 1
3.09 139.05 1
3.1 138.99 1
3.11 138.07 1
3.12 136.32 1
3.13 135.11 1
3.14 133.73 1
3.15 130.28 1
3.16 130.27 1
3.17 129.52 1
3.18 134.99 1
3.19 137.18 1
3.2 143.76 1
3.21 148.24 1
3.22 150.42 1
3.23 152.51 1
3.24 154.48 1
3.25 154.78 1
3.26 156.55 1
3.27 156.76 1
3.28 156.92 1
3.29 156.05 1
3.3 156.27 1
3.31 155.34 1
3.32 154.83 1
3.33 153.16 1
3.34 152.57 1
3.35 151.95 1
3.36 151.97 1
3.37 152.91 1
3.38 153.47 1
3.39 154.21 1
3.4 154.99 1
3.41 154.94 1
3.42 155.8 1
3.43 156.39 1
3.44 157.07 1
3.45 156.77 1
3.46 156.88 1
3.47 154.84 1
3.48 154.64 1
3.49 152.36 1
3.5 149.19 1
3.51 149.23 1
3.52 150.98 1
3.53 153.14 1
3.54 157.22 1
3.55 160.66 1
3.56 165.57 1
3.57 170.45 1
3.58 173.71 1
3.59 172.62 1
3.6 175.46 1
3.61 174.44 1
3.62 170.61 1
3.63 169.03 1
3.64 162.43 1
3.65 156.67 1
3.66 151.81 1
3.67 148.8 1
3.68 150.16 1
3.69 152.33 1
3.7 153.45 1
3.71 155.07 1
3.72 159.16 1
3.73 162.43 1
3.74 162.87 1
3.75 165.2 1
3.76 167.68 1
3.77 166.61 1
3.78 164.63 1
3.79 161.68 1
3.8 162.42 1
3.81 0.0 1
3.82 0.0 1
3.83 0.0 1
3.84 0.0 1
3.85 140.5 1
3.86 136.59 1
3.87 135.9 1
3.88 135.42 1
3.89 136.0 1
3.9 136.68 1
3.91 136.58 1
3.92 137.03 1
3.93 137.68 1
3.94 139.65 1
3.95 139.38 1
3.96 137.74 1
3.97 138.77 1
3.98 0.0 1
3.99 0.0 1
4.0 0.0 1
4.01 0.0 1
4.02 0.0 1
4.03 0.0 1
4.04 0.0 1
4.05 0.0 1
4.06 0.0 1
4.07 0.0 1
4.08 0.0 1
4.09 0.0 1
4.1 0.0 1
4.11 0.0 1
4.12 0.0 1
4.13 0.0 1
4.14 0.0 1
4.15 0.0 1
4.16 0.0 1
4.17 0.0 1
4.18 0.0 1
4.19 0.0 1
4.2 0.0 1
4.21 0.0 1
4.22 0.0 1
4.23 0.0 1
4.24 0.0 1
4.25 0.0 1
4.26 0.0 1
4.27 0.0 1
4.28 0.0 1
4.29 0.0 1
4.3 0.0 1
4.31 0.0 1
4.32 0.0 1
4.33 0.0 1
4.34 120.73 1
4.35 111.22 1
4.36 108.48 1
4.37 105.23 1
4.38 106.65 1
4.39 109.53 1
4.4 115.83 1
4.41 120.05 1
4.42 128.67 1
4.43 138.71 1
4.44 143.61 1
4.45 145.93 1
4.46 146.95 1
4.47 145.31 1
4.48 137.34 1
4.49 154.47 1
4.5 146.76 1
4.51 140.9 1
4.52 140.46 1
4.53 0.0 1
4.54 0.0 1
4.55 0.0 1
4.56 0.0 1
4.57 120.33 1
4.58 108.75 1
4.59 104.38 1
4.6 103.64 1
4.61 103.88 1
4.62 102.42 1
4.63 102.22 1
4.64 102.36 1
4.65 102.21 1
4.66 102.68 1
4.67 102.91 1
4.68 102.58 1
4.69 103.03 1
4.7 102.97 1
4.71 103.04 1
4.72 103.17 1
4.73 103.38 1
4.74 103.52 1
4.75 104.01 1
4.76 103.67 1
4.77 103.29 1
4.78 101.97 1
4.79 101.97 1
4.8 100.8 1
4.81 101.89 1
4.82 106.33 1
4.83 112.65 1
4.84 118.54 1
4.85 126.67 1
4.86 139.78 1
4.87 146.58 1
4.88 151.34 1
4.89 156.11 1
4.9 154.94 1
4.91 152.5 1
4.92 145.62 1
4.93 138.46 1
4.94 125.45 1
4.95 120.89 1
4.96 116.13 1
4.97 111.22 1
4.98 111.65 1
4.99 111.85 1
5.0 112.96 1
5.01 116.11 1
5.02 119.32 1
5.03 124.96 1
5.04 125.84 1
5.05 128.3 1
5.06 130.29 1
5.07 132.23 1
5.08 133.35 1
5.09 134.52 1
5.1 135.49 1
5.11 135.25 1
5.12 134.67 1
5.13 136.17 1
5.14 135.1 1
5.15 136.33 1
5.16 136.34 1
5.17 137.61 1
5.18 139.34 1
5.19 141.13 1
5.2 143.44 1
5.21 144.66 1
5.22 146.77 1
5.23 149.74 1
5.24 152.33 1
5.25 156.15 1
5.26 154.57 1
5.27 156.5 1
5.28 157.23 1
5.29 157.97 1
5.3 157.79 1
5.31 158.56 1
5.32 158.09 1
5.33 157.23 1
5.34 157.18 1
5.35 156.11 1
5.36 154.42 1
5.37 150.92 1
5.38 147.32 1
5.39 141.95 1
5.4 149.51 1
5.41 153.95 1
5.42 147.25 1
5.43 153.29 1
5.44 149.13 1
5.45 156.11 1
5.46 173.28 1
5.47 185.12 1
5.48 195.1 1
5.49 194.95 1
5.5 194.67 1
5.51 191.11 1
5.52 187.39 1
5.53 183.93 1
5.54 179.81 1
5.55 174.44 1
5.56 174.2 1
5.57 171.19 1
5.58 167.75 1
5.59 164.78 1
5.6 164.52 1
5.61 164.12 1
5.62 164.26 1
5.63 164.46 1
5.64 166.12 1
5.65 167.51 1
5.66 170.6 1
5.67 174.81 1
5.68 183.2 1
5.69 204.91 1
5.7 208.51 1
5.71 217.78 1
5.72 224.79 1
5.73 226.41 1
5.74 225.58 1
5.75 221.97 1
5.76 213.42 1
5.77 198.23 1
5.78 188.87 1
5.79 169.72 1
5.8 163.17 1
5.81 155.56 1
5.82 151.58 1
5.83 150.19 1
5.84 150.05 1
5.85 149.64 1
5.86 150.62 1
5.87 150.43 1
5.88 150.65 1
5.89 150.43 1
5.9 151.78 1
5.91 152.38 1
5.92 154.8 1
5.93 156.1 1
5.94 156.19 1
5.95 156.71 1
5.96 156.85 1
5.97 156.54 1
5.98 155.99 1
5.99 155.42 1
6.0 154.05 1
6.01 153.76 1
6.02 151.67 1
6.03 152.03 1
6.04 152.55 1
6.05 153.11 1
6.06 155.07 1
6.07 156.83 1
6.08 159.05 1
6.09 163.25 1
6.1 166.95 1
6.11 169.29 1
6.12 169.73 1
6.13 171.26 1
6.14 170.05 1
6.15 166.59 1
6.16 161.1 1
6.17 154.82 1
6.18 144.8 1
6.19 145.14 1
6.2 137.33 1
6.21 136.01 1
6.22 135.21 1
6.23 135.29 1
6.24 135.81 1
6.25 135.7 1
6.26 135.9 1
6.27 137.29 1
6.28 136.14 1
6.29 136.27 1
6.3 137.0 1
6.31 135.75 1
6.32 135.41 1
6.33 134.53 1
6.34 136.58 1
6.35 140.09 1
6.36 144.35 1
6.37 151.95 1
6.38 161.2 1
6.39 164.36 1
6.4 169.29 1
6.41 169.94 1
6.42 168.6 1
6.43 169.32 1
6.44 166.35 1
6.45 162.38 1
6.46 157.48 1
6.47 152.37 1
6.48 149.73 1
6.49 147.72 1
6.5 144.5 1
6.51 145.14 1
6.52 145.7 1
6.53 151.1 1
6.54 154.56 1
6.55 159.43 1
6.56 162.74 1
6.57 163.86 1
6.58 167.08 1
6.59 166.62 1
6.6 165.91 1
6.61 164.68 1
6.62 161.73 1
6.63 158.03 1
6.64 153.36 1
6.65 151.09 1
6.66 145.03 1
6.67 142.96 1
6.68 142.39 1
6.69 145.74 1
6.7 153.23 1
6.71 162.86 1
6.72 171.63 1
6.73 175.46 1
6.74 181.14 1
6.75 200.84 1
6.76 202.76 1
6.77 209.59 1
6.78 212.19 1
6.79 216.94 1
6.8 216.22 1
6.81 214.2 1
6.82 207.45 1
6.83 200.29 1
6.84 188.37 1
6.85 177.1 1
6.86 168.64 1
6.87 164.7 1
6.88 161.2 1
6.89 167.5 1
6.9 170.89 1
6.91 176.26 1
6.92 182.57 1
6.93 190.59 1
6.94 194.86 1
6.95 197.39 1
6.96 202.1 1
6.97 205.57 1
6.98 207.0 1
6.99 206.89 1
7.0 206.84 1
7.01 217.78 1
7.02 203.7 1
7.03 219.47 1
7.04 220.71 1
7.05 217.97 1
7.06 213.03 1
7.07 214.1 1
7.08 214.89 1
7.09 215.18 1
7.1 214.79 1
7.11 213.94 1
7.12 213.28 1
7.13 213.18 1
7.14 214.1 1
7.15 216.99 1
7.16 222.3 1
7.17 227.91 1
7.18 237.22 1
7.19 241.64 1
7.2 249.05 1
7.21 253.87 1
7.22 251.41 1
7.23 247.68 1
7.24 251.55 1
7.25 253.27 1
7.26 239.44 1
7.27 215.65 1
