0.01 0.0 1
0.02 0.0 1
0.03 0.0 1
0.04 204.89 1
0.05 184.58 1
0.06 197.27 1
0.07 201.59 1
0.08 205.6 1
0.09 210.89 1
0.1 210.8 1
0.11 210.25 1
0.12 208.32 1
0.13 207.53 1
0.14 206.89 1
0.15 205.59 1
0.16 208.04 1
0.17 207.26 1
0.18 207.24 1
0.19 207.72 1
0.2 208.64 1
0.21 208.39 1
0.22 208.87 1
0.23 208.33 1
0.24 207.61 1
0.25 207.27 1
0.26 207.34 1
0.27 207.12 1
0.28 206.76 1
0.29 207.93 1
0.3 209.99 1
0.31 215.07 1
0.32 224.41 1
0.33 232.51 1
0.34 245.3 1
0.35 252.2 1
0.36 269.7 1
0.37 266.48 1
0.38 277.65 1
0.39 281.02 1
0.4 284.17 1
0.41 285.32 1
0.42 284.07 1
0.43 281.41 1
0.44 278.02 1
0.45 274.37 1
0.46 270.53 1
0.47 267.92 1
0.48 263.3 1
0.49 258.68 1
0.5 254.23 1
0.51 249.63 1
0.52 246.12 1
0.53 242.41 1
0.54 239.95 1
0.55 237.76 1
0.56 236.44 1
0.57 236.36 1
0.58 235.07 1
0.59 234.48 1
0.6 235.32 1
0.61 236.79 1
0.62 240.11 1
0.63 244.55 1
0.64 250.25 1
0.65 256.83 1
0.66 263.07 1
0.67 269.11 1
0.68 272.52 1
0.69 276.03 1
0.7 278.94 1
0.71 280.5 1
0.72 280.51 1
0.73 279.4 1
0.74 276.76 1
0.75 274.6 1
0.76 274.27 1
0.77 274.24 1
0.78 275.23 1
0.79 276.65 1
0.8 277.51 1
0.81 278.46 1
0.82 278.99 1
0.83 279.04 1
0.84 278.65 1
0.85 279.29 1
0.86 279.92 1
0.87 280.45 1
0.88 281.02 1
0.89 281.22 1
0.9 282.42 1
0.91 281.89 1
0.92 281.64 1
0.93 282.49 1
0.94 282.85 1
0.95 283.11 1
0.96 280.11 1
0.97 274.24 1
0.98 269.36 1
0.99 267.21 1
1.0 265.64 1
1.01 264.12 1
1.02 260.22 1
1.03 262.65 1
1.04 263.78 1
1.05 266.98 1
1.06 271.06 1
1.07 278.34 1
1.08 287.03 1
1.09 296.27 1
1.1 304.56 1
1.11 310.83 1
1.12 313.7 1
1.13 313.88 1
1.14 312.09 1
1.15 312.06 1
1.16 311.81 1
1.17 311.33 1
1.18 310.24 1
1.19 309.37 1
1.2 309.43 1
1.21 308.7 1
1.22 309.64 1
1.23 309.67 1
1.24 310.69 1
1.25 311.3 1
1.26 310.44 1
1.27 312.18 1
1.28 312.21 1
1.29 313.68 1
1.3 313.15 1
1.31 313.15 1
1.32 312.2 1
1.33 311.58 1
1.34 311.41 1
1.35 311.81 1
1.36 312.53 1
1.37 312.06 1
1.38 311.27 1
1.39 312.12 1
1.4 313.47 1
1.41 312.86 1
1.42 313.03 1
1.43 312.88 1
1.44 312.36 1
1.45 313.61 1
1.46 313.7 1
1.47 314.63 1
1.48 313.44 1
1.49 313.55 1
1.5 312.93 1
1.51 313.29 1
1.52 313.86 1
1.53 312.98 1
1.54 311.98 1
1.55 311.36 1
1.56 311.03 1
1.57 311.25 1
1.58 310.68 1
1.59 311.55 1
1.6 311.66 1
1.61 311.46 1
1.62 311.14 1
1.63 310.42 1
1.64 312.48 1
1.65 312.28 1
1.66 314.03 1
1.67 313.87 1
1.68 313.65 1
1.69 312.17 1
1.7 311.79 1
1.71 311.89 1
1.72 312.2 1
1.73 311.01 1
1.74 310.66 1
1.75 310.49 1
1.76 311.04 1
1.77 311.08 1
1.78 312.06 1
1.79 312.16 1
1.8 312.86 1
1.81 311.85 1
1.82 311.76 1
1.83 310.83 1
1.84 310.38 1
1.85 309.52 1
1.86 311.29 1
1.87 311.24 1
1.88 310.64 1
1.89 310.91 1
1.9 310.36 1
1.91 312.23 1
1.92 311.26 1
1.93 311.57 1
1.94 311.69 1
1.95 311.69 1
1.96 311.97 1
1.97 310.86 1
1.98 311.33 1
1.99 310.84 1
2.0 311.65 1
2.01 312.14 1
2.02 311.98 1
2.03 312.06 1
2.04 311.65 1
2.05 311.41 1
2.06 311.61 1
2.07 311.71 1
2.08 310.84 1
2.09 310.11 1
2.1 309.13 1
2.11 308.96 1
2.12 310.78 1
2.13 310.68 1
2.14 310.16 1
2.15 310.28 1
2.16 309.97 1
2.17 309.82 1
2.18 310.92 1
2.19 311.3 1
2.2 310.72 1
2.21 311.49 1
2.22 312.47 1
2.23 311.89 1
2.24 311.25 1
2.25 310.15 1
2.26 310.79 1
2.27 310.35 1
2.28 311.81 1
2.29 311.97 1
2.3 312.78 1
2.31 313.12 1
2.32 314.25 1
2.33 315.19 1
2.34 316.89 1
2.35 318.41 1
2.36 322.04 1
2.37 326.03 1
2.38 329.34 1
2.39 331.03 1
2.4 331.96 1
2.41 331.31 1
2.42 328.99 1
2.43 326.15 1
2.44 323.41 1
2.45 319.91 1
2.46 315.87 1
2.47 309.91 1
2.48 306.74 1
2.49 305.94 1
2.5 306.8 1
2.51 306.84 1
2.52 308.08 1
2.53 308.08 1
2.54 308.3 1
2.55 308.22 1
2.56 310.82 1
2.57 311.25 1
2.58 311.41 1
2.59 312.68 1
2.6 312.3 1
2.61 311.99 1
2.62 311.4 1
2.63 312.66 1
2.64 312.51 1
2.65 314.01 1
2.66 313.59 1
2.67 313.3 1
2.68 313.89 1
2.69 314.72 1
2.7 313.58 1
2.71 312.45 1
2.72 313.49 1
2.73 312.61 1
2.74 313.48 1
2.75 314.82 1
2.76 313.57 1
2.77 314.97 1
2.78 315.26 1
2.79 317.14 1
2.8 315.76 1
2.81 314.57 1
2.82 309.95 1
2.83 296.07 1
2.84 279.63 1
2.85 251.29 1
2.86 226.74 1
2.87 229.22 1
2.88 223.23 1
2.89 229.23 1
2.9 223.28 1
2.91 232.25 1
2.92 238.69 1
2.93 258.65 1
2.94 269.71 1
2.95 267.61 1
2.96 267.81 1
2.97 265.82 1
2.98 266.35 1
2.99 266.47 1
3.0 266.48 1
3.01 267.66 1
3.02 268.22 1
3.03 268.68 1
3.04 269.55 1
3.05 270.48 1
3.06 272.17 1
3.07 273.06 1
3.08 273.58 1
3.09 274.56 1
3.1 274.41 1
3.11 274.78 1
3.12 275.52 1
3.13 274.7 1
3.14 275.39 1
3.15 275.34 1
3.16 272.85 1
3.17 273.97 1
3.18 273.74 1
3.19 274.48 1
3.2 275.88 1
3.21 277.38 1
3.22 278.4 1
3.23 278.95 1
3.24 278.71 1
3.25 278.41 1
3.26 277.84 1
3.27 277.6 1
3.28 277.35 1
3.29 276.94 1
3.3 276.97 1
3.31 276.92 1
3.32 276.34 1
3.33 276.67 1
3.34 277.19 1
3.35 276.81 1
3.36 276.19 1
3.37 275.48 1
3.38 275.7 1
3.39 276.59 1
3.4 275.89 1
3.41 274.88 1
3.42 275.8 1
3.43 275.31 1
3.44 275.05 1
3.45 275.93 1
3.46 276.89 1
3.47 277.07 1
3.48 277.44 1
3.49 277.55 1
3.5 276.9 1
3.51 276.24 1
3.52 276.13 1
3.53 275.58 1
3.54 274.26 1
3.55 273.7 1
3.56 272.97 1
3.57 272.11 1
3.58 271.82 1
3.59 273.05 1
3.6 273.06 1
3.61 272.59 1
3.62 272.24 1
3.63 273.07 1
3.64 274.81 1
3.65 274.67 1
3.66 279.29 1
3.67 281.26 1
3.68 284.86 1
3.69 287.46 1
3.7 296.84 1
3.71 334.65 1
3.72 343.38 1
3.73 340.62 1
3.74 345.95 1
3.75 348.67 1
3.76 348.06 1
3.77 342.55 1
3.78 335.7 1
3.79 325.6 1
3.8 311.34 1
3.81 286.2 1
3.82 274.75 1
3.83 254.22 1
3.84 247.37 1
3.85 235.59 1
3.86 227.7 1
3.87 222.95 1
3.88 219.16 1
3.89 219.12 1
3.9 220.06 1
3.91 221.11 1
3.92 222.67 1
3.93 225.58 1
3.94 239.0 1
3.95 231.5 1
3.96 244.32 1
3.97 249.39 1
3.98 254.47 1
3.99 257.22 1
4.0 266.84 1
4.01 271.85 1
4.02 275.77 1
4.03 277.65 1
4.04 279.03 1
4.05 277.37 1
4.06 277.22 1
4.07 278.02 1
4.08 277.68 1
4.09 275.06 1
4.1 273.05 1
4.11 269.21 1
4.12 260.22 1
4.13 257.15 1
4.14 250.72 1
4.15 246.16 1
4.16 241.62 1
4.17 237.22 1
4.18 233.87 1
4.19 230.31 1
4.2 228.64 1
4.21 226.06 1
4.22 223.71 1
4.23 222.08 1
4.24 221.02 1
4.25 220.02 1
4.26 219.99 1
4.27 221.5 1
4.28 223.93 1
4.29 227.92 1
4.3 232.73 1
4.31 241.65 1
4.32 250.6 1
4.33 257.16 1
4.34 263.15 1
4.35 267.15 1
4.36 269.25 1
4.37 271.51 1
4.38 272.55 1
4.39 273.78 1
4.4 273.95 1
4.41 274.36 1
4.42 274.22 1
4.43 273.06 1
4.44 271.66 1
4.45 269.37 1
4.46 264.89 1
4.47 261.75 1
4.48 258.66 1
4.49 254.19 1
4.5 249.13 1
4.51 245.01 1
4.52 238.25 1
4.53 234.89 1
4.54 231.5 1
4.55 229.1 1
4.56 228.84 1
4.57 227.91 1
4.58 227.94 1
4.59 230.21 1
4.6 230.31 1
4.61 231.52 1
4.62 233.97 1
4.63 237.6 1
4.64 242.28 1
4.65 246.69 1
4.66 252.48 1
4.67 257.15 1
4.68 260.2 1
4.69 265.95 1
4.7 268.41 1
4.71 270.84 1
4.72 272.48 1
4.73 273.14 1
4.74 273.45 1
4.75 274.33 1
4.76 274.32 1
4.77 274.15 1
4.78 274.82 1
4.79 275.52 1
4.8 275.8 1
4.81 275.78 1
4.82 276.0 1
4.83 276.15 1
4.84 278.01 1
4.85 278.46 1
4.86 278.33 1
4.87 279.33 1
4.88 279.09 1
4.89 279.03 1
4.9 278.72 1
4.91 276.5 1
4.92 276.54 1
4.93 275.27 1
4.94 276.61 1
4.95 277.66 1
4.96 277.14 1
4.97 276.67 1
4.98 276.46 1
4.99 276.94 1
5.0 277.09 1
5.01 277.86 1
5.02 277.93 1
5.03 277.67 1
5.04 277.33 1
5.05 277.53 1
5.06 276.52 1
5.07 277.52 1
5.08 277.23 1
5.09 277.65 1
5.1 278.52 1
5.11 278.32 1
5.12 278.58 1
5.13 278.09 1
5.14 277.08 1
5.15 277.34 1
5.16 277.46 1
5.17 277.24 1
5.18 277.6 1
5.19 277.22 1
5.2 276.77 1
5.21 277.96 1
5.22 278.15 1
5.23 276.92 1
5.24 278.31 1
5.25 278.28 1
5.26 278.72 1
5.27 278.42 1
5.28 277.1 1
5.29 276.48 1
5.3 275.56 1
5.31 274.72 1
5.32 271.88 1
5.33 269.41 1
5.34 261.83 1
5.35 257.19 1
5.36 252.79 1
5.37 243.0 1
5.38 237.08 1
5.39 227.94 1
5.4 220.4 1
5.41 216.43 1
5.42 216.94 1
5.43 218.28 1
5.44 215.53 1
5.45 209.45 1
5.46 202.78 1
5.47 0.0 1
5.48 0.0 1
5.49 0.0 1
5.5 0.0 1
5.51 0.0 1
5.52 0.0 1
5.53 0.0 1
5.54 0.0 1
5.55 0.0 1
5.56 330.71 1
5.57 299.0 1
5.58 287.14 1
5.59 272.91 1
5.6 260.27 1
5.61 255.71 1
5.62 250.21 1
5.63 244.21 1
5.64 238.19 1
5.65 231.51 1
5.66 229.1 1
5.67 227.76 1
5.68 227.91 1
5.69 227.91 1
5.7 227.92 1
5.71 229.11 1
5.72 231.51 1
5.73 233.97 1
5.74 237.22 1
5.75 241.64 1
5.76 245.02 1
5.77 249.32 1
5.78 251.67 1
5.79 253.33 1
5.8 253.7 1
5.81 252.55 1
5.82 251.11 1
5.83 250.37 1
5.84 249.45 1
5.85 247.46 1
5.86 245.66 1
5.87 243.92 1
5.88 243.11 1
5.89 241.61 1
5.9 237.31 1
5.91 233.96 1
5.92 230.3 1
5.93 228.06 1
5.94 225.21 1
5.95 222.27 1
5.96 218.61 1
5.97 217.28 1
5.98 213.63 1
5.99 212.35 1
6.0 210.52 1
6.01 211.59 1
6.02 211.32 1
6.03 210.5 1
6.04 210.56 1
6.05 209.95 1
6.06 207.54 1
6.07 207.43 1
6.08 206.56 1
6.09 205.6 1
6.1 205.6 1
6.11 206.13 1
6.12 205.6 1
6.13 206.1 1
6.14 206.24 1
6.15 206.56 1
6.16 207.33 1
6.17 206.57 1
6.18 206.17 1
6.19 204.65 1
6.2 203.7 1
6.21 202.9 1
6.22 202.92 1
6.23 203.43 1
6.24 203.7 1
6.25 204.41 1
6.26 204.64 1
6.27 204.56 1
6.28 203.71 1
6.29 204.65 1
6.3 206.57 1
6.31 210.51 1
6.32 223.06 1
6.33 233.73 1
6.34 244.0 1
6.35 255.31 1
6.36 263.64 1
6.37 267.52 1
6.38 270.59 1
6.39 274.15 1
6.4 275.27 1
6.41 275.19 1
6.42 273.57 1
6.43 272.07 1
6.44 270.41 1
6.45 267.17 1
6.46 263.3 1
6.47 259.57 1
6.48 255.58 1
6.49 248.69 1
6.5 241.64 1
6.51 232.86 1
6.52 227.04 1
6.53 220.94 1
6.54 215.65 1
6.55 215.64 1
6.56 215.64 1
6.57 218.68 1
6.58 221.65 1
6.59 226.44 1
6.6 239.02 1
6.61 243.22 1
6.62 251.63 1
6.63 257.18 1
6.64 264.41 1
6.65 269.29 1
6.66 272.0 1
6.67 274.1 1
6.68 274.92 1
6.69 275.17 1
6.7 274.87 1
6.71 274.45 1
6.72 274.76 1
6.73 275.2 1
6.74 275.97 1
6.75 276.89 1
6.76 277.23 1
6.77 277.2 1
6.78 276.77 1
6.79 275.65 1
6.8 274.74 1
6.81 274.05 1
6.82 272.39 1
6.83 268.7 1
6.84 263.29 1
6.85 260.18 1
6.86 275.74 1
6.87 276.5 1
6.88 284.75 1
6.89 283.8 1
6.9 279.52 1
6.91 279.71 1
6.92 286.98 1
6.93 300.27 1
6.94 309.15 1
6.95 310.76 1
6.96 312.92 1
6.97 314.31 1
6.98 314.48 1
6.99 315.17 1
7.0 313.75 1
7.01 311.25 1
7.02 307.93 1
7.03 302.91 1
7.04 299.0 1
7.05 302.72 1
7.06 302.72 1
7.07 302.46 1
7.08 302.84 1
7.09 303.09 1
7.1 303.44 1
7.11 303.12 1
7.12 305.2 1
7.13 306.21 1
7.14 306.95 1
7.15 306.77 1
7.16 307.15 1
7.17 307.94 1
7.18 309.13 1
7.19 309.56 1
7.2 310.96 1
7.21 310.79 1
7.22 303.13 1
7.23 295.02 1
7.24 306.56 1
7.25 319.03 1
7.26 305.21 1
7.27 295.01 1
7.28 319.16 1
7.29 284.94 1
7.3 281.15 1
7.31 298.85 1
7.32 281.79 1
7.33 277.03 1
7.34 287.37 1
7.35 273.03 1
7.36 273.73 1
7.37 309.66 1
7.38 297.9 1
7.39 294.99 1
7.4 294.38 1
7.41 294.21 1
7.42 289.85 1
7.43 281.98 1
7.44 273.42 1
7.45 274.14 1
7.46 274.3 1
7.47 273.31 1
7.48 273.02 1
7.49 271.83 1
7.5 270.57 1
7.51 270.04 1
7.52 269.2 1
7.53 269.07 1
7.54 270.07 1
7.55 270.59 1
7.56 271.26 1
7.57 271.25 1
7.58 271.48 1
7.59 272.05 1
7.6 272.47 1
7.61 273.13 1
7.62 275.21 1
7.63 275.29 1
7.64 275.27 1
7.65 275.5 1
7.66 275.96 1
7.67 276.36 1
7.68 276.58 1
7.69 276.4 1
7.7 276.54 1
7.71 276.98 1
7.72 276.44 1
7.73 276.31 1
7.74 276.57 1
7.75 276.81 1
7.76 276.8 1
7.77 276.98 1
7.78 276.77 1
7.79 276.21 1
7.8 275.28 1
7.81 274.89 1
7.82 275.82 1
7.83 278.17 1
7.84 283.86 1
7.85 289.44 1
7.86 301.03 1
7.87 294.77 1
7.88 191.31 1
7.89 200.19 1
7.9 195.56 1
7.91 164.65 1
7.92 162.43 1
7.93 158.92 1
7.94 142.26 1
7.95 246.64 1
7.96 233.95 1
7.97 235.3 1
7.98 240.07 1
7.99 249.28 1
8.0 263.1 1
8.01 267.75 1
8.02 274.91 1
8.03 280.98 1
8.04 285.41 1
8.05 286.76 1
8.06 282.86 1
8.07 275.38 1
8.08 258.7 1
8.09 245.21 1
8.1 238.35 1
8.11 238.45 1
8.12 240.3 1
8.13 242.85 1
8.14 245.89 1
8.15 248.0 1
8.16 248.78 1
8.17 247.52 1
8.18 244.09 1
8.19 239.45 1
8.2 232.72 1
8.21 225.58 1
8.22 219.9 1
8.23 218.56 1
8.24 220.24 1
8.25 224.55 1
8.26 234.09 1
8.27 238.79 1
8.28 247.2 1
8.29 248.57 1
8.3 247.41 1
8.31 240.63 1
8.32 235.28 1
8.33 227.35 1
8.34 232.74 1
8.35 0.0 1
8.36 0.0 1
8.37 0.0 1
8.38 0.0 1
8.39 0.0 1
8.4 0.0 1
8.41 0.0 1
8.42 0.0 1
8.43 0.0 1
8.44 0.0 1
8.45 0.0 1
8.46 0.0 1
8.47 0.0 1
8.48 0.0 1
8.49 0.0 1
8.5 0.0 1
8.51 0.0 1
8.52 0.0 1
8.53 0.0 1
8.54 0.0 1
8.55 0.0 1
8.56 0.0 1
8.57 0.0 1
8.58 69.18 1
8.59 69.5 1
8.6 69.25 1
8.61 69.28 1
8.62 69.39 1
8.63 69.3 1
8.64 69.18 1
8.65 69.35 1
8.66 69.19 1
8.67 0.0 1
8.68 0.0 1
8.69 0.0 1
8.7 0.0 1
8.71 0.0 1
8.72 0.0 1
8.73 0.0 1
8.74 0.0 1
8.75 0.0 1
8.76 258.62 1
8.77 232.63 1
8.78 238.25 1
8.79 238.03 1
8.8 240.84 1
8.81 242.76 1
8.82 245.93 1
8.83 246.61 1
8.84 247.59 1
8.85 248.49 1
8.86 246.87 1
8.87 247.43 1
8.88 248.55 1
8.89 248.89 1
8.9 248.19 1
8.91 248.45 1
8.92 246.32 1
8.93 246.34 1
8.94 244.55 1
8.95 244.8 1
8.96 244.56 1
8.97 241.88 1
8.98 240.1 1
8.99 237.43 1
9.0 238.21 1
9.01 234.65 1
9.02 230.93 1
9.03 228.16 1
9.04 225.74 1
9.05 225.09 1
9.06 221.14 1
9.07 218.97 1
9.08 216.19 1
9.09 214.34 1
9.1 213.97 1
9.11 213.32 1
9.12 211.32 1
9.13 209.45 1
9.14 208.11 1
9.15 207.53 1
9.16 206.56 1
9.17 206.56 1
9.18 207.43 1
9.19 208.19 1
9.2 209.4 1
9.21 210.63 1
9.22 210.22 1
9.23 208.51 1
9.24 208.24 1
9.25 207.53 1
9.26 207.53 1
9.27 206.56 1
9.28 205.59 1
9.29 204.0 1
9.3 202.34 1
9.31 203.5 1
9.32 207.53 1
9.33 212.76 1
9.34 219.07 1
9.35 222.75 1
9.36 225.58 1
9.37 228.67 1
9.38 232.38 1
9.39 227.91 1
9.4 233.27 1
9.41 225.58 1
9.42 229.63 1
9.43 228.66 1
9.44 228.19 1
9.45 230.55 1
9.46 228.91 1
9.47 230.26 1
9.48 227.91 1
9.49 228.06 1
9.5 229.37 1
9.51 231.39 1
9.52 239.51 1
9.53 250.66 1
9.54 268.44 1
9.55 276.49 1
9.56 291.67 1
9.57 296.97 1
9.58 304.52 1
9.59 305.75 1
9.6 302.26 1
9.61 292.21 1
9.62 278.46 1
9.63 258.19 1
9.64 226.52 1
9.65 224.4 1
9.66 227.24 1
9.67 230.44 1
9.68 234.71 1
9.69 241.49 1
9.7 244.03 1
9.71 243.71 1
9.72 243.38 1
9.73 239.45 1
9.74 234.82 1
9.75 230.6 1
9.76 226.0 1
9.77 222.08 1
9.78 222.03 1
9.79 226.04 1
9.8 228.15 1
9.81 231.85 1
9.82 234.61 1
9.83 238.88 1
9.84 238.54 1
9.85 242.05 1
9.86 242.69 1
9.87 243.27 1
9.88 243.45 1
9.89 242.09 1
9.9 239.42 1
9.91 237.79 1
9.92 225.58 1
9.93 187.0 1
9.94 189.6 1
9.95 182.79 1
9.96 184.66 1
9.97 192.98 1
9.98 188.23 1
9.99 200.69 1
10.0 184.91 1
10.01 181.55 1
10.02 215.23 1
10.03 189.67 1
10.04 181.86 1
10.05 205.45 1
10.06 207.09 1
10.07 206.91 1
10.08 206.49 1
10.09 204.82 1
10.1 205.46 1
10.11 206.29 1
10.12 206.95 1
10.13 206.56 1
10.14 208.0 1
10.15 207.46 1
10.16 206.57 1
10.17 206.84 1
10.18 206.37 1
10.19 205.6 1
10.2 205.27 1
10.21 204.31 1
10.22 203.71 1
10.23 203.7 1
10.24 204.57 1
10.25 204.64 1
10.26 204.65 1
10.27 205.6 1
10.28 205.6 1
10.29 206.14 1
10.3 205.61 1
10.31 207.96 1
10.32 208.84 1
10.33 209.4 1
10.34 209.04 1
10.35 207.55 1
10.36 207.14 1
10.37 205.55 1
10.38 203.7 1
10.39 200.56 1
10.4 196.56 1
10.41 189.68 1
10.42 185.87 1
10.43 180.59 1
10.44 177.0 1
10.45 175.4 1
10.46 174.8 1
10.47 175.08 1
10.48 176.01 1
10.49 178.52 1
10.5 180.69 1
10.51 183.24 1
10.52 184.16 1
10.53 185.35 1
10.54 184.95 1
10.55 184.07 1
10.56 183.02 1
10.57 182.12 1
10.58 182.45 1
10.59 183.69 1
10.6 185.22 1
10.61 185.32 1
10.62 184.87 1
10.63 183.75 1
10.64 183.19 1
10.65 182.91 1
10.66 182.86 1
10.67 184.22 1
10.68 185.15 1
10.69 184.88 1
10.7 184.67 1
10.71 184.08 1
10.72 182.98 1
10.73 182.0 1
10.74 181.13 1
10.75 180.46 1
10.76 180.79 1
10.77 182.62 1
10.78 184.92 1
10.79 187.43 1
10.8 186.98 1
10.81 169.92 1
10.82 176.05 1
10.83 179.79 1
10.84 163.64 1
10.85 164.86 1
10.86 157.04 1
10.87 176.05 1
10.88 182.3 1
10.89 159.49 1
10.9 172.6 1
10.91 173.29 1
10.92 183.09 1
10.93 184.93 1
10.94 186.06 1
10.95 185.69 1
10.96 185.69 1
10.97 185.42 1
10.98 184.16 1
10.99 185.39 1
11.0 185.7 1
11.01 186.23 1
11.02 186.87 1
11.03 187.45 1
11.04 187.91 1
11.05 187.28 1
11.06 188.21 1
11.07 188.05 1
11.08 187.27 1
11.09 187.16 1
11.1 186.24 1
11.11 185.47 1
11.12 184.18 1
11.13 184.58 1
11.14 183.35 1
11.15 181.76 1
11.16 180.85 1
11.17 179.85 1
11.18 179.99 1
11.19 178.52 1
11.2 176.23 1
11.21 173.85 1
11.22 171.78 1
11.23 169.75 1
11.24 168.3 1
11.25 165.01 1
11.26 162.56 1
11.27 161.24 1
11.28 157.98 1
11.29 156.65 1
11.3 154.66 1
11.31 154.75 1
11.32 156.32 1
11.33 154.47 1
11.34 154.73 1
11.35 156.16 1
11.36 154.92 1
11.37 156.33 1
11.38 157.03 1
11.39 156.11 1
11.4 155.75 1
11.41 155.87 1
11.42 155.34 1
11.43 155.47 1
11.44 155.41 1
11.45 155.19 1
11.46 155.4 1
11.47 154.67 1
11.48 154.19 1
11.49 154.59 1
11.5 154.14 1
11.51 154.51 1
11.52 154.98 1
11.53 155.1 1
11.54 155.17 1
11.55 155.47 1
11.56 155.29 1
11.57 155.62 1
11.58 155.41 1
11.59 155.2 1
11.6 155.27 1
11.61 154.11 1
11.62 154.57 1
11.63 154.4 1
11.64 153.77 1
11.65 154.13 1
11.66 154.0 1
11.67 153.95 1
11.68 153.87 1
11.69 153.66 1
11.7 154.68 1
11.71 155.88 1
11.72 157.22 1
11.73 161.15 1
11.74 163.24 1
11.75 166.18 1
11.76 168.64 1
11.77 169.2 1
11.78 169.15 1
11.79 167.48 1
11.8 165.81 1
11.81 163.96 1
11.82 161.12 1
11.83 156.86 1
11.84 152.92 1
11.85 151.95 1
11.86 151.29 1
11.87 150.51 1
11.88 149.79 1
11.89 151.28 1
11.9 149.86 1
11.91 151.28 1
11.92 150.29 1
11.93 150.75 1
11.94 151.32 1
11.95 152.33 1
11.96 152.96 1
11.97 153.1 1
11.98 153.06 1
11.99 152.64 1
12.0 152.19 1
12.01 151.44 1
12.02 151.43 1
12.03 151.81 1
12.04 151.81 1
12.05 152.05 1
12.06 152.09 1
12.07 151.81 1
12.08 151.63 1
12.09 151.84 1
12.1 152.94 1
12.11 154.57 1
12.12 155.93 1
12.13 157.18 1
12.14 156.69 1
12.15 157.51 1
12.16 156.74 1
12.17 155.02 1
12.18 153.89 1
12.19 150.8 1
12.2 147.57 1
12.21 142.5 1
12.22 137.8 1
12.23 131.84 1
12.24 124.4 1
12.25 127.29 1
12.26 127.9 1
12.27 129.57 1
12.28 130.91 1
12.29 133.15 1
12.3 134.35 1
12.31 134.68 1
12.32 135.43 1
12.33 136.4 1
12.34 137.59 1
12.35 136.95 1
12.36 136.33 1
12.37 135.9 1
12.38 134.35 1
12.39 135.48 1
12.4 69.39 1
12.41 68.77 1
12.42 69.78 1
12.43 69.03 1
12.44 69.23 1
12.45 69.9 1
12.46 68.86 1
12.47 68.89 1
12.48 69.94 1
12.49 69.29 1
12.5 69.51 1
12.51 69.62 1
12.52 0.0 1
12.53 0.0 1
12.54 0.0 1
12.55 0.0 1
12.56 0.0 1
12.57 0.0 1
12.58 0.0 1
12.59 0.0 1
12.6 0.0 1
12.61 0.0 1
12.62 0.0 1
12.63 0.0 1
12.64 0.0 1
12.65 0.0 1
12.66 0.0 1
12.67 0.0 1
12.68 0.0 1
12.69 0.0 1
12.7 0.0 1
12.71 0.0 1
12.72 0.0 1
12.73 0.0 1
12.74 0.0 1
12.75 0.0 1
12.76 0.0 1
12.77 0.0 1
12.78 0.0 1
12.79 0.0 1
12.8 0.0 1
12.81 0.0 1
12.82 0.0 1
12.83 209.88 1
12.84 170.16 1
12.85 169.2 1
12.86 167.36 1
12.87 164.44 1
12.88 162.7 1
12.89 161.03 1
12.9 158.19 1
12.91 155.53 1
12.92 154.92 1
12.93 151.71 1
12.94 149.74 1
12.95 149.14 1
12.96 147.67 1
12.97 145.32 1
12.98 145.21 1
12.99 145.78 1
13.0 146.7 1
13.01 148.54 1
13.02 151.24 1
13.03 153.14 1
13.04 154.48 1
13.05 157.2 1
13.06 156.67 1
13.07 158.59 1
13.08 157.22 1
13.09 157.64 1
13.1 156.74 1
13.11 154.39 1
13.12 151.84 1
13.13 149.36 1
13.14 147.11 1
13.15 145.27 1
13.16 144.83 1
13.17 144.64 1
13.18 145.31 1
13.19 147.37 1
13.2 149.04 1
13.21 151.88 1
13.22 153.17 1
13.23 154.27 1
13.24 154.1 1
13.25 153.52 1
13.26 152.84 1
13.27 150.65 1
13.28 147.86 1
13.29 143.33 1
13.3 141.16 1
13.31 142.14 1
13.32 148.76 1
13.33 166.04 1
13.34 168.5 1
13.35 173.39 1
13.36 179.13 1
13.37 181.43 1
13.38 185.0 1
13.39 185.66 1
13.4 186.79 1
13.41 186.47 1
13.42 186.44 1
13.43 185.72 1
13.44 185.53 1
13.45 185.42 1
13.46 185.25 1
13.47 185.46 1
13.48 185.02 1
13.49 184.29 1
13.5 184.34 1
13.51 183.43 1
13.52 182.85 1
13.53 182.87 1
13.54 182.7 1
13.55 182.88 1
13.56 183.61 1
13.57 184.89 1
13.58 184.91 1
13.59 185.69 1
13.6 184.91 1
13.61 183.5 1
13.62 182.12 1
13.63 179.26 1
13.64 175.69 1
13.65 170.61 1
13.66 167.56 1
13.67 165.42 1
13.68 167.36 1
13.69 171.26 1
13.7 176.68 1
13.71 180.92 1
13.72 186.51 1
13.73 188.89 1
13.74 193.94 1
13.75 197.26 1
13.76 200.12 1
13.77 202.59 1
13.78 204.53 1
13.79 206.12 1
13.8 206.98 1
13.81 207.54 1
13.82 207.92 1
13.83 207.54 1
13.84 206.58 1
13.85 206.75 1
13.86 206.21 1
13.87 205.6 1
13.88 206.85 1
13.89 206.57 1
13.9 206.57 1
13.91 207.47 1
13.92 206.57 1
13.93 205.6 1
13.94 205.76 1
13.95 204.65 1
13.96 204.48 1
13.97 204.93 1
13.98 204.65 1
13.99 205.41 1
14.0 205.19 1
14.01 204.66 1
14.02 205.63 1
14.03 205.83 1
14.04 205.61 1
14.05 206.94 1
14.06 206.58 1
14.07 207.54 1
14.08 208.0 1
14.09 206.58 1
14.1 206.56 1
14.11 206.5 1
14.12 204.69 1
14.13 205.6 1
14.14 205.78 1
14.15 205.18 1
14.16 204.55 1
14.17 204.21 1
14.18 204.37 1
14.19 204.68 1
14.2 205.36 1
14.21 205.61 1
14.22 206.63 1
14.23 207.86 1
14.24 208.34 1
14.25 209.28 1
14.26 209.73 1
14.27 210.01 1
14.28 209.5 1
14.29 208.29 1
14.3 207.45 1
14.31 206.75 1
14.32 206.09 1
14.33 204.7 1
14.34 203.17 1
14.35 202.43 1
14.36 202.24 1
14.37 203.46 1
14.38 204.64 1
14.39 205.54 1
14.4 205.61 1
14.41 205.62 1
14.42 206.57 1
14.43 206.57 1
14.44 206.57 1
14.45 207.54 1
14.46 209.51 1
14.47 211.48 1
14.48 214.17 1
14.49 218.16 1
14.5 224.03 1
14.51 227.93 1
14.52 234.72 1
14.53 238.31 1
14.54 243.13 1
14.55 244.69 1
14.56 244.34 1
14.57 242.42 1
14.58 239.38 1
14.59 236.9 1
14.6 230.77 1
14.61 230.29 1
14.62 222.17 1
14.63 210.51 1
14.64 215.24 1
