0.01 0.0 1
0.02 287.95 1
0.03 288.58 1
0.04 277.08 1
0.05 273.2 1
0.06 273.38 1
0.07 275.29 1
0.08 278.23 1
0.09 280.8 1
0.1 282.67 1
0.11 284.11 1
0.12 284.14 1
0.13 283.72 1
0.14 283.66 1
0.15 281.98 1
0.16 279.87 1
0.17 277.25 1
0.18 275.15 1
0.19 271.62 1
0.2 258.77 1
0.21 258.7 1
0.22 255.46 1
0.23 251.49 1
0.24 247.52 1
0.25 244.55 1
0.26 241.63 1
0.27 238.17 1
0.28 236.61 1
0.29 236.12 1
0.3 232.75 1
0.31 231.54 1
0.32 232.72 1
0.33 233.33 1
0.34 232.75 1
0.35 233.98 1
0.36 236.1 1
0.37 237.49 1
0.38 242.91 1
0.39 245.01 1
0.4 249.51 1
0.41 255.57 1
0.42 260.22 1
0.43 266.4 1
0.44 266.49 1
0.45 272.04 1
0.46 273.22 1
0.47 275.99 1
0.48 275.47 1
0.49 274.93 1
0.5 274.17 1
0.51 274.2 1
0.52 274.26 1
0.53 273.98 1
0.54 274.47 1
0.55 275.2 1
0.56 274.73 1
0.57 274.3 1
0.58 274.55 1
0.59 273.29 1
0.6 273.97 1
0.61 273.74 1
0.62 274.79 1
0.63 275.62 1
0.64 275.46 1
0.65 275.8 1
0.66 275.88 1
0.67 276.16 1
0.68 277.02 1
0.69 277.88 1
0.7 278.11 1
0.71 277.84 1
0.72 276.88 1
0.73 276.19 1
0.74 276.04 1
0.75 275.9 1
0.76 275.05 1
0.77 274.51 1
0.78 274.1 1
0.79 274.19 1
0.8 274.58 1
0.81 274.95 1
0.82 275.3 1
0.83 275.78 1
0.84 275.7 1
0.85 275.81 1
0.86 275.85 1
0.87 276.07 1
0.88 276.2 1
0.89 276.09 1
0.9 275.63 1
0.91 275.13 1
0.92 275.07 1
0.93 275.37 1
0.94 275.49 1
0.95 275.4 1
0.96 275.35 1
0.97 275.27 1
0.98 275.18 1
0.99 275.45 1
1.0 275.83 1
1.01 276.32 1
1.02 276.43 1
1.03 277.06 1
1.04 277.49 1
1.05 277.99 1
1.06 277.73 1
1.07 276.88 1
1.08 276.24 1
1.09 276.18 1
1.1 276.2 1
1.11 275.96 1
1.12 275.44 1
1.13 275.22 1
1.14 274.38 1
1.15 274.25 1
1.16 274.59 1
1.17 276.45 1
1.18 276.93 1
1.19 277.83 1
1.2 277.51 1
1.21 277.52 1
1.22 277.1 1
1.23 275.64 1
1.24 274.94 1
1.25 273.27 1
1.26 278.2 1
1.27 268.09 1
1.28 259.48 1
1.29 263.53 1
1.3 262.2 1
1.31 261.08 1
1.32 268.07 1
1.33 280.36 1
1.34 276.14 1
1.35 274.79 1
1.36 275.41 1
1.37 275.16 1
1.38 274.79 1
1.39 274.76 1
1.4 274.56 1
1.41 274.8 1
1.42 274.94 1
1.43 274.65 1
1.44 274.96 1
1.45 275.66 1
1.46 276.48 1
1.47 276.74 1
1.48 276.81 1
1.49 276.66 1
1.5 275.67 1
1.51 274.66 1
1.52 272.78 1
1.53 270.35 1
1.54 264.89 1
1.55 258.69 1
1.56 247.76 1
1.57 229.13 1
1.58 219.35 1
1.59 213.21 1
1.6 216.84 1
1.61 222.99 1
1.62 226.74 1
1.63 244.27 1
1.64 249.86 1
1.65 257.18 1
1.66 264.94 1
1.67 273.03 1
1.68 275.83 1
1.69 273.18 1
1.7 263.31 1
1.71 260.21 1
1.72 249.91 1
1.73 233.95 1
1.74 217.77 1
1.75 208.41 1
1.76 206.21 1
1.77 203.86 1
1.78 204.63 1
1.79 205.87 1
1.8 207.66 1
1.81 210.31 1
1.82 212.47 1
1.83 214.72 1
1.84 216.36 1
1.85 217.18 1
1.86 217.38 1
1.87 216.0 1
1.88 214.68 1
1.89 211.52 1
1.9 205.6 1
1.91 200.92 1
1.92 200.27 1
1.93 204.78 1
1.94 200.15 1
1.95 199.08 1
1.96 199.1 1
1.97 194.41 1
1.98 180.35 1
1.99 182.99 1
2.0 181.85 1
2.01 199.09 1
2.02 192.25 1
2.03 194.07 1
2.04 192.23 1
2.05 191.29 1
2.06 190.75 1
2.07 192.4 1
2.08 195.81 1
2.09 196.54 1
2.1 195.65 1
2.11 195.4 1
2.12 196.44 1
2.13 195.39 1
2.14 196.42 1
2.15 193.05 1
2.16 186.48 1
2.17 195.89 1
2.18 0.0 1
2.19 0.0 1
2.2 0.0 1
2.21 0.0 1
2.22 0.0 1
2.23 0.0 1
2.24 0.0 1
2.25 0.0 1
2.26 0.0 1
2.27 0.0 1
2.28 0.0 1
2.29 0.0 1
2.3 0.0 1
2.31 0.0 1
2.32 0.0 1
2.33 0.0 1
2.34 0.0 1
2.35 0.0 1
2.36 0.0 1
2.37 69.09 1
2.38 69.18 1
2.39 69.18 1
2.4 69.34 1
2.41 69.23 1
2.42 69.07 1
2.43 69.51 1
2.44 69.29 1
2.45 155.66 1
2.46 161.23 1
2.47 166.47 1
2.48 169.21 1
2.49 157.78 1
2.5 143.76 1
2.51 142.57 1
2.52 143.89 1
2.53 147.12 1
2.54 148.67 1
2.55 150.73 1
2.56 151.01 1
2.57 151.57 1
2.58 153.19 1
2.59 154.12 1
2.6 155.39 1
2.61 156.41 1
2.62 156.48 1
2.63 155.88 1
2.64 155.23 1
2.65 154.9 1
2.66 154.93 1
2.67 154.82 1
2.68 154.46 1
2.69 154.92 1
2.7 154.73 1
2.71 154.63 1
2.72 154.21 1
2.73 153.8 1
2.74 154.52 1
2.75 154.13 1
2.76 155.64 1
2.77 157.5 1
2.78 161.72 1
2.79 168.19 1
2.8 171.84 1
2.81 173.12 1
2.82 175.31 1
2.83 175.65 1
2.84 174.76 1
2.85 172.86 1
2.86 169.76 1
2.87 165.67 1
2.88 162.31 1
2.89 158.28 1
2.9 151.3 1
2.91 152.25 1
2.92 151.89 1
2.93 150.77 1
2.94 150.95 1
2.95 150.8 1
2.96 150.81 1
2.97 151.36 1
2.98 155.8 1
2.99 156.0 1
3.0 159.5 1
3.01 160.66 1
3.02 154.47 1
3.03 0.0 1
3.04 0.0 1
3.05 0.0 1
3.06 0.0 1
3.07 0.0 1
3.08 0.0 1
3.09 0.0 1
3.1 0.0 1
3.11 0.0 1
3.12 0.0 1
3.13 0.0 1
3.14 0.0 1
3.15 0.0 1
3.16 168.23 1
3.17 150.17 1
3.18 142.33 1
3.19 137.15 1
3.2 139.28 1
3.21 138.63 1
3.22 129.1 1
3.23 134.91 1
3.24 138.9 1
3.25 137.53 1
3.26 134.66 1
3.27 137.42 1
3.28 138.41 1
3.29 138.59 1
3.3 138.99 1
3.31 141.12 1
3.32 140.38 1
3.33 140.67 1
3.34 142.04 1
3.35 137.17 1
3.36 138.65 1
3.37 139.78 1
3.38 135.9 1
3.39 137.17 1
3.4 138.9 1
3.41 137.17 1
3.42 136.32 1
3.43 137.64 1
3.44 137.88 1
3.45 136.9 1
3.46 136.74 1
3.47 137.0 1
3.48 137.62 1
3.49 135.9 1
3.5 136.07 1
3.51 137.47 1
3.52 132.92 1
3.53 129.14 1
3.54 138.35 1
3.55 142.49 1
3.56 142.94 1
3.57 124.71 1
3.58 157.09 1
3.59 156.29 1
3.6 159.07 1
3.61 163.63 1
3.62 163.88 1
3.63 165.05 1
3.64 165.62 1
3.65 165.13 1
3.66 164.55 1
3.67 164.02 1
3.68 163.45 1
3.69 163.02 1
3.7 163.04 1
3.71 163.11 1
3.72 163.03 1
3.73 161.49 1
3.74 160.3 1
3.75 158.33 1
3.76 156.96 1
3.77 155.43 1
3.78 154.22 1
3.79 152.48 1
3.8 152.1 1
3.81 151.91 1
3.82 151.93 1
3.83 152.25 1
3.84 152.61 1
3.85 152.77 1
3.86 152.95 1
3.87 153.08 1
3.88 152.85 1
3.89 152.55 1
3.9 152.06 1
3.91 151.74 1
3.92 151.28 1
3.93 151.28 1
3.94 151.15 1
3.95 151.82 1
3.96 151.85 1
3.97 152.34 1
3.98 152.7 1
3.99 152.87 1
4.0 152.95 1
4.01 152.71 1
4.02 153.27 1
4.03 152.82 1
4.04 152.31 1
4.05 151.98 1
4.06 153.18 1
4.07 153.9 1
4.08 155.81 1
4.09 156.69 1
4.1 160.1 1
4.11 162.42 1
4.12 165.12 1
4.13 167.22 1
4.14 168.5 1
4.15 167.72 1
4.16 165.25 1
4.17 162.95 1
4.18 160.08 1
4.19 155.49 1
4.2 152.93 1
4.21 150.25 1
4.22 148.17 1
4.23 145.99 1
4.24 143.56 1
4.25 142.09 1
4.26 139.34 1
4.27 137.2 1
4.28 136.32 1
4.29 135.88 1
4.3 135.07 1
4.31 134.67 1
4.32 134.67 1
4.33 135.09 1
4.34 135.49 1
4.35 135.08 1
4.36 134.26 1
4.37 132.24 1
4.38 133.06 1
4.39 133.43 1
4.4 132.23 1
4.41 129.81 1
4.42 126.18 1
4.43 138.04 1
4.44 126.18 1
4.45 135.21 1
4.46 135.95 1
4.47 135.89 1
4.48 135.65 1
4.49 136.65 1
4.5 138.46 1
4.51 138.89 1
4.52 138.47 1
4.53 137.3 1
4.54 135.07 1
4.55 129.51 1
4.56 133.43 1
4.57 135.07 1
4.58 137.77 1
4.59 134.67 1
4.6 139.32 1
4.61 0.0 1
4.62 0.0 1
4.63 0.0 1
4.64 0.0 1
4.65 0.0 1
4.66 0.0 1
4.67 0.0 1
4.68 0.0 1
4.69 0.0 1
4.7 0.0 1
4.71 0.0 1
4.72 0.0 1
4.73 0.0 1
4.74 0.0 1
4.75 0.0 1
4.76 0.0 1
4.77 0.0 1
4.78 0.0 1
4.79 68.74 1
4.8 69.46 1
4.81 69.08 1
4.82 69.22 1
4.83 69.39 1
4.84 69.28 1
4.85 69.07 1
4.86 69.34 1
4.87 69.01 1
4.88 101.72 1
4.89 100.11 1
4.9 108.75 1
4.91 94.94 1
4.92 99.64 1
4.93 98.77 1
4.94 99.69 1
4.95 101.03 1
4.96 103.18 1
4.97 108.78 1
4.98 111.72 1
4.99 116.08 1
5.0 127.08 1
5.01 134.66 1
5.02 130.83 1
5.03 128.81 1
5.04 124.81 1
5.05 121.66 1
5.06 112.93 1
5.07 109.77 1
5.08 99.44 1
5.09 98.93 1
5.1 99.15 1
5.11 100.75 1
5.12 101.41 1
5.13 107.96 1
5.14 109.54 1
5.15 113.52 1
5.16 115.62 1
5.17 121.99 1
5.18 125.38 1
5.19 133.84 1
5.2 131.74 1
5.21 139.34 1
5.22 135.91 1
5.23 135.9 1
5.24 136.55 1
5.25 136.33 1
5.26 133.84 1
5.27 132.63 1
5.28 133.33 1
5.29 132.49 1
5.3 132.23 1
5.31 134.66 1
5.32 137.52 1
5.33 139.91 1
5.34 144.32 1
5.35 148.46 1
5.36 154.98 1
5.37 160.65 1
5.38 155.75 1
5.39 157.06 1
5.4 157.18 1
5.41 157.86 1
5.42 157.22 1
5.43 158.12 1
5.44 158.79 1
5.45 159.22 1
5.46 159.58 1
5.47 158.98 1
5.48 158.67 1
5.49 158.43 1
5.5 156.99 1
5.51 156.43 1
5.52 155.49 1
5.53 155.51 1
5.54 155.01 1
5.55 154.95 1
5.56 154.69 1
5.57 154.95 1
5.58 154.91 1
5.59 155.54 1
5.6 155.88 1
5.61 157.13 1
5.62 157.22 1
5.63 157.9 1
5.64 157.97 1
5.65 157.42 1
5.66 156.94 1
5.67 156.03 1
5.68 156.06 1
5.69 156.66 1
5.7 158.1 1
5.71 159.75 1
5.72 161.78 1
5.73 165.26 1
5.74 169.55 1
5.75 172.21 1
5.76 173.29 1
5.77 174.64 1
5.78 172.92 1
5.79 171.15 1
5.8 168.32 1
5.81 165.17 1
5.82 160.68 1
5.83 158.96 1
5.84 155.86 1
5.85 154.71 1
5.86 154.07 1
5.87 154.29 1
5.88 154.67 1
5.89 154.97 1
5.9 156.52 1
5.91 158.71 1
5.92 159.97 1
5.93 161.67 1
5.94 163.91 1
5.95 165.61 1
5.96 165.49 1
5.97 162.11 1
5.98 158.35 1
5.99 158.92 1
6.0 158.85 1
6.01 153.11 1
6.02 151.2 1
6.03 143.74 1
6.04 143.24 1
6.05 142.0 1
6.06 148.77 1
6.07 136.6 1
6.08 139.46 1
6.09 137.54 1
6.1 138.55 1
6.11 140.07 1
6.12 137.6 1
6.13 137.34 1
6.14 138.9 1
6.15 137.17 1
6.16 135.45 1
6.17 135.86 1
6.18 132.99 1
6.19 69.3 1
6.2 69.12 1
6.21 69.18 1
6.22 69.3 1
6.23 69.34 1
6.24 69.06 1
6.25 69.39 1
6.26 69.61 1
6.27 166.78 1
6.28 158.93 1
6.29 168.64 1
6.3 167.37 1
6.31 166.71 1
6.32 163.33 1
6.33 157.97 1
6.34 154.27 1
6.35 151.29 1
6.36 147.52 1
6.37 146.45 1
6.38 146.9 1
6.39 148.68 1
6.4 153.22 1
6.41 157.79 1
6.42 162.5 1
6.43 168.23 1
6.44 173.28 1
6.45 172.27 1
6.46 173.01 1
6.47 171.26 1
6.48 169.29 1
6.49 164.3 1
6.5 161.21 1
6.51 158.16 1
6.52 154.57 1
6.53 152.33 1
6.54 147.8 1
6.55 149.32 1
6.56 149.6 1
6.57 152.3 1
6.58 155.37 1
6.59 161.91 1
6.6 170.48 1
6.61 184.14 1
6.62 194.34 1
6.63 199.32 1
6.64 204.13 1
6.65 209.5 1
6.66 213.61 1
6.67 215.08 1
6.68 212.86 1
6.69 209.75 1
6.7 205.2 1
6.71 198.59 1
6.72 187.83 1
6.73 176.78 1
6.74 168.4 1
6.75 160.68 1
6.76 162.11 1
6.77 162.77 1
6.78 169.72 1
6.79 177.95 1
6.8 187.26 1
6.81 199.73 1
6.82 204.28 1
6.83 208.51 1
6.84 211.51 1
6.85 215.87 1
6.86 217.41 1
6.87 218.3 1
6.88 219.11 1
6.89 218.59 1
6.9 213.76 1
6.91 210.27 1
6.92 217.98 1
6.93 220.12 1
6.94 216.11 1
6.95 211.43 1
6.96 206.21 1
6.97 203.53 1
6.98 199.77 1
6.99 198.75 1
7.0 201.52 1
7.01 206.56 1
7.02 218.5 1
7.03 231.5 1
7.04 243.33 1
7.05 251.19 1
7.06 257.17 1
7.07 275.15 1
7.08 272.21 1
