0.01 0.0 1
0.02 0.0 1
0.03 0.0 1
0.04 0.0 1
0.05 298.8 1
0.06 283.45 1
0.07 280.83 1
0.08 281.79 1
0.09 282.79 1
0.1 280.18 1
0.11 278.72 1
0.12 276.89 1
0.13 276.27 1
0.14 276.17 1
0.15 275.89 1
0.16 275.93 1
0.17 276.36 1
0.18 277.16 1
0.19 277.56 1
0.2 277.36 1
0.21 276.85 1
0.22 275.21 1
0.23 272.39 1
0.24 269.0 1
0.25 263.29 1
0.26 260.18 1
0.27 254.96 1
0.28 248.33 1
0.29 244.31 1
0.3 234.01 1
0.31 231.52 1
0.32 229.1 1
0.33 225.99 1
0.34 222.42 1
0.35 220.53 1
0.36 221.38 1
0.37 222.55 1
0.38 223.77 1
0.39 227.57 1
0.4 230.3 1
0.41 231.52 1
0.42 242.96 1
0.43 248.54 1
0.44 255.66 1
0.45 258.73 1
0.46 267.6 1
0.47 273.23 1
0.48 276.82 1
0.49 277.41 1
0.5 278.23 1
0.51 279.0 1
0.52 279.43 1
0.53 280.7 1
0.54 280.32 1
0.55 275.79 1
0.56 274.32 1
0.57 274.52 1
0.58 273.26 1
0.59 254.21 1
0.6 0.0 1
0.61 0.0 1
0.62 0.0 1
0.63 69.85 1
0.64 69.29 1
0.65 69.18 1
0.66 69.02 1
0.67 69.28 1
0.68 69.08 1
0.69 69.18 1
0.7 70.99 1
0.71 69.65 1
0.72 77.35 1
0.73 69.37 1
0.74 69.68 1
0.75 69.74 1
0.76 69.28 1
0.77 69.09 1
0.78 69.45 1
0.79 69.11 1
0.8 69.26 1
0.81 69.45 1
0.82 69.33 1
0.83 69.26 1
0.84 69.35 1
0.85 69.28 1
0.86 69.28 1
0.87 69.33 1
0.88 69.37 1
0.89 69.33 1
0.9 69.27 1
0.91 69.21 1
0.92 69.33 1
0.93 69.24 1
0.94 69.18 1
0.95 69.29 1
0.96 69.34 1
0.97 69.26 1
0.98 69.31 1
0.99 69.2 1
1.0 69.24 1
1.01 69.43 1
1.02 69.23 1
1.03 69.32 1
1.04 69.33 1
1.05 69.23 1
1.06 69.39 1
1.07 69.25 1
1.08 69.34 1
1.09 69.33 1
1.1 69.34 1
1.11 69.33 1
1.12 69.25 1
1.13 69.37 1
1.14 69.37 1
1.15 69.43 1
1.16 69.26 1
1.17 69.36 1
1.18 69.31 1
1.19 69.26 1
1.2 69.27 1
1.21 69.31 1
1.22 69.18 1
1.23 69.35 1
1.24 69.27 1
1.25 69.38 1
1.26 69.34 1
1.27 69.31 1
1.28 69.18 1
1.29 68.97 1
1.3 68.93 1
1.31 195.35 1
1.32 199.94 1
1.33 191.34 1
1.34 209.5 1
1.35 195.84 1
1.36 196.71 1
1.37 197.22 1
1.38 198.18 1
1.39 199.11 1
1.4 201.29 1
1.41 205.6 1
1.42 212.1 1
1.43 221.97 1
1.44 235.2 1
1.45 253.06 1
1.46 265.24 1
1.47 276.48 1
1.48 285.72 1
1.49 292.93 1
1.5 296.99 1
1.51 296.98 1
1.52 292.99 1
1.53 284.07 1
1.54 274.32 1
1.55 253.46 1
1.56 235.48 1
1.57 222.77 1
1.58 213.65 1
1.59 214.3 1
1.6 218.96 1
1.61 227.27 1
1.62 231.54 1
1.63 250.78 1
1.64 260.23 1
1.65 273.06 1
1.66 279.91 1
1.67 284.51 1
1.68 287.65 1
1.69 286.07 1
1.7 277.71 1
1.71 261.73 1
1.72 237.53 1
1.73 224.37 1
1.74 202.19 1
1.75 196.96 1
1.76 194.94 1
1.77 195.79 1
1.78 197.5 1
1.79 198.74 1
1.8 200.3 1
1.81 201.81 1
1.82 203.87 1
1.83 205.6 1
1.84 207.54 1
1.85 212.45 1
1.86 213.97 1
1.87 210.5 1
1.88 207.54 1
1.89 203.71 1
1.9 207.55 1
1.91 203.72 1
1.92 189.95 1
1.93 225.58 1
1.94 200.0 1
1.95 0.0 1
1.96 0.0 1
1.97 0.0 1
1.98 0.0 1
1.99 220.22 1
2.0 187.47 1
2.01 186.47 1
2.02 184.85 1
2.03 182.99 1
2.04 182.44 1
2.05 182.07 1
2.06 182.07 1
2.07 183.07 1
2.08 184.68 1
2.09 186.14 1
2.1 186.47 1
2.11 185.69 1
2.12 185.48 1
2.13 184.34 1
2.14 182.63 1
2.15 181.56 1
2.16 181.25 1
2.17 181.27 1
2.18 180.89 1
2.19 180.07 1
2.2 180.71 1
2.21 181.08 1
2.22 182.7 1
2.23 183.73 1
2.24 184.81 1
2.25 187.89 1
2.26 188.8 1
2.27 188.06 1
2.28 184.14 1
2.29 177.48 1
2.3 184.14 1
2.31 174.65 1
2.32 166.1 1
2.33 0.0 1
2.34 0.0 1
2.35 0.0 1
2.36 0.0 1
2.37 0.0 1
2.38 0.0 1
2.39 0.0 1
2.4 153.92 1
2.41 152.23 1
2.42 149.32 1
2.43 148.95 1
2.44 149.62 1
2.45 150.45 1
2.46 151.46 1
2.47 152.79 1
2.48 153.55 1
2.49 155.58 1
2.5 157.27 1
2.51 158.08 1
2.52 158.69 1
2.53 159.3 1
2.54 159.18 1
2.55 159.22 1
2.56 158.62 1
2.57 157.61 1
2.58 155.72 1
2.59 154.21 1
2.6 152.03 1
2.61 151.01 1
2.62 150.05 1
2.63 149.61 1
2.64 150.4 1
2.65 151.32 1
2.66 155.4 1
2.67 158.89 1
2.68 169.04 1
2.69 177.91 1
2.7 190.37 1
2.71 194.56 1
2.72 196.56 1
2.73 200.36 1
2.74 199.18 1
2.75 199.71 1
2.76 196.02 1
2.77 190.5 1
2.78 185.23 1
2.79 176.02 1
2.8 169.48 1
2.81 164.29 1
2.82 152.85 1
2.83 152.33 1
2.84 153.42 1
2.85 159.73 1
2.86 164.29 1
2.87 170.5 1
2.88 177.36 1
2.89 187.08 1
2.9 197.31 1
2.91 193.33 1
2.92 186.47 1
2.93 180.81 1
2.94 0.0 1
2.95 0.0 1
2.96 0.0 1
2.97 0.0 1
2.98 0.0 1
2.99 0.0 1
3.0 0.0 1
3.01 0.0 1
3.02 0.0 1
3.03 0.0 1
3.04 0.0 1
3.05 0.0 1
3.06 0.0 1
3.07 133.41 1
3.08 133.13 1
3.09 133.4 1
3.1 131.07 1
3.11 131.36 1
3.12 133.01 1
3.13 130.78 1
3.14 128.3 1
3.15 137.48 1
3.16 135.27 1
3.17 135.09 1
3.18 135.27 1
3.19 134.66 1
3.2 135.07 1
3.21 135.93 1
3.22 135.88 1
3.23 133.54 1
3.24 133.64 1
3.25 133.99 1
3.26 135.06 1
3.27 134.66 1
3.28 134.25 1
3.29 134.36 1
3.3 135.07 1
3.31 137.34 1
3.32 134.66 1
3.33 136.07 1
3.34 137.96 1
3.35 138.11 1
3.36 136.32 1
3.37 137.86 1
3.38 137.77 1
3.39 135.9 1
3.4 136.32 1
3.41 137.79 1
3.42 136.75 1
3.43 134.66 1
3.44 138.9 1
3.45 142.02 1
3.46 140.22 1
3.47 148.13 1
3.48 157.16 1
3.49 168.31 1
3.5 160.67 1
3.51 165.61 1
3.52 163.54 1
3.53 164.42 1
3.54 165.09 1
3.55 165.85 1
3.56 166.24 1
3.57 166.45 1
3.58 165.57 1
3.59 164.26 1
3.6 163.41 1
3.61 161.45 1
3.62 158.37 1
3.63 157.79 1
3.64 157.87 1
3.65 157.1 1
3.66 156.82 1
3.67 156.11 1
3.68 155.39 1
3.69 154.45 1
3.7 153.44 1
3.71 152.45 1
3.72 150.85 1
3.73 150.84 1
3.74 150.75 1
3.75 150.57 1
3.76 150.81 1
3.77 152.15 1
3.78 152.91 1
3.79 153.42 1
3.8 153.33 1
3.81 153.21 1
3.82 152.6 1
3.83 151.91 1
3.84 151.29 1
3.85 151.01 1
3.86 150.93 1
3.87 150.96 1
3.88 151.63 1
3.89 151.99 1
3.9 153.26 1
3.91 153.92 1
3.92 154.65 1
3.93 155.01 1
3.94 155.58 1
3.95 157.63 1
3.96 158.91 1
3.97 159.99 1
3.98 161.3 1
3.99 162.95 1
4.0 163.77 1
4.01 164.15 1
4.02 163.81 1
4.03 162.53 1
4.04 160.44 1
4.05 158.93 1
4.06 158.0 1
4.07 156.84 1
4.08 155.47 1
4.09 153.95 1
4.1 151.2 1
4.11 148.8 1
4.12 146.72 1
4.13 143.14 1
4.14 140.61 1
4.15 138.23 1
4.16 136.75 1
4.17 136.22 1
4.18 135.5 1
4.19 136.29 1
4.2 136.75 1
4.21 138.47 1
4.22 140.03 1
4.23 140.85 1
4.24 140.99 1
4.25 140.94 1
4.26 140.46 1
4.27 136.75 1
4.28 134.23 1
4.29 117.44 1
4.3 119.9 1
4.31 130.57 1
4.32 141.04 1
4.33 128.37 1
4.34 140.17 1
4.35 138.4 1
4.36 139.33 1
4.37 138.89 1
4.38 137.6 1
4.39 139.25 1
4.4 140.22 1
4.41 138.8 1
4.42 138.03 1
4.43 138.13 1
4.44 133.06 1
4.45 131.25 1
4.46 126.19 1
4.47 68.83 1
4.48 68.97 1
4.49 69.38 1
4.5 69.15 1
4.51 68.58 1
4.52 69.8 1
4.53 69.23 1
4.54 68.99 1
4.55 69.5 1
4.56 68.96 1
4.57 69.34 1
4.58 69.55 1
4.59 68.62 1
4.6 69.35 1
4.61 69.44 1
4.62 68.51 1
4.63 69.43 1
4.64 69.25 1
4.65 68.88 1
4.66 69.61 1
4.67 69.3 1
4.68 69.18 1
4.69 69.6 1
4.7 69.16 1
4.71 69.18 1
4.72 69.62 1
4.73 69.17 1
4.74 69.31 1
4.75 69.23 1
4.76 70.88 1
4.77 204.05 1
4.78 202.11 1
4.79 206.97 1
4.8 205.47 1
4.81 204.64 1
4.82 198.72 1
4.83 200.38 1
4.84 200.85 1
4.85 201.18 1
4.86 202.06 1
4.87 203.7 1
4.88 205.32 1
4.89 204.24 1
4.9 211.37 1
4.91 209.36 1
4.92 208.35 1
4.93 210.97 1
4.94 211.82 1
4.95 212.17 1
4.96 211.26 1
4.97 208.3 1
4.98 206.82 1
4.99 201.85 1
5.0 195.64 1
5.01 184.13 1
5.02 187.99 1
5.03 189.95 1
5.04 187.7 1
5.05 183.85 1
5.06 182.25 1
5.07 180.91 1
5.08 180.55 1
5.09 181.81 1
5.1 182.48 1
5.11 183.29 1
5.12 184.53 1
5.13 186.78 1
5.14 186.83 1
5.15 187.69 1
5.16 188.75 1
5.17 187.51 1
5.18 187.1 1
5.19 186.19 1
5.2 182.8 1
5.21 178.84 1
5.22 175.64 1
5.23 172.71 1
5.24 167.75 1
5.25 159.86 1
5.26 155.33 1
5.27 151.67 1
5.28 150.13 1
5.29 150.28 1
5.3 147.74 1
5.31 150.51 1
5.32 149.1 1
5.33 151.96 1
5.34 152.83 1
5.35 155.07 1
5.36 157.76 1
5.37 157.78 1
5.38 159.88 1
5.39 161.41 1
5.4 160.44 1
5.41 162.48 1
5.42 156.41 1
5.43 156.01 1
5.44 154.54 1
5.45 152.62 1
5.46 151.18 1
5.47 151.36 1
5.48 151.46 1
5.49 153.44 1
5.5 156.67 1
5.51 166.1 1
5.52 175.85 1
5.53 188.87 1
5.54 197.99 1
5.55 205.28 1
5.56 210.04 1
5.57 211.03 1
5.58 211.3 1
5.59 208.91 1
5.6 202.37 1
5.61 194.96 1
5.62 184.91 1
5.63 172.25 1
5.64 164.34 1
5.65 155.55 1
5.66 152.54 1
5.67 148.67 1
5.68 149.75 1
5.69 152.95 1
5.7 156.71 1
5.71 163.8 1
5.72 179.61 1
5.73 182.47 1
5.74 187.33 1
5.75 184.91 1
5.76 179.98 1
5.77 175.02 1
5.78 170.12 1
5.79 167.57 1
5.8 157.57 1
5.81 152.79 1
5.82 145.16 1
5.83 142.24 1
5.84 136.71 1
5.85 135.06 1
5.86 139.78 1
5.87 133.38 1
5.88 133.83 1
5.89 134.82 1
5.9 134.87 1
5.91 134.85 1
5.92 135.07 1
5.93 135.07 1
5.94 133.91 1
5.95 131.84 1
5.96 128.27 1
5.97 132.27 1
5.98 136.74 1
5.99 138.17 1
6.0 133.03 1
6.01 135.91 1
6.02 135.91 1
6.03 138.51 1
6.04 137.67 1
6.05 137.6 1
6.06 201.83 1
6.07 187.38 1
6.08 185.9 1
6.09 179.18 1
6.1 172.86 1
6.11 166.78 1
6.12 158.59 1
6.13 153.81 1
6.14 150.02 1
6.15 148.91 1
6.16 149.33 1
6.17 150.8 1
6.18 153.77 1
6.19 158.62 1
6.2 169.97 1
6.21 177.58 1
6.22 180.52 1
6.23 184.22 1
6.24 186.84 1
6.25 184.8 1
6.26 181.07 1
6.27 175.07 1
6.28 168.59 1
6.29 161.84 1
6.3 158.96 1
6.31 154.88 1
6.32 153.9 1
6.33 154.46 1
6.34 156.66 1
6.35 167.39 1
6.36 177.46 1
6.37 187.26 1
6.38 201.1 1
6.39 209.5 1
6.4 214.59 1
6.41 218.5 1
6.42 219.54 1
6.43 218.85 1
6.44 213.95 1
6.45 206.42 1
6.46 197.68 1
6.47 183.58 1
6.48 166.37 1
6.49 155.3 1
6.5 152.62 1
6.51 156.51 1
6.52 161.01 1
6.53 171.64 1
6.54 180.99 1
6.55 185.14 1
6.56 197.01 1
6.57 201.42 1
6.58 204.65 1
6.59 207.96 1
6.6 207.54 1
6.61 210.57 1
6.62 210.09 1
6.63 200.0 1
6.64 212.22 1
6.65 204.53 1
6.66 205.43 1
6.67 217.55 1
6.68 210.39 1
6.69 209.37 1
6.7 209.18 1
6.71 209.84 1
6.72 209.91 1
6.73 212.11 1
6.74 216.32 1
6.75 225.32 1
6.76 230.29 1
6.77 246.77 1
6.78 261.74 1
6.79 270.75 1
6.8 291.09 1
6.81 286.15 1
