0.01 181.85 1
0.02 200.89 1
0.03 193.59 1
0.04 197.58 1
0.05 198.33 1
0.06 200.65 1
0.07 201.1 1
0.08 202.38 1
0.09 201.98 1
0.1 202.22 1
0.11 201.99 1
0.12 203.31 1
0.13 203.7 1
0.14 205.43 1
0.15 204.99 1
0.16 205.6 1
0.17 205.6 1
0.18 205.61 1
0.19 207.34 1
0.2 207.24 1
0.21 205.6 1
0.22 206.92 1
0.23 207.12 1
0.24 206.56 1
0.25 207.35 1
0.26 207.3 1
0.27 206.19 1
0.28 205.21 1
0.29 203.7 1
0.3 204.25 1
0.31 205.18 1
0.32 205.6 1
0.33 206.56 1
0.34 207.27 1
0.35 207.53 1
0.36 208.18 1
0.37 208.69 1
0.38 208.96 1
0.39 209.19 1
0.4 209.62 1
0.41 208.52 1
0.42 207.54 1
0.43 207.84 1
0.44 206.13 1
0.45 204.65 1
0.46 205.6 1
0.47 205.61 1
0.48 207.36 1
0.49 208.34 1
0.5 209.57 1
0.51 209.38 1
0.52 209.79 1
0.53 209.81 1
0.54 209.51 1
0.55 209.48 1
0.56 208.02 1
0.57 205.61 1
0.58 203.43 1
0.59 201.93 1
0.6 201.55 1
0.61 202.93 1
0.62 204.5 1
0.63 206.34 1
0.64 206.57 1
0.65 207.54 1
0.66 208.51 1
0.67 206.57 1
0.68 203.71 1
0.69 203.7 1
0.7 201.5 1
0.71 205.61 1
0.72 201.84 1
0.73 200.92 1
0.74 203.72 1
0.75 204.65 1
0.76 198.74 1
0.77 183.03 1
0.78 202.5 1
0.79 212.53 1
0.8 208.66 1
0.81 205.6 1
0.82 206.56 1
0.83 207.07 1
0.84 208.08 1
0.85 208.92 1
0.86 209.48 1
0.87 209.19 1
0.88 209.26 1
0.89 208.25 1
0.9 207.41 1
0.91 206.56 1
0.92 206.17 1
0.93 204.65 1
0.94 204.64 1
0.95 203.7 1
0.96 203.59 1
0.97 202.78 1
0.98 201.85 1
0.99 200.88 1
1.0 199.49 1
1.01 197.98 1
1.02 196.24 1
1.03 193.17 1
1.04 188.7 1
1.05 183.83 1
1.06 178.91 1
1.07 174.72 1
1.08 171.28 1
1.09 170.63 1
1.1 171.27 1
1.11 169.96 1
1.12 167.36 1
1.13 157.62 1
1.14 168.71 1
1.15 174.65 1
1.16 178.69 1
1.17 183.52 1
1.18 186.47 1
1.19 191.86 1
1.2 194.27 1
1.21 199.4 1
1.22 202.21 1
1.23 203.7 1
1.24 205.3 1
1.25 205.49 1
1.26 205.6 1
1.27 205.47 1
1.28 204.76 1
1.29 204.64 1
1.3 204.39 1
1.31 203.7 1
1.32 203.58 1
1.33 203.02 1
1.34 203.16 1
1.35 203.34 1
1.36 203.7 1
1.37 204.33 1
1.38 203.26 1
1.39 202.42 1
1.4 200.67 1
1.41 197.9 1
1.42 194.89 1
1.43 191.68 1
1.44 188.76 1
1.45 185.76 1
1.46 183.09 1
1.47 181.69 1
1.48 181.16 1
1.49 181.05 1
1.5 181.41 1
1.51 181.95 1
1.52 182.95 1
1.53 183.57 1
1.54 183.91 1
1.55 184.12 1
1.56 183.37 1
1.57 172.0 1
1.58 170.61 1
1.59 169.94 1
1.6 166.73 1
1.61 167.45 1
1.62 168.0 1
1.63 174.02 1
1.64 174.65 1
1.65 182.97 1
1.66 187.26 1
1.67 184.17 1
1.68 184.51 1
1.69 184.42 1
1.7 184.22 1
1.71 183.99 1
1.72 184.06 1
1.73 184.79 1
1.74 185.08 1
1.75 184.94 1
1.76 184.2 1
1.77 185.65 1
1.78 185.3 1
1.79 184.1 1
1.8 182.66 1
1.81 182.84 1
1.82 182.8 1
1.83 182.42 1
1.84 181.87 1
1.85 181.62 1
1.86 181.11 1
1.87 180.2 1
1.88 179.52 1
1.89 178.16 1
1.9 176.03 1
1.91 173.55 1
1.92 171.04 1
1.93 169.02 1
1.94 167.23 1
1.95 165.92 1
1.96 165.11 1
1.97 165.19 1
1.98 164.92 1
1.99 164.24 1
2.0 162.68 1
2.01 161.34 1
2.02 159.83 1
2.03 158.68 1
2.04 157.22 1
2.05 157.36 1
2.06 157.45 1
2.07 157.02 1
2.08 156.31 1
2.09 155.85 1
2.1 155.14 1
2.11 154.15 1
2.12 153.68 1
2.13 145.79 1
2.14 152.86 1
2.15 140.67 1
2.16 151.81 1
2.17 150.77 1
2.18 145.61 1
2.19 152.86 1
2.2 159.48 1
2.21 159.27 1
2.22 154.96 1
2.23 154.12 1
2.24 153.68 1
2.25 154.02 1
2.26 153.3 1
2.27 152.8 1
2.28 152.6 1
2.29 152.18 1
2.3 152.24 1
2.31 152.01 1
2.32 151.87 1
2.33 151.92 1
2.34 151.68 1
2.35 151.76 1
2.36 151.68 1
2.37 151.36 1
2.38 151.47 1
2.39 150.94 1
2.4 150.58 1
2.41 150.51 1
2.42 151.05 1
2.43 151.35 1
2.44 152.1 1
2.45 152.28 1
2.46 152.19 1
2.47 152.3 1
2.48 151.81 1
2.49 151.49 1
2.5 150.26 1
2.51 149.63 1
2.52 146.76 1
2.53 145.02 1
2.54 143.96 1
2.55 148.74 1
2.56 143.33 1
2.57 151.08 1
2.58 165.48 1
2.59 141.12 1
2.6 140.67 1
2.61 154.78 1
2.62 156.1 1
2.63 155.56 1
2.64 155.0 1
2.65 154.01 1
2.66 152.85 1
2.67 150.84 1
2.68 150.73 1
2.69 150.33 1
2.7 150.08 1
2.71 149.72 1
2.72 149.78 1
2.73 149.47 1
2.74 149.07 1
2.75 148.51 1
2.76 148.24 1
2.77 148.84 1
2.78 149.59 1
2.79 150.85 1
2.8 151.59 1
2.81 151.97 1
2.82 152.36 1
2.83 152.96 1
2.84 152.65 1
2.85 152.61 1
2.86 152.05 1
2.87 151.43 1
2.88 150.47 1
2.89 149.83 1
2.9 149.25 1
2.91 149.95 1
2.92 150.56 1
2.93 151.83 1
2.94 153.25 1
2.95 154.22 1
2.96 155.03 1
2.97 155.56 1
2.98 156.9 1
2.99 156.7 1
3.0 158.94 1
3.01 159.51 1
3.02 162.0 1
3.03 160.08 1
3.04 160.09 1
3.05 158.93 1
3.06 150.79 1
3.07 139.76 1
3.08 141.11 1
3.09 140.22 1
3.1 142.64 1
3.11 144.05 1
3.12 153.96 1
3.13 149.25 1
3.14 150.87 1
3.15 151.29 1
3.16 151.44 1
3.17 151.82 1
3.18 152.85 1
3.19 153.17 1
3.2 152.77 1
3.21 152.64 1
3.22 152.46 1
3.23 153.05 1
3.24 153.87 1
3.25 153.75 1
3.26 154.03 1
3.27 153.31 1
3.28 152.66 1
3.29 151.97 1
3.3 151.51 1
3.31 151.47 1
3.32 151.22 1
3.33 151.79 1
3.34 151.96 1
3.35 152.38 1
3.36 152.78 1
3.37 153.55 1
3.38 153.88 1
3.39 154.81 1
3.4 155.07 1
3.41 155.3 1
3.42 154.8 1
3.43 154.59 1
3.44 154.37 1
3.45 153.54 1
3.46 153.01 1
3.47 152.0 1
3.48 149.94 1
3.49 147.73 1
3.5 145.79 1
3.51 147.25 1
3.52 148.73 1
3.53 150.73 1
3.54 152.77 1
3.55 153.72 1
3.56 153.8 1
3.57 153.38 1
3.58 152.66 1
3.59 152.78 1
3.6 153.44 1
3.61 153.84 1
3.62 155.45 1
3.63 156.12 1
3.64 156.04 1
3.65 156.11 1
3.66 155.72 1
3.67 155.61 1
3.68 155.91 1
3.69 154.9 1
3.7 154.45 1
3.71 153.61 1
3.72 152.53 1
3.73 151.58 1
3.74 150.36 1
3.75 149.24 1
3.76 147.45 1
3.77 145.48 1
3.78 143.62 1
3.79 141.3 1
3.8 139.78 1
3.81 137.64 1
3.82 135.9 1
3.83 135.19 1
3.84 134.99 1
3.85 135.2 1
3.86 135.6 1
3.87 136.32 1
3.88 137.17 1
3.89 137.8 1
3.9 138.84 1
3.91 139.42 1
3.92 140.22 1
3.93 140.73 1
3.94 141.9 1
3.95 144.83 1
3.96 147.5 1
3.97 151.28 1
3.98 153.93 1
3.99 157.01 1
4.0 158.29 1
4.01 159.9 1
4.02 162.77 1
4.03 160.66 1
4.04 140.67 1
4.05 142.95 1
4.06 0.0 1
4.07 0.0 1
4.08 0.0 1
4.09 0.0 1
4.1 0.0 1
4.11 0.0 1
4.12 0.0 1
4.13 0.0 1
4.14 0.0 1
4.15 0.0 1
4.16 0.0 1
4.17 144.83 1
4.18 142.03 1
4.19 133.23 1
4.2 131.05 1
4.21 131.1 1
4.22 131.56 1
4.23 131.64 1
4.24 132.98 1
4.25 134.45 1
4.26 134.72 1
4.27 135.81 1
4.28 136.53 1
4.29 136.15 1
4.3 135.49 1
4.31 135.07 1
4.32 135.49 1
4.33 135.76 1
4.34 135.91 1
4.35 136.33 1
4.36 137.01 1
4.37 137.46 1
4.38 140.19 1
4.39 142.15 1
4.4 142.6 1
4.41 136.81 1
4.42 129.35 1
4.43 137.17 1
4.44 138.03 1
4.45 0.0 1
4.46 0.0 1
4.47 0.0 1
4.48 0.0 1
4.49 0.0 1
4.5 0.0 1
4.51 0.0 1
4.52 0.0 1
4.53 0.0 1
4.54 0.0 1
4.55 148.43 1
4.56 151.14 1
4.57 145.01 1
4.58 144.08 1
4.59 142.53 1
4.6 142.31 1
4.61 143.13 1
4.62 143.61 1
4.63 144.83 1
4.64 146.04 1
4.65 146.56 1
4.66 146.7 1
4.67 145.79 1
4.68 144.59 1
4.69 142.56 1
4.7 141.58 1
4.71 140.17 1
4.72 139.37 1
4.73 138.73 1
4.74 138.03 1
4.75 138.2 1
4.76 138.14 1
4.77 139.1 1
4.78 140.11 1
4.79 141.83 1
4.8 142.83 1
4.81 142.97 1
4.82 142.86 1
4.83 141.58 1
4.84 140.22 1
4.85 135.5 1
4.86 118.72 1
4.87 145.78 1
4.88 137.84 1
4.89 139.37 1
4.9 135.9 1
4.91 137.17 1
4.92 138.03 1
4.93 137.29 1
4.94 138.55 1
4.95 136.22 1
4.96 135.09 1
4.97 135.91 1
4.98 136.62 1
4.99 136.3 1
5.0 136.51 1
5.01 135.49 1
5.02 137.11 1
5.03 138.02 1
5.04 136.4 1
5.05 135.91 1
5.06 136.32 1
5.07 136.33 1
5.08 136.75 1
5.09 137.35 1
5.1 138.46 1
5.11 139.59 1
5.12 139.92 1
5.13 140.17 1
5.14 139.8 1
5.15 139.37 1
5.16 138.68 1
5.17 137.17 1
5.18 135.07 1
5.19 135.9 1
5.2 134.57 1
5.21 130.71 1
5.22 128.76 1
5.23 124.41 1
5.24 120.3 1
5.25 113.22 1
5.26 111.35 1
5.27 103.89 1
5.28 102.16 1
5.29 99.67 1
5.3 96.82 1
5.31 99.44 1
5.32 96.39 1
5.33 98.92 1
5.34 98.96 1
5.35 97.24 1
5.36 96.83 1
5.37 97.03 1
5.38 101.26 1
5.39 102.79 1
5.4 110.11 1
5.41 117.13 1
5.42 117.45 1
5.43 128.77 1
5.44 134.65 1
5.45 132.64 1
5.46 137.6 1
5.47 140.79 1
5.48 141.58 1
5.49 141.76 1
5.5 140.66 1
5.51 137.61 1
5.52 135.5 1
5.53 135.06 1
5.54 132.81 1
5.55 131.04 1
5.56 127.65 1
5.57 126.53 1
5.58 122.89 1
5.59 120.15 1
5.6 118.47 1
5.61 117.14 1
5.62 115.28 1
5.63 112.64 1
5.64 110.66 1
5.65 109.3 1
5.66 108.75 1
5.67 107.97 1
5.68 106.72 1
5.69 69.61 1
5.7 68.81 1
5.71 68.91 1
5.72 68.97 1
5.73 70.96 1
5.74 69.98 1
5.75 69.08 1
5.76 70.05 1
5.77 68.53 1
5.78 70.57 1
5.79 147.23 1
5.8 147.99 1
5.81 139.83 1
5.82 135.1 1
5.83 126.92 1
5.84 124.2 1
5.85 118.68 1
5.86 116.73 1
5.87 115.91 1
5.88 115.7 1
5.89 115.9 1
5.9 114.68 1
5.91 115.26 1
5.92 116.02 1
5.93 116.87 1
5.94 117.78 1
5.95 118.4 1
5.96 121.7 1
5.97 121.0 1
5.98 122.91 1
5.99 124.14 1
6.0 124.55 1
6.01 124.09 1
6.02 122.7 1
6.03 121.89 1
6.04 121.13 1
6.05 120.01 1
6.06 118.88 1
6.07 118.3 1
6.08 117.1 1
6.09 116.04 1
6.1 115.7 1
6.11 114.89 1
6.12 112.67 1
6.13 109.84 1
6.14 107.51 1
6.15 105.37 1
6.16 103.81 1
6.17 102.46 1
6.18 101.75 1
6.19 101.74 1
6.2 101.06 1
6.21 101.86 1
6.22 100.83 1
6.23 102.08 1
6.24 99.68 1
6.25 95.98 1
6.26 101.88 1
6.27 100.91 1
6.28 99.31 1
6.29 101.62 1
6.3 101.26 1
6.31 102.92 1
6.32 103.03 1
6.33 103.34 1
6.34 107.85 1
6.35 104.37 1
6.36 103.9 1
6.37 104.43 1
6.38 104.58 1
6.39 104.53 1
6.4 104.65 1
6.41 104.56 1
6.42 104.38 1
6.43 104.63 1
6.44 105.19 1
6.45 105.47 1
6.46 105.12 1
6.47 105.04 1
6.48 103.43 1
6.49 103.2 1
6.5 102.65 1
6.51 102.71 1
6.52 103.4 1
6.53 104.18 1
6.54 104.53 1
6.55 105.07 1
6.56 105.85 1
6.57 106.15 1
6.58 106.65 1
6.59 108.56 1
6.6 111.4 1
6.61 113.81 1
6.62 118.3 1
6.63 120.66 1
6.64 123.26 1
6.65 123.91 1
6.66 124.66 1
6.67 124.4 1
6.68 125.08 1
6.69 125.43 1
6.7 124.92 1
6.71 119.86 1
6.72 118.82 1
6.73 124.76 1
6.74 126.33 1
6.75 125.38 1
6.76 124.05 1
6.77 125.39 1
6.78 127.27 1
6.79 117.12 1
6.8 118.7 1
6.81 115.1 1
6.82 112.5 1
6.83 110.66 1
6.84 108.52 1
6.85 108.56 1
6.86 109.69 1
6.87 111.8 1
6.88 113.52 1
6.89 116.38 1
6.9 119.21 1
6.91 119.68 1
6.92 123.0 1
6.93 124.02 1
6.94 124.5 1
6.95 124.99 1
6.96 125.18 1
6.97 125.59 1
6.98 125.48 1
6.99 126.05 1
7.0 125.83 1
7.01 125.47 1
7.02 125.88 1
7.03 125.9 1
7.04 125.11 1
7.05 124.97 1
7.06 124.4 1
7.07 121.66 1
7.08 113.51 1
7.09 116.39 1
7.1 120.66 1
7.11 112.64 1
7.12 113.26 1
7.13 0.0 1
7.14 0.0 1
7.15 0.0 1
7.16 0.0 1
7.17 0.0 1
7.18 0.0 1
7.19 0.0 1
7.2 0.0 1
7.21 141.72 1
7.22 141.12 1
7.23 139.63 1
7.24 138.22 1
7.25 138.68 1
7.26 138.33 1
7.27 138.58 1
7.28 141.12 1
7.29 140.62 1
7.3 140.76 1
7.31 140.32 1
7.32 139.8 1
7.33 139.98 1
7.34 139.57 1
7.35 139.24 1
7.36 138.93 1
7.37 139.32 1
7.38 137.96 1
7.39 137.18 1
7.4 136.92 1
7.41 135.91 1
7.42 135.91 1
7.43 135.09 1
7.44 136.72 1
7.45 137.38 1
7.46 138.63 1
7.47 139.26 1
7.48 139.77 1
7.49 139.43 1
7.5 139.31 1
7.51 139.77 1
7.52 139.87 1
7.53 140.01 1
7.54 139.11 1
7.55 0.0 1
7.56 0.0 1
7.57 0.0 1
7.58 0.0 1
7.59 0.0 1
7.6 0.0 1
7.61 0.0 1
7.62 0.0 1
7.63 0.0 1
7.64 0.0 1
7.65 0.0 1
7.66 0.0 1
7.67 0.0 1
7.68 0.0 1
7.69 0.0 1
7.7 0.0 1
7.71 0.0 1
7.72 0.0 1
7.73 0.0 1
7.74 0.0 1
7.75 0.0 1
7.76 0.0 1
7.77 0.0 1
7.78 0.0 1
7.79 0.0 1
7.8 0.0 1
7.81 0.0 1
7.82 0.0 1
7.83 0.0 1
7.84 0.0 1
7.85 0.0 1
7.86 0.0 1
7.87 0.0 1
7.88 69.25 1
7.89 69.35 1
7.9 69.2 1
7.91 69.29 1
7.92 69.37 1
7.93 69.06 1
7.94 69.58 1
7.95 69.49 1
7.96 68.75 1
7.97 69.55 1
7.98 0.0 1
7.99 0.0 1
8.0 0.0 1
8.01 0.0 1
8.02 0.0 1
8.03 0.0 1
8.04 0.0 1
8.05 0.0 1
8.06 0.0 1
8.07 0.0 1
8.08 139.34 1
8.09 138.61 1
8.1 138.46 1
8.11 136.51 1
8.12 135.47 1
8.13 135.15 1
8.14 135.12 1
8.15 134.96 1
8.16 134.95 1
8.17 134.24 1
8.18 134.52 1
8.19 135.91 1
8.2 137.07 1
8.21 138.34 1
8.22 138.91 1
8.23 139.42 1
8.24 139.92 1
8.25 140.15 1
8.26 140.27 1
8.27 139.93 1
8.28 139.83 1
8.29 139.66 1
8.3 136.79 1
8.31 137.17 1
8.32 135.51 1
8.33 135.94 1
8.34 135.14 1
8.35 135.54 1
8.36 136.78 1
8.37 136.35 1
8.38 156.29 1
8.39 128.38 1
8.4 140.22 1
8.41 140.64 1
8.42 142.95 1
8.43 146.54 1
8.44 145.33 1
8.45 143.19 1
8.46 142.03 1
8.47 140.51 1
8.48 140.53 1
8.49 140.3 1
8.5 141.88 1
8.51 142.64 1
8.52 143.52 1
8.53 143.86 1
8.54 143.65 1
8.55 142.93 1
8.56 143.33 1
8.57 142.15 1
8.58 142.24 1
8.59 141.2 1
8.6 139.47 1
8.61 139.16 1
8.62 139.13 1
8.63 137.6 1
8.64 136.32 1
8.65 138.64 1
8.66 138.32 1
8.67 136.63 1
8.68 136.13 1
8.69 135.99 1
8.7 133.87 1
8.71 131.32 1
8.72 129.52 1
8.73 126.7 1
8.74 123.97 1
8.75 120.66 1
8.76 117.76 1
8.77 115.11 1
8.78 110.19 1
8.79 106.39 1
8.8 101.04 1
8.81 98.11 1
8.82 100.59 1
8.83 100.21 1
8.84 101.03 1
8.85 103.89 1
8.86 108.02 1
8.87 111.12 1
8.88 112.93 1
8.89 112.68 1
8.9 125.1 1
8.91 134.66 1
8.92 129.9 1
8.93 134.5 1
8.94 137.62 1
8.95 138.35 1
8.96 138.91 1
8.97 140.34 1
8.98 140.38 1
8.99 140.96 1
9.0 140.31 1
9.01 139.99 1
9.02 139.21 1
9.03 137.87 1
9.04 135.49 1
9.05 134.45 1
9.06 133.43 1
9.07 131.6 1
9.08 129.83 1
9.09 127.82 1
9.1 125.77 1
9.11 121.82 1
9.12 119.88 1
9.13 117.63 1
9.14 116.19 1
9.15 114.39 1
9.16 112.73 1
9.17 112.72 1
9.18 112.18 1
9.19 105.87 1
9.2 92.96 1
9.21 111.22 1
9.22 112.07 1
9.23 114.09 1
9.24 112.64 1
9.25 180.36 1
9.26 180.36 1
9.27 181.02 1
9.28 178.62 1
9.29 178.33 1
9.3 174.76 1
9.31 168.17 1
9.32 142.16 1
9.33 133.18 1
9.34 128.4 1
9.35 123.01 1
9.36 119.62 1
9.37 118.04 1
9.38 117.19 1
9.39 116.36 1
9.4 116.38 1
9.41 116.74 1
9.42 117.24 1
9.43 117.86 1
9.44 118.37 1
9.45 119.34 1
9.46 123.05 1
9.47 126.19 1
9.48 127.3 1
9.49 131.0 1
9.5 132.05 1
9.51 132.98 1
9.52 133.01 1
9.53 130.86 1
9.54 127.89 1
9.55 125.68 1
9.56 121.67 1
9.57 117.71 1
9.58 115.58 1
9.59 111.48 1
9.6 107.44 1
9.61 104.89 1
9.62 104.87 1
9.63 102.21 1
9.64 100.83 1
9.65 100.13 1
9.66 99.9 1
9.67 98.46 1
9.68 97.89 1
9.69 93.83 1
9.7 99.34 1
9.71 100.25 1
9.72 100.16 1
9.73 100.44 1
9.74 100.38 1
9.75 100.8 1
9.76 104.68 1
9.77 102.03 1
9.78 102.21 1
9.79 101.91 1
9.8 102.47 1
9.81 101.97 1
9.82 102.91 1
9.83 101.51 1
9.84 103.44 1
9.85 104.62 1
9.86 106.39 1
9.87 108.22 1
9.88 111.51 1
9.89 112.35 1
9.9 118.71 1
9.91 125.29 1
9.92 135.92 1
9.93 140.23 1
9.94 143.58 1
9.95 146.76 1
9.96 147.63 1
9.97 146.75 1
9.98 145.71 1
9.99 140.22 1
10.0 135.59 1
10.01 131.54 1
10.02 125.82 1
10.03 123.35 1
10.04 119.48 1
10.05 117.76 1
10.06 114.71 1
10.07 113.17 1
10.08 112.36 1
10.09 109.66 1
10.1 107.59 1
10.11 102.2 1
10.12 0.0 1
10.13 0.0 1
10.14 0.0 1
10.15 0.0 1
10.16 0.0 1
10.17 0.0 1
10.18 0.0 1
10.19 0.0 1
10.2 0.0 1
10.21 0.0 1
10.22 0.0 1
10.23 0.0 1
10.24 142.87 1
10.25 144.82 1
10.26 141.92 1
10.27 141.0 1
10.28 139.33 1
10.29 138.47 1
10.3 136.11 1
10.31 135.05 1
10.32 134.66 1
10.33 129.79 1
10.34 124.4 1
10.35 135.9 1
10.36 138.46 1
10.37 69.2 1
10.38 69.28 1
10.39 68.96 1
10.4 69.27 1
10.41 69.39 1
10.42 69.31 1
10.43 69.16 1
10.44 69.18 1
10.45 69.66 1
10.46 68.84 1
10.47 69.2 1
10.48 69.19 1
10.49 69.34 1
10.5 69.02 1
10.51 69.12 1
10.52 69.06 1
10.53 69.51 1
10.54 69.5 1
10.55 69.24 1
10.56 69.39 1
10.57 69.18 1
10.58 69.07 1
10.59 69.37 1
10.6 69.11 1
10.61 69.06 1
10.62 69.24 1
10.63 69.56 1
10.64 69.15 1
10.65 69.3 1
10.66 69.31 1
10.67 69.2 1
10.68 69.24 1
10.69 69.62 1
10.7 69.07 1
10.71 90.51 1
10.72 83.8 1
10.73 152.76 1
10.74 161.83 1
10.75 161.69 1
10.76 158.35 1
10.77 157.71 1
10.78 151.77 1
10.79 148.24 1
10.8 140.67 1
10.81 150.1 1
10.82 148.23 1
10.83 152.91 1
10.84 151.27 1
10.85 152.01 1
10.86 150.68 1
10.87 150.67 1
10.88 150.32 1
10.89 150.36 1
10.9 152.67 1
10.91 152.92 1
10.92 151.28 1
10.93 151.92 1
10.94 152.91 1
10.95 152.02 1
10.96 150.71 1
10.97 150.08 1
10.98 149.38 1
10.99 150.11 1
11.0 150.51 1
11.01 150.98 1
11.02 151.51 1
11.03 152.05 1
11.04 151.89 1
11.05 152.89 1
11.06 153.65 1
11.07 153.55 1
11.08 154.4 1
11.09 155.11 1
11.1 156.11 1
11.11 153.61 1
11.12 152.4 1
11.13 153.59 1
11.14 151.91 1
11.15 147.41 1
11.16 140.89 1
11.17 143.56 1
11.18 138.37 1
11.19 147.25 1
11.2 135.04 1
11.21 135.32 1
11.22 144.35 1
11.23 152.33 1
11.24 153.88 1
11.25 156.03 1
11.26 154.74 1
11.27 151.53 1
11.28 151.76 1
11.29 152.75 1
11.3 153.1 1
11.31 153.73 1
11.32 154.31 1
11.33 155.1 1
11.34 155.54 1
11.35 156.03 1
11.36 155.9 1
11.37 155.34 1
11.38 154.97 1
11.39 154.78 1
11.4 154.28 1
11.41 154.26 1
11.42 153.98 1
11.43 153.16 1
11.44 152.3 1
11.45 152.12 1
11.46 152.21 1
11.47 152.25 1
11.48 152.66 1
11.49 152.22 1
11.5 152.78 1
11.51 152.19 1
11.52 152.54 1
11.53 154.64 1
11.54 156.11 1
11.55 158.83 1
11.56 160.21 1
11.57 161.03 1
11.58 162.95 1
11.59 166.07 1
11.6 165.4 1
11.61 163.32 1
11.62 160.66 1
11.63 136.09 1
11.64 154.63 1
11.65 151.94 1
11.66 147.33 1
11.67 152.48 1
11.68 147.59 1
11.69 151.29 1
11.7 152.33 1
11.71 153.8 1
11.72 153.33 1
11.73 153.31 1
11.74 153.14 1
11.75 153.22 1
11.76 153.04 1
11.77 153.19 1
11.78 152.97 1
11.79 152.97 1
11.8 152.67 1
11.81 152.24 1
11.82 152.88 1
11.83 153.08 1
11.84 153.66 1
11.85 153.85 1
11.86 155.19 1
11.87 155.57 1
11.88 155.76 1
11.89 156.1 1
11.9 156.27 1
11.91 156.57 1
11.92 155.52 1
11.93 151.9 1
11.94 151.55 1
11.95 146.33 1
11.96 0.0 1
11.97 0.0 1
11.98 0.0 1
11.99 0.0 1
12.0 0.0 1
12.01 0.0 1
12.02 0.0 1
12.03 0.0 1
12.04 0.0 1
12.05 0.0 1
12.06 0.0 1
12.07 0.0 1
12.08 0.0 1
12.09 152.32 1
12.1 144.32 1
12.11 134.65 1
12.12 132.9 1
12.13 132.23 1
12.14 133.07 1
12.15 134.16 1
12.16 134.95 1
12.17 135.8 1
12.18 136.14 1
12.19 137.27 1
12.2 137.83 1
12.21 137.61 1
12.22 138.26 1
12.23 138.22 1
12.24 138.23 1
12.25 138.83 1
12.26 139.49 1
12.27 139.74 1
12.28 139.67 1
12.29 139.34 1
12.3 139.33 1
12.31 139.96 1
12.32 140.2 1
12.33 140.74 1
12.34 140.72 1
12.35 141.7 1
12.36 142.6 1
12.37 141.72 1
12.38 142.49 1
12.39 141.71 1
12.4 140.85 1
12.41 139.01 1
12.42 137.37 1
12.43 135.91 1
12.44 135.49 1
12.45 135.08 1
12.46 135.08 1
12.47 126.16 1
12.48 135.91 1
12.49 134.25 1
12.5 134.66 1
12.51 129.89 1
12.52 131.84 1
12.53 138.53 1
12.54 137.77 1
12.55 137.31 1
12.56 149.43 1
12.57 152.42 1
12.58 155.0 1
12.59 154.98 1
12.6 154.56 1
12.61 154.89 1
12.62 155.18 1
12.63 155.94 1
12.64 156.82 1
12.65 156.05 1
12.66 156.34 1
12.67 156.19 1
12.68 156.62 1
12.69 156.73 1
12.7 155.67 1
12.71 155.83 1
12.72 156.39 1
12.73 156.78 1
12.74 155.97 1
12.75 155.8 1
12.76 154.78 1
12.77 154.39 1
12.78 153.41 1
12.79 152.51 1
12.8 152.3 1
12.81 152.39 1
12.82 152.56 1
12.83 152.8 1
12.84 153.07 1
12.85 153.19 1
12.86 153.36 1
12.87 153.51 1
12.88 153.97 1
12.89 153.54 1
12.9 153.2 1
12.91 152.54 1
12.92 150.43 1
12.93 146.65 1
12.94 140.71 1
12.95 143.88 1
12.96 146.07 1
12.97 143.29 1
12.98 147.87 1
12.99 153.94 1
13.0 164.54 1
13.01 171.46 1
13.02 174.26 1
13.03 173.28 1
13.04 179.15 1
13.05 189.67 1
13.06 177.88 1
13.07 180.62 1
13.08 179.69 1
13.09 178.88 1
13.1 177.67 1
13.11 175.62 1
13.12 173.96 1
13.13 171.52 1
13.14 171.27 1
13.15 172.56 1
13.16 176.75 1
13.17 180.79 1
13.18 187.06 1
13.19 190.54 1
13.2 192.44 1
13.21 194.09 1
13.22 194.14 1
13.23 192.8 1
13.24 191.24 1
13.25 187.27 1
13.26 183.79 1
13.27 180.45 1
13.28 178.42 1
13.29 177.25 1
13.3 178.07 1
13.31 178.66 1
13.32 176.82 1
13.33 161.23 1
13.34 166.67 1
13.35 176.18 1
13.36 178.58 1
13.37 85.22 1
13.38 87.07 1
13.39 69.3 1
13.4 69.61 1
13.41 69.2 1
13.42 69.34 1
13.43 69.61 1
13.44 0.0 1
13.45 0.0 1
13.46 221.05 1
13.47 216.97 1
13.48 214.42 1
13.49 213.03 1
13.5 213.6 1
13.51 214.59 1
13.52 214.61 1
13.53 214.37 1
13.54 214.59 1
13.55 214.15 1
13.56 214.51 1
13.57 214.19 1
13.58 213.9 1
13.59 212.99 1
13.6 212.43 1
13.61 211.95 1
13.62 211.16 1
13.63 210.5 1
13.64 209.8 1
13.65 209.5 1
13.66 209.61 1
13.67 208.51 1
13.68 208.23 1
13.69 207.53 1
13.7 206.56 1
13.71 206.56 1
13.72 207.27 1
13.73 207.53 1
13.74 207.53 1
13.75 208.21 1
13.76 209.12 1
13.77 209.33 1
13.78 210.01 1
13.79 210.85 1
13.8 210.5 1
13.81 210.5 1
13.82 210.5 1
13.83 210.51 1
13.84 208.51 1
13.85 205.6 1
13.86 212.82 1
13.87 199.77 1
13.88 206.56 1
13.89 207.56 1
13.9 209.5 1
13.91 206.73 1
13.92 209.11 1
13.93 206.56 1
13.94 207.29 1
13.95 206.95 1
13.96 206.56 1
13.97 207.82 1
13.98 207.94 1
13.99 205.6 1
14.0 208.75 1
14.01 208.88 1
14.02 207.53 1
14.03 207.76 1
14.04 208.11 1
14.05 207.46 1
14.06 207.71 1
14.07 208.24 1
14.08 207.95 1
14.09 207.71 1
14.1 208.23 1
14.11 207.53 1
14.12 207.53 1
14.13 208.42 1
14.14 209.33 1
14.15 210.8 1
14.16 212.25 1
14.17 215.13 1
14.18 218.51 1
14.19 222.8 1
14.2 225.58 1
14.21 231.88 1
14.22 235.74 1
14.23 239.03 1
14.24 244.88 1
14.25 248.04 1
14.26 252.23 1
14.27 255.19 1
14.28 259.66 1
14.29 260.32 1
14.3 257.91 1
14.31 230.29 1
14.32 222.13 1
14.33 204.54 1
14.34 195.3 1
14.35 192.61 1
14.36 188.69 1
14.37 185.69 1
