0.01 225.01 1
0.02 221.77 1
0.03 218.45 1
0.04 214.69 1
0.05 202.64 1
0.06 205.28 1
0.07 207.53 1
0.08 203.0 1
0.09 203.16 1
0.1 200.72 1
0.11 203.7 1
0.12 204.42 1
0.13 200.06 1
0.14 204.74 1
0.15 205.54 1
0.16 205.69 1
0.17 206.08 1
0.18 203.7 1
0.19 206.3 1
0.2 207.61 1
0.21 199.84 1
0.22 207.84 1
0.23 210.5 1
0.24 205.6 1
0.25 206.56 1
0.26 210.5 1
0.27 208.04 1
0.28 205.6 1
0.29 209.5 1
0.3 208.97 1
0.31 206.57 1
0.32 208.33 1
0.33 208.16 1
0.34 202.76 1
0.35 206.15 1
0.36 210.5 1
0.37 209.16 1
0.38 209.51 1
0.39 215.81 1
0.4 219.16 1
0.41 223.44 1
0.42 225.59 1
0.43 232.53 1
0.44 235.53 1
0.45 238.61 1
0.46 241.05 1
0.47 243.23 1
0.48 245.56 1
0.49 246.67 1
0.5 247.7 1
0.51 248.31 1
0.52 249.32 1
0.53 248.97 1
0.54 249.19 1
0.55 249.21 1
0.56 249.62 1
0.57 250.09 1
0.58 250.56 1
0.59 250.03 1
0.6 249.06 1
0.61 249.81 1
0.62 247.37 1
0.63 247.05 1
0.64 245.98 1
0.65 245.69 1
0.66 247.01 1
0.67 244.23 1
0.68 243.55 1
0.69 244.28 1
0.7 240.83 1
0.71 239.51 1
0.72 238.56 1
0.73 237.79 1
0.74 236.44 1
0.75 234.01 1
0.76 232.39 1
0.77 230.9 1
0.78 229.15 1
0.79 228.35 1
0.8 226.75 1
0.81 227.92 1
0.82 230.88 1
0.83 232.63 1
0.84 235.33 1
0.85 236.55 1
0.86 238.52 1
0.87 240.24 1
0.88 242.77 1
0.89 245.65 1
0.9 245.42 1
0.91 246.33 1
0.92 246.38 1
0.93 243.03 1
0.94 245.0 1
0.95 245.26 1
0.96 245.2 1
0.97 246.22 1
0.98 246.16 1
0.99 245.9 1
1.0 247.01 1
1.01 245.68 1
1.02 246.02 1
1.03 245.78 1
1.04 244.37 1
1.05 245.47 1
1.06 245.45 1
1.07 245.47 1
1.08 245.57 1
1.09 245.14 1
1.1 244.18 1
1.11 244.3 1
1.12 242.94 1
1.13 242.13 1
1.14 241.6 1
1.15 240.34 1
1.16 238.87 1
1.17 237.36 1
1.18 235.73 1
1.19 233.78 1
1.2 232.95 1
1.21 232.04 1
1.22 232.21 1
1.23 232.73 1
1.24 233.97 1
1.25 237.39 1
1.26 239.64 1
1.27 241.37 1
1.28 243.0 1
1.29 244.35 1
1.3 245.34 1
1.31 246.07 1
1.32 246.29 1
1.33 245.91 1
1.34 245.64 1
1.35 245.73 1
1.36 245.11 1
1.37 244.7 1
1.38 244.0 1
1.39 243.99 1
1.4 243.59 1
1.41 243.99 1
1.42 244.4 1
1.43 244.8 1
1.44 245.44 1
1.45 245.92 1
1.46 246.16 1
1.47 245.84 1
1.48 245.67 1
1.49 244.48 1
1.5 243.1 1
1.51 241.88 1
1.52 240.15 1
1.53 238.18 1
1.54 235.64 1
1.55 233.27 1
1.56 231.34 1
1.57 229.08 1
1.58 229.78 1
1.59 231.02 1
1.6 232.41 1
1.61 233.59 1
1.62 235.92 1
1.63 238.09 1
1.64 240.79 1
1.65 243.47 1
1.66 244.76 1
1.67 246.19 1
1.68 247.35 1
1.69 247.78 1
1.7 248.28 1
1.71 248.45 1
1.72 249.04 1
1.73 249.46 1
1.74 249.32 1
1.75 249.26 1
1.76 248.69 1
1.77 248.69 1
1.78 248.4 1
1.79 248.72 1
1.8 248.57 1
1.81 248.62 1
1.82 248.37 1
1.83 248.33 1
1.84 248.09 1
1.85 247.41 1
1.86 247.39 1
1.87 246.77 1
1.88 246.35 1
1.89 246.19 1
1.9 245.38 1
1.91 244.02 1
1.92 243.23 1
1.93 242.0 1
1.94 240.53 1
1.95 238.77 1
1.96 236.59 1
1.97 234.09 1
1.98 231.5 1
1.99 229.27 1
2.0 229.78 1
2.01 230.29 1
2.02 233.24 1
2.03 234.97 1
2.04 237.43 1
2.05 240.11 1
2.06 242.18 1
2.07 244.21 1
2.08 246.18 1
2.09 248.46 1
2.1 249.44 1
2.11 250.12 1
2.12 250.06 1
2.13 250.3 1
2.14 249.79 1
2.15 249.46 1
2.16 248.76 1
2.17 248.7 1
2.18 248.66 1
2.19 248.6 1
2.2 248.75 1
2.21 248.45 1
2.22 249.04 1
2.23 248.68 1
2.24 248.77 1
2.25 247.97 1
2.26 247.21 1
2.27 247.15 1
2.28 246.3 1
2.29 246.26 1
2.3 245.68 1
2.31 244.76 1
2.32 243.75 1
2.33 242.97 1
2.34 240.19 1
2.35 237.33 1
2.36 235.5 1
2.37 230.95 1
2.38 227.96 1
2.39 225.19 1
2.4 225.78 1
2.41 227.19 1
2.42 229.09 1
2.43 231.93 1
2.44 235.09 1
2.45 238.55 1
2.46 240.32 1
2.47 242.85 1
2.48 244.79 1
2.49 246.23 1
2.5 247.01 1
2.51 248.3 1
2.52 249.28 1
2.53 250.24 1
2.54 251.04 1
2.55 251.37 1
2.56 251.3 1
2.57 251.82 1
2.58 251.97 1
2.59 251.41 1
2.6 250.72 1
2.61 250.96 1
2.62 250.95 1
2.63 251.3 1
2.64 251.2 1
2.65 251.35 1
2.66 250.58 1
2.67 249.58 1
2.68 248.57 1
2.69 247.15 1
2.7 245.24 1
2.71 241.94 1
2.72 239.02 1
2.73 234.98 1
2.74 227.99 1
2.75 218.61 1
2.76 214.6 1
2.77 208.74 1
2.78 194.68 1
2.79 182.35 1
2.8 0.0 1
2.81 0.0 1
2.82 0.0 1
2.83 0.0 1
2.84 0.0 1
2.85 0.0 1
2.86 0.0 1
2.87 0.0 1
2.88 0.0 1
2.89 0.0 1
2.9 0.0 1
2.91 0.0 1
2.92 311.13 1
2.93 284.27 1
2.94 282.72 1
2.95 279.48 1
2.96 275.24 1
2.97 274.89 1
2.98 275.17 1
2.99 275.17 1
3.0 274.08 1
3.01 273.66 1
3.02 272.17 1
3.03 270.84 1
3.04 269.59 1
3.05 267.85 1
3.06 265.53 1
3.07 262.3 1
3.08 258.65 1
3.09 254.21 1
3.1 248.57 1
3.11 245.36 1
3.12 231.81 1
3.13 234.51 1
3.14 228.4 1
3.15 226.74 1
3.16 224.19 1
3.17 223.24 1
3.18 224.57 1
3.19 226.74 1
3.2 232.73 1
3.21 239.08 1
3.22 250.73 1
3.23 261.76 1
3.24 278.39 1
3.25 294.99 1
3.26 313.55 1
3.27 351.46 1
3.28 369.25 1
3.29 366.03 1
3.3 357.1 1
3.31 356.02 1
3.32 336.84 1
3.33 304.92 1
3.34 289.69 1
3.35 274.76 1
3.36 255.55 1
3.37 244.4 1
3.38 249.8 1
3.39 268.08 1
3.4 266.47 1
3.41 267.11 1
3.42 265.96 1
3.43 266.23 1
3.44 266.02 1
3.45 263.31 1
3.46 265.51 1
3.47 266.4 1
3.48 268.08 1
3.49 269.18 1
3.5 270.34 1
3.51 271.98 1
3.52 273.19 1
3.53 274.64 1
3.54 275.47 1
3.55 275.47 1
3.56 274.09 1
3.57 271.72 1
3.58 267.27 1
3.59 262.45 1
3.6 256.9 1
3.61 249.89 1
3.62 244.99 1
3.63 237.55 1
3.64 231.92 1
3.65 229.46 1
3.66 228.08 1
3.67 227.91 1
3.68 227.31 1
3.69 226.32 1
3.7 228.04 1
3.71 230.29 1
3.72 232.73 1
3.73 240.17 1
3.74 244.21 1
3.75 248.84 1
3.76 253.58 1
3.77 257.15 1
3.78 260.03 1
3.79 259.69 1
3.8 255.99 1
3.81 181.1 1
3.82 223.38 1
3.83 207.76 1
3.84 192.35 1
3.85 183.63 1
3.86 180.01 1
3.87 180.37 1
3.88 198.2 1
3.89 186.26 1
3.9 0.0 1
3.91 0.0 1
3.92 0.0 1
3.93 0.0 1
3.94 0.0 1
3.95 0.0 1
3.96 0.0 1
3.97 0.0 1
3.98 219.81 1
3.99 210.7 1
4.0 208.93 1
4.01 207.6 1
4.02 206.56 1
4.03 207.53 1
4.04 208.31 1
4.05 208.7 1
4.06 209.46 1
4.07 210.08 1
4.08 210.46 1
4.09 210.95 1
4.1 211.53 1
4.11 211.26 1
4.12 210.24 1
4.13 209.33 1
4.14 208.7 1
4.15 208.46 1
4.16 206.57 1
4.17 206.56 1
4.18 205.61 1
4.19 206.56 1
4.2 207.54 1
4.21 210.5 1
4.22 211.85 1
4.23 212.48 1
4.24 214.17 1
4.25 213.8 1
4.26 210.5 1
4.27 206.57 1
4.28 203.7 1
4.29 202.86 1
4.3 195.1 1
4.31 185.19 1
4.32 181.47 1
4.33 179.63 1
4.34 172.58 1
4.35 176.38 1
4.36 174.81 1
4.37 176.75 1
4.38 181.11 1
4.39 173.96 1
4.4 177.69 1
4.41 178.31 1
4.42 178.61 1
4.43 178.54 1
4.44 178.49 1
4.45 179.69 1
4.46 183.04 1
4.47 184.06 1
4.48 185.9 1
4.49 186.18 1
4.5 186.4 1
4.51 186.02 1
4.52 187.09 1
4.53 188.47 1
4.54 189.55 1
4.55 189.62 1
4.56 188.84 1
4.57 187.48 1
4.58 185.65 1
4.59 184.34 1
4.6 184.0 1
4.61 184.14 1
4.62 184.15 1
4.63 185.38 1
4.64 185.93 1
4.65 186.09 1
4.66 185.68 1
4.67 184.91 1
4.68 184.88 1
4.69 184.14 1
4.7 183.74 1
4.71 183.32 1
4.72 183.21 1
4.73 183.39 1
4.74 184.15 1
4.75 184.67 1
4.76 183.36 1
4.77 161.24 1
4.78 176.74 1
4.79 163.36 1
4.8 173.97 1
4.81 168.65 1
4.82 173.49 1
4.83 178.28 1
4.84 184.69 1
4.85 185.31 1
4.86 184.81 1
4.87 184.79 1
4.88 184.71 1
4.89 184.14 1
4.9 184.65 1
4.91 185.11 1
4.92 184.14 1
4.93 185.63 1
4.94 186.57 1
4.95 186.48 1
4.96 186.47 1
4.97 185.73 1
4.98 185.13 1
4.99 185.17 1
5.0 185.64 1
5.01 184.14 1
5.02 186.19 1
5.03 185.69 1
5.04 184.16 1
5.05 183.38 1
5.06 184.04 1
5.07 182.92 1
5.08 181.63 1
5.09 180.91 1
5.1 179.77 1
5.11 179.26 1
5.12 179.33 1
5.13 179.31 1
5.14 179.04 1
5.15 178.42 1
5.16 177.64 1
5.17 177.3 1
5.18 175.62 1
5.19 174.67 1
5.2 173.09 1
5.21 171.09 1
5.22 168.65 1
5.23 167.09 1
5.24 164.21 1
5.25 162.14 1
5.26 160.66 1
5.27 157.84 1
5.28 155.56 1
5.29 155.35 1
5.3 155.12 1
5.31 153.19 1
5.32 152.86 1
5.33 151.62 1
5.34 150.81 1
5.35 151.36 1
5.36 151.89 1
5.37 152.72 1
5.38 152.33 1
5.39 152.7 1
5.4 151.67 1
5.41 149.53 1
5.42 148.24 1
5.43 152.86 1
5.44 142.02 1
5.45 156.11 1
5.46 142.48 1
5.47 168.2 1
5.48 154.3 1
5.49 152.86 1
5.5 156.66 1
5.51 159.49 1
5.52 158.25 1
5.53 158.35 1
5.54 155.9 1
5.55 153.84 1
5.56 153.02 1
5.57 152.39 1
5.58 152.25 1
5.59 152.27 1
5.6 152.13 1
5.61 152.15 1
5.62 152.53 1
5.63 152.46 1
5.64 153.22 1
5.65 153.42 1
5.66 154.1 1
5.67 154.78 1
5.68 155.63 1
5.69 155.52 1
5.7 155.22 1
5.71 154.37 1
5.72 153.72 1
5.73 153.56 1
5.74 153.21 1
5.75 153.52 1
5.76 154.47 1
5.77 157.02 1
5.78 158.36 1
5.79 160.66 1
5.8 162.43 1
5.81 166.1 1
5.82 168.16 1
5.83 168.33 1
5.84 167.67 1
5.85 166.38 1
5.86 164.77 1
5.87 163.03 1
5.88 159.76 1
5.89 153.39 1
5.9 144.52 1
5.91 145.79 1
5.92 161.83 1
5.93 141.11 1
5.94 160.13 1
5.95 165.47 1
5.96 143.65 1
5.97 149.42 1
5.98 151.91 1
5.99 153.73 1
6.0 153.48 1
6.01 152.71 1
6.02 153.2 1
6.03 153.14 1
6.04 153.9 1
6.05 154.27 1
6.06 154.17 1
6.07 153.77 1
6.08 153.02 1
6.09 152.78 1
6.1 152.58 1
6.11 152.33 1
6.12 153.29 1
6.13 153.92 1
6.14 154.54 1
6.15 155.35 1
6.16 155.01 1
6.17 155.53 1
6.18 155.97 1
6.19 152.34 1
6.2 152.75 1
6.21 0.0 1
6.22 0.0 1
6.23 0.0 1
6.24 0.0 1
6.25 0.0 1
6.26 0.0 1
6.27 0.0 1
6.28 0.0 1
6.29 0.0 1
6.3 0.0 1
6.31 0.0 1
6.32 185.33 1
6.33 133.68 1
6.34 137.31 1
6.35 132.62 1
6.36 132.63 1
6.37 132.75 1
6.38 132.46 1
6.39 132.69 1
6.4 132.72 1
6.41 132.91 1
6.42 132.98 1
6.43 133.66 1
6.44 133.84 1
6.45 133.84 1
6.46 132.65 1
6.47 130.49 1
6.48 126.5 1
6.49 69.46 1
6.5 69.21 1
6.51 69.28 1
6.52 69.73 1
6.53 68.37 1
6.54 69.88 1
6.55 69.42 1
6.56 68.86 1
6.57 69.61 1
6.58 69.41 1
6.59 69.08 1
6.6 69.61 1
6.61 69.26 1
6.62 69.07 1
6.63 69.84 1
6.64 69.14 1
6.65 68.79 1
6.66 69.89 1
6.67 69.1 1
6.68 69.51 1
6.69 70.03 1
6.7 68.85 1
6.71 69.74 1
6.72 70.17 1
6.73 68.82 1
6.74 69.35 1
6.75 69.17 1
6.76 69.29 1
6.77 69.4 1
6.78 68.74 1
6.79 69.32 1
6.8 69.39 1
6.81 69.29 1
6.82 69.69 1
6.83 69.43 1
6.84 69.21 1
6.85 69.83 1
6.86 69.46 1
6.87 69.24 1
6.88 69.31 1
6.89 69.28 1
6.9 69.36 1
6.91 69.65 1
6.92 69.34 1
6.93 56.74 1
6.94 86.05 1
6.95 92.16 1
6.96 98.22 1
6.97 97.24 1
6.98 96.92 1
6.99 99.2 1
7.0 96.92 1
7.01 97.15 1
7.02 97.03 1
7.03 97.89 1
7.04 98.94 1
7.05 99.85 1
7.06 100.8 1
7.07 102.92 1
7.08 105.88 1
7.09 106.91 1
7.1 107.96 1
7.11 109.84 1
7.12 112.04 1
7.13 113.22 1
7.14 113.47 1
7.15 113.98 1
7.16 115.65 1
7.17 116.64 1
7.18 118.2 1
7.19 118.21 1
7.2 118.39 1
7.21 118.79 1
7.22 117.76 1
7.23 118.83 1
7.24 119.34 1
7.25 120.18 1
7.26 120.33 1
7.27 120.33 1
7.28 120.24 1
7.29 119.68 1
7.3 120.28 1
7.31 120.25 1
7.32 120.04 1
7.33 120.01 1
7.34 119.68 1
7.35 119.56 1
7.36 119.03 1
7.37 119.13 1
7.38 118.71 1
7.39 119.35 1
7.4 119.96 1
7.41 119.91 1
7.42 120.16 1
7.43 120.25 1
7.44 120.13 1
7.45 120.63 1
7.46 119.85 1
7.47 120.08 1
7.48 120.64 1
7.49 120.0 1
7.5 120.09 1
7.51 119.8 1
7.52 119.74 1
7.53 119.68 1
7.54 119.45 1
7.55 118.46 1
7.56 116.81 1
7.57 116.3 1
7.58 115.56 1
7.59 114.92 1
7.6 114.87 1
7.61 115.46 1
7.62 115.2 1
7.63 115.46 1
7.64 115.89 1
7.65 117.01 1
7.66 117.51 1
7.67 117.31 1
7.68 117.28 1
7.69 118.49 1
7.7 118.08 1
7.71 119.54 1
7.72 120.0 1
7.73 120.67 1
7.74 121.39 1
7.75 121.85 1
7.76 121.85 1
7.77 121.6 1
7.78 120.99 1
7.79 120.93 1
7.8 120.45 1
7.81 120.06 1
7.82 120.3 1
7.83 120.01 1
7.84 120.78 1
7.85 120.98 1
7.86 120.66 1
7.87 121.18 1
7.88 120.53 1
7.89 120.33 1
7.9 120.01 1
7.91 119.86 1
7.92 118.76 1
7.93 118.61 1
7.94 118.59 1
7.95 118.24 1
7.96 117.86 1
7.97 117.35 1
7.98 116.56 1
7.99 116.26 1
8.0 115.84 1
8.01 116.02 1
8.02 115.67 1
8.03 116.56 1
8.04 116.83 1
8.05 117.29 1
8.06 118.32 1
8.07 119.34 1
8.08 119.36 1
8.09 120.42 1
8.1 121.0 1
8.11 121.51 1
8.12 121.47 1
8.13 121.32 1
8.14 121.3 1
8.15 121.34 1
8.16 120.99 1
8.17 120.98 1
8.18 120.66 1
8.19 120.33 1
8.2 119.69 1
8.21 120.05 1
8.22 119.8 1
8.23 119.75 1
8.24 119.04 1
8.25 118.81 1
8.26 118.54 1
8.27 117.71 1
8.28 116.82 1
8.29 116.84 1
8.3 116.44 1
8.31 116.0 1
8.32 116.2 1
8.33 115.87 1
8.34 115.35 1
8.35 115.11 1
8.36 115.41 1
8.37 115.12 1
8.38 115.61 1
8.39 116.67 1
8.4 116.65 1
8.41 116.46 1
8.42 116.84 1
8.43 117.32 1
8.44 118.15 1
8.45 118.71 1
8.46 119.03 1
8.47 119.41 1
8.48 119.35 1
8.49 119.75 1
8.5 119.28 1
8.51 118.64 1
8.52 118.57 1
8.53 118.16 1
8.54 117.87 1
8.55 117.69 1
8.56 117.24 1
8.57 116.68 1
8.58 116.85 1
8.59 116.21 1
8.6 115.9 1
8.61 115.6 1
8.62 115.5 1
8.63 116.07 1
8.64 116.44 1
8.65 116.81 1
8.66 117.87 1
8.67 118.73 1
8.68 120.04 1
8.69 120.85 1
8.7 122.52 1
8.71 122.84 1
8.72 125.08 1
8.73 123.75 1
8.74 123.27 1
8.75 122.01 1
8.76 122.66 1
8.77 120.6 1
8.78 119.38 1
8.79 118.61 1
8.8 117.47 1
8.81 116.96 1
8.82 114.1 1
8.83 112.1 1
8.84 110.18 1
8.85 109.76 1
8.86 104.6 1
8.87 92.09 1
8.88 0.0 1
8.89 0.0 1
8.9 0.0 1
8.91 0.0 1
8.92 0.0 1
8.93 0.0 1
8.94 0.0 1
8.95 0.0 1
8.96 0.0 1
8.97 0.0 1
8.98 0.0 1
8.99 0.0 1
9.0 0.0 1
9.01 0.0 1
9.02 135.67 1
9.03 144.87 1
9.04 148.13 1
9.05 141.71 1
9.06 140.67 1
9.07 140.66 1
9.08 139.17 1
9.09 139.22 1
9.1 139.28 1
9.11 139.13 1
9.12 139.25 1
9.13 139.19 1
9.14 139.58 1
9.15 139.28 1
9.16 138.53 1
9.17 138.04 1
9.18 137.13 1
9.19 136.69 1
9.2 136.68 1
9.21 136.21 1
9.22 135.09 1
9.23 135.5 1
9.24 134.27 1
9.25 134.73 1
9.26 134.21 1
9.27 133.98 1
9.28 133.45 1
9.29 134.17 1
9.3 133.46 1
9.31 135.62 1
9.32 134.68 1
9.33 134.66 1
9.34 119.44 1
9.35 146.57 1
9.36 140.64 1
9.37 137.21 1
9.38 139.26 1
9.39 138.98 1
9.4 136.74 1
9.41 137.17 1
9.42 142.31 1
9.43 140.02 1
9.44 140.1 1
9.45 140.07 1
9.46 139.99 1
9.47 140.25 1
9.48 139.87 1
9.49 139.53 1
9.5 139.85 1
9.51 138.92 1
9.52 138.47 1
9.53 138.25 1
9.54 137.8 1
9.55 137.02 1
9.56 136.64 1
9.57 135.59 1
9.58 134.92 1
9.59 132.74 1
9.6 129.91 1
9.61 128.45 1
9.62 125.1 1
9.63 123.3 1
9.64 121.2 1
9.65 118.4 1
9.66 115.0 1
9.67 113.22 1
9.68 111.29 1
9.69 110.41 1
9.7 109.91 1
9.71 110.78 1
9.72 111.17 1
9.73 111.95 1
9.74 112.1 1
9.75 113.95 1
9.76 116.51 1
9.77 118.63 1
9.78 120.99 1
9.79 125.6 1
9.8 128.79 1
9.81 130.66 1
9.82 132.24 1
9.83 133.08 1
9.84 132.58 1
9.85 0.0 1
9.86 0.0 1
9.87 0.0 1
9.88 0.0 1
9.89 0.0 1
9.9 0.0 1
9.91 0.0 1
9.92 0.0 1
9.93 0.0 1
9.94 0.0 1
9.95 0.0 1
9.96 0.0 1
9.97 0.0 1
9.98 0.0 1
9.99 0.0 1
10.0 104.87 1
10.01 101.02 1
10.02 100.03 1
10.03 100.83 1
10.04 100.39 1
10.05 100.86 1
10.06 100.8 1
10.07 101.77 1
10.08 101.97 1
10.09 102.54 1
10.1 103.4 1
10.11 103.39 1
10.12 103.15 1
10.13 102.75 1
10.14 102.86 1
10.15 102.66 1
10.16 102.45 1
10.17 103.52 1
10.18 103.88 1
10.19 103.79 1
10.2 104.13 1
10.21 104.13 1
10.22 103.8 1
10.23 103.83 1
10.24 104.45 1
10.25 104.23 1
10.26 104.74 1
10.27 105.16 1
10.28 104.72 1
10.29 104.8 1
10.3 108.49 1
10.31 108.85 1
10.32 108.4 1
10.33 108.39 1
10.34 108.51 1
10.35 108.33 1
10.36 108.05 1
10.37 113.38 1
10.38 110.86 1
10.39 109.84 1
10.4 109.63 1
10.41 109.87 1
10.42 109.84 1
10.43 110.43 1
10.44 110.38 1
10.45 110.41 1
10.46 110.94 1
10.47 111.47 1
10.48 111.31 1
10.49 111.45 1
10.5 110.21 1
10.51 109.29 1
10.52 107.05 1
10.53 101.26 1
10.54 92.96 1
10.55 93.93 1
10.56 92.35 1
10.57 87.94 1
10.58 91.63 1
10.59 92.55 1
10.6 97.25 1
10.61 106.14 1
10.62 123.69 1
10.63 134.43 1
10.64 141.92 1
10.65 150.62 1
10.66 154.83 1
10.67 150.28 1
10.68 140.67 1
10.69 135.66 1
10.7 139.78 1
10.71 68.64 1
10.72 69.77 1
10.73 69.23 1
10.74 69.15 1
10.75 69.39 1
10.76 69.23 1
10.77 69.3 1
10.78 69.07 1
10.79 69.24 1
10.8 69.16 1
10.81 110.56 1
10.82 103.89 1
10.83 105.33 1
10.84 106.65 1
10.85 108.72 1
10.86 108.75 1
10.87 107.96 1
10.88 108.6 1
10.89 109.22 1
10.9 109.92 1
10.91 111.21 1
10.92 110.28 1
10.93 110.7 1
10.94 110.42 1
10.95 110.07 1
10.96 110.28 1
10.97 110.39 1
10.98 110.07 1
10.99 109.84 1
11.0 109.33 1
11.01 109.7 1
11.02 109.98 1
11.03 108.96 1
11.04 108.79 1
11.05 108.47 1
11.06 107.18 1
11.07 108.23 1
11.08 107.97 1
11.09 106.66 1
11.1 106.4 1
11.11 107.18 1
11.12 107.43 1
11.13 107.43 1
11.14 106.91 1
11.15 108.49 1
11.16 108.15 1
11.17 105.38 1
11.18 105.8 1
11.19 105.71 1
11.2 108.22 1
11.21 105.16 1
11.22 103.77 1
11.23 103.89 1
11.24 103.9 1
11.25 103.42 1
11.26 103.18 1
11.27 102.96 1
11.28 103.64 1
11.29 101.27 1
11.3 104.37 1
11.31 105.79 1
11.32 106.65 1
11.33 107.69 1
11.34 110.11 1
11.35 115.9 1
11.36 120.34 1
11.37 126.17 1
11.38 131.83 1
11.39 136.33 1
11.4 141.77 1
11.41 143.02 1
11.42 143.89 1
11.43 144.83 1
11.44 142.8 1
11.45 142.01 1
11.46 135.92 1
11.47 131.0 1
11.48 126.18 1
11.49 120.02 1
11.5 116.11 1
11.51 107.8 1
11.52 110.9 1
11.53 112.13 1
11.54 69.5 1
11.55 69.24 1
11.56 69.29 1
11.57 69.26 1
11.58 69.32 1
11.59 69.29 1
11.6 69.3 1
11.61 69.42 1
11.62 69.38 1
11.63 69.21 1
11.64 69.26 1
11.65 69.42 1
11.66 69.14 1
11.67 69.28 1
11.68 69.28 1
11.69 69.04 1
11.7 69.5 1
11.71 69.62 1
11.72 69.39 1
11.73 69.39 1
11.74 69.3 1
11.75 69.07 1
11.76 69.27 1
11.77 69.33 1
11.78 68.97 1
11.79 69.26 1
11.8 69.26 1
11.81 69.04 1
11.82 69.65 1
11.83 69.34 1
11.84 69.07 1
11.85 0.0 1
11.86 0.0 1
11.87 0.0 1
11.88 0.0 1
11.89 0.0 1
11.9 0.0 1
11.91 0.0 1
11.92 135.07 1
11.93 136.32 1
11.94 130.56 1
11.95 130.66 1
11.96 131.82 1
11.97 130.89 1
11.98 131.83 1
11.99 131.11 1
12.0 132.31 1
12.01 132.99 1
12.02 133.43 1
12.03 133.4 1
12.04 133.81 1
12.05 134.35 1
12.06 134.8 1
12.07 135.74 1
12.08 136.45 1
12.09 137.17 1
12.1 137.17 1
12.11 136.33 1
12.12 134.67 1
12.13 133.44 1
12.14 145.32 1
12.15 135.9 1
12.16 137.38 1
12.17 133.43 1
12.18 130.77 1
12.19 139.01 1
12.2 139.86 1
12.21 142.03 1
12.22 144.81 1
12.23 148.04 1
12.24 150.26 1
12.25 149.61 1
12.26 149.99 1
12.27 149.66 1
12.28 150.06 1
12.29 149.09 1
12.3 149.38 1
12.31 149.5 1
12.32 151.42 1
12.33 152.32 1
12.34 153.68 1
12.35 155.14 1
12.36 155.92 1
12.37 156.31 1
12.38 156.45 1
12.39 155.9 1
12.4 155.8 1
12.41 155.17 1
12.42 154.5 1
12.43 154.0 1
12.44 152.41 1
12.45 151.22 1
12.46 153.24 1
12.47 146.22 1
12.48 153.06 1
12.49 158.5 1
12.5 162.04 1
12.51 160.71 1
12.52 159.98 1
12.53 159.92 1
12.54 160.4 1
12.55 165.61 1
12.56 153.2 1
12.57 152.93 1
12.58 152.01 1
12.59 152.1 1
12.6 152.64 1
12.61 152.34 1
12.62 152.82 1
12.63 152.48 1
12.64 152.39 1
12.65 152.65 1
12.66 151.84 1
12.67 151.8 1
12.68 150.13 1
12.69 149.08 1
12.7 145.43 1
12.71 136.75 1
12.72 111.95 1
12.73 105.88 1
12.74 102.68 1
12.75 105.86 1
12.76 110.72 1
12.77 118.11 1
12.78 135.9 1
12.79 137.79 1
12.8 149.52 1
12.81 158.35 1
12.82 169.69 1
12.83 176.43 1
12.84 184.49 1
12.85 180.55 1
12.86 168.03 1
12.87 167.37 1
12.88 0.0 1
12.89 0.0 1
12.9 0.0 1
12.91 0.0 1
12.92 0.0 1
12.93 0.0 1
12.94 0.0 1
12.95 0.0 1
12.96 0.0 1
12.97 0.0 1
12.98 0.0 1
12.99 145.78 1
13.0 141.39 1
13.01 135.07 1
13.02 134.91 1
13.03 135.86 1
13.04 137.59 1
13.05 138.09 1
13.06 138.83 1
13.07 138.96 1
13.08 139.23 1
13.09 139.41 1
13.1 138.04 1
13.11 137.68 1
13.12 137.69 1
13.13 137.6 1
13.14 137.86 1
13.15 138.55 1
13.16 138.52 1
13.17 138.38 1
13.18 138.49 1
13.19 138.24 1
13.2 137.59 1
13.21 137.17 1
13.22 138.52 1
13.23 138.24 1
13.24 138.58 1
13.25 138.92 1
13.26 138.97 1
13.27 138.37 1
13.28 136.74 1
13.29 142.96 1
13.3 141.57 1
13.31 129.58 1
13.32 138.9 1
13.33 136.53 1
13.34 134.28 1
13.35 140.67 1
13.36 155.95 1
13.37 152.63 1
13.38 160.6 1
13.39 166.19 1
13.4 167.43 1
13.41 167.92 1
13.42 166.77 1
13.43 164.55 1
13.44 161.0 1
13.45 159.1 1
13.46 154.7 1
13.47 151.34 1
13.48 150.25 1
13.49 149.08 1
13.5 149.27 1
13.51 149.67 1
13.52 151.1 1
13.53 152.38 1
13.54 157.79 1
13.55 163.4 1
13.56 166.11 1
13.57 170.89 1
13.58 173.07 1
13.59 174.64 1
13.6 174.41 1
13.61 172.37 1
13.62 169.36 1
13.63 164.14 1
13.64 157.33 1
13.65 153.82 1
13.66 148.23 1
13.67 149.13 1
13.68 150.17 1
13.69 153.51 1
13.7 159.22 1
13.71 166.57 1
13.72 170.06 1
13.73 162.7 1
13.74 186.47 1
13.75 189.41 1
13.76 190.08 1
13.77 191.38 1
13.78 188.87 1
13.79 189.01 1
13.8 179.76 1
13.81 175.3 1
13.82 165.13 1
13.83 160.75 1
13.84 156.62 1
13.85 153.03 1
13.86 150.26 1
13.87 146.27 1
13.88 145.79 1
13.89 146.27 1
13.9 149.3 1
13.91 152.34 1
13.92 158.35 1
13.93 164.67 1
13.94 176.04 1
13.95 183.54 1
13.96 188.25 1
13.97 195.77 1
13.98 203.52 1
13.99 208.48 1
14.0 210.3 1
14.01 215.64 1
14.02 214.87 1
14.03 216.03 1
14.04 215.14 1
14.05 213.74 1
14.06 211.31 1
14.07 208.15 1
14.08 204.57 1
14.09 197.03 1
14.1 188.06 1
14.11 177.84 1
14.12 165.98 1
14.13 164.25 1
14.14 159.99 1
14.15 158.23 1
14.16 154.2 1
14.17 71.33 1
14.18 69.39 1
14.19 69.03 1
14.2 69.73 1
14.21 69.94 1
14.22 69.57 1
14.23 69.43 1
14.24 68.83 1
14.25 69.49 1
14.26 0.0 1
14.27 0.0 1
14.28 226.75 1
14.29 204.11 1
14.3 203.36 1
14.31 203.38 1
14.32 204.2 1
14.33 205.6 1
14.34 207.35 1
14.35 208.4 1
14.36 209.76 1
14.37 211.03 1
14.38 211.95 1
14.39 212.22 1
14.4 212.1 1
14.41 212.67 1
14.42 212.91 1
14.43 212.31 1
14.44 211.45 1
14.45 210.56 1
14.46 210.29 1
14.47 209.86 1
14.48 209.5 1
14.49 208.84 1
14.5 207.53 1
14.51 207.53 1
14.52 206.57 1
14.53 207.53 1
14.54 209.17 1
14.55 208.52 1
14.56 209.51 1
14.57 209.65 1
14.58 207.54 1
14.59 204.65 1
14.6 209.98 1
14.61 204.64 1
14.62 210.11 1
14.63 207.41 1
14.64 205.6 1
14.65 208.67 1
14.66 206.07 1
14.67 206.25 1
14.68 208.0 1
14.69 207.71 1
14.7 207.51 1
14.71 208.41 1
14.72 208.51 1
14.73 205.6 1
14.74 208.85 1
14.75 209.36 1
14.76 209.24 1
14.77 209.51 1
14.78 210.62 1
14.79 211.5 1
14.8 213.55 1
14.81 216.96 1
14.82 222.17 1
14.83 226.74 1
14.84 236.46 1
14.85 244.32 1
14.86 251.96 1
14.87 264.85 1
14.88 260.2 1
14.89 269.16 1
14.9 271.34 1
14.91 273.36 1
14.92 273.75 1
14.93 273.66 1
14.94 273.72 1
14.95 272.47 1
14.96 269.71 1
14.97 267.62 1
14.98 263.58 1
14.99 260.06 1
15.0 254.21 1
15.01 252.26 1
15.02 246.39 1
15.03 238.03 1
15.04 233.01 1
15.05 225.58 1
15.06 222.54 1
15.07 221.07 1
15.08 213.56 1
15.09 183.37 1
15.1 189.69 1
