0.01 0.0 1
0.02 238.84 1
0.03 220.88 1
0.04 218.85 1
0.05 210.91 1
0.06 209.87 1
0.07 210.2 1
0.08 211.51 1
0.09 212.85 1
0.1 213.35 1
0.11 213.63 1
0.12 213.45 1
0.13 212.75 1
0.14 211.86 1
0.15 211.32 1
0.16 210.93 1
0.17 210.71 1
0.18 210.84 1
0.19 210.78 1
0.2 210.48 1
0.21 210.15 1
0.22 209.35 1
0.23 209.18 1
0.24 209.36 1
0.25 209.64 1
0.26 210.43 1
0.27 211.33 1
0.28 211.45 1
0.29 211.68 1
0.3 211.43 1
0.31 210.96 1
0.32 209.46 1
0.33 208.3 1
0.34 206.57 1
0.35 207.54 1
0.36 210.51 1
0.37 216.25 1
0.38 222.38 1
0.39 230.3 1
0.4 240.11 1
0.41 246.18 1
0.42 254.2 1
0.43 260.23 1
0.44 268.35 1
0.45 271.17 1
0.46 273.11 1
0.47 269.21 1
0.48 263.07 1
0.49 249.76 1
0.5 237.43 1
0.51 223.68 1
0.52 213.56 1
0.53 214.39 1
0.54 220.44 1
0.55 230.31 1
0.56 245.02 1
0.57 255.71 1
0.58 269.85 1
0.59 277.27 1
0.6 282.28 1
0.61 281.16 1
0.62 275.94 1
0.63 271.16 1
0.64 270.37 1
0.65 275.45 1
0.66 283.74 1
0.67 292.42 1
0.68 303.11 1
0.69 316.37 1
0.7 318.29 1
0.71 314.91 1
0.72 304.84 1
0.73 293.02 1
0.74 285.64 1
0.75 284.64 1
0.76 297.29 1
0.77 314.74 1
0.78 331.29 1
0.79 340.55 1
0.8 359.8 1
0.81 375.3 1
0.82 409.28 1
0.83 385.73 1
0.84 351.41 1
0.85 305.2 1
0.86 294.77 1
0.87 293.03 1
0.88 303.99 1
0.89 317.93 1
0.9 330.01 1
0.91 338.41 1
0.92 340.54 1
0.93 336.12 1
0.94 325.81 1
0.95 311.12 1
0.96 287.04 1
0.97 278.86 1
0.98 272.54 1
0.99 269.42 1
1.0 270.41 1
1.01 271.64 1
1.02 272.47 1
1.03 273.72 1
1.04 272.52 1
1.05 273.2 1
1.06 273.66 1
1.07 273.61 1
1.08 273.61 1
1.09 274.01 1
1.1 275.2 1
1.11 276.03 1
1.12 276.53 1
1.13 276.8 1
1.14 278.21 1
1.15 278.31 1
1.16 279.0 1
1.17 279.27 1
1.18 279.19 1
1.19 277.41 1
1.2 276.77 1
1.21 276.32 1
1.22 276.46 1
1.23 277.07 1
1.24 278.16 1
1.25 278.87 1
1.26 279.23 1
1.27 279.65 1
1.28 280.51 1
1.29 280.48 1
1.3 279.72 1
1.31 279.48 1
1.32 279.4 1
1.33 278.15 1
1.34 277.83 1
1.35 277.57 1
1.36 277.24 1
1.37 277.0 1
1.38 276.54 1
1.39 275.8 1
1.4 275.44 1
1.41 276.01 1
1.42 275.67 1
1.43 275.6 1
1.44 276.55 1
1.45 277.49 1
1.46 277.0 1
1.47 277.06 1
1.48 277.19 1
1.49 275.68 1
1.5 274.54 1
1.51 275.51 1
1.52 274.73 1
1.53 274.33 1
1.54 274.7 1
1.55 275.05 1
1.56 274.86 1
1.57 275.44 1
1.58 275.6 1
1.59 275.36 1
1.6 275.72 1
1.61 275.35 1
1.62 275.13 1
1.63 273.69 1
1.64 273.25 1
1.65 274.05 1
1.66 273.83 1
1.67 274.6 1
1.68 275.35 1
1.69 275.31 1
1.7 275.5 1
1.71 275.83 1
1.72 275.83 1
1.73 276.49 1
1.74 276.72 1
1.75 276.84 1
1.76 276.95 1
1.77 276.65 1
1.78 276.56 1
1.79 277.29 1
1.8 277.02 1
1.81 276.36 1
1.82 276.48 1
1.83 275.59 1
1.84 275.59 1
1.85 275.48 1
1.86 276.46 1
1.87 275.3 1
1.88 275.2 1
1.89 275.6 1
1.9 274.76 1
1.91 273.97 1
1.92 274.74 1
1.93 273.81 1
1.94 273.13 1
1.95 272.27 1
1.96 271.75 1
1.97 271.8 1
1.98 271.65 1
1.99 271.63 1
2.0 271.55 1
2.01 271.9 1
2.02 272.51 1
2.03 273.07 1
2.04 273.8 1
2.05 274.75 1
2.06 274.06 1
2.07 273.86 1
2.08 273.42 1
2.09 273.28 1
2.1 273.7 1
2.11 275.0 1
2.12 275.95 1
2.13 275.55 1
2.14 273.99 1
2.15 275.25 1
2.16 275.05 1
2.17 276.36 1
2.18 278.38 1
2.19 279.22 1
2.2 279.39 1
2.21 277.17 1
2.22 270.0 1
2.23 261.15 1
2.24 241.71 1
2.25 272.03 1
2.26 152.89 1
2.27 139.39 1
2.28 138.9 1
2.29 168.67 1
2.3 176.05 1
2.31 180.35 1
2.32 175.34 1
2.33 174.41 1
2.34 176.44 1
2.35 176.27 1
2.36 175.7 1
2.37 171.25 1
2.38 174.65 1
2.39 174.66 1
2.4 169.62 1
2.41 175.64 1
2.42 177.47 1
2.43 171.35 1
2.44 172.62 1
2.45 175.3 1
2.46 170.62 1
2.47 172.34 1
2.48 174.66 1
2.49 170.98 1
2.5 171.94 1
2.51 171.92 1
2.52 171.27 1
2.53 169.32 1
2.54 164.35 1
2.55 181.35 1
2.56 174.37 1
2.57 170.23 1
2.58 181.38 1
2.59 171.94 1
2.6 171.65 1
2.61 177.46 1
2.62 171.28 1
2.63 173.03 1
2.64 174.66 1
2.65 171.94 1
2.66 174.65 1
2.67 174.94 1
2.68 225.58 1
2.69 188.29 1
2.7 194.67 1
2.71 196.92 1
2.72 198.62 1
2.73 199.74 1
2.74 200.95 1
2.75 203.18 1
2.76 203.94 1
2.77 214.58 1
2.78 209.57 1
2.79 212.57 1
2.8 212.16 1
2.81 212.94 1
2.82 216.07 1
2.83 218.67 1
2.84 216.74 1
2.85 217.0 1
2.86 216.04 1
2.87 216.39 1
2.88 216.71 1
2.89 217.36 1
2.9 218.36 1
2.91 219.66 1
2.92 224.52 1
2.93 225.59 1
2.94 229.11 1
2.95 232.73 1
2.96 239.65 1
2.97 243.37 1
2.98 246.74 1
2.99 251.29 1
3.0 255.67 1
3.01 258.68 1
3.02 263.3 1
3.03 267.21 1
3.04 270.2 1
3.05 272.16 1
3.06 273.99 1
3.07 275.8 1
3.08 276.17 1
3.09 277.08 1
3.1 276.69 1
3.11 275.72 1
3.12 275.13 1
3.13 275.09 1
3.14 275.25 1
3.15 275.82 1
3.16 276.75 1
3.17 277.5 1
3.18 276.94 1
3.19 277.01 1
3.2 277.41 1
3.21 276.51 1
3.22 276.3 1
3.23 277.59 1
3.24 277.9 1
3.25 278.1 1
3.26 277.51 1
3.27 278.55 1
3.28 278.69 1
3.29 279.01 1
3.3 278.89 1
3.31 279.57 1
3.32 279.04 1
3.33 277.87 1
3.34 276.58 1
3.35 273.64 1
3.36 271.22 1
3.37 267.96 1
3.38 260.2 1
3.39 253.36 1
3.4 240.05 1
3.41 226.69 1
3.42 219.53 1
3.43 215.11 1
3.44 213.31 1
3.45 213.39 1
3.46 215.65 1
3.47 219.01 1
3.48 223.8 1
3.49 229.11 1
3.5 237.61 1
3.51 245.1 1
3.52 250.59 1
3.53 253.3 1
3.54 254.59 1
3.55 254.66 1
3.56 252.98 1
3.57 249.88 1
3.58 245.99 1
3.59 241.24 1
3.6 236.44 1
3.61 226.75 1
3.62 221.06 1
3.63 213.98 1
3.64 208.07 1
3.65 206.57 1
3.66 205.74 1
3.67 205.11 1
3.68 203.53 1
3.69 202.08 1
3.7 201.53 1
3.71 201.03 1
3.72 200.62 1
3.73 201.52 1
3.74 203.06 1
3.75 204.64 1
3.76 204.65 1
3.77 205.6 1
3.78 204.65 1
3.79 200.78 1
3.8 185.41 1
3.81 203.86 1
3.82 180.92 1
3.83 184.12 1
3.84 69.18 1
3.85 69.28 1
3.86 68.85 1
3.87 69.18 1
3.88 69.08 1
3.89 69.18 1
3.9 69.34 1
3.91 69.22 1
3.92 69.27 1
3.93 69.43 1
3.94 69.19 1
3.95 69.52 1
3.96 69.27 1
3.97 69.17 1
3.98 69.31 1
3.99 69.29 1
4.0 69.21 1
4.01 67.98 1
4.02 149.73 1
4.03 172.8 1
4.04 175.64 1
4.05 178.76 1
4.06 179.98 1
4.07 179.51 1
4.08 179.98 1
4.09 179.06 1
4.1 179.63 1
4.11 177.74 1
4.12 180.27 1
4.13 180.2 1
4.14 180.78 1
4.15 180.29 1
4.16 178.88 1
4.17 180.44 1
4.18 179.59 1
4.19 181.35 1
4.2 181.11 1
4.21 182.13 1
4.22 182.35 1
4.23 182.56 1
4.24 184.4 1
4.25 182.96 1
4.26 182.69 1
4.27 184.07 1
4.28 183.98 1
4.29 183.87 1
4.3 184.91 1
4.31 184.53 1
4.32 184.44 1
4.33 184.09 1
4.34 183.75 1
4.35 182.45 1
4.36 183.55 1
4.37 183.28 1
4.38 183.18 1
4.39 183.93 1
4.4 183.08 1
4.41 182.12 1
4.42 182.25 1
4.43 180.93 1
4.44 180.96 1
4.45 181.19 1
4.46 181.45 1
4.47 183.16 1
4.48 183.01 1
4.49 183.6 1
4.5 185.04 1
4.51 186.05 1
4.52 187.03 1
4.53 188.73 1
4.54 190.07 1
4.55 189.97 1
4.56 189.02 1
4.57 187.42 1
4.58 185.93 1
4.59 184.84 1
4.6 182.9 1
4.61 182.12 1
4.62 182.25 1
4.63 183.14 1
4.64 185.67 1
4.65 186.48 1
4.66 185.7 1
4.67 187.28 1
4.68 187.27 1
4.69 184.91 1
4.7 178.92 1
4.71 167.99 1
4.72 178.81 1
4.73 173.97 1
4.74 177.47 1
4.75 169.95 1
4.76 171.26 1
4.77 177.84 1
4.78 160.07 1
4.79 162.43 1
4.8 174.6 1
4.81 159.9 1
4.82 165.7 1
4.83 176.86 1
4.84 178.18 1
4.85 172.55 1
4.86 176.67 1
4.87 175.94 1
4.88 176.98 1
4.89 177.61 1
4.9 179.41 1
4.91 180.62 1
4.92 181.91 1
4.93 182.92 1
4.94 183.1 1
4.95 182.82 1
4.96 181.78 1
4.97 180.87 1
4.98 180.63 1
4.99 179.65 1
5.0 181.41 1
5.01 181.11 1
5.02 182.28 1
5.03 181.96 1
5.04 184.11 1
5.05 181.11 1
5.06 181.06 1
5.07 180.62 1
5.08 180.69 1
5.09 180.14 1
5.1 179.48 1
5.11 179.99 1
5.12 179.38 1
5.13 179.0 1
5.14 177.96 1
5.15 177.91 1
5.16 177.46 1
5.17 176.32 1
5.18 175.61 1
5.19 174.6 1
5.2 173.37 1
5.21 172.55 1
5.22 171.2 1
5.23 170.4 1
5.24 169.47 1
5.25 168.71 1
5.26 166.97 1
5.27 164.6 1
5.28 162.65 1
5.29 160.5 1
5.3 158.45 1
5.31 157.56 1
5.32 156.55 1
5.33 155.76 1
5.34 156.11 1
5.35 155.0 1
5.36 154.3 1
5.37 153.64 1
5.38 152.48 1
5.39 152.27 1
5.4 152.1 1
5.41 152.33 1
5.42 152.96 1
5.43 153.13 1
5.44 154.46 1
5.45 154.37 1
5.46 154.33 1
5.47 155.02 1
5.48 155.52 1
5.49 155.69 1
5.5 155.69 1
5.51 155.21 1
5.52 154.82 1
5.53 154.75 1
5.54 153.76 1
5.55 153.75 1
5.56 153.37 1
5.57 153.32 1
5.58 153.42 1
5.59 153.45 1
5.6 153.97 1
5.61 154.03 1
5.62 154.27 1
5.63 154.71 1
5.64 154.41 1
5.65 154.41 1
5.66 154.45 1
5.67 153.85 1
5.68 153.75 1
5.69 153.54 1
5.7 153.79 1
5.71 154.55 1
5.72 155.56 1
5.73 157.05 1
5.74 158.35 1
5.75 160.24 1
5.76 161.79 1
5.77 163.25 1
5.78 163.72 1
5.79 163.79 1
5.8 162.85 1
5.81 161.91 1
5.82 160.21 1
5.83 157.79 1
5.84 156.11 1
5.85 155.31 1
5.86 153.2 1
5.87 152.19 1
5.88 151.1 1
5.89 150.99 1
5.9 151.16 1
5.91 151.17 1
5.92 151.52 1
5.93 151.63 1
5.94 152.17 1
5.95 152.59 1
5.96 152.97 1
5.97 153.54 1
5.98 153.41 1
5.99 154.04 1
6.0 154.59 1
6.01 154.8 1
6.02 154.99 1
6.03 154.8 1
6.04 154.37 1
6.05 153.93 1
6.06 153.6 1
6.07 153.75 1
6.08 154.0 1
6.09 154.09 1
6.1 153.82 1
6.11 153.37 1
6.12 154.22 1
6.13 154.43 1
6.14 141.82 1
6.15 0.0 1
6.16 0.0 1
6.17 0.0 1
6.18 0.0 1
6.19 0.0 1
6.2 0.0 1
6.21 0.0 1
6.22 0.0 1
6.23 0.0 1
6.24 0.0 1
6.25 0.0 1
6.26 0.0 1
6.27 0.0 1
6.28 0.0 1
6.29 0.0 1
6.3 0.0 1
6.31 0.0 1
6.32 141.12 1
6.33 138.21 1
6.34 137.86 1
6.35 135.49 1
6.36 135.07 1
6.37 136.08 1
6.38 133.03 1
6.39 135.9 1
6.4 135.77 1
6.41 136.26 1
6.42 137.49 1
6.43 135.91 1
6.44 137.77 1
6.45 138.4 1
6.46 136.75 1
6.47 137.84 1
6.48 138.03 1
6.49 136.94 1
6.5 136.7 1
6.51 137.01 1
6.52 135.9 1
6.53 135.9 1
6.54 136.86 1
6.55 137.28 1
6.56 137.07 1
6.57 136.74 1
6.58 137.26 1
6.59 137.97 1
6.6 138.07 1
6.61 138.22 1
6.62 138.45 1
6.63 137.84 1
6.64 137.17 1
6.65 138.12 1
6.66 138.65 1
6.67 137.6 1
6.68 138.26 1
6.69 138.9 1
6.7 137.6 1
6.71 138.8 1
6.72 139.78 1
6.73 139.07 1
6.74 139.83 1
6.75 140.31 1
6.76 139.22 1
6.77 139.62 1
6.78 140.22 1
6.79 139.08 1
6.8 139.46 1
6.81 139.79 1
6.82 138.68 1
6.83 139.07 1
6.84 138.42 1
6.85 137.95 1
6.86 137.17 1
6.87 138.02 1
6.88 137.17 1
6.89 137.17 1
6.9 138.75 1
6.91 138.91 1
6.92 138.2 1
6.93 138.47 1
6.94 139.42 1
6.95 138.41 1
6.96 138.33 1
6.97 139.41 1
6.98 138.51 1
6.99 136.75 1
7.0 137.38 1
7.01 137.44 1
7.02 136.37 1
7.03 135.07 1
7.04 136.08 1
7.05 135.48 1
7.06 138.53 1
7.07 135.35 1
7.08 132.09 1
7.09 139.34 1
7.1 141.79 1
7.11 131.05 1
7.12 141.57 1
7.13 142.49 1
7.14 135.49 1
7.15 142.95 1
7.16 155.71 1
7.17 155.0 1
7.18 159.49 1
7.19 160.39 1
7.2 163.03 1
7.21 161.83 1
7.22 162.29 1
7.23 162.63 1
7.24 162.87 1
7.25 163.07 1
7.26 162.45 1
7.27 162.24 1
7.28 162.0 1
7.29 161.23 1
7.3 160.9 1
7.31 159.72 1
7.32 158.8 1
7.33 158.1 1
7.34 156.43 1
7.35 156.03 1
7.36 154.98 1
7.37 153.44 1
7.38 153.05 1
7.39 152.56 1
7.4 152.11 1
7.41 151.8 1
7.42 151.25 1
7.43 150.92 1
7.44 150.89 1
7.45 151.14 1
7.46 151.08 1
7.47 151.78 1
7.48 152.42 1
7.49 152.65 1
7.5 153.21 1
7.51 153.32 1
7.52 153.24 1
7.53 153.9 1
7.54 153.67 1
7.55 153.84 1
7.56 153.55 1
7.57 153.57 1
7.58 153.19 1
7.59 153.13 1
7.6 153.43 1
7.61 153.75 1
7.62 154.64 1
7.63 155.42 1
7.64 156.98 1
7.65 157.22 1
7.66 159.12 1
7.67 158.93 1
7.68 159.95 1
7.69 158.92 1
7.7 158.92 1
7.71 158.35 1
7.72 157.81 1
7.73 157.82 1
7.74 157.22 1
7.75 156.67 1
7.76 157.76 1
7.77 157.98 1
7.78 157.72 1
7.79 156.67 1
7.8 156.67 1
7.81 156.17 1
7.82 154.97 1
7.83 153.92 1
7.84 152.89 1
7.85 152.23 1
7.86 151.29 1
7.87 150.35 1
7.88 149.41 1
7.89 149.03 1
7.9 148.74 1
7.91 149.24 1
7.92 145.81 1
7.93 148.23 1
7.94 148.0 1
7.95 147.25 1
7.96 146.76 1
7.97 146.31 1
7.98 145.66 1
7.99 144.35 1
8.0 144.33 1
8.01 144.14 1
8.02 143.75 1
8.03 142.27 1
8.04 142.33 1
8.05 141.36 1
8.06 141.67 1
8.07 141.06 1
8.08 140.21 1
8.09 141.25 1
8.1 142.54 1
8.11 142.46 1
8.12 142.33 1
8.13 141.98 1
8.14 141.73 1
8.15 142.36 1
8.16 142.15 1
8.17 143.12 1
8.18 142.1 1
8.19 141.17 1
8.2 140.49 1
8.21 141.44 1
8.22 140.69 1
8.23 141.74 1
8.24 141.72 1
8.25 141.55 1
8.26 142.68 1
8.27 140.94 1
8.28 140.48 1
8.29 141.12 1
8.3 140.34 1
8.31 140.39 1
8.32 140.79 1
8.33 140.24 1
8.34 142.03 1
8.35 139.37 1
8.36 138.03 1
8.37 144.02 1
8.38 141.44 1
8.39 140.71 1
8.4 141.95 1
8.41 138.63 1
8.42 142.03 1
8.43 141.26 1
8.44 136.33 1
8.45 140.22 1
8.46 141.57 1
8.47 137.6 1
8.48 138.01 1
8.49 139.34 1
8.5 137.19 1
8.51 135.48 1
8.52 141.12 1
8.53 137.43 1
8.54 134.66 1
8.55 138.9 1
8.56 137.14 1
8.57 136.75 1
8.58 137.72 1
8.59 137.77 1
8.6 138.18 1
8.61 138.3 1
8.62 138.0 1
8.63 139.06 1
8.64 139.77 1
8.65 139.31 1
8.66 139.61 1
8.67 138.76 1
8.68 138.41 1
8.69 138.6 1
8.7 138.28 1
8.71 137.87 1
8.72 138.36 1
8.73 138.26 1
8.74 137.86 1
8.75 137.79 1
8.76 137.97 1
8.77 137.69 1
8.78 138.41 1
8.79 138.04 1
8.8 137.99 1
8.81 138.17 1
8.82 137.82 1
8.83 138.19 1
8.84 139.23 1
8.85 138.76 1
8.86 138.96 1
8.87 139.55 1
8.88 139.72 1
8.89 137.6 1
8.9 135.82 1
8.91 140.19 1
8.92 135.48 1
8.93 135.45 1
8.94 137.85 1
8.95 135.01 1
8.96 135.48 1
8.97 138.0 1
8.98 138.9 1
8.99 137.56 1
9.0 137.17 1
9.01 138.28 1
9.02 138.59 1
9.03 139.93 1
9.04 141.12 1
9.05 139.49 1
9.06 140.41 1
9.07 69.18 1
9.08 70.05 1
9.09 69.29 1
9.1 69.15 1
9.11 69.37 1
9.12 69.2 1
9.13 69.16 1
9.14 79.38 1
9.15 79.29 1
9.16 79.53 1
9.17 79.81 1
9.18 68.85 1
9.19 69.4 1
9.2 69.19 1
9.21 69.65 1
9.22 69.35 1
9.23 69.39 1
9.24 69.18 1
9.25 69.52 1
9.26 69.36 1
9.27 69.39 1
9.28 69.2 1
9.29 69.29 1
9.3 69.07 1
9.31 69.33 1
9.32 69.4 1
9.33 69.25 1
9.34 69.39 1
9.35 69.5 1
9.36 69.34 1
9.37 69.5 1
9.38 69.39 1
9.39 69.24 1
9.4 69.28 1
9.41 69.29 1
9.42 69.38 1
9.43 69.29 1
9.44 69.29 1
9.45 69.5 1
9.46 69.32 1
9.47 69.39 1
9.48 69.38 1
9.49 69.29 1
9.5 69.36 1
9.51 69.29 1
9.52 69.29 1
9.53 69.25 1
9.54 69.25 1
9.55 69.39 1
9.56 69.29 1
9.57 69.27 1
9.58 69.34 1
9.59 69.31 1
9.6 69.28 1
9.61 69.28 1
9.62 69.36 1
9.63 69.36 1
9.64 69.48 1
9.65 69.18 1
9.66 69.29 1
9.67 69.43 1
9.68 69.21 1
9.69 69.36 1
9.7 0.0 1
9.71 0.0 1
9.72 0.0 1
9.73 0.0 1
9.74 0.0 1
9.75 0.0 1
9.76 0.0 1
9.77 0.0 1
9.78 0.0 1
9.79 0.0 1
9.8 0.0 1
9.81 0.0 1
9.82 134.25 1
9.83 144.35 1
9.84 137.85 1
9.85 136.75 1
9.86 122.05 1
9.87 124.4 1
9.88 117.86 1
9.89 115.9 1
9.9 112.93 1
9.91 104.87 1
9.92 98.77 1
9.93 99.63 1
9.94 99.54 1
9.95 97.9 1
9.96 97.68 1
9.97 95.97 1
9.98 95.15 1
9.99 98.99 1
10.0 98.53 1
10.01 101.03 1
10.02 108.76 1
10.03 117.44 1
10.04 116.75 1
10.05 122.98 1
10.06 125.68 1
10.07 129.13 1
10.08 129.42 1
10.09 135.9 1
10.1 134.25 1
10.11 135.62 1
10.12 131.45 1
10.13 134.03 1
10.14 132.2 1
10.15 132.63 1
10.16 132.26 1
10.17 135.07 1
10.18 134.77 1
10.19 134.92 1
10.2 133.98 1
10.21 133.03 1
10.22 132.23 1
10.23 123.01 1
10.24 120.0 1
10.25 115.52 1
10.26 112.69 1
10.27 111.04 1
10.28 99.77 1
10.29 98.99 1
10.3 97.29 1
10.31 96.61 1
10.32 93.73 1
10.33 97.24 1
10.34 97.0 1
10.35 98.95 1
10.36 101.26 1
10.37 106.58 1
10.38 111.02 1
10.39 113.92 1
10.4 119.67 1
10.41 134.25 1
10.42 138.09 1
10.43 132.24 1
10.44 135.63 1
10.45 137.03 1
10.46 138.98 1
10.47 139.02 1
10.48 141.22 1
10.49 142.15 1
10.5 140.67 1
10.51 141.32 1
10.52 142.03 1
10.53 141.21 1
10.54 140.67 1
10.55 140.09 1
10.56 141.72 1
10.57 142.49 1
10.58 142.49 1
10.59 142.89 1
10.6 142.94 1
10.61 142.03 1
10.62 142.95 1
10.63 141.33 1
10.64 139.75 1
10.65 139.64 1
10.66 140.26 1
10.67 141.04 1
10.68 142.59 1
10.69 141.58 1
10.7 142.8 1
10.71 142.74 1
10.72 141.8 1
10.73 141.85 1
10.74 138.46 1
10.75 138.49 1
10.76 138.9 1
10.77 136.32 1
10.78 139.11 1
10.79 140.22 1
10.8 144.18 1
10.81 143.73 1
10.82 149.62 1
10.83 152.84 1
10.84 155.23 1
10.85 153.31 1
10.86 154.45 1
10.87 154.91 1
10.88 154.79 1
10.89 154.75 1
10.9 153.61 1
10.91 153.45 1
10.92 153.26 1
10.93 153.79 1
10.94 153.64 1
10.95 153.99 1
10.96 154.29 1
10.97 155.38 1
10.98 155.89 1
10.99 156.06 1
11.0 156.66 1
11.01 157.3 1
11.02 157.78 1
11.03 157.72 1
11.04 157.47 1
11.05 157.16 1
11.06 157.51 1
11.07 156.63 1
11.08 156.2 1
11.09 155.3 1
11.1 155.17 1
11.11 154.87 1
11.12 155.22 1
11.13 154.92 1
11.14 154.16 1
11.15 154.66 1
11.16 154.14 1
11.17 155.34 1
11.18 154.51 1
11.19 156.11 1
11.2 156.39 1
11.21 157.03 1
11.22 156.67 1
11.23 156.51 1
11.24 155.41 1
11.25 155.34 1
11.26 154.83 1
11.27 155.42 1
11.28 155.49 1
11.29 155.92 1
11.3 156.08 1
11.31 155.93 1
11.32 155.9 1
11.33 155.51 1
11.34 155.34 1
11.35 154.93 1
11.36 154.74 1
11.37 154.71 1
11.38 154.86 1
11.39 155.39 1
11.4 155.41 1
11.41 156.28 1
11.42 156.67 1
11.43 156.51 1
11.44 155.74 1
11.45 157.22 1
11.46 156.79 1
11.47 156.68 1
11.48 156.27 1
11.49 155.94 1
11.5 155.71 1
11.51 155.39 1
11.52 153.95 1
11.53 155.53 1
11.54 155.3 1
11.55 155.26 1
11.56 155.3 1
11.57 155.65 1
11.58 155.72 1
11.59 157.16 1
11.6 157.22 1
11.61 157.54 1
11.62 157.08 1
11.63 157.47 1
11.64 158.92 1
11.65 161.66 1
11.66 164.44 1
11.67 168.22 1
11.68 170.33 1
11.69 172.04 1
11.7 171.94 1
11.71 170.4 1
11.72 168.24 1
11.73 165.32 1
11.74 161.77 1
11.75 159.28 1
11.76 156.38 1
11.77 154.4 1
11.78 153.88 1
11.79 153.19 1
11.8 153.64 1
11.81 154.15 1
11.82 154.44 1
11.83 154.63 1
11.84 155.04 1
11.85 154.61 1
11.86 154.69 1
11.87 154.12 1
11.88 153.97 1
11.89 153.94 1
11.9 153.82 1
11.91 154.27 1
11.92 154.57 1
11.93 154.38 1
11.94 154.79 1
11.95 154.98 1
11.96 155.19 1
11.97 155.49 1
11.98 155.86 1
11.99 155.82 1
12.0 155.22 1
12.01 153.93 1
12.02 155.34 1
12.03 158.72 1
12.04 157.88 1
12.05 153.79 1
12.06 151.58 1
12.07 146.51 1
12.08 145.26 1
12.09 137.6 1
12.1 132.72 1
12.11 127.18 1
12.12 125.27 1
12.13 123.73 1
12.14 126.91 1
12.15 126.19 1
12.16 125.62 1
12.17 125.34 1
12.18 123.01 1
12.19 133.77 1
12.2 126.69 1
12.21 131.66 1
12.22 132.32 1
12.23 134.02 1
12.24 134.42 1
12.25 135.02 1
12.26 134.02 1
12.27 137.54 1
12.28 137.63 1
12.29 135.89 1
12.3 136.63 1
12.31 136.77 1
12.32 137.41 1
12.33 136.32 1
12.34 137.43 1
12.35 139.89 1
12.36 139.81 1
12.37 139.81 1
12.38 141.22 1
12.39 141.4 1
12.4 140.92 1
12.41 139.84 1
12.42 135.02 1
12.43 133.36 1
12.44 135.9 1
12.45 69.05 1
12.46 69.39 1
12.47 69.27 1
12.48 69.27 1
12.49 69.35 1
12.5 69.28 1
12.51 69.18 1
12.52 69.32 1
12.53 69.22 1
12.54 69.29 1
12.55 69.28 1
12.56 69.38 1
12.57 69.24 1
12.58 69.13 1
12.59 69.54 1
12.6 161.24 1
12.61 167.48 1
12.62 193.25 1
12.63 168.16 1
12.64 169.79 1
12.65 169.28 1
12.66 167.9 1
12.67 166.68 1
12.68 165.0 1
12.69 164.53 1
12.7 163.43 1
12.71 162.45 1
12.72 162.08 1
12.73 161.18 1
12.74 160.15 1
12.75 160.26 1
12.76 160.32 1
12.77 160.28 1
12.78 159.42 1
12.79 158.92 1
12.8 158.01 1
12.81 157.21 1
12.82 157.72 1
12.83 158.58 1
12.84 160.52 1
12.85 162.61 1
12.86 164.82 1
12.87 168.19 1
12.88 169.49 1
12.89 170.2 1
12.9 169.33 1
12.91 168.54 1
12.92 166.59 1
12.93 164.42 1
12.94 162.51 1
12.95 160.64 1
12.96 159.21 1
12.97 157.78 1
12.98 158.75 1
12.99 158.77 1
13.0 159.57 1
13.01 160.73 1
13.02 161.82 1
13.03 163.94 1
13.04 166.09 1
13.05 167.07 1
13.06 166.64 1
13.07 164.68 1
13.08 162.18 1
13.09 158.92 1
13.1 153.49 1
13.11 148.67 1
13.12 144.54 1
13.13 145.95 1
13.14 149.15 1
13.15 154.1 1
13.16 160.53 1
13.17 169.29 1
13.18 180.3 1
13.19 184.08 1
13.2 185.43 1
13.21 187.77 1
13.22 188.17 1
13.23 188.51 1
13.24 189.68 1
13.25 188.37 1
13.26 188.06 1
13.27 188.57 1
13.28 187.26 1
13.29 186.77 1
13.3 185.77 1
13.31 185.67 1
13.32 185.16 1
13.33 184.21 1
13.34 184.44 1
13.35 184.51 1
13.36 184.33 1
13.37 184.34 1
13.38 185.43 1
13.39 185.46 1
13.4 185.69 1
13.41 186.89 1
13.42 186.47 1
13.43 185.69 1
13.44 185.44 1
13.45 183.57 1
13.46 181.18 1
13.47 178.41 1
13.48 173.97 1
13.49 173.33 1
13.5 172.41 1
13.51 174.04 1
13.52 180.74 1
13.53 183.65 1
13.54 189.05 1
13.55 195.56 1
13.56 198.01 1
13.57 200.81 1
13.58 204.17 1
13.59 206.22 1
13.6 206.56 1
13.61 208.12 1
13.62 208.95 1
13.63 209.02 1
13.64 209.46 1
13.65 210.18 1
13.66 209.82 1
13.67 209.46 1
13.68 210.17 1
13.69 209.66 1
13.7 209.52 1
13.71 209.06 1
13.72 208.21 1
13.73 207.54 1
13.74 207.82 1
13.75 205.61 1
13.76 207.11 1
13.77 206.56 1
13.78 206.42 1
13.79 205.61 1
13.8 206.9 1
13.81 207.53 1
13.82 208.1 1
13.83 207.54 1
13.84 208.46 1
13.85 208.48 1
13.86 208.38 1
13.87 208.5 1
13.88 207.53 1
13.89 206.56 1
13.9 207.14 1
13.91 205.6 1
13.92 201.5 1
13.93 211.82 1
13.94 202.76 1
13.95 205.6 1
13.96 200.42 1
13.97 194.71 1
13.98 190.5 1
13.99 207.53 1
14.0 212.34 1
14.01 209.38 1
14.02 209.79 1
14.03 210.39 1
14.04 210.38 1
14.05 210.44 1
14.06 209.5 1
14.07 208.95 1
14.08 208.81 1
14.09 208.11 1
14.1 207.54 1
14.11 208.27 1
14.12 207.53 1
14.13 206.57 1
14.14 207.54 1
14.15 207.53 1
14.16 206.58 1
14.17 209.16 1
14.18 212.11 1
14.19 215.41 1
14.2 219.56 1
14.21 225.45 1
14.22 225.62 1
14.23 236.69 1
14.24 242.91 1
14.25 247.07 1
14.26 250.33 1
14.27 252.4 1
14.28 253.29 1
14.29 251.71 1
14.3 249.03 1
14.31 246.66 1
14.32 243.34 1
14.33 240.97 1
14.34 238.17 1
14.35 236.77 1
14.36 234.8 1
14.37 232.77 1
14.38 234.28 1
14.39 233.96 1
14.4 231.52 1
14.41 227.92 1
