0.01 0.0 1
0.02 0.0 1
0.03 299.58 1
0.04 289.18 1
0.05 273.06 1
0.06 272.77 1
0.07 273.16 1
0.08 273.7 1
0.09 274.23 1
0.1 275.99 1
0.11 276.35 1
0.12 276.51 1
0.13 275.48 1
0.14 275.07 1
0.15 274.42 1
0.16 274.17 1
0.17 273.48 1
0.18 273.06 1
0.19 271.66 1
0.2 269.98 1
0.21 267.85 1
0.22 263.32 1
0.23 261.73 1
0.24 258.68 1
0.25 257.1 1
0.26 252.55 1
0.27 249.02 1
0.28 245.74 1
0.29 241.79 1
0.3 238.99 1
0.31 235.21 1
0.32 236.41 1
0.33 233.98 1
0.34 232.73 1
0.35 231.53 1
0.36 232.75 1
0.37 231.54 1
0.38 233.96 1
0.39 236.46 1
0.4 238.94 1
0.41 232.76 1
0.42 240.44 1
0.43 241.76 1
0.44 245.72 1
0.45 250.38 1
0.46 251.14 1
0.47 255.66 1
0.48 257.19 1
0.49 261.75 1
0.5 267.93 1
0.51 270.89 1
0.52 273.77 1
0.53 274.38 1
0.54 275.24 1
0.55 276.49 1
0.56 276.21 1
0.57 276.06 1
0.58 275.53 1
0.59 275.33 1
0.6 274.46 1
0.61 274.33 1
0.62 276.0 1
0.63 275.39 1
0.64 277.29 1
0.65 277.34 1
0.66 277.1 1
0.67 276.54 1
0.68 276.88 1
0.69 276.7 1
0.7 276.59 1
0.71 278.15 1
0.72 277.11 1
0.73 276.95 1
0.74 277.6 1
0.75 276.87 1
0.76 276.16 1
0.77 276.83 1
0.78 276.5 1
0.79 276.66 1
0.8 277.15 1
0.81 277.23 1
0.82 277.78 1
0.83 278.2 1
0.84 278.62 1
0.85 278.33 1
0.86 277.57 1
0.87 278.06 1
0.88 277.98 1
0.89 277.49 1
0.9 277.98 1
0.91 277.92 1
0.92 276.86 1
0.93 276.29 1
0.94 276.27 1
0.95 275.99 1
0.96 275.53 1
0.97 275.64 1
0.98 276.29 1
0.99 276.72 1
1.0 276.95 1
1.01 276.94 1
1.02 276.54 1
1.03 276.11 1
1.04 275.45 1
1.05 275.15 1
1.06 275.2 1
1.07 275.33 1
1.08 275.41 1
1.09 276.13 1
1.1 276.18 1
1.11 276.64 1
1.12 278.11 1
1.13 278.84 1
1.14 278.96 1
1.15 278.82 1
1.16 278.64 1
1.17 277.52 1
1.18 277.74 1
1.19 277.82 1
1.2 278.08 1
1.21 277.46 1
1.22 277.36 1
1.23 277.28 1
1.24 277.13 1
1.25 276.66 1
1.26 276.97 1
1.27 277.23 1
1.28 277.16 1
1.29 277.63 1
1.3 277.65 1
1.31 277.22 1
1.32 276.78 1
1.33 276.1 1
1.34 275.76 1
1.35 275.74 1
1.36 275.71 1
1.37 276.01 1
1.38 276.49 1
1.39 276.05 1
1.4 276.54 1
1.41 277.36 1
1.42 277.32 1
1.43 276.16 1
1.44 276.29 1
1.45 276.06 1
1.46 275.64 1
1.47 275.7 1
1.48 275.82 1
1.49 275.74 1
1.5 275.87 1
1.51 276.28 1
1.52 276.17 1
1.53 276.75 1
1.54 277.72 1
1.55 277.59 1
1.56 277.15 1
1.57 277.89 1
1.58 278.73 1
1.59 277.53 1
1.6 277.01 1
1.61 276.45 1
1.62 275.5 1
1.63 274.93 1
1.64 275.31 1
1.65 275.41 1
1.66 275.59 1
1.67 275.86 1
1.68 275.15 1
1.69 275.39 1
1.7 276.06 1
1.71 276.26 1
1.72 276.6 1
1.73 276.51 1
1.74 276.76 1
1.75 276.76 1
1.76 277.41 1
1.77 277.56 1
1.78 277.43 1
1.79 277.75 1
1.8 277.48 1
1.81 277.48 1
1.82 278.41 1
1.83 278.97 1
1.84 278.6 1
1.85 278.9 1
1.86 278.53 1
1.87 278.46 1
1.88 278.28 1
1.89 277.97 1
1.9 278.23 1
1.91 278.05 1
1.92 278.45 1
1.93 278.26 1
1.94 278.92 1
1.95 278.92 1
1.96 279.75 1
1.97 279.62 1
1.98 279.28 1
1.99 278.5 1
2.0 277.26 1
2.01 276.55 1
2.02 276.47 1
2.03 276.46 1
2.04 276.43 1
2.05 276.43 1
2.06 274.75 1
2.07 276.43 1
2.08 276.45 1
2.09 276.47 1
2.1 276.56 1
2.11 278.2 1
2.12 276.47 1
2.13 276.45 1
2.14 274.75 1
2.15 274.74 1
2.16 273.03 1
2.17 265.76 1
2.18 254.32 1
2.19 261.72 1
2.2 267.46 1
2.21 0.0 1
2.22 0.0 1
2.23 0.0 1
2.24 0.0 1
2.25 0.0 1
2.26 0.0 1
2.27 0.0 1
2.28 0.0 1
2.29 0.0 1
2.3 0.0 1
2.31 0.0 1
2.32 0.0 1
2.33 0.0 1
2.34 0.0 1
2.35 0.0 1
2.36 0.0 1
2.37 0.0 1
2.38 0.0 1
2.39 0.0 1
2.4 0.0 1
2.41 0.0 1
2.42 0.0 1
2.43 0.0 1
2.44 0.0 1
2.45 0.0 1
2.46 0.0 1
2.47 0.0 1
2.48 0.0 1
2.49 0.0 1
2.5 0.0 1
2.51 0.0 1
2.52 0.0 1
2.53 0.0 1
2.54 69.04 1
2.55 69.38 1
2.56 68.85 1
2.57 69.07 1
2.58 69.45 1
2.59 69.02 1
2.6 69.15 1
2.61 69.25 1
2.62 69.07 1
2.63 69.21 1
2.64 69.28 1
2.65 69.5 1
2.66 69.05 1
2.67 69.4 1
2.68 69.3 1
2.69 69.38 1
2.7 69.39 1
2.71 0.0 1
2.72 0.0 1
2.73 251.32 1
2.74 285.44 1
2.75 229.15 1
2.76 274.84 1
2.77 287.67 1
2.78 269.71 1
2.79 274.87 1
2.8 303.65 1
2.81 279.78 1
2.82 291.13 1
2.83 307.58 1
2.84 300.04 1
2.85 294.24 1
2.86 299.24 1
2.87 303.6 1
2.88 303.28 1
2.89 302.22 1
2.9 301.87 1
2.91 300.12 1
2.92 300.48 1
2.93 300.46 1
2.94 304.05 1
2.95 304.93 1
2.96 309.53 1
2.97 312.94 1
2.98 314.08 1
2.99 309.92 1
3.0 306.17 1
3.01 305.59 1
3.02 305.76 1
3.03 304.69 1
3.04 304.19 1
3.05 303.54 1
3.06 301.65 1
3.07 303.41 1
3.08 306.59 1
3.09 310.58 1
3.1 313.76 1
3.11 312.66 1
3.12 312.86 1
3.13 313.05 1
3.14 312.56 1
3.15 311.45 1
3.16 309.88 1
3.17 309.95 1
3.18 310.08 1
3.19 309.93 1
3.2 309.24 1
3.21 310.23 1
3.22 309.55 1
3.23 309.74 1
3.24 310.29 1
3.25 309.84 1
3.26 309.64 1
3.27 307.39 1
3.28 308.64 1
3.29 309.47 1
3.3 308.46 1
3.31 308.7 1
3.32 311.44 1
3.33 310.93 1
3.34 311.79 1
3.35 311.97 1
3.36 311.45 1
3.37 311.96 1
3.38 311.92 1
3.39 312.81 1
3.4 310.68 1
3.41 310.22 1
3.42 308.63 1
3.43 307.66 1
3.44 307.61 1
3.45 307.67 1
3.46 309.01 1
3.47 311.3 1
3.48 313.6 1
3.49 317.79 1
3.5 320.16 1
3.51 323.28 1
3.52 325.89 1
3.53 325.36 1
3.54 317.93 1
3.55 287.87 1
3.56 289.51 1
3.57 276.99 1
3.58 273.96 1
3.59 258.97 1
3.6 253.4 1
3.61 252.11 1
3.62 251.84 1
3.63 256.76 1
3.64 262.38 1
3.65 269.01 1
3.66 290.98 1
3.67 302.4 1
3.68 300.89 1
3.69 295.52 1
3.7 287.48 1
3.71 281.48 1
3.72 265.38 1
3.73 241.71 1
3.74 235.42 1
3.75 235.19 1
3.76 235.2 1
3.77 237.38 1
3.78 239.79 1
3.79 241.12 1
3.8 241.86 1
3.81 242.32 1
3.82 241.85 1
3.83 242.72 1
3.84 243.69 1
3.85 244.36 1
3.86 246.39 1
3.87 246.43 1
3.88 247.49 1
3.89 247.97 1
3.9 248.31 1
3.91 247.86 1
3.92 246.96 1
3.93 245.67 1
3.94 243.89 1
3.95 240.94 1
3.96 236.58 1
3.97 233.67 1
3.98 228.5 1
3.99 225.58 1
4.0 226.74 1
4.01 229.92 1
4.02 232.86 1
4.03 236.54 1
4.04 239.15 1
4.05 242.1 1
4.06 244.09 1
4.07 244.74 1
4.08 245.54 1
4.09 245.52 1
4.1 245.99 1
4.11 245.42 1
4.12 245.85 1
4.13 245.75 1
4.14 245.0 1
4.15 244.99 1
4.16 245.01 1
4.17 244.88 1
4.18 245.06 1
4.19 245.0 1
4.2 245.19 1
4.21 245.51 1
4.22 245.28 1
4.23 245.35 1
4.24 245.67 1
4.25 244.03 1
4.26 246.15 1
4.27 245.9 1
4.28 246.05 1
4.29 246.38 1
4.3 246.12 1
4.31 246.22 1
4.32 247.06 1
4.33 247.74 1
4.34 247.05 1
4.35 229.09 1
4.36 204.14 1
4.37 198.2 1
4.38 190.98 1
4.39 192.06 1
4.4 182.43 1
4.41 189.72 1
4.42 191.25 1
4.43 186.61 1
4.44 186.48 1
4.45 184.41 1
4.46 179.68 1
4.47 177.46 1
4.48 185.05 1
4.49 170.59 1
4.5 174.65 1
4.51 173.28 1
4.52 164.64 1
4.53 170.14 1
4.54 171.27 1
4.55 156.66 1
4.56 168.65 1
4.57 172.61 1
4.58 168.0 1
4.59 186.47 1
4.6 200.0 1
4.61 205.55 1
4.62 206.15 1
4.63 205.68 1
4.64 203.7 1
4.65 205.52 1
4.66 206.21 1
4.67 206.56 1
4.68 207.94 1
4.69 207.53 1
4.7 206.55 1
4.71 207.41 1
4.72 208.51 1
4.73 209.73 1
4.74 210.01 1
4.75 210.0 1
4.76 209.62 1
4.77 207.54 1
4.78 208.06 1
4.79 207.54 1
4.8 207.53 1
4.81 207.19 1
4.82 207.42 1
4.83 206.56 1
4.84 206.56 1
4.85 205.6 1
4.86 206.17 1
4.87 205.6 1
4.88 206.56 1
4.89 206.84 1
4.9 206.57 1
4.91 207.53 1
4.92 208.1 1
4.93 207.53 1
4.94 208.27 1
4.95 208.02 1
4.96 206.56 1
4.97 207.35 1
4.98 207.38 1
4.99 205.6 1
5.0 205.52 1
5.01 204.65 1
5.02 203.71 1
5.03 204.64 1
5.04 204.64 1
5.05 205.45 1
5.06 205.6 1
5.07 206.51 1
5.08 206.57 1
5.09 207.27 1
5.1 207.53 1
5.11 208.91 1
5.12 210.17 1
5.13 210.33 1
5.14 210.28 1
5.15 209.5 1
5.16 209.1 1
5.17 207.53 1
5.18 206.56 1
5.19 205.6 1
5.2 205.6 1
5.21 205.61 1
5.22 206.56 1
5.23 207.53 1
5.24 206.57 1
5.25 206.33 1
5.26 205.6 1
5.27 205.6 1
5.28 206.56 1
5.29 207.54 1
5.3 209.19 1
5.31 209.64 1
5.32 210.14 1
5.33 210.03 1
5.34 209.51 1
5.35 209.5 1
5.36 208.51 1
5.37 205.6 1
5.38 204.65 1
5.39 203.12 1
5.4 203.97 1
5.41 202.76 1
5.42 203.41 1
5.43 203.99 1
5.44 204.35 1
5.45 216.7 1
5.46 207.75 1
5.47 208.66 1
5.48 208.52 1
5.49 208.52 1
5.5 209.5 1
5.51 208.52 1
5.52 208.91 1
5.53 208.51 1
5.54 207.83 1
5.55 206.58 1
5.56 207.53 1
5.57 207.86 1
5.58 207.55 1
5.59 208.41 1
5.6 208.4 1
5.61 207.55 1
5.62 208.99 1
5.63 209.33 1
5.64 208.51 1
5.65 208.41 1
5.66 208.92 1
5.67 209.29 1
5.68 209.47 1
5.69 210.07 1
5.7 210.17 1
5.71 208.53 1
5.72 209.49 1
5.73 209.24 1
5.74 209.06 1
5.75 207.97 1
5.76 206.56 1
5.77 206.26 1
5.78 205.6 1
5.79 204.37 1
5.8 203.11 1
5.81 201.93 1
5.82 200.68 1
5.83 198.73 1
5.84 197.1 1
5.85 194.78 1
5.86 193.56 1
5.87 192.19 1
5.88 192.15 1
5.89 190.42 1
5.9 189.88 1
5.91 189.46 1
5.92 188.07 1
5.93 188.08 1
5.94 189.31 1
5.95 188.87 1
5.96 188.85 1
5.97 187.28 1
5.98 186.47 1
5.99 185.58 1
6.0 184.13 1
6.01 183.49 1
6.02 183.48 1
6.03 183.72 1
6.04 184.17 1
6.05 185.44 1
6.06 186.0 1
6.07 186.25 1
6.08 186.48 1
6.09 186.74 1
6.1 186.9 1
6.11 185.93 1
6.12 184.73 1
6.13 183.98 1
6.14 182.87 1
6.15 182.77 1
6.16 183.15 1
6.17 184.14 1
6.18 184.92 1
6.19 186.48 1
6.2 186.51 1
6.21 186.51 1
6.22 187.28 1
6.23 184.16 1
6.24 168.67 1
6.25 179.05 1
6.26 165.22 1
6.27 169.84 1
6.28 168.0 1
6.29 168.65 1
6.3 174.65 1
6.31 173.97 1
6.32 183.38 1
6.33 186.48 1
6.34 188.03 1
6.35 188.0 1
6.36 186.5 1
6.37 187.27 1
6.38 187.25 1
6.39 187.0 1
6.4 185.72 1
6.41 187.27 1
6.42 187.3 1
6.43 185.72 1
6.44 184.96 1
6.45 187.57 1
6.46 186.51 1
6.47 186.51 1
6.48 187.66 1
6.49 187.29 1
6.5 185.71 1
6.51 184.94 1
6.52 184.95 1
6.53 186.22 1
6.54 184.21 1
6.55 186.5 1
6.56 187.44 1
6.57 187.02 1
6.58 184.97 1
6.59 186.49 1
6.6 187.5 1
6.61 184.96 1
6.62 187.28 1
6.63 187.63 1
6.64 187.27 1
6.65 187.45 1
6.66 186.7 1
6.67 186.5 1
6.68 184.94 1
6.69 184.19 1
6.7 185.11 1
6.71 184.02 1
6.72 183.93 1
6.73 181.88 1
6.74 181.59 1
6.75 180.56 1
6.76 180.34 1
6.77 178.57 1
6.78 176.7 1
6.79 175.22 1
6.8 172.62 1
6.81 171.4 1
6.82 170.08 1
6.83 168.63 1
6.84 167.94 1
6.85 166.52 1
6.86 165.82 1
6.87 164.89 1
6.88 163.96 1
6.89 162.95 1
6.9 161.71 1
6.91 160.88 1
6.92 160.44 1
6.93 159.26 1
6.94 157.24 1
6.95 157.93 1
6.96 156.64 1
6.97 155.24 1
6.98 154.32 1
6.99 153.06 1
7.0 152.56 1
7.01 152.37 1
7.02 152.05 1
7.03 152.18 1
7.04 151.44 1
7.05 151.29 1
7.06 150.66 1
7.07 150.29 1
7.08 150.7 1
7.09 151.47 1
7.1 152.27 1
7.11 152.6 1
7.12 153.06 1
7.13 153.07 1
7.14 152.02 1
7.15 151.43 1
7.16 150.74 1
7.17 150.52 1
7.18 147.26 1
7.19 148.24 1
7.2 143.49 1
7.21 147.74 1
7.22 143.55 1
7.23 145.3 1
7.24 140.01 1
7.25 138.46 1
7.26 144.34 1
7.27 135.87 1
7.28 147.73 1
7.29 148.03 1
7.3 152.85 1
7.31 154.93 1
7.32 155.0 1
7.33 154.15 1
7.34 153.22 1
7.35 152.9 1
7.36 153.12 1
7.37 153.85 1
7.38 153.94 1
7.39 153.91 1
7.4 154.28 1
7.41 154.42 1
7.42 153.85 1
7.43 153.1 1
7.44 152.39 1
7.45 152.34 1
7.46 152.55 1
7.47 153.02 1
7.48 153.14 1
7.49 153.55 1
7.5 154.2 1
7.51 155.01 1
7.52 155.05 1
7.53 155.05 1
7.54 154.68 1
7.55 154.54 1
7.56 153.94 1
7.57 153.77 1
7.58 153.08 1
7.59 153.44 1
7.6 153.08 1
7.61 153.24 1
7.62 153.58 1
7.63 153.75 1
7.64 153.66 1
7.65 153.81 1
7.66 153.87 1
7.67 154.37 1
7.68 154.91 1
7.69 154.64 1
7.7 154.68 1
7.71 154.07 1
7.72 153.83 1
7.73 154.02 1
7.74 153.95 1
7.75 154.15 1
7.76 154.21 1
7.77 154.51 1
7.78 154.71 1
7.79 154.38 1
7.8 154.64 1
7.81 154.32 1
7.82 155.29 1
7.83 155.34 1
7.84 154.49 1
7.85 155.75 1
7.86 156.38 1
7.87 155.87 1
7.88 155.23 1
7.89 154.35 1
7.9 154.42 1
7.91 154.66 1
7.92 154.16 1
7.93 154.3 1
7.94 154.41 1
7.95 154.81 1
7.96 155.37 1
7.97 155.57 1
7.98 155.84 1
7.99 155.14 1
8.0 154.59 1
8.01 154.87 1
8.02 154.77 1
8.03 153.94 1
8.04 154.29 1
8.05 155.24 1
8.06 155.72 1
8.07 156.24 1
8.08 156.78 1
8.09 156.13 1
8.1 157.79 1
8.11 159.49 1
8.12 160.39 1
8.13 160.08 1
8.14 160.66 1
8.15 161.85 1
8.16 161.93 1
8.17 161.87 1
8.18 161.83 1
8.19 161.24 1
8.2 156.67 1
8.21 142.03 1
8.22 69.51 1
8.23 69.83 1
8.24 69.09 1
8.25 69.32 1
8.26 69.72 1
8.27 69.28 1
8.28 70.39 1
8.29 153.39 1
8.3 152.71 1
8.31 151.73 1
8.32 155.25 1
8.33 153.39 1
8.34 153.68 1
8.35 152.99 1
8.36 152.77 1
8.37 153.57 1
8.38 152.6 1
8.39 153.81 1
8.4 153.56 1
8.41 153.46 1
8.42 153.11 1
8.43 153.2 1
8.44 153.93 1
8.45 153.51 1
8.46 153.73 1
8.47 153.82 1
8.48 153.37 1
8.49 153.03 1
8.5 151.94 1
8.51 151.92 1
8.52 150.99 1
8.53 151.09 1
8.54 151.47 1
8.55 150.97 1
8.56 151.87 1
8.57 151.96 1
8.58 152.71 1
8.59 152.62 1
8.6 152.63 1
8.61 152.57 1
8.62 152.76 1
8.63 153.13 1
8.64 153.57 1
8.65 154.01 1
8.66 153.65 1
8.67 152.88 1
8.68 152.86 1
8.69 151.54 1
8.7 152.11 1
8.71 152.06 1
8.72 152.43 1
8.73 153.12 1
8.74 152.87 1
8.75 155.39 1
8.76 155.31 1
8.77 155.73 1
8.78 155.53 1
8.79 154.93 1
8.8 154.32 1
8.81 153.86 1
8.82 152.34 1
8.83 153.39 1
8.84 152.66 1
8.85 152.91 1
8.86 152.83 1
8.87 152.86 1
8.88 154.2 1
8.89 153.82 1
8.9 155.17 1
8.91 155.78 1
8.92 155.56 1
8.93 157.19 1
8.94 158.19 1
8.95 157.23 1
8.96 158.84 1
8.97 160.96 1
8.98 163.08 1
8.99 163.63 1
9.0 165.48 1
9.01 155.02 1
9.02 69.5 1
9.03 68.65 1
9.04 68.82 1
9.05 69.59 1
9.06 69.23 1
9.07 69.21 1
9.08 69.27 1
9.09 69.13 1
9.1 69.49 1
9.11 69.39 1
9.12 69.29 1
9.13 69.07 1
9.14 69.83 1
9.15 69.2 1
9.16 68.59 1
9.17 68.26 1
9.18 70.84 1
9.19 67.79 1
9.2 68.11 1
9.21 68.85 1
9.22 66.92 1
9.23 67.16 1
9.24 66.69 1
9.25 66.39 1
9.26 67.27 1
9.27 67.15 1
9.28 67.07 1
9.29 67.29 1
9.3 67.53 1
9.31 67.9 1
9.32 68.05 1
9.33 68.0 1
9.34 67.28 1
9.35 67.27 1
9.36 67.38 1
9.37 67.26 1
9.38 67.39 1
9.39 67.79 1
9.4 67.28 1
9.41 67.92 1
9.42 67.9 1
9.43 67.88 1
9.44 67.9 1
9.45 67.84 1
9.46 68.11 1
9.47 68.03 1
9.48 68.21 1
9.49 67.91 1
9.5 67.97 1
9.51 68.31 1
9.52 68.13 1
9.53 68.6 1
9.54 68.89 1
9.55 69.28 1
9.56 69.37 1
9.57 70.5 1
9.58 70.67 1
9.59 71.33 1
9.6 71.29 1
9.61 71.65 1
9.62 71.32 1
9.63 71.1 1
9.64 67.9 1
9.65 68.85 1
9.66 70.73 1
9.67 69.29 1
9.68 69.4 1
9.69 69.53 1
9.7 69.07 1
9.71 69.7 1
9.72 68.96 1
9.73 68.75 1
9.74 69.56 1
9.75 69.4 1
9.76 68.15 1
9.77 69.85 1
9.78 70.38 1
9.79 68.7 1
9.8 70.83 1
9.81 70.52 1
9.82 69.27 1
9.83 69.4 1
9.84 85.75 1
9.85 86.72 1
9.86 86.63 1
9.87 86.06 1
9.88 87.58 1
9.89 84.91 1
9.9 86.05 1
9.91 87.94 1
9.92 86.05 1
9.93 84.89 1
9.94 88.05 1
9.95 86.9 1
9.96 85.24 1
9.97 88.13 1
9.98 88.82 1
9.99 84.57 1
10.0 87.18 1
10.01 0.0 1
10.02 0.0 1
10.03 0.0 1
10.04 0.0 1
10.05 0.0 1
10.06 0.0 1
10.07 0.0 1
10.08 0.0 1
10.09 0.0 1
10.1 0.0 1
10.11 0.0 1
10.12 0.0 1
10.13 0.0 1
10.14 107.56 1
10.15 107.82 1
10.16 108.48 1
10.17 109.01 1
10.18 110.1 1
10.19 111.26 1
10.2 114.69 1
10.21 114.82 1
10.22 116.82 1
10.23 118.89 1
10.24 119.68 1
10.25 122.17 1
10.26 123.69 1
10.27 126.19 1
10.28 129.17 1
10.29 130.96 1
10.3 131.62 1
10.31 132.67 1
10.32 133.2 1
10.33 132.86 1
10.34 133.06 1
10.35 132.86 1
10.36 132.6 1
10.37 132.7 1
10.38 132.92 1
10.39 134.28 1
10.4 134.66 1
10.41 135.2 1
10.42 135.63 1
10.43 135.08 1
10.44 135.01 1
10.45 135.48 1
10.46 135.48 1
10.47 135.8 1
10.48 136.55 1
10.49 138.19 1
10.5 139.31 1
10.51 139.41 1
10.52 138.92 1
10.53 138.92 1
10.54 138.33 1
10.55 138.07 1
10.56 137.87 1
10.57 137.87 1
10.58 137.21 1
10.59 137.54 1
10.6 137.78 1
10.61 137.93 1
10.62 138.15 1
10.63 138.6 1
10.64 138.72 1
10.65 139.23 1
10.66 139.73 1
10.67 139.91 1
10.68 139.69 1
10.69 140.1 1
10.7 139.49 1
10.71 139.29 1
10.72 139.31 1
10.73 138.78 1
10.74 137.18 1
10.75 137.6 1
10.76 137.06 1
10.77 137.11 1
10.78 138.1 1
10.79 138.87 1
10.8 139.4 1
10.81 139.52 1
10.82 140.1 1
10.83 139.84 1
10.84 139.34 1
10.85 139.61 1
10.86 138.89 1
10.87 138.04 1
10.88 138.47 1
10.89 138.95 1
10.9 135.91 1
10.91 135.39 1
10.92 156.66 1
10.93 128.76 1
10.94 134.25 1
10.95 134.25 1
10.96 125.11 1
10.97 132.23 1
10.98 134.47 1
10.99 136.03 1
11.0 138.39 1
11.01 137.18 1
11.02 136.95 1
11.03 136.33 1
11.04 136.31 1
11.05 136.33 1
11.06 137.28 1
11.07 137.97 1
11.08 138.38 1
11.09 138.76 1
11.1 139.29 1
11.11 139.56 1
11.12 139.81 1
11.13 140.14 1
11.14 140.94 1
11.15 141.77 1
11.16 142.28 1
11.17 142.92 1
11.18 142.52 1
11.19 141.9 1
11.2 141.85 1
11.21 141.27 1
11.22 140.79 1
11.23 141.92 1
11.24 143.35 1
11.25 148.4 1
11.26 152.61 1
11.27 160.08 1
11.28 167.58 1
11.29 169.95 1
11.3 174.65 1
11.31 176.36 1
11.32 179.3 1
11.33 178.42 1
11.34 176.54 1
11.35 173.01 1
11.36 170.17 1
11.37 165.93 1
11.38 161.51 1
11.39 158.41 1
11.4 155.57 1
11.41 153.08 1
11.42 151.67 1
11.43 150.53 1
11.44 148.76 1
11.45 149.74 1
11.46 149.31 1
11.47 149.74 1
11.48 150.31 1
11.49 150.93 1
11.5 151.55 1
11.51 152.3 1
11.52 155.0 1
11.53 157.96 1
11.54 161.31 1
11.55 163.78 1
11.56 165.77 1
11.57 166.51 1
11.58 166.32 1
11.59 165.88 1
11.6 163.69 1
11.61 161.12 1
11.62 158.0 1
11.63 152.88 1
11.64 150.77 1
11.65 147.54 1
11.66 146.18 1
11.67 145.32 1
11.68 147.86 1
11.69 150.3 1
11.7 155.56 1
11.71 161.23 1
11.72 165.66 1
11.73 169.67 1
11.74 165.99 1
11.75 173.97 1
11.76 170.04 1
11.77 176.75 1
11.78 184.91 1
11.79 185.69 1
11.8 185.19 1
11.81 182.31 1
11.82 214.6 1
11.83 171.26 1
11.84 169.81 1
11.85 162.47 1
11.86 159.93 1
11.87 155.6 1
11.88 153.07 1
11.89 151.28 1
11.9 148.88 1
11.91 147.53 1
11.92 147.15 1
11.93 147.08 1
11.94 146.77 1
11.95 148.73 1
11.96 150.42 1
11.97 153.33 1
11.98 155.27 1
11.99 162.08 1
12.0 169.53 1
12.01 175.87 1
12.02 179.37 1
12.03 185.69 1
12.04 193.19 1
12.05 197.72 1
12.06 201.56 1
12.07 205.44 1
12.08 207.55 1
12.09 206.62 1
12.1 209.72 1
12.11 211.06 1
12.12 212.11 1
12.13 214.39 1
12.14 216.18 1
12.15 218.8 1
12.16 217.97 1
12.17 216.74 1
12.18 214.1 1
12.19 211.33 1
12.2 207.95 1
12.21 205.11 1
12.22 200.33 1
12.23 194.83 1
12.24 189.88 1
12.25 182.71 1
12.26 176.99 1
12.27 173.28 1
12.28 169.31 1
12.29 167.01 1
12.3 163.0 1
12.31 161.96 1
12.32 162.81 1
12.33 165.69 1
12.34 171.1 1
12.35 177.45 1
12.36 184.14 1
12.37 189.7 1
12.38 194.94 1
12.39 199.22 1
12.4 202.19 1
12.41 204.97 1
12.42 205.64 1
12.43 207.55 1
12.44 208.51 1
12.45 209.28 1
12.46 209.29 1
12.47 210.3 1
12.48 211.74 1
12.49 213.23 1
12.5 214.59 1
12.51 215.09 1
12.52 214.75 1
12.53 214.02 1
12.54 212.39 1
12.55 209.51 1
12.56 206.01 1
12.57 199.68 1
12.58 190.44 1
12.59 177.63 1
12.6 164.71 1
12.61 0.0 1
12.62 0.0 1
12.63 0.0 1
12.64 0.0 1
12.65 0.0 1
12.66 0.0 1
12.67 0.0 1
12.68 0.0 1
12.69 0.0 1
12.7 0.0 1
12.71 0.0 1
12.72 0.0 1
12.73 0.0 1
12.74 205.6 1
12.75 198.38 1
12.76 197.11 1
12.77 196.5 1
12.78 197.78 1
12.79 197.93 1
12.8 198.28 1
12.81 199.08 1
12.82 199.22 1
12.83 199.92 1
12.84 200.06 1
12.85 201.24 1
12.86 201.3 1
12.87 202.36 1
12.88 202.12 1
12.89 201.21 1
12.9 198.73 1
12.91 196.18 1
12.92 194.69 1
12.93 188.87 1
12.94 185.03 1
12.95 181.01 1
12.96 177.46 1
12.97 172.8 1
12.98 168.95 1
12.99 164.1 1
13.0 162.18 1
13.01 160.65 1
13.02 158.37 1
13.03 158.36 1
13.04 161.83 1
13.05 163.92 1
13.06 169.09 1
13.07 174.4 1
13.08 179.32 1
13.09 184.14 1
13.1 186.5 1
13.11 192.45 1
13.12 195.63 1
13.13 199.4 1
13.14 202.29 1
13.15 204.11 1
13.16 205.55 1
13.17 206.29 1
13.18 206.57 1
13.19 208.51 1
13.2 209.58 1
13.21 210.06 1
13.22 211.3 1
13.23 211.74 1
13.24 212.04 1
13.25 211.31 1
13.26 211.25 1
13.27 210.51 1
13.28 210.62 1
13.29 209.76 1
13.3 208.52 1
13.31 208.41 1
13.32 208.07 1
13.33 206.57 1
13.34 206.95 1
13.35 207.05 1
13.36 206.57 1
13.37 208.06 1
13.38 209.04 1
13.39 208.52 1
13.4 208.52 1
13.41 209.28 1
13.42 208.94 1
13.43 208.51 1
13.44 209.01 1
13.45 209.08 1
13.46 207.55 1
13.47 208.51 1
13.48 208.36 1
13.49 208.48 1
13.5 208.51 1
13.51 209.34 1
13.52 208.52 1
13.53 207.53 1
13.54 208.19 1
13.55 198.21 1
13.56 206.56 1
13.57 207.92 1
13.58 203.7 1
13.59 206.13 1
13.6 204.64 1
13.61 202.71 1
13.62 205.24 1
13.63 204.97 1
13.64 203.66 1
13.65 203.46 1
13.66 202.02 1
13.67 203.68 1
13.68 202.36 1
13.69 202.08 1
13.7 199.11 1
13.71 200.01 1
13.72 202.01 1
13.73 201.7 1
13.74 203.01 1
13.75 201.4 1
13.76 203.08 1
13.77 204.42 1
13.78 203.71 1
13.79 208.82 1
13.8 212.44 1
13.81 215.53 1
13.82 219.93 1
13.83 226.74 1
13.84 235.2 1
13.85 243.72 1
13.86 251.94 1
13.87 257.75 1
13.88 262.92 1
13.89 267.34 1
13.9 268.28 1
13.91 268.09 1
13.92 267.26 1
13.93 264.32 1
13.94 261.82 1
13.95 258.6 1
13.96 255.68 1
13.97 252.75 1
13.98 251.83 1
13.99 249.48 1
14.0 245.87 1
14.01 242.11 1
14.02 237.87 1
14.03 233.24 1
14.04 230.74 1
14.05 227.88 1
14.06 225.93 1
14.07 224.53 1
14.08 225.45 1
14.09 226.66 1
14.1 229.09 1
14.11 230.3 1
14.12 237.98 1
14.13 243.58 1
14.14 249.79 1
14.15 256.94 1
14.16 263.05 1
14.17 273.06 1
14.18 273.18 1
14.19 274.78 1
14.2 277.35 1
14.21 277.61 1
14.22 277.13 1
14.23 277.94 1
14.24 277.91 1
14.25 275.8 1
14.26 274.55 1
14.27 274.04 1
14.28 273.62 1
14.29 272.47 1
14.3 272.07 1
14.31 270.09 1
14.32 264.57 1
14.33 254.24 1
14.34 249.88 1
14.35 241.63 1
14.36 228.73 1
14.37 219.94 1
14.38 210.92 1
14.39 203.74 1
14.4 204.82 1
14.41 181.76 1
14.42 167.34 1
