0.01 185.17 1
0.02 186.76 1
0.03 188.62 1
0.04 191.43 1
0.05 199.48 1
0.06 202.19 1
0.07 205.32 1
0.08 210.33 1
0.09 209.03 1
0.1 209.51 1
0.11 213.77 1
0.12 212.38 1
0.13 214.36 1
0.14 212.87 1
0.15 214.44 1
0.16 213.41 1
0.17 212.93 1
0.18 211.95 1
0.19 206.89 1
0.2 207.53 1
0.21 208.93 1
0.22 206.04 1
0.23 205.99 1
0.24 208.07 1
0.25 206.34 1
0.26 205.23 1
0.27 207.23 1
0.28 205.6 1
0.29 205.6 1
0.3 207.82 1
0.31 207.61 1
0.32 206.56 1
0.33 207.43 1
0.34 207.44 1
0.35 206.56 1
0.36 207.53 1
0.37 207.82 1
0.38 206.56 1
0.39 207.53 1
0.4 207.37 1
0.41 205.6 1
0.42 208.1 1
0.43 208.21 1
0.44 207.26 1
0.45 207.94 1
0.46 208.81 1
0.47 206.56 1
0.48 206.56 1
0.49 208.51 1
0.5 207.53 1
0.51 207.0 1
0.52 208.22 1
0.53 207.36 1
0.54 206.04 1
0.55 206.56 1
0.56 206.61 1
0.57 205.73 1
0.58 206.56 1
0.59 207.53 1
0.6 207.38 1
0.61 207.53 1
0.62 207.53 1
0.63 207.18 1
0.64 207.21 1
0.65 206.75 1
0.66 204.31 1
0.67 204.66 1
0.68 204.08 1
0.69 202.53 1
0.7 204.58 1
0.71 204.28 1
0.72 205.33 1
0.73 206.65 1
0.74 204.53 1
0.75 206.33 1
0.76 207.14 1
0.77 205.17 1
0.78 206.12 1
0.79 205.86 1
0.8 204.64 1
0.81 204.95 1
0.82 203.01 1
0.83 202.96 1
0.84 204.25 1
0.85 204.1 1
0.86 205.63 1
0.87 207.0 1
0.88 207.97 1
0.89 210.46 1
0.9 213.46 1
0.91 215.53 1
0.92 216.8 1
0.93 219.86 1
0.94 220.75 1
0.95 222.9 1
0.96 228.85 1
0.97 229.91 1
0.98 231.5 1
0.99 233.95 1
1.0 236.25 1
1.01 236.94 1
1.02 238.77 1
1.03 235.31 1
1.04 235.3 1
1.05 233.53 1
1.06 235.46 1
1.07 236.22 1
1.08 237.33 1
1.09 238.59 1
1.1 239.14 1
1.11 238.19 1
1.12 238.39 1
1.13 238.37 1
1.14 237.23 1
1.15 236.57 1
1.16 233.61 1
1.17 234.93 1
1.18 232.72 1
1.19 233.02 1
1.2 231.11 1
1.21 231.74 1
1.22 231.03 1
1.23 230.71 1
1.24 230.61 1
1.25 230.36 1
1.26 230.72 1
1.27 229.09 1
1.28 229.75 1
1.29 229.09 1
1.3 231.1 1
1.31 230.3 1
1.32 232.72 1
1.33 234.73 1
1.34 237.44 1
1.35 238.43 1
1.36 239.59 1
1.37 242.74 1
1.38 244.42 1
1.39 245.16 1
1.4 246.16 1
1.41 245.92 1
1.42 245.08 1
1.43 244.47 1
1.44 246.23 1
1.45 245.86 1
1.46 245.39 1
1.47 245.45 1
1.48 245.16 1
1.49 245.57 1
1.5 245.55 1
1.51 244.06 1
1.52 244.61 1
1.53 245.03 1
1.54 242.95 1
1.55 242.47 1
1.56 242.84 1
1.57 241.1 1
1.58 239.41 1
1.59 240.33 1
1.6 238.44 1
1.61 236.59 1
1.62 233.96 1
1.63 233.38 1
1.64 233.22 1
1.65 232.55 1
1.66 232.64 1
1.67 231.43 1
1.68 230.3 1
1.69 230.3 1
1.7 230.29 1
1.71 230.3 1
1.72 231.5 1
1.73 232.72 1
1.74 233.69 1
1.75 236.33 1
1.76 238.95 1
1.77 240.67 1
1.78 241.4 1
1.79 243.6 1
1.8 245.18 1
1.81 244.39 1
1.82 244.8 1
1.83 245.73 1
1.84 245.21 1
1.85 244.44 1
1.86 243.9 1
1.87 243.09 1
1.88 242.7 1
1.89 242.18 1
1.9 242.15 1
1.91 242.14 1
1.92 241.64 1
1.93 241.64 1
1.94 240.35 1
1.95 239.02 1
1.96 239.02 1
1.97 237.73 1
1.98 237.0 1
1.99 236.46 1
2.0 235.88 1
2.01 235.75 1
2.02 234.49 1
2.03 234.97 1
2.04 233.77 1
2.05 234.08 1
2.06 232.3 1
2.07 231.5 1
2.08 230.29 1
2.09 231.5 1
2.1 231.5 1
2.11 232.17 1
2.12 231.45 1
2.13 231.99 1
2.14 232.55 1
2.15 234.51 1
2.16 234.67 1
2.17 236.53 1
2.18 238.15 1
2.19 240.25 1
2.2 242.97 1
2.21 242.7 1
2.22 242.97 1
2.23 243.55 1
2.24 242.43 1
2.25 240.35 1
2.26 238.66 1
2.27 236.04 1
2.28 234.03 1
2.29 230.29 1
2.3 227.2 1
2.31 226.1 1
2.32 228.59 1
2.33 230.88 1
2.34 233.36 1
2.35 236.0 1
2.36 239.69 1
2.37 243.2 1
2.38 244.42 1
2.39 244.94 1
2.4 246.05 1
2.41 245.1 1
2.42 243.12 1
2.43 241.88 1
2.44 239.94 1
2.45 237.09 1
2.46 234.93 1
2.47 233.68 1
2.48 232.7 1
2.49 230.08 1
2.5 226.18 1
2.51 225.69 1
2.52 225.17 1
2.53 224.03 1
2.54 221.87 1
2.55 217.9 1
2.56 221.43 1
2.57 223.29 1
2.58 227.91 1
2.59 234.93 1
2.6 240.78 1
2.61 245.17 1
2.62 255.2 1
2.63 266.46 1
2.64 271.26 1
2.65 274.09 1
2.66 281.15 1
2.67 280.45 1
2.68 279.07 1
2.69 278.71 1
2.7 277.67 1
2.71 276.22 1
2.72 275.13 1
2.73 274.41 1
2.74 273.11 1
2.75 271.35 1
2.76 269.73 1
2.77 268.07 1
2.78 263.62 1
2.79 257.22 1
2.8 251.53 1
2.81 245.57 1
2.82 238.45 1
2.83 232.8 1
2.84 228.43 1
2.85 223.98 1
2.86 221.02 1
2.87 220.9 1
2.88 220.88 1
2.89 225.19 1
2.9 231.5 1
2.91 242.05 1
2.92 256.17 1
2.93 279.94 1
2.94 284.24 1
2.95 301.07 1
2.96 320.74 1
2.97 337.02 1
2.98 336.76 1
2.99 336.25 1
3.0 334.49 1
3.01 330.88 1
3.02 321.24 1
3.03 305.83 1
3.04 295.0 1
3.05 291.09 1
3.06 286.2 1
3.07 284.16 1
3.08 281.25 1
3.09 279.84 1
3.1 278.91 1
3.11 276.52 1
3.12 277.04 1
3.13 275.58 1
3.14 274.6 1
3.15 275.14 1
3.16 276.48 1
3.17 277.99 1
3.18 277.51 1
3.19 276.98 1
3.2 277.13 1
3.21 277.16 1
3.22 275.73 1
3.23 275.23 1
3.24 273.42 1
3.25 270.71 1
3.26 266.68 1
3.27 261.38 1
3.28 254.21 1
3.29 247.38 1
3.3 244.28 1
3.31 235.61 1
3.32 232.98 1
3.33 230.82 1
3.34 229.5 1
3.35 228.67 1
3.36 227.81 1
3.37 227.94 1
3.38 227.71 1
3.39 227.81 1
3.4 228.27 1
3.41 229.09 1
3.42 229.1 1
3.43 232.41 1
3.44 236.48 1
3.45 242.32 1
3.46 245.1 1
3.47 251.59 1
3.48 256.71 1
3.49 261.06 1
3.5 262.79 1
3.51 260.84 1
3.52 255.68 1
3.53 245.76 1
3.54 239.09 1
3.55 230.13 1
3.56 221.05 1
3.57 206.4 1
3.58 198.83 1
3.59 195.16 1
3.6 195.42 1
3.61 186.47 1
3.62 197.17 1
3.63 198.48 1
3.64 200.76 1
3.65 200.93 1
3.66 203.55 1
3.67 216.72 1
3.68 205.87 1
3.69 206.9 1
3.7 207.78 1
3.71 207.77 1
3.72 205.63 1
3.73 208.8 1
3.74 209.09 1
3.75 208.9 1
3.76 208.96 1
3.77 208.76 1
3.78 207.55 1
3.79 208.17 1
3.8 208.38 1
3.81 208.29 1
3.82 208.28 1
3.83 208.28 1
3.84 208.16 1
3.85 206.57 1
3.86 207.13 1
3.87 206.87 1
3.88 207.42 1
3.89 208.19 1
3.9 208.34 1
3.91 206.57 1
3.92 206.29 1
3.93 204.45 1
3.94 201.42 1
3.95 194.72 1
3.96 191.32 1
3.97 184.91 1
3.98 183.37 1
3.99 182.63 1
4.0 174.65 1
4.01 171.93 1
4.02 173.97 1
4.03 167.32 1
4.04 164.02 1
4.05 170.61 1
4.06 172.42 1
4.07 174.56 1
4.08 174.66 1
4.09 177.45 1
4.1 177.1 1
4.11 180.36 1
4.12 179.52 1
4.13 180.19 1
4.14 180.73 1
4.15 180.37 1
4.16 181.86 1
4.17 181.86 1
4.18 181.85 1
4.19 181.43 1
4.2 181.71 1
4.21 181.6 1
4.22 182.83 1
4.23 182.48 1
4.24 184.17 1
4.25 183.37 1
4.26 183.55 1
4.27 183.27 1
4.28 182.72 1
4.29 181.37 1
4.3 181.72 1
4.31 181.79 1
4.32 182.4 1
4.33 183.83 1
4.34 184.78 1
4.35 184.91 1
4.36 185.41 1
4.37 185.06 1
4.38 184.43 1
4.39 183.64 1
4.4 183.33 1
4.41 182.62 1
4.42 181.92 1
4.43 181.43 1
4.44 180.7 1
4.45 180.94 1
4.46 182.3 1
4.47 183.71 1
4.48 184.91 1
4.49 185.86 1
4.5 186.47 1
4.51 187.11 1
4.52 187.58 1
4.53 187.11 1
4.54 186.06 1
4.55 184.53 1
4.56 183.03 1
4.57 181.12 1
4.58 180.98 1
4.59 181.61 1
4.6 183.37 1
4.61 185.0 1
4.62 186.81 1
4.63 187.73 1
4.64 187.89 1
4.65 187.55 1
4.66 185.68 1
4.67 184.53 1
4.68 183.8 1
4.69 183.02 1
4.7 182.68 1
4.71 183.51 1
4.72 184.28 1
4.73 185.74 1
4.74 185.48 1
4.75 186.28 1
4.76 186.54 1
4.77 185.22 1
4.78 183.73 1
4.79 182.23 1
4.8 180.11 1
4.81 173.97 1
4.82 174.41 1
4.83 174.71 1
4.84 171.93 1
4.85 171.93 1
4.86 175.17 1
4.87 177.9 1
4.88 183.87 1
4.89 182.56 1
4.9 184.24 1
4.91 185.2 1
4.92 184.79 1
4.93 184.52 1
4.94 184.02 1
4.95 183.55 1
4.96 183.81 1
4.97 185.95 1
4.98 185.69 1
4.99 185.61 1
5.0 186.12 1
5.01 185.27 1
5.02 184.69 1
5.03 184.35 1
5.04 183.98 1
5.05 183.81 1
5.06 183.74 1
5.07 183.89 1
5.08 183.83 1
5.09 183.97 1
5.1 184.41 1
5.11 184.15 1
5.12 183.81 1
5.13 183.57 1
5.14 183.04 1
5.15 182.36 1
5.16 182.01 1
5.17 180.77 1
5.18 180.29 1
5.19 178.95 1
5.2 177.81 1
5.21 176.32 1
5.22 174.64 1
5.23 172.62 1
5.24 171.45 1
5.25 169.94 1
5.26 168.31 1
5.27 167.28 1
5.28 165.53 1
5.29 164.21 1
5.3 163.8 1
5.31 162.97 1
5.32 160.7 1
5.33 160.18 1
5.34 158.1 1
5.35 156.11 1
5.36 155.04 1
5.37 154.67 1
5.38 154.25 1
5.39 153.64 1
5.4 151.68 1
5.41 150.92 1
5.42 150.14 1
5.43 150.13 1
5.44 150.17 1
5.45 150.45 1
5.46 150.42 1
5.47 150.55 1
5.48 150.56 1
5.49 150.12 1
5.5 150.26 1
5.51 149.97 1
5.52 149.97 1
5.53 149.93 1
5.54 150.34 1
5.55 150.33 1
5.56 150.29 1
5.57 150.97 1
5.58 151.17 1
5.59 151.25 1
5.6 152.14 1
5.61 152.25 1
5.62 151.61 1
5.63 151.82 1
5.64 151.19 1
5.65 150.51 1
5.66 150.29 1
5.67 150.55 1
5.68 150.76 1
5.69 152.68 1
5.7 153.26 1
5.71 153.37 1
5.72 154.0 1
5.73 153.27 1
5.74 153.95 1
5.75 153.65 1
5.76 153.02 1
5.77 152.81 1
5.78 152.16 1
5.79 152.46 1
5.8 152.42 1
5.81 152.51 1
5.82 153.22 1
5.83 153.09 1
5.84 153.84 1
5.85 155.11 1
5.86 157.08 1
5.87 159.1 1
5.88 160.71 1
5.89 161.77 1
5.9 162.07 1
5.91 161.25 1
5.92 160.51 1
5.93 159.26 1
5.94 156.1 1
5.95 153.44 1
5.96 151.8 1
5.97 149.75 1
5.98 149.81 1
5.99 150.77 1
6.0 150.63 1
6.01 151.38 1
6.02 152.09 1
6.03 151.83 1
6.04 151.82 1
6.05 151.28 1
6.06 151.28 1
6.07 151.09 1
6.08 151.87 1
6.09 154.54 1
6.1 155.06 1
6.11 155.56 1
6.12 156.38 1
6.13 154.49 1
6.14 140.44 1
6.15 154.47 1
6.16 68.53 1
6.17 69.51 1
6.18 69.39 1
6.19 69.1 1
6.2 70.05 1
6.21 68.85 1
6.22 69.28 1
6.23 69.54 1
6.24 69.08 1
6.25 69.36 1
6.26 71.01 1
6.27 68.96 1
6.28 69.84 1
6.29 69.82 1
6.3 68.62 1
6.31 69.84 1
6.32 68.56 1
6.33 69.07 1
6.34 69.91 1
6.35 68.85 1
6.36 69.29 1
6.37 69.7 1
6.38 69.12 1
6.39 69.51 1
6.4 69.62 1
6.41 68.85 1
6.42 69.54 1
6.43 69.36 1
6.44 176.79 1
6.45 178.17 1
6.46 178.88 1
6.47 176.79 1
6.48 179.61 1
6.49 180.36 1
6.5 175.97 1
6.51 152.4 1
6.52 135.33 1
6.53 133.79 1
6.54 130.13 1
6.55 130.34 1
6.56 129.14 1
6.57 130.67 1
6.58 128.76 1
6.59 129.93 1
6.6 129.52 1
6.61 129.52 1
6.62 131.05 1
6.63 129.5 1
6.64 131.49 1
6.65 130.47 1
6.66 131.71 1
6.67 137.1 1
6.68 146.93 1
6.69 136.68 1
6.7 135.05 1
6.71 134.98 1
6.72 133.63 1
6.73 134.31 1
6.74 134.55 1
6.75 134.66 1
6.76 134.59 1
6.77 133.49 1
6.78 134.45 1
6.79 134.39 1
6.8 135.28 1
6.81 136.58 1
6.82 135.53 1
6.83 135.68 1
6.84 134.63 1
6.85 134.1 1
6.86 132.73 1
6.87 132.84 1
6.88 133.04 1
6.89 132.95 1
6.9 133.28 1
6.91 134.9 1
6.92 134.94 1
6.93 136.66 1
6.94 135.9 1
6.95 138.13 1
6.96 139.17 1
6.97 138.14 1
6.98 138.44 1
6.99 138.85 1
7.0 137.97 1
7.01 137.3 1
7.02 136.74 1
7.03 136.74 1
7.04 136.75 1
7.05 137.85 1
7.06 138.8 1
7.07 138.24 1
7.08 138.69 1
7.09 139.12 1
7.1 139.27 1
7.11 139.0 1
7.12 138.9 1
7.13 139.01 1
7.14 138.67 1
7.15 138.36 1
7.16 138.41 1
7.17 138.45 1
7.18 138.03 1
7.19 137.6 1
7.2 137.74 1
7.21 134.98 1
7.22 133.43 1
7.23 131.06 1
7.24 131.31 1
7.25 132.13 1
7.26 133.43 1
7.27 131.41 1
7.28 132.23 1
7.29 131.03 1
7.3 133.84 1
7.31 132.63 1
7.32 139.85 1
7.33 144.35 1
7.34 145.28 1
7.35 149.5 1
7.36 154.47 1
7.37 156.06 1
7.38 162.3 1
7.39 163.9 1
7.4 166.55 1
7.41 168.14 1
7.42 168.91 1
7.43 171.81 1
7.44 170.66 1
7.45 167.85 1
7.46 167.05 1
7.47 166.03 1
7.48 164.32 1
7.49 162.59 1
7.5 161.07 1
7.51 159.25 1
7.52 158.06 1
7.53 158.49 1
7.54 157.78 1
7.55 158.06 1
7.56 156.66 1
7.57 154.82 1
7.58 154.98 1
7.59 153.89 1
7.6 153.87 1
7.61 153.79 1
7.62 151.69 1
7.63 152.73 1
7.64 150.28 1
7.65 149.96 1
7.66 150.43 1
7.67 149.88 1
7.68 150.44 1
7.69 151.67 1
7.7 151.79 1
7.71 152.19 1
7.72 153.9 1
7.73 154.26 1
7.74 154.17 1
7.75 154.85 1
7.76 154.33 1
7.77 154.76 1
7.78 155.75 1
7.79 154.56 1
7.8 156.89 1
7.81 156.43 1
7.82 157.78 1
7.83 159.62 1
7.84 160.21 1
7.85 161.54 1
7.86 162.5 1
7.87 162.85 1
7.88 162.93 1
7.89 162.67 1
7.9 161.08 1
7.91 160.25 1
7.92 160.67 1
7.93 158.91 1
7.94 156.11 1
7.95 157.29 1
7.96 156.02 1
7.97 154.64 1
7.98 155.17 1
7.99 153.44 1
8.0 153.29 1
8.01 153.64 1
8.02 151.5 1
8.03 152.32 1
8.04 147.86 1
8.05 150.3 1
8.06 146.72 1
8.07 147.71 1
8.08 145.27 1
8.09 146.68 1
8.1 143.39 1
8.11 146.29 1
8.12 144.87 1
8.13 144.91 1
8.14 145.27 1
8.15 140.64 1
8.16 142.61 1
8.17 139.73 1
8.18 139.36 1
8.19 141.84 1
8.2 137.17 1
8.21 138.1 1
8.22 144.26 1
8.23 138.46 1
8.24 137.14 1
8.25 143.12 1
8.26 136.75 1
8.27 134.39 1
8.28 139.78 1
8.29 139.35 1
8.3 133.85 1
8.31 135.5 1
8.32 139.25 1
8.33 135.9 1
8.34 135.48 1
8.35 136.96 1
8.36 137.95 1
8.37 137.72 1
8.38 133.24 1
8.39 135.77 1
8.4 137.6 1
8.41 133.81 1
8.42 135.42 1
8.43 135.75 1
8.44 139.1 1
8.45 137.6 1
8.46 137.6 1
8.47 139.04 1
8.48 140.54 1
8.49 138.05 1
8.5 138.15 1
8.51 139.27 1
8.52 136.36 1
8.53 135.24 1
8.54 138.4 1
8.55 134.66 1
8.56 134.34 1
8.57 69.61 1
8.58 68.85 1
8.59 69.38 1
8.6 69.59 1
8.61 69.25 1
8.62 69.18 1
8.63 69.53 1
8.64 69.37 1
8.65 68.91 1
8.66 69.83 1
8.67 69.09 1
8.68 68.64 1
8.69 70.68 1
8.7 68.0 1
8.71 68.77 1
8.72 69.5 1
8.73 69.61 1
8.74 69.68 1
8.75 69.96 1
8.76 68.14 1
8.77 0.0 1
8.78 0.0 1
8.79 0.0 1
8.8 0.0 1
8.81 0.0 1
8.82 0.0 1
8.83 0.0 1
8.84 0.0 1
8.85 181.26 1
8.86 176.76 1
8.87 178.7 1
8.88 180.87 1
8.89 176.05 1
8.9 176.32 1
8.91 180.35 1
8.92 165.46 1
8.93 176.8 1
8.94 179.95 1
8.95 176.77 1
8.96 174.82 1
8.97 180.5 1
8.98 180.93 1
8.99 174.48 1
9.0 180.45 1
9.01 179.95 1
9.02 176.32 1
9.03 176.16 1
9.04 179.12 1
9.05 175.29 1
9.06 178.18 1
9.07 181.47 1
9.08 175.94 1
9.09 180.37 1
9.1 182.7 1
9.11 178.8 1
9.12 179.32 1
9.13 179.28 1
9.14 175.35 1
9.15 177.03 1
9.16 178.18 1
9.17 168.67 1
9.18 176.03 1
9.19 176.75 1
9.2 171.3 1
9.21 175.28 1
9.22 176.44 1
9.23 174.01 1
9.24 176.04 1
9.25 170.64 1
9.26 174.02 1
9.27 176.04 1
9.28 170.64 1
9.29 0.0 1
9.3 0.0 1
9.31 0.0 1
9.32 0.0 1
9.33 0.0 1
9.34 0.0 1
9.35 0.0 1
9.36 0.0 1
9.37 0.0 1
9.38 0.0 1
9.39 0.0 1
9.4 0.0 1
9.41 0.0 1
9.42 0.0 1
9.43 0.0 1
9.44 0.0 1
9.45 0.0 1
9.46 0.0 1
9.47 0.0 1
9.48 0.0 1
9.49 0.0 1
9.5 0.0 1
9.51 69.33 1
9.52 69.35 1
9.53 69.07 1
9.54 69.4 1
9.55 69.39 1
9.56 68.86 1
9.57 69.66 1
9.58 69.07 1
9.59 68.8 1
9.6 69.5 1
9.61 69.08 1
9.62 68.85 1
9.63 69.45 1
9.64 69.33 1
9.65 68.84 1
9.66 69.4 1
9.67 69.38 1
9.68 68.78 1
9.69 0.0 1
9.7 0.0 1
9.71 0.0 1
9.72 0.0 1
9.73 0.0 1
9.74 0.0 1
9.75 0.0 1
9.76 0.0 1
9.77 0.0 1
9.78 0.0 1
9.79 0.0 1
9.8 0.0 1
9.81 0.0 1
9.82 0.0 1
9.83 0.0 1
9.84 0.0 1
9.85 0.0 1
9.86 0.0 1
9.87 0.0 1
9.88 0.0 1
9.89 0.0 1
9.9 0.0 1
9.91 0.0 1
9.92 0.0 1
9.93 0.0 1
9.94 0.0 1
9.95 0.0 1
9.96 138.88 1
9.97 138.87 1
9.98 138.03 1
9.99 137.19 1
10.0 139.33 1
10.01 138.61 1
10.02 137.18 1
10.03 0.0 1
10.04 0.0 1
10.05 0.0 1
10.06 0.0 1
10.07 0.0 1
10.08 0.0 1
10.09 0.0 1
10.1 0.0 1
10.11 0.0 1
10.12 0.0 1
10.13 0.0 1
10.14 0.0 1
10.15 0.0 1
10.16 0.0 1
10.17 164.25 1
10.18 155.56 1
10.19 150.27 1
10.2 147.25 1
10.21 146.19 1
10.22 145.44 1
10.23 145.26 1
10.24 146.11 1
10.25 146.17 1
10.26 146.87 1
10.27 146.27 1
10.28 146.35 1
10.29 145.79 1
10.3 146.17 1
10.31 145.94 1
10.32 146.63 1
10.33 146.28 1
10.34 148.02 1
10.35 146.28 1
10.36 147.11 1
10.37 146.71 1
10.38 147.14 1
10.39 148.33 1
10.4 153.64 1
10.41 157.22 1
10.42 165.32 1
10.43 171.93 1
10.44 180.37 1
10.45 183.42 1
10.46 187.72 1
10.47 189.35 1
10.48 189.9 1
10.49 190.21 1
10.5 190.43 1
10.51 190.3 1
10.52 190.12 1
10.53 190.09 1
10.54 190.39 1
10.55 190.43 1
10.56 189.87 1
10.57 189.43 1
10.58 188.94 1
10.59 188.36 1
10.6 187.9 1
10.61 187.92 1
10.62 188.05 1
10.63 187.27 1
10.64 187.36 1
10.65 187.28 1
10.66 185.73 1
10.67 186.49 1
10.68 188.06 1
10.69 188.14 1
10.7 187.28 1
10.71 187.35 1
10.72 186.87 1
10.73 185.7 1
10.74 185.78 1
10.75 184.95 1
10.76 186.29 1
10.77 186.47 1
10.78 184.96 1
10.79 186.05 1
10.8 184.96 1
10.81 182.8 1
10.82 180.03 1
10.83 175.47 1
10.84 172.52 1
10.85 167.94 1
10.86 161.96 1
10.87 153.66 1
10.88 147.73 1
10.89 145.21 1
10.9 145.31 1
10.91 145.31 1
10.92 144.25 1
10.93 144.5 1
10.94 138.03 1
10.95 163.03 1
10.96 170.59 1
10.97 168.3 1
10.98 167.36 1
10.99 165.46 1
11.0 169.95 1
11.01 178.17 1
11.02 182.91 1
11.03 181.35 1
11.04 182.51 1
11.05 183.28 1
11.06 183.31 1
11.07 183.66 1
11.08 184.14 1
11.09 184.48 1
11.1 184.33 1
11.11 183.25 1
11.12 183.23 1
11.13 183.31 1
11.14 182.86 1
11.15 182.2 1
11.16 181.8 1
11.17 180.83 1
11.18 178.02 1
11.19 174.22 1
11.2 170.55 1
11.21 166.59 1
11.22 159.83 1
11.23 156.73 1
11.24 153.35 1
11.25 150.84 1
11.26 148.18 1
11.27 147.51 1
11.28 145.79 1
11.29 145.32 1
11.3 145.8 1
11.31 146.28 1
11.32 147.81 1
11.33 149.35 1
11.34 151.54 1
11.35 154.17 1
11.36 158.92 1
11.37 166.48 1
11.38 175.0 1
11.39 182.51 1
11.4 186.48 1
11.41 201.45 1
11.42 206.52 1
11.43 210.82 1
11.44 214.44 1
11.45 216.52 1
11.46 216.6 1
11.47 215.64 1
11.48 214.31 1
11.49 213.19 1
11.5 211.83 1
11.51 209.7 1
11.52 208.2 1
11.53 207.04 1
11.54 207.78 1
11.55 207.83 1
11.56 206.96 1
11.57 204.94 1
11.58 202.53 1
11.59 198.89 1
11.6 195.31 1
11.61 191.23 1
11.62 188.01 1
11.63 184.58 1
11.64 182.13 1
11.65 180.1 1
11.66 170.61 1
11.67 175.33 1
11.68 171.93 1
11.69 169.29 1
11.7 169.06 1
11.71 169.85 1
11.72 168.51 1
11.73 159.5 1
11.74 171.93 1
11.75 170.66 1
11.76 170.6 1
11.77 171.26 1
11.78 170.6 1
11.79 173.85 1
11.8 178.77 1
11.81 190.66 1
11.82 208.3 1
11.83 215.13 1
11.84 213.23 1
11.85 215.37 1
11.86 216.53 1
11.87 217.37 1
11.88 217.37 1
11.89 217.93 1
11.9 217.31 1
11.91 216.08 1
11.92 215.64 1
11.93 213.89 1
11.94 212.54 1
11.95 209.98 1
11.96 207.53 1
11.97 205.63 1
11.98 202.45 1
11.99 199.17 1
12.0 195.13 1
12.01 189.69 1
12.02 188.56 1
12.03 184.14 1
12.04 182.5 1
12.05 180.43 1
12.06 178.46 1
12.07 177.31 1
12.08 177.21 1
12.09 176.91 1
12.1 176.75 1
12.11 177.84 1
12.12 179.2 1
12.13 180.88 1
12.14 183.02 1
12.15 188.01 1
12.16 192.51 1
12.17 197.49 1
12.18 203.7 1
12.19 216.16 1
12.2 227.04 1
12.21 235.1 1
12.22 241.91 1
12.23 248.27 1
12.24 251.97 1
12.25 254.39 1
12.26 255.08 1
12.27 254.21 1
12.28 253.3 1
12.29 252.73 1
12.3 249.4 1
12.31 248.38 1
12.32 245.58 1
12.33 243.74 1
12.34 239.96 1
12.35 236.45 1
12.36 233.68 1
12.37 230.29 1
12.38 227.42 1
12.39 225.15 1
12.4 223.26 1
12.41 220.32 1
12.42 219.68 1
12.43 217.67 1
12.44 216.74 1
12.45 215.3 1
12.46 212.35 1
12.47 209.51 1
12.48 210.67 1
12.49 210.43 1
12.5 209.51 1
12.51 209.5 1
12.52 210.02 1
12.53 209.19 1
12.54 206.78 1
12.55 205.59 1
12.56 206.16 1
12.57 202.76 1
12.58 198.0 1
12.59 197.89 1
12.6 198.39 1
12.61 214.93 1
12.62 207.54 1
12.63 203.7 1
12.64 215.66 1
12.65 0.0 1
12.66 0.0 1
12.67 0.0 1
12.68 0.0 1
12.69 221.04 1
12.7 214.77 1
12.71 201.74 1
12.72 199.41 1
12.73 204.36 1
12.74 207.48 1
12.75 207.22 1
12.76 204.78 1
12.77 204.76 1
12.78 206.48 1
12.79 207.29 1
12.8 205.53 1
12.81 205.4 1
12.82 207.21 1
12.83 204.85 1
12.84 205.78 1
12.85 205.98 1
12.86 206.58 1
12.87 207.53 1
12.88 207.53 1
12.89 207.13 1
12.9 207.64 1
12.91 207.65 1
12.92 207.44 1
12.93 207.53 1
12.94 208.09 1
12.95 208.32 1
12.96 208.45 1
12.97 208.36 1
12.98 207.84 1
12.99 208.13 1
13.0 208.3 1
13.01 207.34 1
13.02 206.7 1
13.03 207.98 1
13.04 207.43 1
13.05 206.86 1
13.06 207.86 1
13.07 207.92 1
13.08 207.75 1
13.09 208.35 1
13.1 208.36 1
13.11 207.14 1
13.12 207.65 1
13.13 208.51 1
13.14 207.42 1
13.15 207.01 1
13.16 208.33 1
13.17 206.9 1
13.18 207.17 1
13.19 208.51 1
13.2 208.67 1
13.21 207.57 1
13.22 209.29 1
13.23 210.41 1
13.24 210.19 1
13.25 211.64 1
13.26 219.09 1
13.27 221.62 1
13.28 225.34 1
13.29 235.2 1
13.3 243.5 1
13.31 252.05 1
13.32 260.2 1
13.33 269.48 1
13.34 278.98 1
13.35 284.63 1
13.36 294.98 1
13.37 293.03 1
13.38 295.91 1
13.39 295.46 1
13.4 292.98 1
13.41 288.19 1
13.42 282.78 1
13.43 271.37 1
13.44 263.29 1
13.45 255.54 1
13.46 241.64 1
13.47 238.69 1
13.48 232.72 1
13.49 229.1 1
13.5 229.1 1
13.51 225.59 1
13.52 226.74 1
13.53 230.29 1
13.54 232.2 1
13.55 219.96 1
13.56 214.6 1
13.57 207.53 1
13.58 236.44 1
13.59 263.2 1
13.6 261.75 1
13.61 248.48 1
13.62 272.95 1
13.63 274.72 1
13.64 266.89 1
13.65 262.34 1
13.66 255.16 1
13.67 248.02 1
13.68 239.01 1
13.69 229.11 1
13.7 226.63 1
13.71 223.78 1
13.72 224.08 1
13.73 226.65 1
13.74 228.43 1
13.75 231.76 1
13.76 235.8 1
13.77 239.66 1
13.78 245.15 1
13.79 248.11 1
13.8 252.64 1
13.81 254.21 1
13.82 258.22 1
13.83 260.11 1
13.84 256.21 1
13.85 253.85 1
13.86 250.35 1
13.87 248.18 1
13.88 245.08 1
13.89 243.5 1
13.9 240.84 1
13.91 238.72 1
13.92 236.11 1
13.93 234.28 1
13.94 232.24 1
13.95 229.69 1
13.96 226.74 1
13.97 224.35 1
13.98 219.56 1
13.99 217.39 1
14.0 214.67 1
14.01 213.5 1
14.02 210.27 1
14.03 207.59 1
14.04 206.09 1
14.05 204.87 1
14.06 200.92 1
14.07 201.89 1
14.08 198.21 1
14.09 196.43 1
14.1 192.51 1
14.11 190.49 1
14.12 186.62 1
14.13 183.34 1
14.14 180.49 1
14.15 177.68 1
14.16 176.75 1
14.17 174.9 1
14.18 173.6 1
14.19 172.52 1
14.2 171.59 1
14.21 169.95 1
14.22 169.29 1
14.23 169.29 1
14.24 171.22 1
14.25 174.65 1
14.26 181.11 1
14.27 188.22 1
14.28 193.49 1
14.29 197.32 1
14.3 200.92 1
14.31 202.77 1
14.32 200.93 1
14.33 207.46 1
14.34 214.54 1
14.35 203.72 1
14.36 207.83 1
14.37 207.83 1
