0.01 0.0 1
0.02 246.72 1
0.03 233.29 1
0.04 229.72 1
0.05 217.98 1
0.06 213.56 1
0.07 212.54 1
0.08 212.0 1
0.09 211.87 1
0.1 213.38 1
0.11 215.81 1
0.12 221.34 1
0.13 225.59 1
0.14 236.93 1
0.15 243.91 1
0.16 252.26 1
0.17 258.7 1
0.18 268.24 1
0.19 274.99 1
0.2 281.34 1
0.21 284.74 1
0.22 286.94 1
0.23 286.94 1
0.24 284.08 1
0.25 280.88 1
0.26 276.4 1
0.27 273.91 1
0.28 273.05 1
0.29 269.54 1
0.3 263.31 1
0.31 258.68 1
0.32 255.66 1
0.33 249.8 1
0.34 245.86 1
0.35 242.69 1
0.36 241.62 1
0.37 236.61 1
0.38 234.56 1
0.39 234.46 1
0.4 233.71 1
0.41 233.59 1
0.42 233.96 1
0.43 235.55 1
0.44 237.6 1
0.45 240.41 1
0.46 243.26 1
0.47 245.43 1
0.48 249.7 1
0.49 252.47 1
0.5 254.18 1
0.51 255.69 1
0.52 258.69 1
0.53 263.32 1
0.54 266.48 1
0.55 270.69 1
0.56 274.11 1
0.57 276.86 1
0.58 277.94 1
0.59 277.61 1
0.6 276.83 1
0.61 276.6 1
0.62 276.49 1
0.63 275.79 1
0.64 275.74 1
0.65 275.76 1
0.66 275.22 1
0.67 274.54 1
0.68 275.3 1
0.69 275.08 1
0.7 274.58 1
0.71 275.39 1
0.72 276.34 1
0.73 277.35 1
0.74 278.34 1
0.75 277.9 1
0.76 277.28 1
0.77 277.9 1
0.78 278.13 1
0.79 277.41 1
0.8 277.35 1
0.81 277.01 1
0.82 276.98 1
0.83 276.37 1
0.84 275.83 1
0.85 276.12 1
0.86 276.24 1
0.87 276.87 1
0.88 275.98 1
0.89 275.96 1
0.9 275.96 1
0.91 275.97 1
0.92 276.75 1
0.93 276.75 1
0.94 276.46 1
0.95 276.85 1
0.96 277.12 1
0.97 276.41 1
0.98 277.05 1
0.99 277.14 1
1.0 277.51 1
1.01 278.22 1
1.02 277.69 1
1.03 278.17 1
1.04 276.84 1
1.05 273.18 1
1.06 278.19 1
1.07 248.85 1
1.08 249.08 1
1.09 214.6 1
1.1 241.64 1
1.11 0.0 1
1.12 0.0 1
1.13 0.0 1
1.14 0.0 1
1.15 0.0 1
1.16 0.0 1
1.17 0.0 1
1.18 0.0 1
1.19 0.0 1
1.2 0.0 1
1.21 0.0 1
1.22 0.0 1
1.23 0.0 1
1.24 0.0 1
1.25 0.0 1
1.26 0.0 1
1.27 0.0 1
1.28 0.0 1
1.29 0.0 1
1.3 0.0 1
1.31 0.0 1
1.32 0.0 1
1.33 0.0 1
1.34 0.0 1
1.35 0.0 1
1.36 0.0 1
1.37 69.07 1
1.38 68.96 1
1.39 69.32 1
1.4 69.07 1
1.41 68.96 1
1.42 69.43 1
1.43 69.17 1
1.44 69.46 1
1.45 69.28 1
1.46 69.22 1
1.47 69.19 1
1.48 68.96 1
1.49 69.2 1
1.5 69.4 1
1.51 69.17 1
1.52 69.63 1
1.53 69.29 1
1.54 69.07 1
1.55 69.54 1
1.56 68.85 1
1.57 69.28 1
1.58 69.28 1
1.59 68.64 1
1.6 0.0 1
1.61 0.0 1
1.62 0.0 1
1.63 0.0 1
1.64 0.0 1
1.65 0.0 1
1.66 0.0 1
1.67 0.0 1
1.68 0.0 1
1.69 0.0 1
1.7 0.0 1
1.71 0.0 1
1.72 0.0 1
1.73 0.0 1
1.74 0.0 1
1.75 0.0 1
1.76 0.0 1
1.77 0.0 1
1.78 0.0 1
1.79 0.0 1
1.8 0.0 1
1.81 0.0 1
1.82 0.0 1
1.83 0.0 1
1.84 0.0 1
1.85 0.0 1
1.86 0.0 1
1.87 69.14 1
1.88 69.27 1
1.89 69.51 1
1.9 68.98 1
1.91 69.29 1
1.92 69.55 1
1.93 69.09 1
1.94 69.23 1
1.95 69.63 1
1.96 68.91 1
1.97 69.36 1
1.98 69.5 1
1.99 68.96 1
2.0 69.33 1
2.01 69.44 1
2.02 69.0 1
2.03 69.48 1
2.04 69.42 1
2.05 68.89 1
2.06 69.53 1
2.07 69.29 1
2.08 69.21 1
2.09 69.4 1
2.1 69.37 1
2.11 69.23 1
2.12 69.33 1
2.13 69.25 1
2.14 69.28 1
2.15 69.32 1
2.16 69.38 1
2.17 69.33 1
2.18 69.18 1
2.19 69.33 1
2.2 69.48 1
2.21 69.18 1
2.22 69.33 1
2.23 69.27 1
2.24 69.35 1
2.25 69.47 1
2.26 69.39 1
2.27 69.18 1
2.28 69.39 1
2.29 69.39 1
2.3 69.19 1
2.31 69.6 1
2.32 69.51 1
2.33 69.33 1
2.34 69.5 1
2.35 69.05 1
2.36 69.39 1
2.37 69.61 1
2.38 68.82 1
2.39 69.01 1
2.4 69.37 1
2.41 68.82 1
2.42 69.28 1
2.43 69.18 1
2.44 68.96 1
2.45 69.4 1
2.46 69.12 1
2.47 69.24 1
2.48 69.6 1
2.49 69.13 1
2.5 69.33 1
2.51 69.49 1
2.52 69.21 1
2.53 69.35 1
2.54 69.4 1
2.55 69.21 1
2.56 69.45 1
2.57 0.0 1
2.58 0.0 1
2.59 212.99 1
2.6 197.98 1
2.61 197.66 1
2.62 199.92 1
2.63 202.51 1
2.64 206.78 1
2.65 207.53 1
2.66 209.35 1
2.67 211.67 1
2.68 212.82 1
2.69 212.5 1
2.7 213.05 1
2.71 213.22 1
2.72 212.28 1
2.73 212.88 1
2.74 214.6 1
2.75 216.62 1
2.76 218.23 1
2.77 220.92 1
2.78 224.19 1
2.79 227.92 1
2.8 233.84 1
2.81 240.63 1
2.82 247.96 1
2.83 255.11 1
2.84 257.23 1
2.85 271.31 1
2.86 274.89 1
2.87 279.77 1
2.88 282.42 1
2.89 283.57 1
2.9 283.56 1
2.91 284.11 1
2.92 285.14 1
2.93 285.94 1
2.94 285.49 1
2.95 282.08 1
2.96 281.05 1
2.97 279.73 1
2.98 279.56 1
2.99 279.16 1
3.0 278.28 1
3.01 279.93 1
3.02 278.34 1
3.03 278.41 1
3.04 278.52 1
3.05 278.54 1
3.06 278.54 1
3.07 279.18 1
3.08 279.93 1
3.09 279.85 1
3.1 279.57 1
3.11 279.48 1
3.12 279.17 1
3.13 278.71 1
3.14 278.37 1
3.15 279.19 1
3.16 279.45 1
3.17 277.36 1
3.18 274.84 1
3.19 272.26 1
3.2 267.64 1
3.21 258.73 1
3.22 252.74 1
3.23 240.28 1
3.24 226.74 1
3.25 216.65 1
3.26 207.11 1
3.27 204.11 1
3.28 204.65 1
3.29 205.6 1
3.3 211.51 1
3.31 217.07 1
3.32 223.81 1
3.33 230.3 1
3.34 240.66 1
3.35 250.62 1
3.36 256.04 1
3.37 258.74 1
3.38 263.24 1
3.39 258.71 1
3.4 252.72 1
3.41 241.81 1
3.42 231.03 1
3.43 221.05 1
3.44 213.75 1
3.45 208.18 1
3.46 198.2 1
3.47 194.4 1
3.48 194.69 1
3.49 194.7 1
3.5 200.13 1
3.51 197.31 1
3.52 196.45 1
3.53 197.63 1
3.54 198.61 1
3.55 199.35 1
3.56 200.87 1
3.57 201.8 1
3.58 203.59 1
3.59 205.08 1
3.6 206.56 1
3.61 207.65 1
3.62 206.56 1
3.63 206.69 1
3.64 206.54 1
3.65 204.65 1
3.66 204.64 1
3.67 203.71 1
3.68 202.77 1
3.69 201.96 1
3.7 197.34 1
3.71 200.0 1
3.72 186.81 1
3.73 188.87 1
3.74 190.5 1
3.75 191.33 1
3.76 193.67 1
3.77 183.66 1
3.78 180.36 1
3.79 190.93 1
3.8 181.1 1
3.81 170.6 1
3.82 174.34 1
3.83 179.17 1
3.84 168.0 1
3.85 179.19 1
3.86 180.18 1
3.87 171.27 1
3.88 167.37 1
3.89 179.22 1
3.9 165.48 1
3.91 166.73 1
3.92 193.44 1
3.93 172.41 1
3.94 172.26 1
3.95 170.52 1
3.96 170.49 1
3.97 170.7 1
3.98 171.63 1
3.99 172.62 1
4.0 175.6 1
4.01 177.12 1
4.02 179.74 1
4.03 181.72 1
4.04 182.62 1
4.05 184.65 1
4.06 185.08 1
4.07 184.7 1
4.08 184.48 1
4.09 183.83 1
4.1 183.83 1
4.11 184.23 1
4.12 185.45 1
4.13 186.58 1
4.14 187.22 1
4.15 188.01 1
4.16 188.06 1
4.17 186.83 1
4.18 186.32 1
4.19 185.06 1
4.2 184.41 1
4.21 184.48 1
4.22 184.77 1
4.23 184.91 1
4.24 185.12 1
4.25 184.42 1
4.26 183.99 1
4.27 183.37 1
4.28 182.53 1
4.29 182.34 1
4.3 182.09 1
4.31 182.16 1
4.32 182.22 1
4.33 182.77 1
4.34 182.93 1
4.35 183.51 1
4.36 184.67 1
4.37 186.59 1
4.38 186.47 1
4.39 188.22 1
4.4 189.47 1
4.41 190.11 1
4.42 189.65 1
4.43 188.06 1
4.44 186.12 1
4.45 183.79 1
4.46 183.49 1
4.47 183.9 1
4.48 184.91 1
4.49 185.61 1
4.5 185.52 1
4.51 185.04 1
4.52 183.61 1
4.53 181.67 1
4.54 179.0 1
4.55 177.36 1
4.56 177.34 1
4.57 178.62 1
4.58 181.52 1
4.59 183.09 1
4.6 184.14 1
4.61 181.15 1
4.62 171.89 1
4.63 179.66 1
4.64 178.2 1
4.65 178.91 1
4.66 182.19 1
4.67 174.66 1
4.68 179.97 1
4.69 180.98 1
4.7 191.4 1
4.71 178.18 1
4.72 183.36 1
4.73 0.0 1
4.74 0.0 1
4.75 209.82 1
4.76 184.14 1
4.77 184.65 1
4.78 183.36 1
4.79 182.31 1
4.8 181.65 1
4.81 181.75 1
4.82 181.15 1
4.83 182.5 1
4.84 181.9 1
4.85 183.27 1
4.86 183.71 1
4.87 184.25 1
4.88 184.09 1
4.89 183.39 1
4.9 182.61 1
4.91 182.1 1
4.92 181.13 1
4.93 180.03 1
4.94 178.48 1
4.95 177.84 1
4.96 177.25 1
4.97 176.23 1
4.98 175.55 1
4.99 173.63 1
5.0 171.24 1
5.01 168.92 1
5.02 166.85 1
5.03 164.2 1
5.04 160.65 1
5.05 158.18 1
5.06 154.91 1
5.07 153.25 1
5.08 152.34 1
5.09 151.42 1
5.1 151.08 1
5.11 150.81 1
5.12 150.34 1
5.13 150.34 1
5.14 150.41 1
5.15 150.79 1
5.16 150.68 1
5.17 151.01 1
5.18 150.81 1
5.19 150.65 1
5.2 150.67 1
5.21 150.77 1
5.22 152.33 1
5.23 153.32 1
5.24 154.33 1
5.25 155.18 1
5.26 156.11 1
5.27 157.83 1
5.28 159.05 1
5.29 159.5 1
5.3 160.64 1
5.31 160.32 1
5.32 159.74 1
5.33 158.35 1
5.34 157.41 1
5.35 156.37 1
5.36 155.56 1
5.37 155.48 1
5.38 155.76 1
5.39 155.56 1
5.4 155.88 1
5.41 156.07 1
5.42 156.12 1
5.43 157.4 1
5.44 157.81 1
5.45 157.76 1
5.46 158.03 1
5.47 158.16 1
5.48 158.35 1
5.49 159.42 1
5.5 160.79 1
5.51 162.4 1
5.52 163.53 1
5.53 164.77 1
5.54 165.98 1
5.55 166.92 1
5.56 168.64 1
5.57 170.61 1
5.58 169.95 1
5.59 168.01 1
5.6 164.98 1
5.61 159.86 1
5.62 154.44 1
5.63 142.45 1
5.64 153.96 1
5.65 145.33 1
5.66 149.72 1
5.67 147.26 1
5.68 150.24 1
5.69 149.2 1
5.7 150.38 1
5.71 150.84 1
5.72 151.06 1
5.73 151.79 1
5.74 151.93 1
5.75 152.84 1
5.76 152.21 1
5.77 152.42 1
5.78 152.45 1
5.79 152.06 1
5.8 152.0 1
5.81 151.71 1
5.82 151.8 1
5.83 151.23 1
5.84 151.89 1
5.85 152.72 1
5.86 153.05 1
5.87 154.04 1
5.88 154.32 1
5.89 155.94 1
5.9 156.65 1
5.91 155.56 1
5.92 155.49 1
5.93 157.78 1
5.94 150.78 1
5.95 149.7 1
5.96 0.0 1
5.97 0.0 1
5.98 0.0 1
5.99 177.93 1
6.0 174.68 1
6.01 173.82 1
6.02 175.34 1
6.03 176.78 1
6.04 176.18 1
6.05 177.29 1
6.06 174.99 1
6.07 173.3 1
6.08 174.58 1
6.09 171.21 1
6.1 172.61 1
6.11 179.51 1
6.12 178.75 1
6.13 145.06 1
6.14 129.52 1
6.15 128.98 1
6.16 125.04 1
6.17 128.37 1
6.18 129.79 1
6.19 125.39 1
6.2 139.73 1
6.21 135.63 1
6.22 133.03 1
6.23 135.07 1
6.24 132.9 1
6.25 140.67 1
6.26 135.9 1
6.27 134.66 1
6.28 141.57 1
6.29 138.46 1
6.3 135.48 1
6.31 142.03 1
6.32 142.03 1
6.33 133.03 1
6.34 139.77 1
6.35 141.12 1
6.36 137.6 1
6.37 138.9 1
6.38 140.67 1
6.39 140.04 1
6.4 140.1 1
6.41 140.06 1
6.42 140.23 1
6.43 142.02 1
6.44 140.31 1
6.45 136.75 1
6.46 142.02 1
6.47 141.12 1
6.48 135.9 1
6.49 139.6 1
6.5 141.57 1
6.51 136.75 1
6.52 136.75 1
6.53 140.67 1
6.54 136.75 1
6.55 135.91 1
6.56 141.12 1
6.57 138.78 1
6.58 135.49 1
6.59 140.67 1
6.6 139.33 1
6.61 135.49 1
6.62 138.08 1
6.63 139.78 1
6.64 135.49 1
6.65 137.17 1
6.66 139.33 1
6.67 137.17 1
6.68 135.49 1
6.69 139.33 1
6.7 138.1 1
6.71 136.32 1
6.72 138.9 1
6.73 139.34 1
6.74 136.75 1
6.75 138.23 1
6.76 138.5 1
6.77 137.17 1
6.78 137.85 1
6.79 138.63 1
6.8 138.21 1
6.81 138.39 1
6.82 138.29 1
6.83 138.39 1
6.84 138.03 1
6.85 138.14 1
6.86 137.6 1
6.87 138.01 1
6.88 137.6 1
6.89 135.49 1
6.9 137.71 1
6.91 129.85 1
6.92 132.63 1
6.93 127.52 1
6.94 131.44 1
6.95 131.44 1
6.96 134.66 1
6.97 132.23 1
6.98 131.84 1
6.99 129.72 1
7.0 142.44 1
7.01 152.85 1
7.02 147.25 1
7.03 158.69 1
7.04 164.61 1
7.05 164.02 1
7.06 164.68 1
7.07 166.09 1
7.08 166.96 1
7.09 167.85 1
7.1 167.87 1
7.11 167.36 1
7.12 166.6 1
7.13 165.7 1
7.14 164.74 1
7.15 162.93 1
7.16 161.5 1
7.17 158.36 1
7.18 156.13 1
7.19 154.7 1
7.2 153.81 1
7.21 153.45 1
7.22 152.82 1
7.23 153.07 1
7.24 152.8 1
7.25 152.63 1
7.26 152.19 1
7.27 152.46 1
7.28 152.34 1
7.29 151.91 1
7.3 152.12 1
7.31 151.71 1
7.32 151.4 1
7.33 151.0 1
7.34 150.9 1
7.35 150.44 1
7.36 150.39 1
7.37 149.57 1
7.38 149.93 1
7.39 149.89 1
7.4 151.05 1
7.41 151.35 1
7.42 152.11 1
7.43 152.92 1
7.44 153.78 1
7.45 154.27 1
7.46 155.12 1
7.47 155.9 1
7.48 156.58 1
7.49 156.72 1
7.5 156.68 1
7.51 157.3 1
7.52 157.78 1
7.53 157.78 1
7.54 157.78 1
7.55 157.23 1
7.56 157.91 1
7.57 158.28 1
7.58 158.19 1
7.59 157.49 1
7.6 156.12 1
7.61 155.85 1
7.62 155.51 1
7.63 154.79 1
7.64 154.38 1
7.65 153.32 1
7.66 153.16 1
7.67 152.15 1
7.68 151.38 1
7.69 151.06 1
7.7 150.76 1
7.71 149.85 1
7.72 149.8 1
7.73 149.39 1
7.74 148.88 1
7.75 148.45 1
7.76 147.64 1
7.77 146.76 1
7.78 146.0 1
7.79 144.8 1
7.8 140.73 1
7.81 141.81 1
7.82 140.84 1
7.83 141.57 1
7.84 140.83 1
7.85 141.17 1
7.86 141.31 1
7.87 139.78 1
7.88 141.57 1
7.89 141.12 1
7.9 140.46 1
7.91 141.72 1
7.92 142.15 1
7.93 143.63 1
7.94 143.4 1
7.95 143.87 1
7.96 143.16 1
7.97 141.93 1
7.98 141.87 1
7.99 140.68 1
8.0 140.41 1
8.01 140.21 1
8.02 137.19 1
8.03 139.14 1
8.04 140.66 1
8.05 138.9 1
8.06 139.11 1
8.07 139.77 1
8.08 139.01 1
8.09 138.88 1
8.1 138.97 1
8.11 138.11 1
8.12 137.77 1
8.13 136.32 1
8.14 136.81 1
8.15 135.07 1
8.16 135.91 1
8.17 136.79 1
8.18 136.62 1
8.19 135.49 1
8.2 135.9 1
8.21 136.75 1
8.22 136.16 1
8.23 134.67 1
8.24 135.08 1
8.25 136.8 1
8.26 137.04 1
8.27 136.75 1
8.28 137.63 1
8.29 138.0 1
8.3 139.23 1
8.31 138.99 1
8.32 139.87 1
8.33 139.59 1
8.34 140.43 1
8.35 141.57 1
8.36 140.47 1
8.37 140.18 1
8.38 141.11 1
8.39 139.36 1
8.4 137.18 1
8.41 138.46 1
8.42 138.46 1
8.43 136.75 1
8.44 138.03 1
8.45 138.46 1
8.46 135.91 1
8.47 135.49 1
8.48 137.59 1
8.49 137.03 1
8.5 136.32 1
8.51 136.64 1
8.52 137.03 1
8.53 136.85 1
8.54 136.64 1
8.55 135.08 1
8.56 138.89 1
8.57 137.24 1
8.58 136.33 1
8.59 138.46 1
8.6 139.89 1
8.61 138.03 1
8.62 138.68 1
8.63 142.02 1
8.64 139.48 1
8.65 139.2 1
8.66 140.22 1
8.67 139.07 1
8.68 136.76 1
8.69 138.11 1
8.7 138.89 1
8.71 135.08 1
8.72 137.16 1
8.73 137.38 1
8.74 133.04 1
8.75 112.64 1
8.76 115.96 1
8.77 123.36 1
8.78 123.52 1
8.79 136.75 1
8.8 124.26 1
8.81 123.72 1
8.82 126.54 1
8.83 125.44 1
8.84 133.23 1
8.85 132.49 1
8.86 137.66 1
8.87 135.9 1
8.88 136.34 1
8.89 136.52 1
8.9 135.82 1
8.91 137.01 1
8.92 136.33 1
8.93 136.75 1
8.94 138.42 1
8.95 139.29 1
8.96 139.46 1
8.97 139.76 1
8.98 140.82 1
8.99 143.41 1
9.0 166.11 1
9.01 170.61 1
9.02 173.63 1
9.03 182.03 1
9.04 173.97 1
9.05 175.49 1
9.06 174.87 1
9.07 174.6 1
9.08 174.88 1
9.09 175.14 1
9.1 172.61 1
9.11 174.87 1
9.12 171.93 1
9.13 171.93 1
9.14 175.79 1
9.15 171.2 1
9.16 171.99 1
9.17 175.26 1
9.18 171.93 1
9.19 171.93 1
9.2 176.18 1
9.21 174.65 1
9.22 171.93 1
9.23 176.06 1
9.24 175.35 1
9.25 172.61 1
9.26 170.55 1
9.27 175.43 1
9.28 173.97 1
9.29 174.59 1
9.3 176.11 1
9.31 173.97 1
9.32 171.26 1
9.33 171.26 1
9.34 174.72 1
9.35 173.28 1
9.36 174.66 1
9.37 173.86 1
9.38 176.88 1
9.39 171.94 1
9.4 168.65 1
9.41 179.47 1
9.42 169.95 1
9.43 170.61 1
9.44 180.35 1
9.45 172.62 1
9.46 173.29 1
9.47 179.6 1
9.48 173.31 1
9.49 174.66 1
9.5 178.79 1
9.51 169.29 1
9.52 174.66 1
9.53 177.21 1
9.54 170.61 1
9.55 174.52 1
9.56 69.4 1
9.57 69.14 1
9.58 69.27 1
9.59 69.08 1
9.6 68.26 1
9.61 69.43 1
9.62 69.39 1
9.63 69.5 1
9.64 69.07 1
9.65 69.39 1
9.66 69.26 1
9.67 69.5 1
9.68 68.96 1
9.69 69.32 1
9.7 69.25 1
9.71 69.06 1
9.72 69.42 1
9.73 69.26 1
9.74 69.07 1
9.75 80.76 1
9.76 60.12 1
9.77 62.41 1
9.78 67.79 1
9.79 91.97 1
9.8 94.78 1
9.81 95.39 1
9.82 94.13 1
9.83 97.05 1
9.84 100.11 1
9.85 96.75 1
9.86 95.77 1
9.87 96.74 1
9.88 97.46 1
9.89 98.65 1
9.9 99.03 1
9.91 102.44 1
9.92 105.92 1
9.93 109.83 1
9.94 110.67 1
9.95 116.5 1
9.96 133.55 1
9.97 130.88 1
9.98 135.49 1
9.99 140.92 1
10.0 142.38 1
10.01 145.1 1
10.02 146.32 1
10.03 144.25 1
10.04 142.8 1
10.05 140.54 1
10.06 137.17 1
10.07 135.49 1
10.08 132.22 1
10.09 131.05 1
10.1 129.3 1
10.11 126.8 1
10.12 124.66 1
10.13 122.33 1
10.14 118.39 1
10.15 115.34 1
10.16 111.83 1
10.17 108.22 1
10.18 105.13 1
10.19 104.27 1
10.2 103.4 1
10.21 103.26 1
10.22 103.89 1
10.23 104.47 1
10.24 106.13 1
10.25 109.22 1
10.26 112.36 1
10.27 117.42 1
10.28 126.12 1
10.29 130.28 1
10.3 133.49 1
10.31 136.3 1
10.32 139.34 1
10.33 137.6 1
10.34 139.45 1
10.35 140.22 1
10.36 138.46 1
10.37 137.6 1
10.38 140.22 1
10.39 137.6 1
10.4 135.91 1
10.41 137.6 1
10.42 135.91 1
10.43 134.66 1
10.44 133.39 1
10.45 132.92 1
10.46 133.37 1
10.47 133.14 1
10.48 134.32 1
10.49 135.07 1
10.5 137.46 1
10.51 138.52 1
10.52 138.9 1
10.53 141.23 1
10.54 141.72 1
10.55 140.85 1
10.56 140.52 1
10.57 139.48 1
10.58 137.58 1
10.59 136.77 1
10.6 135.62 1
10.61 134.46 1
10.62 132.24 1
10.63 133.42 1
10.64 132.63 1
10.65 134.24 1
10.66 134.66 1
10.67 137.6 1
10.68 139.51 1
10.69 143.63 1
10.7 144.83 1
10.71 150.77 1
10.72 157.84 1
10.73 152.11 1
10.74 152.7 1
10.75 153.05 1
10.76 152.57 1
10.77 151.4 1
10.78 150.54 1
10.79 150.29 1
10.8 149.58 1
10.81 149.94 1
10.82 150.1 1
10.83 149.42 1
10.84 148.76 1
10.85 149.18 1
10.86 149.12 1
10.87 149.78 1
10.88 149.56 1
10.89 149.73 1
10.9 150.35 1
10.91 151.18 1
10.92 151.59 1
10.93 152.11 1
10.94 151.77 1
10.95 151.37 1
10.96 150.99 1
10.97 151.86 1
10.98 152.16 1
10.99 152.91 1
11.0 153.55 1
11.01 153.65 1
11.02 153.46 1
11.03 153.15 1
11.04 153.18 1
11.05 154.3 1
11.06 153.85 1
11.07 153.51 1
11.08 153.36 1
11.09 153.15 1
11.1 152.86 1
11.11 152.61 1
11.12 152.81 1
11.13 153.4 1
11.14 154.07 1
11.15 153.88 1
11.16 154.09 1
11.17 154.27 1
11.18 154.35 1
11.19 154.14 1
11.2 154.5 1
11.21 154.42 1
11.22 154.35 1
11.23 154.84 1
11.24 155.0 1
11.25 154.64 1
11.26 155.04 1
11.27 154.87 1
11.28 154.92 1
11.29 155.17 1
11.3 157.22 1
11.31 157.53 1
11.32 158.26 1
11.33 158.66 1
11.34 158.35 1
11.35 158.27 1
11.36 157.81 1
11.37 157.39 1
11.38 156.87 1
11.39 156.83 1
11.4 156.12 1
11.41 156.91 1
11.42 157.06 1
11.43 156.11 1
11.44 155.56 1
11.45 155.36 1
11.46 155.88 1
11.47 156.35 1
11.48 157.26 1
11.49 158.37 1
11.5 160.05 1
11.51 162.56 1
11.52 165.78 1
11.53 169.06 1
11.54 170.61 1
11.55 173.97 1
11.56 176.31 1
11.57 175.45 1
11.58 175.22 1
11.59 173.29 1
11.6 170.36 1
11.61 166.47 1
11.62 162.59 1
11.63 159.62 1
11.64 158.02 1
11.65 157.23 1
11.66 157.1 1
11.67 157.2 1
11.68 156.63 1
11.69 156.48 1
11.7 156.31 1
11.71 156.91 1
11.72 157.23 1
11.73 158.63 1
11.74 158.36 1
11.75 158.35 1
11.76 158.73 1
11.77 158.35 1
11.78 158.13 1
11.79 157.46 1
11.8 158.18 1
11.81 157.78 1
11.82 157.78 1
11.83 156.67 1
11.84 157.66 1
11.85 156.54 1
11.86 155.56 1
11.87 155.9 1
11.88 155.01 1
11.89 152.88 1
11.9 155.51 1
11.91 154.73 1
11.92 155.47 1
11.93 153.03 1
11.94 153.6 1
11.95 150.02 1
11.96 147.38 1
11.97 141.68 1
11.98 138.57 1
11.99 134.58 1
12.0 129.69 1
12.01 130.03 1
12.02 128.76 1
12.03 131.26 1
12.04 132.86 1
12.05 139.9 1
12.06 132.68 1
12.07 132.63 1
12.08 133.98 1
12.09 136.04 1
12.1 134.87 1
12.11 135.49 1
12.12 137.25 1
12.13 137.59 1
12.14 137.37 1
12.15 138.34 1
12.16 138.31 1
12.17 138.39 1
12.18 138.6 1
12.19 138.83 1
12.2 139.54 1
12.21 140.29 1
12.22 141.19 1
12.23 140.46 1
12.24 140.26 1
12.25 139.87 1
12.26 136.07 1
12.27 133.87 1
12.28 134.64 1
12.29 136.32 1
12.3 133.03 1
12.31 140.59 1
12.32 132.16 1
12.33 134.66 1
12.34 131.58 1
12.35 0.0 1
12.36 0.0 1
12.37 0.0 1
12.38 0.0 1
12.39 0.0 1
12.4 0.0 1
12.41 0.0 1
12.42 0.0 1
12.43 0.0 1
12.44 0.0 1
12.45 0.0 1
12.46 0.0 1
12.47 189.81 1
12.48 176.51 1
12.49 173.28 1
12.5 168.62 1
12.51 162.27 1
12.52 160.91 1
12.53 158.84 1
12.54 156.46 1
12.55 155.41 1
12.56 153.85 1
12.57 152.64 1
12.58 151.67 1
12.59 151.86 1
12.6 152.84 1
12.61 153.45 1
12.62 155.03 1
12.63 156.66 1
12.64 159.9 1
12.65 161.98 1
12.66 164.28 1
12.67 167.64 1
12.68 169.87 1
12.69 169.69 1
12.7 169.72 1
12.71 168.67 1
12.72 166.39 1
12.73 164.31 1
12.74 161.51 1
12.75 157.94 1
12.76 153.61 1
12.77 153.82 1
12.78 151.13 1
12.79 151.18 1
12.8 152.13 1
12.81 153.97 1
12.82 157.78 1
12.83 163.14 1
12.84 166.05 1
12.85 170.88 1
12.86 176.01 1
12.87 179.85 1
12.88 180.4 1
12.89 181.78 1
12.9 179.38 1
12.91 177.71 1
12.92 174.72 1
12.93 170.57 1
12.94 164.57 1
12.95 159.07 1
12.96 156.08 1
12.97 154.22 1
12.98 153.78 1
12.99 152.25 1
13.0 152.39 1
13.01 152.07 1
13.02 151.84 1
13.03 153.79 1
13.04 157.12 1
13.05 161.8 1
13.06 167.53 1
13.07 176.89 1
13.08 189.06 1
13.09 195.4 1
13.1 198.66 1
13.11 203.21 1
13.12 206.44 1
13.13 208.44 1
13.14 211.38 1
13.15 212.6 1
13.16 212.63 1
13.17 212.76 1
13.18 212.64 1
13.19 213.32 1
13.2 213.71 1
13.21 213.42 1
13.22 212.76 1
13.23 211.28 1
13.24 208.69 1
13.25 204.64 1
13.26 201.44 1
13.27 196.14 1
13.28 193.17 1
13.29 187.26 1
13.3 182.19 1
13.31 174.75 1
13.32 169.12 1
13.33 165.64 1
13.34 162.71 1
13.35 161.68 1
13.36 160.37 1
13.37 160.24 1
13.38 160.24 1
13.39 162.91 1
13.4 167.35 1
13.41 175.39 1
13.42 180.82 1
13.43 185.71 1
13.44 192.61 1
13.45 195.74 1
13.46 198.74 1
13.47 202.28 1
13.48 205.27 1
13.49 205.6 1
13.5 208.8 1
13.51 209.02 1
13.52 209.07 1
13.53 210.12 1
13.54 210.43 1
13.55 210.37 1
13.56 210.77 1
13.57 210.45 1
13.58 210.2 1
13.59 209.34 1
13.6 207.94 1
13.61 206.56 1
13.62 206.41 1
13.63 204.64 1
13.64 203.7 1
13.65 203.12 1
13.66 202.69 1
13.67 203.0 1
13.68 202.48 1
13.69 202.91 1
13.7 203.37 1
13.71 205.24 1
13.72 205.6 1
13.73 206.56 1
13.74 207.53 1
13.75 208.0 1
13.76 207.53 1
13.77 204.06 1
13.78 217.76 1
13.79 201.11 1
13.8 206.02 1
13.81 204.4 1
13.82 201.7 1
13.83 202.83 1
13.84 206.08 1
13.85 206.07 1
13.86 208.21 1
13.87 210.08 1
13.88 211.34 1
13.89 210.96 1
13.9 211.65 1
13.91 212.4 1
13.92 212.77 1
13.93 213.33 1
13.94 213.36 1
13.95 213.76 1
13.96 213.56 1
13.97 212.45 1
13.98 211.17 1
13.99 211.27 1
14.0 212.18 1
14.01 215.36 1
14.02 220.91 1
14.03 224.45 1
14.04 227.93 1
14.05 238.3 1
14.06 250.66 1
14.07 258.46 1
14.08 266.2 1
14.09 269.99 1
14.1 274.14 1
14.11 276.03 1
14.12 275.43 1
14.13 276.06 1
14.14 273.93 1
14.15 271.72 1
14.16 271.11 1
14.17 270.37 1
14.18 270.88 1
14.19 269.01 1
14.2 264.85 1
14.21 260.19 1
14.22 254.83 1
14.23 244.8 1
14.24 239.41 1
14.25 227.92 1
14.26 225.58 1
