0.01 273.06 1
0.02 278.46 1
0.03 272.7 1
0.04 264.62 1
0.05 257.17 1
0.06 253.65 1
0.07 245.47 1
0.08 240.72 1
0.09 235.33 1
0.1 230.32 1
0.11 227.94 1
0.12 227.13 1
0.13 226.75 1
0.14 228.85 1
0.15 227.92 1
0.16 229.1 1
0.17 232.72 1
0.18 235.07 1
0.19 239.0 1
0.2 244.44 1
0.21 246.8 1
0.22 253.07 1
0.23 255.67 1
0.24 255.67 1
0.25 258.08 1
0.26 255.7 1
0.27 254.22 1
0.28 254.2 1
0.29 252.17 1
0.3 248.81 1
0.31 248.13 1
0.32 247.17 1
0.33 244.22 1
0.34 244.32 1
0.35 239.28 1
0.36 240.32 1
0.37 238.44 1
0.38 238.21 1
0.39 236.36 1
0.4 233.98 1
0.41 231.52 1
0.42 232.66 1
0.43 231.5 1
0.44 227.92 1
0.45 227.91 1
0.46 226.59 1
0.47 225.58 1
0.48 225.02 1
0.49 224.76 1
0.5 223.88 1
0.51 223.21 1
0.52 222.2 1
0.53 220.45 1
0.54 218.49 1
0.55 216.61 1
0.56 214.19 1
0.57 211.98 1
0.58 210.92 1
0.59 211.27 1
0.6 209.57 1
0.61 207.53 1
0.62 207.94 1
0.63 205.6 1
0.64 204.64 1
0.65 203.7 1
0.66 202.76 1
0.67 201.82 1
0.68 200.33 1
0.69 198.91 1
0.7 196.88 1
0.71 196.5 1
0.72 195.27 1
0.73 193.72 1
0.74 192.03 1
0.75 191.27 1
0.76 190.75 1
0.77 189.95 1
0.78 188.85 1
0.79 187.27 1
0.8 186.5 1
0.81 186.49 1
0.82 186.18 1
0.83 185.86 1
0.84 185.51 1
0.85 184.91 1
0.86 184.92 1
0.87 184.91 1
0.88 185.69 1
0.89 186.47 1
0.9 187.27 1
0.91 187.91 1
0.92 188.07 1
0.93 188.08 1
0.94 188.82 1
0.95 188.07 1
0.96 187.82 1
0.97 186.99 1
0.98 185.9 1
0.99 184.82 1
1.0 183.97 1
1.01 181.71 1
1.02 180.57 1
1.03 181.42 1
1.04 182.23 1
1.05 183.18 1
1.06 184.73 1
1.07 186.47 1
1.08 187.28 1
1.09 188.99 1
1.1 190.03 1
1.11 188.87 1
1.12 187.97 1
1.13 185.7 1
1.14 183.84 1
1.15 182.08 1
1.16 181.52 1
1.17 182.39 1
1.18 183.58 1
1.19 184.75 1
1.2 185.69 1
1.21 186.48 1
1.22 186.47 1
1.23 184.67 1
1.24 182.44 1
1.25 180.65 1
1.26 179.52 1
1.27 180.23 1
1.28 157.21 1
1.29 166.72 1
1.3 178.19 1
1.31 180.37 1
1.32 181.11 1
1.33 180.75 1
1.34 0.0 1
1.35 0.0 1
1.36 0.0 1
1.37 0.0 1
1.38 0.0 1
1.39 223.42 1
1.4 210.88 1
1.41 208.56 1
1.42 209.13 1
1.43 210.16 1
1.44 210.5 1
1.45 210.92 1
1.46 210.51 1
1.47 210.73 1
1.48 210.5 1
1.49 210.51 1
1.5 210.53 1
1.51 211.79 1
1.52 211.43 1
1.53 206.57 1
1.54 207.54 1
1.55 210.44 1
1.56 208.51 1
1.57 208.51 1
1.58 209.5 1
1.59 205.6 1
1.6 206.42 1
1.61 206.14 1
1.62 203.7 1
1.63 203.85 1
1.64 203.53 1
1.65 204.64 1
1.66 208.0 1
1.67 212.63 1
1.68 220.85 1
1.69 228.0 1
1.7 243.42 1
1.71 255.0 1
1.72 270.67 1
1.73 268.88 1
1.74 273.69 1
1.75 266.33 1
1.76 232.72 1
1.77 233.78 1
1.78 224.85 1
1.79 214.47 1
1.8 190.63 1
1.81 183.2 1
1.82 183.15 1
1.83 183.37 1
1.84 181.38 1
1.85 187.26 1
1.86 186.61 1
1.87 187.66 1
1.88 187.87 1
1.89 187.23 1
1.9 186.25 1
1.91 184.91 1
1.92 185.35 1
1.93 185.61 1
1.94 184.91 1
1.95 185.69 1
1.96 185.68 1
1.97 183.94 1
1.98 178.17 1
1.99 181.13 1
2.0 183.37 1
2.01 181.86 1
2.02 157.02 1
2.03 210.55 1
2.04 198.2 1
2.05 208.16 1
2.06 212.8 1
2.07 209.1 1
2.08 208.82 1
2.09 210.14 1
2.1 210.78 1
2.11 210.67 1
2.12 211.47 1
2.13 212.17 1
2.14 212.91 1
2.15 212.42 1
2.16 211.88 1
2.17 212.08 1
2.18 211.71 1
2.19 210.5 1
2.2 203.7 1
2.21 224.01 1
2.22 166.72 1
2.23 192.15 1
2.24 205.6 1
2.25 208.52 1
2.26 196.87 1
2.27 208.79 1
2.28 208.31 1
2.29 204.65 1
2.3 201.48 1
2.31 197.69 1
2.32 189.68 1
2.33 184.91 1
2.34 178.9 1
2.35 171.7 1
2.36 166.31 1
2.37 157.74 1
2.38 152.83 1
2.39 151.64 1
2.4 149.66 1
2.41 149.39 1
2.42 147.25 1
2.43 148.27 1
2.44 145.32 1
2.45 144.36 1
2.46 142.03 1
2.47 135.1 1
2.48 142.49 1
2.49 147.97 1
2.5 153.38 1
2.51 155.56 1
2.52 156.66 1
2.53 156.35 1
2.54 154.8 1
2.55 155.37 1
2.56 156.05 1
2.57 156.95 1
2.58 157.53 1
2.59 158.54 1
2.6 158.94 1
2.61 163.11 1
2.62 166.76 1
2.63 168.66 1
2.64 171.29 1
2.65 174.45 1
2.66 175.33 1
2.67 173.29 1
2.68 169.29 1
2.69 164.51 1
2.7 174.85 1
2.71 159.5 1
2.72 155.56 1
2.73 148.73 1
2.74 150.27 1
2.75 150.25 1
2.76 149.99 1
2.77 151.34 1
2.78 153.12 1
2.79 153.69 1
2.8 153.44 1
2.81 153.36 1
2.82 153.76 1
2.83 153.94 1
2.84 155.16 1
2.85 155.8 1
2.86 155.01 1
2.87 152.86 1
2.88 145.78 1
2.89 143.76 1
2.9 142.96 1
2.91 142.48 1
2.92 139.78 1
2.93 135.06 1
2.94 125.81 1
2.95 122.28 1
2.96 121.14 1
2.97 123.7 1
2.98 130.66 1
2.99 133.44 1
3.0 138.67 1
3.01 144.06 1
3.02 150.42 1
3.03 153.82 1
3.04 155.56 1
3.05 157.22 1
3.06 156.85 1
3.07 153.94 1
3.08 151.82 1
3.09 146.26 1
3.1 148.24 1
3.11 138.64 1
3.12 147.15 1
3.13 150.25 1
3.14 159.51 1
3.15 158.34 1
3.16 160.06 1
3.17 159.48 1
3.18 157.35 1
3.19 154.74 1
3.2 153.3 1
3.21 153.39 1
3.22 153.52 1
3.23 155.38 1
3.24 158.36 1
3.25 162.59 1
3.26 166.1 1
3.27 168.66 1
3.28 171.94 1
3.29 173.17 1
3.3 170.62 1
3.31 170.49 1
3.32 164.91 1
3.33 164.85 1
3.34 156.11 1
3.35 146.98 1
3.36 136.75 1
3.37 149.23 1
3.38 148.43 1
3.39 150.06 1
3.4 149.21 1
3.41 148.57 1
3.42 148.57 1
3.43 148.67 1
3.44 149.25 1
3.45 149.88 1
3.46 150.8 1
3.47 151.64 1
3.48 152.01 1
3.49 151.61 1
3.5 152.33 1
3.51 144.36 1
3.52 0.0 1
3.53 0.0 1
3.54 0.0 1
3.55 0.0 1
3.56 0.0 1
3.57 0.0 1
3.58 0.0 1
3.59 0.0 1
3.6 0.0 1
3.61 0.0 1
3.62 209.61 1
3.63 180.37 1
3.64 168.88 1
3.65 168.21 1
3.66 168.64 1
3.67 167.99 1
3.68 167.28 1
3.69 166.17 1
3.7 166.01 1
3.71 164.63 1
3.72 164.24 1
3.73 162.45 1
3.74 160.55 1
3.75 159.54 1
3.76 158.23 1
3.77 157.6 1
3.78 156.43 1
3.79 155.15 1
3.8 155.7 1
3.81 154.15 1
3.82 154.67 1
3.83 154.87 1
3.84 155.46 1
3.85 156.12 1
3.86 157.01 1
3.87 157.2 1
3.88 156.66 1
3.89 156.48 1
3.9 155.82 1
3.91 155.9 1
3.92 155.56 1
3.93 155.88 1
3.94 155.96 1
3.95 155.92 1
3.96 155.99 1
3.97 155.5 1
3.98 155.31 1
3.99 154.94 1
4.0 154.75 1
4.01 155.22 1
4.02 155.29 1
4.03 156.66 1
4.04 157.78 1
4.05 158.29 1
4.06 160.07 1
4.07 160.89 1
4.08 162.16 1
4.09 162.49 1
4.1 163.07 1
4.11 162.8 1
4.12 163.63 1
4.13 162.71 1
4.14 162.44 1
4.15 161.98 1
4.16 160.03 1
4.17 159.29 1
4.18 158.64 1
4.19 157.22 1
4.2 156.66 1
4.21 155.7 1
4.22 155.13 1
4.23 153.45 1
4.24 152.77 1
4.25 150.04 1
4.26 149.74 1
4.27 145.86 1
4.28 144.36 1
4.29 142.21 1
4.3 141.21 1
4.31 139.48 1
4.32 138.21 1
4.33 135.91 1
4.34 135.48 1
4.35 133.02 1
4.36 133.12 1
4.37 133.41 1
4.38 133.71 1
4.39 135.9 1
4.4 135.07 1
4.41 66.17 1
4.42 68.75 1
4.43 69.18 1
4.44 69.18 1
4.45 69.22 1
4.46 69.3 1
4.47 69.36 1
4.48 69.26 1
4.49 69.26 1
4.5 69.32 1
4.51 69.31 1
4.52 69.31 1
4.53 69.32 1
4.54 69.32 1
4.55 69.32 1
4.56 69.36 1
4.57 69.47 1
4.58 69.14 1
4.59 69.38 1
4.6 69.31 1
4.61 69.18 1
4.62 69.31 1
4.63 69.29 1
4.64 69.17 1
4.65 69.83 1
4.66 69.07 1
4.67 68.8 1
4.68 68.97 1
4.69 69.36 1
4.7 69.47 1
4.71 69.1 1
4.72 69.51 1
4.73 69.39 1
4.74 69.0 1
4.75 69.53 1
4.76 69.4 1
4.77 68.91 1
4.78 69.27 1
4.79 69.39 1
4.8 68.54 1
4.81 69.3 1
4.82 69.38 1
4.83 68.53 1
4.84 69.55 1
4.85 69.57 1
4.86 68.75 1
4.87 69.72 1
4.88 69.21 1
4.89 69.06 1
4.9 70.28 1
4.91 69.05 1
4.92 69.21 1
4.93 70.28 1
4.94 69.01 1
4.95 69.07 1
4.96 70.96 1
4.97 69.77 1
4.98 65.36 1
4.99 63.15 1
5.0 105.63 1
5.01 100.8 1
5.02 101.5 1
5.03 101.97 1
5.04 106.39 1
5.05 112.0 1
5.06 116.19 1
5.07 130.24 1
5.08 136.74 1
5.09 140.71 1
5.1 145.31 1
5.11 144.02 1
5.12 134.2 1
5.13 0.0 1
5.14 0.0 1
5.15 0.0 1
5.16 0.0 1
5.17 0.0 1
5.18 0.0 1
5.19 0.0 1
5.2 0.0 1
5.21 120.37 1
5.22 119.75 1
5.23 119.99 1
5.24 123.69 1
5.25 124.63 1
5.26 126.36 1
5.27 129.12 1
5.28 129.73 1
5.29 131.95 1
5.3 134.66 1
5.31 134.66 1
5.32 135.08 1
5.33 134.67 1
5.34 135.08 1
5.35 134.66 1
5.36 135.07 1
5.37 132.63 1
5.38 144.84 1
5.39 136.68 1
5.4 131.06 1
5.41 130.03 1
5.42 141.43 1
5.43 148.73 1
5.44 151.63 1
5.45 154.6 1
5.46 155.43 1
5.47 156.32 1
5.48 157.75 1
5.49 158.52 1
5.5 159.69 1
5.51 159.84 1
5.52 159.39 1
5.53 159.56 1
5.54 159.76 1
5.55 160.34 1
5.56 160.07 1
5.57 159.51 1
5.58 158.35 1
5.59 146.26 1
5.6 144.55 1
5.61 141.4 1
5.62 137.6 1
5.63 163.03 1
5.64 151.28 1
5.65 161.36 1
5.66 159.49 1
5.67 158.22 1
5.68 156.03 1
5.69 155.99 1
5.7 156.35 1
5.71 156.67 1
5.72 157.79 1
5.73 159.5 1
5.74 163.43 1
5.75 166.64 1
5.76 169.18 1
5.77 169.95 1
5.78 173.29 1
5.79 176.61 1
5.8 173.3 1
5.81 171.94 1
5.82 163.28 1
5.83 161.84 1
5.84 161.83 1
5.85 163.03 1
5.86 157.77 1
5.87 156.26 1
5.88 155.54 1
5.89 153.49 1
5.9 153.4 1
5.91 153.41 1
5.92 155.77 1
5.93 158.23 1
5.94 159.99 1
5.95 161.42 1
5.96 165.46 1
5.97 166.61 1
5.98 169.31 1
5.99 168.0 1
6.0 161.25 1
6.01 0.0 1
6.02 0.0 1
6.03 0.0 1
6.04 0.0 1
6.05 0.0 1
6.06 0.0 1
6.07 0.0 1
6.08 0.0 1
6.09 0.0 1
6.1 162.98 1
6.11 145.76 1
6.12 140.22 1
6.13 139.07 1
6.14 138.03 1
6.15 137.71 1
6.16 138.13 1
6.17 138.58 1
6.18 138.51 1
6.19 139.09 1
6.2 139.35 1
6.21 139.28 1
6.22 139.78 1
6.23 140.2 1
6.24 140.23 1
6.25 138.48 1
6.26 139.28 1
6.27 154.46 1
6.28 134.66 1
6.29 137.17 1
6.3 140.28 1
6.31 148.05 1
6.32 151.85 1
6.33 154.45 1
6.34 155.56 1
6.35 156.19 1
6.36 157.2 1
6.37 157.39 1
6.38 158.74 1
6.39 159.24 1
6.4 159.66 1
6.41 160.53 1
6.42 160.5 1
6.43 154.7 1
6.44 159.34 1
6.45 158.35 1
6.46 149.3 1
6.47 152.02 1
6.48 157.13 1
6.49 157.27 1
6.5 158.0 1
6.51 175.35 1
6.52 146.28 1
6.53 144.19 1
6.54 143.36 1
6.55 145.8 1
6.56 154.58 1
6.57 166.53 1
6.58 179.63 1
6.59 193.36 1
6.6 204.65 1
6.61 217.52 1
6.62 225.58 1
6.63 230.26 1
6.64 230.3 1
6.65 227.92 1
6.66 182.63 1
6.67 190.58 1
6.68 168.8 1
6.69 0.0 1
6.7 0.0 1
6.71 0.0 1
6.72 0.0 1
6.73 0.0 1
6.74 176.04 1
6.75 178.65 1
6.76 182.38 1
6.77 189.68 1
6.78 194.43 1
6.79 200.55 1
6.8 204.18 1
6.81 207.54 1
6.82 211.51 1
6.83 214.27 1
6.84 216.97 1
6.85 219.37 1
6.86 220.65 1
6.87 219.92 1
6.88 218.9 1
6.89 215.74 1
6.9 215.74 1
6.91 217.37 1
6.92 216.48 1
6.93 215.48 1
6.94 211.65 1
6.95 212.74 1
6.96 211.74 1
6.97 206.29 1
6.98 204.67 1
6.99 205.89 1
7.0 210.55 1
7.01 216.61 1
7.02 229.1 1
7.03 243.03 1
7.04 255.62 1
7.05 269.63 1
7.06 274.78 1
7.07 284.26 1
7.08 287.29 1
7.09 289.69 1
7.1 233.95 1
