0.01 218.68 1
0.02 205.54 1
0.03 202.26 1
0.04 201.18 1
0.05 203.63 1
0.06 208.52 1
0.07 218.87 1
0.08 225.6 1
0.09 242.96 1
0.1 252.26 1
0.11 260.2 1
0.12 266.47 1
0.13 275.96 1
0.14 286.44 1
0.15 291.09 1
0.16 296.46 1
0.17 267.77 1
0.18 273.6 1
0.19 266.03 1
0.2 259.3 1
0.21 245.99 1
0.22 246.69 1
0.23 243.15 1
0.24 234.78 1
0.25 230.53 1
0.26 226.63 1
0.27 223.86 1
0.28 223.07 1
0.29 223.64 1
0.3 224.61 1
0.31 225.02 1
0.32 229.04 1
0.33 232.14 1
0.34 235.95 1
0.35 239.81 1
0.36 242.95 1
0.37 245.98 1
0.38 247.76 1
0.39 248.1 1
0.4 247.94 1
0.41 246.28 1
0.42 244.29 1
0.43 242.97 1
0.44 238.98 1
0.45 236.67 1
0.46 233.43 1
0.47 231.92 1
0.48 230.8 1
0.49 233.74 1
0.5 237.28 1
0.51 240.93 1
0.52 248.01 1
0.53 253.78 1
0.54 259.45 1
0.55 261.67 1
0.56 262.91 1
0.57 258.66 1
0.58 253.37 1
0.59 231.5 1
0.6 208.87 1
0.61 193.85 1
0.62 185.71 1
0.63 184.23 1
0.64 183.37 1
0.65 183.38 1
0.66 180.3 1
0.67 190.11 1
0.68 198.9 1
0.69 196.84 1
0.7 197.21 1
0.71 198.76 1
0.72 200.25 1
0.73 201.1 1
0.74 201.57 1
0.75 201.66 1
0.76 201.58 1
0.77 202.09 1
0.78 202.54 1
0.79 203.05 1
0.8 203.57 1
0.81 205.48 1
0.82 205.6 1
0.83 201.52 1
0.84 163.94 1
0.85 187.63 1
0.86 185.54 1
0.87 181.11 1
0.88 181.83 1
0.89 221.55 1
0.9 236.46 1
0.91 239.15 1
0.92 234.04 1
0.93 234.95 1
0.94 233.38 1
0.95 233.94 1
0.96 233.65 1
0.97 233.95 1
0.98 234.64 1
0.99 235.77 1
1.0 236.13 1
1.01 236.94 1
1.02 236.95 1
1.03 236.86 1
1.04 235.1 1
1.05 233.96 1
1.06 231.5 1
1.07 230.96 1
1.08 226.74 1
1.09 228.31 1
1.1 229.64 1
1.11 226.97 1
1.12 232.56 1
1.13 235.82 1
1.14 235.2 1
1.15 235.51 1
1.16 234.52 1
1.17 234.48 1
1.18 235.2 1
1.19 237.74 1
1.2 242.81 1
1.21 246.96 1
1.22 252.05 1
1.23 255.18 1
1.24 258.65 1
1.25 266.46 1
1.26 258.22 1
1.27 240.9 1
1.28 215.77 1
1.29 197.65 1
1.3 191.44 1
1.31 185.24 1
1.32 182.08 1
1.33 184.23 1
1.34 203.88 1
1.35 212.41 1
1.36 215.14 1
1.37 212.48 1
1.38 210.87 1
1.39 210.48 1
1.4 211.16 1
1.41 211.66 1
1.42 211.79 1
1.43 213.14 1
1.44 213.1 1
1.45 214.3 1
1.46 213.52 1
1.47 213.44 1
1.48 210.21 1
1.49 201.82 1
1.5 200.0 1
1.51 192.54 1
1.52 192.2 1
1.53 192.0 1
1.54 189.85 1
1.55 182.81 1
1.56 189.74 1
1.57 179.41 1
1.58 181.83 1
1.59 183.82 1
1.6 185.12 1
1.61 185.51 1
1.62 187.35 1
1.63 188.02 1
1.64 189.12 1
1.65 188.07 1
1.66 188.79 1
1.67 188.87 1
1.68 187.27 1
1.69 188.06 1
1.7 185.7 1
1.71 186.48 1
1.72 181.87 1
1.73 0.0 1
1.74 0.0 1
1.75 0.0 1
1.76 0.0 1
1.77 152.85 1
1.78 145.79 1
1.79 152.33 1
1.8 149.65 1
1.81 150.83 1
1.82 150.83 1
1.83 150.49 1
1.84 151.04 1
1.85 151.24 1
1.86 152.45 1
1.87 152.91 1
1.88 153.93 1
1.89 153.76 1
1.9 154.79 1
1.91 155.18 1
1.92 154.48 1
1.93 155.2 1
1.94 154.82 1
1.95 150.21 1
1.96 151.1 1
1.97 146.76 1
1.98 150.25 1
1.99 152.85 1
2.0 146.76 1
2.01 153.93 1
2.02 160.06 1
2.03 162.42 1
2.04 161.83 1
2.05 163.63 1
2.06 162.42 1
2.07 160.09 1
2.08 160.07 1
2.09 159.8 1
2.1 159.34 1
2.11 158.65 1
2.12 158.18 1
2.13 157.61 1
2.14 157.3 1
2.15 156.63 1
2.16 155.55 1
2.17 155.05 1
2.18 154.77 1
2.19 155.36 1
2.2 156.19 1
2.21 156.94 1
2.22 156.67 1
2.23 156.77 1
2.24 156.58 1
2.25 156.22 1
2.26 155.97 1
2.27 155.84 1
2.28 155.34 1
2.29 154.54 1
2.3 154.42 1
2.31 154.71 1
2.32 156.69 1
2.33 159.7 1
2.34 162.36 1
2.35 165.63 1
2.36 168.0 1
2.37 167.38 1
2.38 170.6 1
2.39 169.3 1
2.4 167.92 1
2.41 162.46 1
2.42 168.0 1
2.43 165.48 1
2.44 149.73 1
2.45 151.29 1
2.46 145.62 1
2.47 146.84 1
2.48 147.25 1
2.49 147.65 1
2.5 149.08 1
2.51 151.67 1
2.52 155.53 1
2.53 157.98 1
2.54 160.55 1
2.55 162.34 1
2.56 163.38 1
2.57 164.63 1
2.58 167.55 1
2.59 165.0 1
2.6 0.0 1
2.61 0.0 1
2.62 0.0 1
2.63 0.0 1
2.64 0.0 1
2.65 0.0 1
2.66 0.0 1
2.67 0.0 1
2.68 0.0 1
2.69 0.0 1
2.7 151.27 1
2.71 141.11 1
2.72 135.85 1
2.73 133.88 1
2.74 133.73 1
2.75 134.2 1
2.76 134.77 1
2.77 134.27 1
2.78 136.3 1
2.79 135.92 1
2.8 135.53 1
2.81 136.62 1
2.82 136.33 1
2.83 136.71 1
2.84 134.67 1
2.85 132.65 1
2.86 120.34 1
2.87 152.86 1
2.88 138.02 1
2.89 136.32 1
2.9 136.33 1
2.91 135.08 1
2.92 135.49 1
2.93 137.25 1
2.94 137.18 1
2.95 137.61 1
2.96 140.37 1
2.97 141.68 1
2.98 142.92 1
2.99 146.45 1
3.0 150.83 1
3.01 156.12 1
3.02 158.36 1
3.03 164.71 1
3.04 155.01 1
3.05 0.0 1
3.06 0.0 1
3.07 0.0 1
3.08 0.0 1
3.09 0.0 1
3.1 0.0 1
3.11 0.0 1
3.12 0.0 1
3.13 202.76 1
3.14 185.72 1
3.15 177.15 1
3.16 171.71 1
3.17 158.42 1
3.18 155.17 1
3.19 151.79 1
3.2 150.24 1
3.21 146.28 1
3.22 147.24 1
3.23 148.38 1
3.24 151.17 1
3.25 156.4 1
3.26 162.51 1
3.27 167.66 1
3.28 177.43 1
3.29 181.11 1
3.3 184.25 1
3.31 184.9 1
3.32 181.37 1
3.33 177.2 1
3.34 169.32 1
3.35 157.79 1
3.36 152.35 1
3.37 145.37 1
3.38 143.01 1
3.39 139.98 1
3.4 138.96 1
3.41 135.92 1
3.42 134.67 1
3.43 135.49 1
3.44 131.08 1
3.45 130.27 1
3.46 129.89 1
3.47 134.12 1
3.48 0.0 1
3.49 0.0 1
3.5 0.0 1
3.51 0.0 1
3.52 0.0 1
3.53 0.0 1
3.54 0.0 1
3.55 133.84 1
3.56 141.56 1
3.57 138.47 1
3.58 137.58 1
3.59 137.81 1
3.6 137.69 1
3.61 137.52 1
3.62 137.6 1
3.63 136.97 1
3.64 135.5 1
3.65 135.91 1
3.66 134.68 1
3.67 132.65 1
3.68 134.54 1
3.69 131.45 1
3.7 128.76 1
3.71 113.28 1
3.72 134.66 1
3.73 123.82 1
3.74 119.68 1
3.75 121.32 1
3.76 123.8 1
3.77 114.93 1
3.78 113.1 1
3.79 111.38 1
3.8 110.93 1
3.81 108.51 1
3.82 110.11 1
3.83 109.83 1
3.84 110.86 1
3.85 111.63 1
3.86 113.23 1
3.87 113.96 1
3.88 114.7 1
3.89 116.52 1
3.9 117.05 1
3.91 118.1 1
3.92 119.05 1
3.93 118.72 1
3.94 119.69 1
3.95 121.32 1
3.96 120.35 1
3.97 120.64 1
3.98 117.93 1
3.99 117.39 1
4.0 116.2 1
4.01 115.05 1
4.02 114.99 1
4.03 112.57 1
4.04 112.5 1
4.05 112.96 1
4.06 113.22 1
4.07 115.94 1
4.08 118.55 1
4.09 122.67 1
4.1 125.84 1
4.11 132.22 1
4.12 132.23 1
4.13 137.58 1
4.14 132.23 1
4.15 117.35 1
4.16 115.36 1
4.17 118.06 1
4.18 123.9 1
4.19 113.22 1
4.2 119.3 1
4.21 121.99 1
4.22 145.78 1
4.23 103.99 1
4.24 104.88 1
4.25 112.77 1
4.26 100.01 1
4.27 102.44 1
4.28 103.1 1
4.29 101.27 1
4.3 103.4 1
4.31 102.02 1
4.32 102.68 1
4.33 103.6 1
4.34 103.95 1
4.35 105.26 1
4.36 103.87 1
4.37 103.89 1
4.38 103.32 1
4.39 102.76 1
4.4 98.65 1
4.41 102.68 1
4.42 103.64 1
4.43 104.87 1
4.44 106.31 1
4.45 96.18 1
4.46 102.67 1
4.47 99.89 1
4.48 101.73 1
4.49 101.03 1
4.5 103.34 1
4.51 106.03 1
4.52 107.96 1
4.53 111.19 1
4.54 117.15 1
4.55 129.14 1
4.56 136.75 1
4.57 140.13 1
4.58 145.29 1
4.59 149.95 1
4.6 145.05 1
4.61 145.68 1
4.62 138.45 1
4.63 127.27 1
4.64 120.84 1
4.65 109.44 1
4.66 107.52 1
4.67 105.12 1
4.68 105.49 1
4.69 107.96 1
4.7 116.42 1
4.71 118.27 1
4.72 137.62 1
4.73 146.45 1
4.74 155.56 1
4.75 158.28 1
4.76 159.47 1
4.77 156.91 1
4.78 151.07 1
4.79 140.74 1
4.8 0.0 1
4.81 0.0 1
4.82 0.0 1
4.83 0.0 1
4.84 0.0 1
4.85 0.0 1
4.86 116.82 1
4.87 114.23 1
4.88 116.95 1
4.89 122.32 1
4.9 124.38 1
4.91 125.51 1
4.92 126.91 1
4.93 128.75 1
4.94 129.94 1
4.95 131.05 1
4.96 131.41 1
4.97 132.03 1
4.98 132.22 1
4.99 132.71 1
5.0 132.39 1
5.01 133.39 1
5.02 132.64 1
5.03 132.89 1
5.04 142.02 1
5.05 136.74 1
5.06 135.48 1
5.07 137.18 1
5.08 148.74 1
5.09 153.15 1
5.1 158.36 1
5.11 162.04 1
5.12 161.62 1
5.13 159.47 1
5.14 151.82 1
5.15 147.74 1
5.16 0.0 1
5.17 0.0 1
5.18 0.0 1
5.19 0.0 1
5.2 0.0 1
5.21 0.0 1
5.22 0.0 1
5.23 0.0 1
5.24 0.0 1
5.25 0.0 1
5.26 0.0 1
5.27 0.0 1
5.28 0.0 1
5.29 0.0 1
5.3 0.0 1
5.31 0.0 1
5.32 0.0 1
5.33 0.0 1
5.34 0.0 1
5.35 0.0 1
5.36 0.0 1
5.37 0.0 1
5.38 0.0 1
5.39 0.0 1
5.4 0.0 1
5.41 0.0 1
5.42 0.0 1
5.43 0.0 1
5.44 0.0 1
5.45 0.0 1
5.46 0.0 1
5.47 0.0 1
5.48 0.0 1
5.49 0.0 1
5.5 0.0 1
5.51 0.0 1
5.52 166.82 1
5.53 151.89 1
5.54 144.34 1
5.55 144.37 1
5.56 145.31 1
5.57 147.22 1
5.58 148.74 1
5.59 151.05 1
5.6 155.46 1
5.61 158.69 1
5.62 161.24 1
5.63 161.74 1
5.64 164.75 1
5.65 163.64 1
5.66 157.68 1
5.67 169.29 1
5.68 168.95 1
5.69 169.29 1
5.7 166.82 1
5.71 165.62 1
5.72 183.37 1
5.73 155.68 1
5.74 152.32 1
5.75 149.36 1
5.76 148.18 1
5.77 148.15 1
5.78 149.19 1
5.79 152.66 1
5.8 157.79 1
5.81 166.1 1
5.82 175.34 1
5.83 184.58 1
5.84 187.26 1
5.85 194.42 1
5.86 204.64 1
5.87 204.64 1
5.88 199.75 1
5.89 147.15 1
5.9 183.86 1
5.91 183.46 1
5.92 161.08 1
5.93 166.43 1
5.94 158.45 1
5.95 153.04 1
5.96 151.03 1
5.97 149.09 1
5.98 149.74 1
5.99 150.26 1
6.0 152.26 1
6.01 154.09 1
6.02 155.01 1
6.03 156.84 1
6.04 156.97 1
6.05 157.22 1
6.06 158.5 1
6.07 158.98 1
6.08 158.35 1
6.09 153.01 1
6.1 154.89 1
6.11 154.75 1
6.12 151.82 1
6.13 148.4 1
6.14 144.55 1
6.15 142.43 1
6.16 140.44 1
6.17 140.67 1
6.18 140.27 1
6.19 141.38 1
6.2 142.69 1
6.21 145.96 1
6.22 147.32 1
6.23 150.66 1
6.24 154.8 1
6.25 160.96 1
6.26 165.26 1
6.27 164.9 1
6.28 167.14 1
6.29 165.54 1
6.3 165.7 1
6.31 161.34 1
6.32 154.1 1
6.33 150.5 1
6.34 146.47 1
6.35 142.32 1
6.36 141.14 1
6.37 144.83 1
6.38 149.79 1
6.39 163.12 1
6.4 181.48 1
6.41 195.56 1
6.42 204.49 1
6.43 212.96 1
6.44 220.61 1
6.45 223.51 1
6.46 222.07 1
6.47 218.35 1
6.48 212.5 1
6.49 0.0 1
6.5 0.0 1
6.51 0.0 1
6.52 0.0 1
6.53 0.0 1
6.54 0.0 1
6.55 0.0 1
6.56 193.0 1
6.57 196.88 1
6.58 200.19 1
6.59 208.29 1
6.6 212.93 1
6.61 219.13 1
6.62 219.28 1
6.63 220.44 1
6.64 220.77 1
6.65 225.01 1
6.66 225.54 1
6.67 227.04 1
6.68 226.66 1
6.69 222.67 1
6.7 218.39 1
6.71 216.9 1
6.72 210.94 1
6.73 210.16 1
6.74 208.35 1
6.75 198.66 1
6.76 195.4 1
6.77 192.52 1
6.78 195.54 1
6.79 207.53 1
6.8 216.77 1
6.81 227.91 1
6.82 240.11 1
6.83 255.6 1
6.84 260.21 1
6.85 263.31 1
6.86 270.49 1
6.87 271.87 1
6.88 260.18 1
6.89 226.74 1
6.9 229.66 1
