0.01 249.61 1
0.02 229.09 1
0.03 220.81 1
0.04 217.76 1
0.05 218.09 1
0.06 216.29 1
0.07 212.33 1
0.08 213.32 1
0.09 216.39 1
0.1 219.58 1
0.11 222.66 1
0.12 227.92 1
0.13 239.36 1
0.14 245.8 1
0.15 257.2 1
0.16 267.15 1
0.17 273.93 1
0.18 279.27 1
0.19 282.51 1
0.2 282.99 1
0.21 281.1 1
0.22 278.91 1
0.23 277.36 1
0.24 275.69 1
0.25 275.67 1
0.26 274.5 1
0.27 272.59 1
0.28 269.48 1
0.29 263.49 1
0.3 257.17 1
0.31 252.73 1
0.32 250.04 1
0.33 241.64 1
0.34 239.02 1
0.35 235.13 1
0.36 232.74 1
0.37 230.31 1
0.38 229.1 1
0.39 227.92 1
0.4 226.76 1
0.41 227.65 1
0.42 227.91 1
0.43 229.11 1
0.44 232.73 1
0.45 237.58 1
0.46 243.41 1
0.47 249.73 1
0.48 254.21 1
0.49 260.42 1
0.5 264.89 1
0.51 269.97 1
0.52 273.69 1
0.53 274.31 1
0.54 275.14 1
0.55 275.85 1
0.56 275.0 1
0.57 274.55 1
0.58 275.65 1
0.59 277.39 1
0.6 279.09 1
0.61 280.54 1
0.62 280.23 1
0.63 279.21 1
0.64 278.63 1
0.65 278.55 1
0.66 277.88 1
0.67 276.7 1
0.68 275.24 1
0.69 274.44 1
0.7 274.37 1
0.71 274.83 1
0.72 275.43 1
0.73 276.65 1
0.74 277.92 1
0.75 278.47 1
0.76 278.37 1
0.77 277.9 1
0.78 278.15 1
0.79 278.32 1
0.8 278.77 1
0.81 277.88 1
0.82 277.75 1
0.83 277.07 1
0.84 277.05 1
0.85 277.02 1
0.86 278.05 1
0.87 278.98 1
0.88 279.5 1
0.89 281.07 1
0.9 282.08 1
0.91 282.24 1
0.92 281.61 1
0.93 278.25 1
0.94 270.66 1
0.95 263.35 1
0.96 0.0 1
0.97 0.0 1
0.98 0.0 1
0.99 0.0 1
1.0 0.0 1
1.01 0.0 1
1.02 0.0 1
1.03 0.0 1
1.04 0.0 1
1.05 0.0 1
1.06 0.0 1
1.07 0.0 1
1.08 0.0 1
1.09 0.0 1
1.1 0.0 1
1.11 0.0 1
1.12 0.0 1
1.13 0.0 1
1.14 0.0 1
1.15 0.0 1
1.16 0.0 1
1.17 0.0 1
1.18 0.0 1
1.19 0.0 1
1.2 0.0 1
1.21 69.21 1
1.22 69.22 1
1.23 69.39 1
1.24 69.39 1
1.25 69.5 1
1.26 69.29 1
1.27 69.38 1
1.28 69.3 1
1.29 69.23 1
1.3 69.07 1
1.31 69.45 1
1.32 0.0 1
1.33 0.0 1
1.34 289.49 1
1.35 263.38 1
1.36 283.71 1
1.37 282.19 1
1.38 278.92 1
1.39 277.03 1
1.4 278.48 1
1.41 280.35 1
1.42 280.87 1
1.43 279.95 1
1.44 278.31 1
1.45 277.02 1
1.46 276.77 1
1.47 276.69 1
1.48 276.75 1
1.49 277.31 1
1.5 278.39 1
1.51 277.66 1
1.52 277.4 1
1.53 277.49 1
1.54 277.47 1
1.55 276.47 1
1.56 274.74 1
1.57 273.02 1
1.58 267.83 1
1.59 258.74 1
1.6 254.06 1
1.61 239.7 1
1.62 226.77 1
1.63 218.02 1
1.64 217.12 1
1.65 222.08 1
1.66 227.2 1
1.67 240.2 1
1.68 245.99 1
1.69 255.69 1
1.7 264.88 1
1.71 270.17 1
1.72 270.68 1
1.73 264.93 1
1.74 258.7 1
1.75 251.31 1
1.76 241.52 1
1.77 229.93 1
1.78 216.83 1
1.79 204.8 1
1.8 202.2 1
1.81 202.24 1
1.82 204.01 1
1.83 206.83 1
1.84 207.76 1
1.85 208.95 1
1.86 209.34 1
1.87 210.22 1
1.88 211.13 1
1.89 211.52 1
1.9 212.72 1
1.91 212.59 1
1.92 207.55 1
1.93 208.52 1
1.94 207.55 1
1.95 204.67 1
1.96 202.77 1
1.97 214.58 1
1.98 208.52 1
1.99 194.85 1
2.0 156.62 1
2.01 162.42 1
2.02 167.99 1
2.03 208.51 1
2.04 182.28 1
2.05 178.29 1
2.06 179.22 1
2.07 178.89 1
2.08 178.79 1
2.09 178.52 1
2.1 179.03 1
2.11 179.09 1
2.12 180.67 1
2.13 181.18 1
2.14 182.74 1
2.15 183.13 1
2.16 182.62 1
2.17 182.95 1
2.18 182.63 1
2.19 182.87 1
2.2 183.29 1
2.21 182.99 1
2.22 182.59 1
2.23 182.44 1
2.24 181.49 1
2.25 181.78 1
2.26 182.5 1
2.27 183.95 1
2.28 185.33 1
2.29 184.09 1
2.3 182.31 1
2.31 181.65 1
2.32 180.41 1
2.33 181.78 1
2.34 184.1 1
2.35 189.2 1
2.36 184.94 1
2.37 141.99 1
2.38 175.34 1
2.39 171.04 1
2.4 171.27 1
2.41 174.38 1
2.42 164.25 1
2.43 176.36 1
2.44 166.47 1
2.45 170.6 1
2.46 177.25 1
2.47 167.37 1
2.48 176.05 1
2.49 155.79 1
2.5 149.45 1
2.51 150.39 1
2.52 150.59 1
2.53 151.38 1
2.54 151.59 1
2.55 150.96 1
2.56 152.15 1
2.57 153.99 1
2.58 154.48 1
2.59 154.03 1
2.6 153.85 1
2.61 154.56 1
2.62 155.59 1
2.63 156.34 1
2.64 156.72 1
2.65 156.51 1
2.66 156.48 1
2.67 156.86 1
2.68 156.76 1
2.69 156.42 1
2.7 155.76 1
2.71 155.2 1
2.72 153.96 1
2.73 153.57 1
2.74 152.57 1
2.75 152.34 1
2.76 152.82 1
2.77 155.02 1
2.78 160.08 1
2.79 164.25 1
2.8 170.08 1
2.81 174.14 1
2.82 176.51 1
2.83 182.66 1
2.84 183.21 1
2.85 181.27 1
2.86 178.63 1
2.87 176.33 1
2.88 173.68 1
2.89 167.48 1
2.9 158.73 1
2.91 155.16 1
2.92 152.92 1
2.93 152.93 1
2.94 153.51 1
2.95 154.96 1
2.96 157.94 1
2.97 162.11 1
2.98 165.09 1
2.99 170.33 1
3.0 171.74 1
3.01 176.05 1
3.02 171.53 1
3.03 169.82 1
3.04 151.29 1
3.05 0.0 1
3.06 0.0 1
3.07 0.0 1
3.08 0.0 1
3.09 0.0 1
3.1 0.0 1
3.11 0.0 1
3.12 0.0 1
3.13 0.0 1
3.14 0.0 1
3.15 0.0 1
3.16 0.0 1
3.17 134.66 1
3.18 139.62 1
3.19 138.92 1
3.2 138.74 1
3.21 140.22 1
3.22 137.4 1
3.23 136.43 1
3.24 133.24 1
3.25 140.34 1
3.26 140.48 1
3.27 140.56 1
3.28 140.36 1
3.29 140.72 1
3.3 139.84 1
3.31 139.19 1
3.32 138.9 1
3.33 139.22 1
3.34 138.28 1
3.35 138.37 1
3.36 139.13 1
3.37 139.2 1
3.38 139.82 1
3.39 139.66 1
3.4 138.94 1
3.41 138.69 1
3.42 138.82 1
3.43 138.59 1
3.44 138.65 1
3.45 138.99 1
3.46 139.1 1
3.47 138.96 1
3.48 138.99 1
3.49 137.83 1
3.5 135.9 1
3.51 133.27 1
3.52 136.33 1
3.53 136.48 1
3.54 137.17 1
3.55 142.49 1
3.56 144.35 1
3.57 144.36 1
3.58 164.24 1
3.59 159.22 1
3.6 165.94 1
3.61 168.73 1
3.62 171.31 1
3.63 172.58 1
3.64 174.06 1
3.65 174.86 1
3.66 173.95 1
3.67 172.54 1
3.68 169.32 1
3.69 168.1 1
3.7 164.83 1
3.71 162.37 1
3.72 160.39 1
3.73 157.9 1
3.74 155.56 1
3.75 155.03 1
3.76 154.25 1
3.77 153.43 1
3.78 153.36 1
3.79 152.93 1
3.8 152.68 1
3.81 153.03 1
3.82 152.66 1
3.83 152.7 1
3.84 151.68 1
3.85 151.7 1
3.86 151.19 1
3.87 151.31 1
3.88 151.41 1
3.89 151.67 1
3.9 152.4 1
3.91 152.87 1
3.92 152.85 1
3.93 152.94 1
3.94 152.73 1
3.95 152.92 1
3.96 153.29 1
3.97 153.61 1
3.98 153.71 1
3.99 153.81 1
4.0 153.54 1
4.01 153.06 1
4.02 153.53 1
4.03 154.1 1
4.04 155.52 1
4.05 157.1 1
4.06 158.36 1
4.07 161.13 1
4.08 162.37 1
4.09 164.05 1
4.1 165.33 1
4.11 165.96 1
4.12 165.68 1
4.13 164.46 1
4.14 163.29 1
4.15 161.43 1
4.16 159.49 1
4.17 157.8 1
4.18 156.34 1
4.19 154.63 1
4.2 152.32 1
4.21 150.46 1
4.22 147.89 1
4.23 146.06 1
4.24 142.81 1
4.25 141.11 1
4.26 139.27 1
4.27 138.0 1
4.28 138.51 1
4.29 139.43 1
4.3 139.99 1
4.31 140.15 1
4.32 140.38 1
4.33 140.68 1
4.34 140.83 1
4.35 140.39 1
4.36 140.05 1
4.37 139.1 1
4.38 136.34 1
4.39 143.88 1
4.4 128.04 1
4.41 131.05 1
4.42 133.84 1
4.43 134.65 1
4.44 132.23 1
4.45 142.03 1
4.46 141.48 1
4.47 143.29 1
4.48 140.14 1
4.49 140.22 1
4.5 139.62 1
4.51 139.39 1
4.52 140.2 1
4.53 139.33 1
4.54 139.35 1
4.55 139.59 1
4.56 139.78 1
4.57 139.73 1
4.58 139.33 1
4.59 139.78 1
4.6 138.62 1
4.61 137.48 1
4.62 137.58 1
4.63 136.83 1
4.64 136.87 1
4.65 137.74 1
4.66 140.67 1
4.67 142.08 1
4.68 144.25 1
4.69 144.99 1
4.7 145.37 1
4.71 143.99 1
4.72 142.77 1
4.73 139.88 1
4.74 138.94 1
4.75 138.05 1
4.76 138.9 1
4.77 140.74 1
4.78 143.88 1
4.79 144.84 1
4.8 146.63 1
4.81 144.36 1
4.82 146.02 1
4.83 147.99 1
4.84 154.99 1
4.85 162.96 1
4.86 167.97 1
4.87 177.3 1
4.88 182.9 1
4.89 190.45 1
4.9 195.56 1
4.91 199.19 1
4.92 204.12 1
4.93 205.61 1
4.94 204.65 1
4.95 206.69 1
4.96 207.1 1
4.97 206.56 1
4.98 206.56 1
4.99 207.58 1
5.0 206.92 1
5.01 206.28 1
5.02 207.54 1
5.03 210.75 1
5.04 209.5 1
5.05 213.73 1
5.06 214.23 1
5.07 213.85 1
5.08 214.7 1
5.09 212.98 1
5.1 211.64 1
5.11 209.9 1
5.12 205.24 1
5.13 200.66 1
5.14 193.19 1
5.15 184.14 1
5.16 187.1 1
5.17 188.69 1
5.18 188.73 1
5.19 184.59 1
5.2 183.72 1
5.21 183.23 1
5.22 179.82 1
5.23 181.86 1
5.24 184.07 1
5.25 183.19 1
5.26 184.79 1
5.27 184.91 1
5.28 182.26 1
5.29 186.34 1
5.3 185.83 1
5.31 184.14 1
5.32 184.1 1
5.33 182.91 1
5.34 176.43 1
5.35 177.45 1
5.36 173.9 1
5.37 170.86 1
5.38 167.68 1
5.39 161.13 1
5.4 156.11 1
5.41 156.87 1
5.42 154.63 1
5.43 154.64 1
5.44 154.55 1
5.45 151.81 1
5.46 153.56 1
5.47 152.86 1
5.48 151.91 1
5.49 153.14 1
5.5 151.73 1
5.51 153.11 1
5.52 150.38 1
5.53 151.4 1
5.54 158.2 1
5.55 151.82 1
5.56 151.81 1
5.57 151.56 1
5.58 151.2 1
5.59 151.14 1
5.6 150.58 1
5.61 150.13 1
5.62 150.05 1
5.63 149.48 1
5.64 150.3 1
5.65 151.62 1
5.66 156.11 1
5.67 160.01 1
5.68 166.55 1
5.69 171.92 1
5.7 175.89 1
5.71 178.38 1
5.72 179.22 1
5.73 178.74 1
5.74 177.29 1
5.75 174.62 1
5.76 170.39 1
5.77 162.84 1
5.78 158.92 1
5.79 153.8 1
5.8 151.54 1
5.81 150.79 1
5.82 150.49 1
5.83 150.96 1
5.84 152.58 1
5.85 153.77 1
5.86 154.79 1
5.87 157.12 1
5.88 160.46 1
5.89 161.37 1
5.9 162.91 1
5.91 167.18 1
5.92 166.26 1
5.93 161.63 1
5.94 159.16 1
5.95 153.36 1
5.96 154.27 1
5.97 152.15 1
5.98 143.3 1
5.99 139.72 1
6.0 137.17 1
6.01 138.04 1
6.02 143.6 1
6.03 135.48 1
6.04 137.27 1
6.05 137.87 1
6.06 138.81 1
6.07 140.14 1
6.08 139.45 1
6.09 138.23 1
6.1 137.56 1
6.11 136.57 1
6.12 133.84 1
6.13 134.76 1
6.14 145.31 1
6.15 137.6 1
6.16 133.84 1
6.17 147.45 1
6.18 133.44 1
6.19 170.61 1
6.2 169.98 1
6.21 170.65 1
6.22 173.12 1
6.23 192.18 1
6.24 187.26 1
6.25 172.48 1
6.26 170.95 1
6.27 165.34 1
6.28 158.96 1
6.29 154.47 1
6.3 150.24 1
6.31 147.3 1
6.32 145.63 1
6.33 145.03 1
6.34 146.18 1
6.35 148.52 1
6.36 152.16 1
6.37 156.52 1
6.38 159.42 1
6.39 163.7 1
6.4 165.43 1
6.41 168.08 1
6.42 167.95 1
6.43 167.57 1
6.44 165.34 1
6.45 163.27 1
6.46 159.86 1
6.47 156.3 1
6.48 153.53 1
6.49 151.5 1
6.5 149.33 1
6.51 148.45 1
6.52 149.74 1
6.53 151.36 1
6.54 155.54 1
6.55 162.88 1
6.56 173.76 1
6.57 185.39 1
6.58 195.15 1
6.59 198.16 1
6.6 203.36 1
6.61 205.6 1
6.62 206.56 1
6.63 208.29 1
6.64 206.3 1
6.65 201.64 1
6.66 196.29 1
6.67 187.68 1
6.68 177.7 1
6.69 167.86 1
6.7 161.94 1
6.71 159.5 1
6.72 158.14 1
6.73 157.78 1
6.74 161.24 1
6.75 168.02 1
6.76 179.27 1
6.77 184.78 1
6.78 193.56 1
6.79 198.04 1
6.8 203.21 1
6.81 206.56 1
6.82 209.5 1
6.83 213.38 1
6.84 212.06 1
6.85 211.51 1
6.86 202.76 1
6.87 217.5 1
6.88 223.54 1
6.89 213.87 1
6.9 211.89 1
6.91 208.53 1
6.92 207.54 1
6.93 207.48 1
6.94 207.14 1
6.95 207.53 1
6.96 209.94 1
6.97 212.28 1
6.98 212.63 1
6.99 217.67 1
7.0 224.49 1
7.01 227.92 1
7.02 236.48 1
7.03 240.06 1
7.04 241.48 1
7.05 246.37 1
7.06 251.5 1
7.07 247.9 1
